Datetime,Symbol,Adj Close,Close,High,Low,Open,Volume
2023-03-09 09:30:00,AACI,10.039999961853027,10.039999961853027,10.039999961853027,10.039999961853027,10.039999961853027,0.0
2023-03-09 09:30:00,ABCB,44.529998779296875,44.529998779296875,44.529998779296875,44.529998779296875,44.529998779296875,0.0
2023-03-09 09:30:00,ACGL,70.22000122070312,70.22000122070312,70.44000244140625,70.18000030517578,70.44000244140625,23484.0
2023-03-09 09:30:00,ACGLN,19.0,19.0,19.0,19.0,19.0,0.0
2023-03-09 09:30:00,ACGLO,22.559999465942383,22.559999465942383,22.559999465942383,22.559999465942383,22.559999465942383,71.0
2023-03-09 09:30:00,ACNB,35.20000076293945,35.20000076293945,35.20000076293945,35.20000076293945,35.20000076293945,0.0
2023-03-09 09:30:00,ACQR,10.699999809265137,10.699999809265137,10.699999809265137,10.699999809265137,10.699999809265137,0.0
2023-03-09 09:30:00,ACT,24.389999389648438,24.389999389648438,24.389999389648438,24.389999389648438,24.389999389648438,0.0
2023-03-09 09:30:00,ADALW,0.057500001043081284,0.057500001043081284,0.057500001043081284,0.057500001043081284,0.057500001043081284,0.0
2023-03-09 09:30:00,AEAE,10.364999771118164,10.364999771118164,10.364999771118164,10.350000381469727,10.350000381469727,0.0
2023-03-09 09:30:00,AGBA,2.25,2.25,2.25,2.25,2.25,0.0
2023-03-09 09:30:00,AHRN,10.380000114440918,10.380000114440918,10.380000114440918,10.380000114440918,10.380000114440918,0.0
2023-03-09 09:30:00,AIB,10.556300163269043,10.556300163269043,10.960000038146973,10.460000038146973,10.624300003051758,0.0
2023-03-09 09:30:00,ALRS,19.190000534057617,19.190000534057617,19.190000534057617,19.190000534057617,19.190000534057617,0.0
2023-03-09 09:30:00,AMAL,21.899999618530273,21.899999618530273,21.899999618530273,21.899999618530273,21.899999618530273,0.0
2023-03-09 09:30:00,AMNB,32.650001525878906,32.650001525878906,32.650001525878906,32.650001525878906,32.650001525878906,0.0
2023-03-09 09:30:00,AMRK,28.18000030517578,28.18000030517578,28.18000030517578,28.18000030517578,28.18000030517578,3243.0
2023-03-09 09:30:00,AMSF,50.18000030517578,50.18000030517578,51.959999084472656,50.18000030517578,51.959999084472656,0.0
2023-03-09 09:30:00,AMTB,26.540000915527344,26.540000915527344,26.540000915527344,26.540000915527344,26.540000915527344,0.0
2023-03-09 09:30:00,APLD,2.2300000190734863,2.2300000190734863,2.2300000190734863,2.2300000190734863,2.2300000190734863,2940.0
2023-03-09 09:30:00,APMI,10.600000381469727,10.600000381469727,10.600000381469727,10.600000381469727,10.600000381469727,0.0
2023-03-09 09:30:00,APTM,10.180000305175781,10.180000305175781,10.180000305175781,10.180000305175781,10.180000305175781,0.0
2023-03-09 09:30:00,ARBK,1.5099999904632568,1.5099999904632568,1.5099999904632568,1.5099999904632568,1.5099999904632568,2347.0
2023-03-09 09:30:00,ARCC,19.243799209594727,19.243799209594727,19.25,19.200000762939453,19.200000762939453,70270.0
2023-03-09 09:30:00,AROW,29.139999389648438,29.139999389648438,29.139999389648438,29.139999389648438,29.139999389648438,0.0
2023-03-09 09:30:00,ATLC,30.040000915527344,30.040000915527344,30.040000915527344,30.040000915527344,30.040000915527344,0.0
2023-03-09 09:30:00,AUB,38.5099983215332,38.5099983215332,38.5099983215332,38.5099983215332,38.5099983215332,467.0
2023-03-09 09:30:00,BANF,87.6500015258789,87.6500015258789,87.6500015258789,87.4000015258789,87.4000015258789,0.0
2023-03-09 09:30:00,BANR,61.23500061035156,61.23500061035156,61.25,60.5099983215332,60.5099983215332,0.0
2023-03-09 09:30:00,BCBP,16.25,16.25,16.25,16.239999771118164,16.239999771118164,899.0
2023-03-09 09:30:00,BCML,19.709999084472656,19.709999084472656,19.709999084472656,19.709999084472656,19.709999084472656,0.0
2023-03-09 09:30:00,BFC,77.61000061035156,77.61000061035156,77.61000061035156,77.61000061035156,77.61000061035156,0.0
2023-03-09 09:30:00,BFST,19.700000762939453,19.700000762939453,19.75,19.700000762939453,19.75,0.0
2023-03-09 09:30:00,BGCP,5.110000133514404,5.110000133514404,5.110000133514404,5.110000133514404,5.110000133514404,10964.0
2023-03-09 09:30:00,BHAC,10.279999732971191,10.279999732971191,10.279999732971191,10.279999732971191,10.279999732971191,0.0
2023-03-09 09:30:00,BHACU,10.055000305175781,10.055000305175781,10.055000305175781,10.055000305175781,10.055000305175781,0.0
2023-03-09 09:30:00,BHF,54.790000915527344,54.790000915527344,54.790000915527344,54.790000915527344,54.790000915527344,0.0
2023-03-09 09:30:00,BHFAM,16.81999969482422,16.81999969482422,16.81999969482422,16.81999969482422,16.81999969482422,0.0
2023-03-09 09:30:00,BHFAN,19.18000030517578,19.18000030517578,19.18000030517578,19.18000030517578,19.18000030517578,0.0
2023-03-09 09:30:00,BIOS,10.399999618530273,10.399999618530273,10.399999618530273,10.399999618530273,10.399999618530273,0.0
2023-03-09 09:30:00,BITF,0.8033999800682068,0.8033999800682068,0.8122000098228455,0.7900000214576721,0.7950000166893005,92429.0
2023-03-09 09:30:00,BKCC,3.75,3.75,3.75,3.75,3.75,13760.0
2023-03-09 09:30:00,BLEUU,10.220000267028809,10.220000267028809,10.220000267028809,10.220000267028809,10.220000267028809,0.0
2023-03-09 09:30:00,BMAQU,10.539999961853027,10.539999961853027,10.539999961853027,10.539999961853027,10.539999961853027,0.0
2023-03-09 09:30:00,BMRC,28.299999237060547,28.299999237060547,28.299999237060547,28.299999237060547,28.299999237060547,0.0
2023-03-09 09:30:00,BOKF,98.30000305175781,98.30000305175781,98.91000366210938,98.30000305175781,98.47000122070312,0.0
2023-03-09 09:30:00,BPOP,64.78500366210938,64.78500366210938,65.80999755859375,64.73500061035156,65.26000213623047,9526.0
2023-03-09 09:30:00,BPRN,33.79999923706055,33.79999923706055,33.79999923706055,33.79999923706055,33.79999923706055,0.0
2023-03-09 09:30:00,BRKL,12.0,12.0,12.069999694824219,11.989999771118164,12.069999694824219,0.0
2023-03-09 09:30:00,BRLI,10.880000114440918,10.880000114440918,10.880000114440918,10.880000114440918,10.880000114440918,12.0
2023-03-09 09:30:00,BRP,26.920000076293945,26.920000076293945,26.920000076293945,26.010000228881836,26.59000015258789,0.0
2023-03-09 09:30:00,BSBK,11.380000114440918,11.380000114440918,11.380000114440918,11.380000114440918,11.380000114440918,0.0
2023-03-09 09:30:00,BSRR,19.709999084472656,19.709999084472656,19.709999084472656,19.709999084472656,19.709999084472656,0.0
2023-03-09 09:30:00,BSVN,28.114999771118164,28.114999771118164,28.280000686645508,28.100000381469727,28.280000686645508,0.0
2023-03-09 09:30:00,BTBT,1.1699999570846558,1.1699999570846558,1.1699999570846558,1.1699999570846558,1.1699999570846558,24616.0
2023-03-09 09:30:00,BTCS,1.2899999618530273,1.2899999618530273,1.2899999618530273,1.2899999618530273,1.2899999618530273,1176.0
2023-03-09 09:30:00,BUSE,23.31999969482422,23.31999969482422,23.610000610351562,23.299999237060547,23.389999389648438,0.0
2023-03-09 09:30:00,BWAQU,10.359999656677246,10.359999656677246,10.359999656677246,10.359999656677246,10.359999656677246,0.0
2023-03-09 09:30:00,BWB,14.069999694824219,14.069999694824219,14.210000038146973,14.069999694824219,14.100000381469727,0.0
2023-03-09 09:30:00,BWC,9.920000076293945,9.920000076293945,9.920000076293945,9.880000114440918,9.880000114440918,0.0
2023-03-09 09:30:00,BWCAU,10.079999923706055,10.079999923706055,10.079999923706055,10.079999923706055,10.079999923706055,0.0
2023-03-09 09:30:00,BWFG,28.8700008392334,28.8700008392334,28.8700008392334,28.8700008392334,28.8700008392334,0.0
2023-03-09 09:30:00,BYFC,1.3200000524520874,1.3200000524520874,1.3200000524520874,1.3200000524520874,1.3200000524520874,0.0
2023-03-09 09:30:00,CAC,40.13999938964844,40.13999938964844,40.13999938964844,40.13999938964844,40.13999938964844,0.0
2023-03-09 09:30:00,CACC,445.5,445.5,448.7200012207031,445.5,448.7200012207031,1492.0
2023-03-09 09:30:00,CALB,25.270000457763672,25.270000457763672,25.270000457763672,25.270000457763672,25.270000457763672,0.0
2023-03-09 09:30:00,CARE,17.200000762939453,17.200000762939453,17.25,17.200000762939453,17.25,3090.0
2023-03-09 09:30:00,CASH,49.29999923706055,49.29999923706055,49.345001220703125,49.209999084472656,49.31999969482422,2162.0
2023-03-09 09:30:00,CATC,73.5199966430664,73.5199966430664,73.5199966430664,73.43000030517578,73.43000030517578,0.0
2023-03-09 09:30:00,CATY,41.18000030517578,41.18000030517578,41.18000030517578,41.18000030517578,41.18000030517578,0.0
2023-03-09 09:30:00,CBAN,12.039999961853027,12.039999961853027,12.039999961853027,12.039999961853027,12.039999961853027,0.0
2023-03-09 09:30:00,CBSH,63.029998779296875,63.029998779296875,63.36000061035156,63.029998779296875,63.31999969482422,0.0
2023-03-09 09:30:00,CCAP,15.350000381469727,15.350000381469727,15.350000381469727,15.350000381469727,15.350000381469727,0.0
2023-03-09 09:30:00,CCB,43.86000061035156,43.86000061035156,44.060001373291016,43.86000061035156,44.04999923706055,0.0
2023-03-09 09:30:00,CCBG,33.0099983215332,33.0099983215332,34.84000015258789,33.0099983215332,34.84000015258789,0.0
2023-03-09 09:30:00,CCD,22.940000534057617,22.940000534057617,22.940000534057617,22.940000534057617,22.940000534057617,5435.0
2023-03-09 09:30:00,CCNE,23.40999984741211,23.40999984741211,23.40999984741211,23.40999984741211,23.40999984741211,0.0
2023-03-09 09:30:00,CCNEP,26.0,26.0,26.0,26.0,26.0,0.0
2023-03-09 09:30:00,CCTS,10.40999984741211,10.40999984741211,10.40999984741211,10.40999984741211,10.40999984741211,0.0
2023-03-09 09:30:00,CDAQ,10.319999694824219,10.319999694824219,10.319999694824219,10.319999694824219,10.319999694824219,0.0
2023-03-09 09:30:00,CFB,13.0,13.0,13.0,13.0,13.0,0.0
2023-03-09 09:30:00,CFFN,7.804999828338623,7.804999828338623,7.815000057220459,7.789999961853027,7.789999961853027,2975.0
2023-03-09 09:30:00,CFIV,10.270000457763672,10.270000457763672,10.270000457763672,10.270000457763672,10.270000457763672,34.0
2023-03-09 09:30:00,CFSB,8.75,8.75,8.75,8.75,8.75,0.0
2023-03-09 09:30:00,CG,34.79999923706055,34.79999923706055,34.79999923706055,34.68000030517578,34.68000030517578,15302.0
2023-03-09 09:30:00,CGBD,15.09000015258789,15.09000015258789,15.09000015258789,15.029999732971191,15.029999732971191,5626.0
2023-03-09 09:30:00,CGO,9.90999984741211,9.90999984741211,9.90999984741211,9.90999984741211,9.90999984741211,0.0
2023-03-09 09:30:00,CHCO,94.11000061035156,94.11000061035156,94.11000061035156,93.91000366210938,93.91000366210938,0.0
2023-03-09 09:30:00,CHI,11.989999771118164,11.989999771118164,11.989999771118164,11.989999771118164,11.989999771118164,0.0
2023-03-09 09:30:00,CHMG,49.75,49.75,49.75,49.75,49.75,0.0
2023-03-09 09:30:00,CHW,6.090000152587891,6.090000152587891,6.090000152587891,6.090000152587891,6.090000152587891,3543.0
2023-03-09 09:30:00,CHY,12.380000114440918,12.380000114440918,12.380000114440918,12.350000381469727,12.350000381469727,0.0
2023-03-09 09:30:00,CIFR,1.4900000095367432,1.4900000095367432,1.5,1.4900000095367432,1.4900000095367432,6956.0
2023-03-09 09:30:00,CINF,117.66999816894531,117.66999816894531,117.66999816894531,117.66999816894531,117.66999816894531,0.0
2023-03-09 09:30:00,CITEW,0.09009999781847,0.09009999781847,0.09009999781847,0.09009999781847,0.09009999781847,0.0
2023-03-09 09:30:00,CLBK,20.170000076293945,20.170000076293945,20.170000076293945,20.170000076293945,20.170000076293945,0.0
2023-03-09 09:30:00,CME,180.89999389648438,180.89999389648438,181.4199981689453,180.89999389648438,181.11000061035156,17080.0
2023-03-09 09:30:00,CNOB,23.489999771118164,23.489999771118164,23.489999771118164,23.389999389648438,23.389999389648438,0.0
2023-03-09 09:30:00,COFS,28.299999237060547,28.299999237060547,28.299999237060547,28.299999237060547,28.299999237060547,0.0
2023-03-09 09:30:00,COLB,26.920000076293945,26.920000076293945,27.229999542236328,26.920000076293945,27.229999542236328,0.0
2023-03-09 09:30:00,COOP,45.029998779296875,45.029998779296875,45.029998779296875,45.029998779296875,45.029998779296875,0.0
2023-03-09 09:30:00,CPAA,10.039999961853027,10.039999961853027,10.039999961853027,10.039999961853027,10.039999961853027,0.0
2023-03-09 09:30:00,CRVL,178.9499969482422,178.9499969482422,178.9499969482422,178.42999267578125,178.42999267578125,0.0
2023-03-09 09:30:00,CSLM,10.319999694824219,10.319999694824219,10.319999694824219,10.319999694824219,10.319999694824219,0.0
2023-03-09 09:30:00,CSQ,14.15999984741211,14.15999984741211,14.15999984741211,14.079999923706055,14.079999923706055,0.0
2023-03-09 09:30:00,CSTR,16.260000228881836,16.260000228881836,16.260000228881836,16.260000228881836,16.260000228881836,0.0
2023-03-09 09:30:00,CSWC,18.760000228881836,18.760000228881836,18.760000228881836,18.760000228881836,18.760000228881836,11149.0
2023-03-09 09:30:00,CTBI,41.720001220703125,41.720001220703125,41.720001220703125,41.720001220703125,41.720001220703125,0.0
2023-03-09 09:30:00,CUBA,3.9800000190734863,3.9800000190734863,3.9800000190734863,3.9800000190734863,3.9800000190734863,0.0
2023-03-09 09:30:00,CVBF,22.71500015258789,22.71500015258789,22.829999923706055,22.270000457763672,22.450000762939453,0.0
2023-03-09 09:30:00,CWBC,15.010000228881836,15.010000228881836,15.010000228881836,15.010000228881836,15.010000228881836,0.0
2023-03-09 09:30:00,CZNC,22.219999313354492,22.219999313354492,22.219999313354492,22.219999313354492,22.219999313354492,0.0
2023-03-09 09:30:00,CZWI,12.350000381469727,12.350000381469727,12.350000381469727,12.350000381469727,12.350000381469727,0.0
2023-03-09 09:30:00,DCOM,30.209999084472656,30.209999084472656,30.209999084472656,30.209999084472656,30.209999084472656,0.0
2023-03-09 09:30:00,DGICA,15.149999618530273,15.149999618530273,15.149999618530273,15.149999618530273,15.149999618530273,0.0
2023-03-09 09:30:00,DHCAU,10.180000305175781,10.180000305175781,10.180000305175781,10.180000305175781,10.180000305175781,0.0
2023-03-09 09:30:00,DNAB,10.1899995803833,10.1899995803833,10.1899995803833,10.1899995803833,10.1899995803833,356271.0
2023-03-09 09:30:00,DTOC,10.25,10.25,10.25,10.25,10.25,0.0
2023-03-09 09:30:00,DWAC,14.300000190734863,14.300000190734863,14.300000190734863,14.300000190734863,14.300000190734863,8612.0
2023-03-09 09:30:00,EBC,15.180000305175781,15.180000305175781,15.244999885559082,15.180000305175781,15.199999809265137,0.0
2023-03-09 09:30:00,ECBK,15.359999656677246,15.359999656677246,15.399999618530273,15.359999656677246,15.399999618530273,0.0
2023-03-09 09:30:00,ECPG,50.439998626708984,50.439998626708984,50.439998626708984,50.439998626708984,50.439998626708984,941.0
2023-03-09 09:30:00,EFSC,53.650001525878906,53.650001525878906,53.650001525878906,53.650001525878906,53.650001525878906,0.0
2023-03-09 09:30:00,EGBN,41.7599983215332,41.7599983215332,41.93000030517578,41.7599983215332,41.93000030517578,2760.0
2023-03-09 09:30:00,EHTH,9.460000038146973,9.460000038146973,9.680000305175781,9.335000038146973,9.335000038146973,3304.0
2023-03-09 09:30:00,ENTF,10.40999984741211,10.40999984741211,10.40999984741211,10.40999984741211,10.40999984741211,0.0
2023-03-09 09:30:00,EQBK,29.459999084472656,29.459999084472656,29.459999084472656,29.459999084472656,29.459999084472656,0.0
2023-03-09 09:30:00,ERIE,235.6999969482422,235.6999969482422,235.6999969482422,235.6999969482422,235.6999969482422,792.0
2023-03-09 09:30:00,ESGR,231.57000732421875,231.57000732421875,231.57000732421875,231.57000732421875,231.57000732421875,0.0
2023-03-09 09:30:00,ESGRO,24.049999237060547,24.049999237060547,24.049999237060547,24.049999237060547,24.049999237060547,0.0
2023-03-09 09:30:00,ESGRP,23.520000457763672,23.520000457763672,23.520000457763672,23.520000457763672,23.520000457763672,0.0
2023-03-09 09:30:00,ESQ,43.43000030517578,43.43000030517578,43.43000030517578,43.43000030517578,43.43000030517578,0.0
2023-03-09 09:30:00,EVOJ,10.020000457763672,10.020000457763672,10.020000457763672,10.020000457763672,10.020000457763672,0.0
2023-03-09 09:30:00,EWBC,71.6449966430664,71.6449966430664,71.72000122070312,71.12999725341797,71.66999816894531,19786.0
2023-03-09 09:30:00,EZPW,8.850000381469727,8.850000381469727,8.850000381469727,8.850000381469727,8.850000381469727,0.0
2023-03-09 09:30:00,FBMS,29.8700008392334,29.8700008392334,29.8700008392334,29.8700008392334,29.8700008392334,0.0
2023-03-09 09:30:00,FBNC,40.92250061035156,40.92250061035156,40.92250061035156,40.33000183105469,40.33000183105469,0.0
2023-03-09 09:30:00,FCBC,29.360000610351562,29.360000610351562,29.360000610351562,29.360000610351562,29.360000610351562,552.0
2023-03-09 09:30:00,FCFS,87.44499969482422,87.44499969482422,87.72000122070312,87.23999786376953,87.58999633789062,1985.0
2023-03-09 09:30:00,FCNCA,679.6199951171875,679.6199951171875,679.6199951171875,679.6199951171875,679.6199951171875,0.0
2023-03-09 09:30:00,FCNCP,22.1200008392334,22.1200008392334,22.989999771118164,22.1200008392334,22.989999771118164,0.0
2023-03-09 09:30:00,FCRD,4.690000057220459,4.690000057220459,4.690000057220459,4.679999828338623,4.679999828338623,2486.0
2023-03-09 09:30:00,FDBC,47.900001525878906,47.900001525878906,47.900001525878906,47.900001525878906,47.900001525878906,0.0
2023-03-09 09:30:00,FDUS,20.500099182128906,20.500099182128906,20.540000915527344,20.500099182128906,20.540000915527344,0.0
2023-03-09 09:30:00,FFBC,23.049999237060547,23.049999237060547,23.190000534057617,23.030000686645508,23.190000534057617,0.0
2023-03-09 09:30:00,FFIC,18.059999465942383,18.059999465942383,18.1200008392334,18.059999465942383,18.06999969482422,0.0
2023-03-09 09:30:00,FFIN,34.869998931884766,34.869998931884766,35.060001373291016,34.869998931884766,35.060001373291016,4420.0
2023-03-09 09:30:00,FFWM,13.845000267028809,13.845000267028809,13.850000381469727,13.845000267028809,13.850000381469727,0.0
2023-03-09 09:30:00,FGF,2.5199999809265137,2.5199999809265137,2.5199999809265137,2.5199999809265137,2.5199999809265137,0.0
2023-03-09 09:30:00,FHB,25.31999969482422,25.31999969482422,25.31999969482422,25.219999313354492,25.219999313354492,0.0
2023-03-09 09:30:00,FIAC,10.350000381469727,10.350000381469727,10.350000381469727,10.350000381469727,10.350000381469727,17.0
2023-03-09 09:30:00,FIBK,33.38999938964844,33.38999938964844,33.599998474121094,33.31999969482422,33.599998474121094,14424.0
2023-03-09 09:30:00,FICV,10.199999809265137,10.199999809265137,10.199999809265137,10.199999809265137,10.199999809265137,0.0
2023-03-09 09:30:00,FISI,24.030000686645508,24.030000686645508,24.030000686645508,24.030000686645508,24.030000686645508,0.0
2023-03-09 09:30:00,FITB,33.18000030517578,33.18000030517578,33.38999938964844,33.08000183105469,33.36000061035156,68203.0
2023-03-09 09:30:00,FITBP,24.420000076293945,24.420000076293945,24.420000076293945,24.420000076293945,24.420000076293945,0.0
2023-03-09 09:30:00,FLIC,16.59000015258789,16.59000015258789,16.65999984741211,16.59000015258789,16.649999618530273,0.0
2023-03-09 09:30:00,FMBH,29.34000015258789,29.34000015258789,29.34000015258789,29.34000015258789,29.34000015258789,0.0
2023-03-09 09:30:00,FMNB,13.565199851989746,13.565199851989746,13.600000381469727,13.565199851989746,13.600000381469727,2249.0
2023-03-09 09:30:00,FOCS,51.810001373291016,51.810001373291016,51.81999969482422,51.79999923706055,51.81999969482422,0.0
2023-03-09 09:30:00,FRAF,32.38999938964844,32.38999938964844,32.38999938964844,32.38999938964844,32.38999938964844,0.0
2023-03-09 09:30:00,FRBA,13.260000228881836,13.260000228881836,13.260000228881836,13.260000228881836,13.260000228881836,0.0
2023-03-09 09:30:00,FRBK,1.8200000524520874,1.8200000524520874,1.8200000524520874,1.8200000524520874,1.8200000524520874,2240.0
2023-03-09 09:30:00,FRHC,73.19650268554688,73.19650268554688,73.19650268554688,72.37000274658203,72.5,4852.0
2023-03-09 09:30:00,FRME,39.73500061035156,39.73500061035156,39.73500061035156,39.27000045776367,39.27000045776367,0.0
2023-03-09 09:30:00,FRON,10.1899995803833,10.1899995803833,10.1899995803833,10.1899995803833,10.1899995803833,1166250.0
2023-03-09 09:30:00,FRST,11.289999961853027,11.289999961853027,11.289999961853027,11.289999961853027,11.289999961853027,0.0
2023-03-09 09:30:00,FSBC,26.079999923706055,26.079999923706055,26.229999542236328,26.079999923706055,26.229999542236328,0.0
2023-03-09 09:30:00,FSBW,34.04999923706055,34.04999923706055,34.04999923706055,34.04999923706055,34.04999923706055,0.0
2023-03-09 09:30:00,FTII,10.899999618530273,10.899999618530273,10.899999618530273,10.899999618530273,10.899999618530273,0.0
2023-03-09 09:30:00,FTPA,10.130000114440918,10.130000114440918,10.130000114440918,10.100000381469727,10.100000381469727,0.0
2023-03-09 09:30:00,FULT,16.110000610351562,16.110000610351562,16.200000762939453,16.110000610351562,16.200000762939453,0.0
2023-03-09 09:30:00,FULTP,21.059999465942383,21.059999465942383,21.059999465942383,21.059999465942383,21.059999465942383,0.0
2023-03-09 09:30:00,FUNC,19.75,19.75,19.75,19.75,19.75,0.0
2023-03-09 09:30:00,FUND,8.550000190734863,8.550000190734863,8.550000190734863,8.550000190734863,8.550000190734863,0.0
2023-03-09 09:30:00,FUTU,47.380001068115234,47.380001068115234,47.70500183105469,47.310001373291016,47.66999816894531,42657.0
2023-03-09 09:30:00,FVCB,13.649999618530273,13.649999618530273,13.649999618530273,13.649999618530273,13.649999618530273,647.0
2023-03-09 09:30:00,GABC,37.060001373291016,37.060001373291016,37.13999938964844,37.060001373291016,37.13999938964844,0.0
2023-03-09 09:30:00,GAIN,13.920000076293945,13.920000076293945,13.920000076293945,13.920000076293945,13.920000076293945,1311.0
2023-03-09 09:30:00,GBBK,10.25,10.25,10.25,10.25,10.25,0.0
2023-03-09 09:30:00,GBDC,13.529999732971191,13.529999732971191,13.529999732971191,13.520000457763672,13.520000457763672,12226.0
2023-03-09 09:30:00,GBRG,10.5,10.5,10.5,10.5,10.5,0.0
2023-03-09 09:30:00,GCBC,55.349998474121094,55.349998474121094,55.349998474121094,55.349998474121094,55.349998474121094,293.0
2023-03-09 09:30:00,GCMG,8.399999618530273,8.399999618530273,8.399999618530273,8.399999618530273,8.399999618530273,0.0
2023-03-09 09:30:00,GECC,9.5600004196167,9.5600004196167,9.5600004196167,9.5600004196167,9.5600004196167,1721.0
2023-03-09 09:30:00,GGAL,13.069999694824219,13.069999694824219,13.175000190734863,13.010000228881836,13.175000190734863,0.0
2023-03-09 09:30:00,GLAD,10.024999618530273,10.024999618530273,10.039999961853027,10.024999618530273,10.039999961853027,2109.0
2023-03-09 09:30:00,GLBZ,8.0,8.0,8.0,8.0,8.0,0.0
2023-03-09 09:30:00,GLLIW,0.019999999552965164,0.019999999552965164,0.019999999552965164,0.019999999552965164,0.019999999552965164,0.0
2023-03-09 09:30:00,GLRE,10.069999694824219,10.069999694824219,10.069999694824219,10.069999694824219,10.069999694824219,1407.0
2023-03-09 09:30:00,GNTY,30.209999084472656,30.209999084472656,30.209999084472656,30.209999084472656,30.209999084472656,1960.0
2023-03-09 09:30:00,GREE,0.4300000071525574,0.4300000071525574,0.4300000071525574,0.41999998688697815,0.41999998688697815,23054.0
2023-03-09 09:30:00,GROW,2.6600000858306885,2.6600000858306885,2.690000057220459,2.6600000858306885,2.690000057220459,760.0
2023-03-09 09:30:00,GSBC,56.119998931884766,56.119998931884766,56.119998931884766,56.119998931884766,56.119998931884766,0.0
2023-03-09 09:30:00,GSHD,53.130001068115234,53.130001068115234,53.31999969482422,52.86000061035156,53.31999969482422,0.0
2023-03-09 09:30:00,HAFC,22.809999465942383,22.809999465942383,22.809999465942383,22.760000228881836,22.760000228881836,1960.0
2023-03-09 09:30:00,HALL,11.050000190734863,11.050000190734863,11.050000190734863,11.050000190734863,11.050000190734863,0.0
2023-03-09 09:30:00,HBAN,14.270000457763672,14.270000457763672,14.295000076293945,14.239999771118164,14.270000457763672,185951.0
2023-03-09 09:30:00,HBANM,23.020000457763672,23.020000457763672,23.020000457763672,23.020000457763672,23.020000457763672,0.0
2023-03-09 09:30:00,HBANP,19.200000762939453,19.200000762939453,19.200000762939453,19.200000762939453,19.200000762939453,0.0
2023-03-09 09:30:00,HBCP,36.779998779296875,36.779998779296875,36.779998779296875,36.779998779296875,36.779998779296875,1496.0
2023-03-09 09:30:00,HBNC,14.829999923706055,14.829999923706055,14.829999923706055,14.829999923706055,14.829999923706055,0.0
2023-03-09 09:30:00,HBT,22.790000915527344,22.790000915527344,22.850000381469727,22.790000915527344,22.850000381469727,0.0
2023-03-09 09:30:00,HCVI,10.09000015258789,10.09000015258789,10.119999885559082,10.09000015258789,10.09000015258789,0.0
2023-03-09 09:30:00,HFWA,26.1875,26.1875,26.1875,25.850000381469727,25.850000381469727,0.0
2023-03-09 09:30:00,HIFS,273.55999755859375,273.55999755859375,273.55999755859375,273.55999755859375,273.55999755859375,0.0
2023-03-09 09:30:00,HIVE,2.6700000762939453,2.6700000762939453,2.690000057220459,2.640000104904175,2.640000104904175,28623.0
2023-03-09 09:30:00,HLNE,75.36100006103516,75.36100006103516,77.37000274658203,73.18689727783203,77.37000274658203,0.0
2023-03-09 09:30:00,HMPT,1.899999976158142,1.899999976158142,1.899999976158142,1.899999976158142,1.899999976158142,0.0
2023-03-09 09:30:00,HMST,23.489999771118164,23.489999771118164,23.489999771118164,23.489999771118164,23.489999771118164,0.0
2023-03-09 09:30:00,HONE,13.0,13.0,13.010000228881836,13.0,13.0,2207.0
2023-03-09 09:30:00,HOPE,12.319999694824219,12.319999694824219,12.319999694824219,12.319999694824219,12.319999694824219,0.0
2023-03-09 09:30:00,HRZN,11.970000267028809,11.970000267028809,12.079999923706055,11.960000038146973,12.010000228881836,17818.0
2023-03-09 09:30:00,HTBI,28.200000762939453,28.200000762939453,28.200000762939453,28.200000762939453,28.200000762939453,0.0
2023-03-09 09:30:00,HTBK,11.489999771118164,11.489999771118164,11.489999771118164,11.489999771118164,11.489999771118164,0.0
2023-03-09 09:30:00,HTLF,47.64500045776367,47.64500045776367,47.650001525878906,47.52000045776367,47.650001525878906,0.0
2023-03-09 09:30:00,HUT,1.447700023651123,1.447700023651123,1.4800000190734863,1.440000057220459,1.4600000381469727,278730.0
2023-03-09 09:30:00,HWC,46.08000183105469,46.08000183105469,46.189998626708984,46.0099983215332,46.189998626708984,6317.0
2023-03-09 09:30:00,IBCP,21.34000015258789,21.34000015258789,21.34000015258789,21.34000015258789,21.34000015258789,0.0
2023-03-09 09:30:00,IBKR,88.28700256347656,88.28700256347656,88.5,88.25,88.5,10768.0
2023-03-09 09:30:00,IBOC,46.90999984741211,46.90999984741211,47.922698974609375,46.90999984741211,47.27000045776367,0.0
2023-03-09 09:30:00,IBTX,54.939998626708984,54.939998626708984,54.939998626708984,54.939998626708984,54.939998626708984,0.0
2023-03-09 09:30:00,ICMB,4.031000137329102,4.031000137329102,4.031000137329102,3.868799924850464,3.9700000286102295,16803.0
2023-03-09 09:30:00,IMAQ,10.470000267028809,10.470000267028809,10.470000267028809,10.470000267028809,10.470000267028809,5086.0
2023-03-09 09:30:00,INBK,25.020000457763672,25.020000457763672,25.030000686645508,25.020000457763672,25.030000686645508,0.0
2023-03-09 09:30:00,INDB,75.94000244140625,75.94000244140625,75.94000244140625,75.37000274658203,75.37000274658203,0.0
2023-03-09 09:30:00,INKA,10.4399995803833,10.4399995803833,10.4399995803833,10.4399995803833,10.4399995803833,0.0
2023-03-09 09:30:00,INTR,2.059999942779541,2.059999942779541,2.059999942779541,2.059999942779541,2.059999942779541,524.0
2023-03-09 09:31:00,ABCB,44.43000030517578,44.43000030517578,44.43000030517578,44.310001373291016,44.43000030517578,1759.0
2023-03-09 09:31:00,ACGL,70.05999755859375,70.05999755859375,70.20999908447266,70.05999755859375,70.20999908447266,1875.0
2023-03-09 09:31:00,AIB,10.460100173950195,10.460100173950195,10.496899604797363,10.460100173950195,10.496899604797363,800.0
2023-03-09 09:31:00,AMAL,22.219999313354492,22.219999313354492,22.219999313354492,22.219999313354492,22.219999313354492,196.0
2023-03-09 09:31:00,ARCC,19.204999923706055,19.204999923706055,19.229999542236328,19.204999923706055,19.229999542236328,2123.0
2023-03-09 09:31:00,BANR,61.185001373291016,61.185001373291016,61.2400016784668,61.185001373291016,61.23500061035156,568.0
2023-03-09 09:31:00,BCBP,16.260000228881836,16.260000228881836,16.260000228881836,16.260000228881836,16.260000228881836,200.0
2023-03-09 09:31:00,BFIN,10.270000457763672,10.270000457763672,10.270000457763672,10.270000457763672,10.270000457763672,0.0
2023-03-09 09:31:00,BHF,54.54999923706055,54.54999923706055,54.77000045776367,54.54999923706055,54.77000045776367,887.0
2023-03-09 09:31:00,BITF,0.800000011920929,0.800000011920929,0.807200014591217,0.7964000105857849,0.800000011920929,12490.0
2023-03-09 09:31:00,BPOP,64.45999908447266,64.45999908447266,64.71499633789062,64.45999908447266,64.71499633789062,868.0
2023-03-09 09:31:00,BRKL,11.949999809265137,11.949999809265137,12.050000190734863,11.949999809265137,12.050000190734863,665.0
2023-03-09 09:31:00,BUSE,23.5,23.5,23.5,23.5,23.5,311.0
2023-03-09 09:31:00,BWB,14.164999961853027,14.164999961853027,14.164999961853027,14.164999961853027,14.164999961853027,100.0
2023-03-09 09:31:00,CASH,48.63999938964844,48.63999938964844,49.400001525878906,48.619998931884766,49.400001525878906,6470.0
2023-03-09 09:31:00,CATC,73.63999938964844,73.63999938964844,74.2699966430664,73.61000061035156,73.61000061035156,873.0
2023-03-09 09:31:00,CATY,41.09000015258789,41.09000015258789,41.09000015258789,41.09000015258789,41.09000015258789,757.0
2023-03-09 09:31:00,CBSH,62.849998474121094,62.849998474121094,63.0,62.849998474121094,63.0,505.0
2023-03-09 09:31:00,CG,34.689998626708984,34.689998626708984,34.790000915527344,34.63999938964844,34.790000915527344,7199.0
2023-03-09 09:31:00,CGBD,15.085000038146973,15.085000038146973,15.109999656677246,15.085000038146973,15.09000015258789,3186.0
2023-03-09 09:31:00,CHI,12.029999732971191,12.029999732971191,12.029999732971191,12.029999732971191,12.029999732971191,177.0
2023-03-09 09:31:00,CIFR,1.4700000286102295,1.4700000286102295,1.481600046157837,1.4700000286102295,1.481600046157837,2007.0
2023-03-09 09:31:00,CINF,117.44499969482422,117.44499969482422,117.66999816894531,117.11000061035156,117.66999816894531,1520.0
2023-03-09 09:31:00,CITEU,10.550000190734863,10.550000190734863,10.550000190734863,10.550000190734863,10.550000190734863,0.0
2023-03-09 09:31:00,CIZN,15.600000381469727,15.600000381469727,15.600000381469727,15.600000381469727,15.600000381469727,0.0
2023-03-09 09:31:00,CLAY,10.619999885559082,10.619999885559082,10.619999885559082,10.619999885559082,10.619999885559082,1.0
2023-03-09 09:31:00,CLINU,10.390000343322754,10.390000343322754,10.390000343322754,10.390000343322754,10.390000343322754,0.0
2023-03-09 09:31:00,CLRCU,10.4399995803833,10.4399995803833,10.4399995803833,10.4399995803833,10.4399995803833,0.0
2023-03-09 09:31:00,CMCAU,10.699999809265137,10.699999809265137,10.699999809265137,10.699999809265137,10.699999809265137,0.0
2023-03-09 09:31:00,CME,180.1199951171875,180.1199951171875,180.64999389648438,180.1199951171875,180.64999389648438,2423.0
2023-03-09 09:31:00,COLB,26.68000030517578,26.68000030517578,26.920000076293945,26.65999984741211,26.920000076293945,32921.0
2023-03-09 09:31:00,CONXU,10.149999618530273,10.149999618530273,10.149999618530273,10.149999618530273,10.149999618530273,1914.0
2023-03-09 09:31:00,COOP,45.029998779296875,45.029998779296875,45.029998779296875,44.87810134887695,44.87810134887695,590.0
2023-03-09 09:31:00,CRVL,177.75,177.75,177.82000732421875,177.75,177.75,634.0
2023-03-09 09:31:00,CSLMU,10.359999656677246,10.359999656677246,10.359999656677246,10.359999656677246,10.359999656677246,0.0
2023-03-09 09:31:00,CSWC,18.75,18.75,18.770000457763672,18.75,18.770000457763672,2232.0
2023-03-09 09:31:00,CTBI,41.68000030517578,41.68000030517578,41.68000030517578,41.68000030517578,41.68000030517578,628.0
2023-03-09 09:31:00,CVBF,22.5,22.5,22.540000915527344,22.43000030517578,22.540000915527344,2933.0
2023-03-09 09:31:00,DCOMP,20.350000381469727,20.350000381469727,20.350000381469727,19.979999542236328,19.979999542236328,0.0
2023-03-09 09:31:00,DWAC,14.26039981842041,14.26039981842041,14.26039981842041,14.229999542236328,14.229999542236328,433.0
2023-03-09 09:31:00,EBC,15.210000038146973,15.210000038146973,15.220000267028809,15.130000114440918,15.170000076293945,7111.0
2023-03-09 09:31:00,EGBN,41.72999954223633,41.72999954223633,41.72999954223633,41.72999954223633,41.72999954223633,602.0
2023-03-09 09:31:00,EHTH,9.699999809265137,9.699999809265137,9.699999809265137,9.699999809265137,9.699999809265137,107.0
2023-03-09 09:31:00,EWBC,71.30500030517578,71.30500030517578,71.6050033569336,71.26000213623047,71.6050033569336,2322.0
2023-03-09 09:31:00,FCFS,87.88999938964844,87.88999938964844,87.88999938964844,87.87999725341797,87.87999725341797,387.0
2023-03-09 09:31:00,FDUS,20.5,20.5,20.5,20.5,20.5,221.0
2023-03-09 09:31:00,FFIC,17.979999542236328,17.979999542236328,18.0,17.979999542236328,18.0,348.0
2023-03-09 09:31:00,FFIN,34.72999954223633,34.72999954223633,34.79999923706055,34.72999954223633,34.77000045776367,8165.0
2023-03-09 09:31:00,FFWM,13.890000343322754,13.890000343322754,13.890000343322754,13.710000038146973,13.84000015258789,3355.0
2023-03-09 09:31:00,FHB,25.040000915527344,25.040000915527344,25.1200008392334,25.040000915527344,25.1200008392334,1681.0
2023-03-09 09:31:00,FITB,33.04999923706055,33.04999923706055,33.15999984741211,33.04999923706055,33.15999984741211,23078.0
2023-03-09 09:31:00,FMNB,13.614999771118164,13.614999771118164,13.614999771118164,13.614999771118164,13.614999771118164,216.0
2023-03-09 09:31:00,FOCS,51.810001373291016,51.810001373291016,51.81999969482422,51.810001373291016,51.810001373291016,19335.0
2023-03-09 09:31:00,FRAF,32.75,32.75,32.75,32.75,32.75,541.0
2023-03-09 09:31:00,FRME,38.939998626708984,38.939998626708984,39.279998779296875,38.81999969482422,39.08000183105469,2576.0
2023-03-09 09:31:00,FRST,11.270000457763672,11.270000457763672,11.270000457763672,11.270000457763672,11.270000457763672,312.0
2023-03-09 09:31:00,FTPA,10.130000114440918,10.130000114440918,10.130000114440918,10.130000114440918,10.130000114440918,2500.0
2023-03-09 09:31:00,FULT,16.09000015258789,16.09000015258789,16.110000610351562,16.09000015258789,16.110000610351562,1203.0
2023-03-09 09:31:00,FUTU,47.27000045776367,47.27000045776367,47.48419952392578,47.099998474121094,47.310001373291016,28537.0
2023-03-09 09:31:00,GBDC,13.520000457763672,13.520000457763672,13.529999732971191,13.510000228881836,13.529999732971191,7454.0
2023-03-09 09:31:00,GGAL,13.100000381469727,13.100000381469727,13.100000381469727,13.041199684143066,13.100000381469727,1721.0
2023-03-09 09:31:00,GLAD,10.0600004196167,10.0600004196167,10.0600004196167,10.0600004196167,10.0600004196167,486.0
2023-03-09 09:31:00,GLRE,10.164999961853027,10.164999961853027,10.164999961853027,10.164999961853027,10.164999961853027,101.0
2023-03-09 09:31:00,GREE,0.4401000142097473,0.4401000142097473,0.44020000100135803,0.4401000142097473,0.44020000100135803,520.0
2023-03-09 09:31:00,GSBC,56.060001373291016,56.060001373291016,56.060001373291016,56.060001373291016,56.060001373291016,434.0
2023-03-09 09:31:00,HBAN,14.279999732971191,14.279999732971191,14.300000190734863,14.260000228881836,14.289999961853027,62704.0
2023-03-09 09:31:00,HBANP,19.200000762939453,19.200000762939453,19.200000762939453,19.200000762939453,19.200000762939453,640.0
2023-03-09 09:31:00,HBNC,14.670000076293945,14.670000076293945,14.670000076293945,14.670000076293945,14.670000076293945,292.0
2023-03-09 09:31:00,HFWA,25.719999313354492,25.719999313354492,25.809999465942383,25.6200008392334,25.809999465942383,2328.0
2023-03-09 09:31:00,HIVE,2.640000104904175,2.640000104904175,2.6649999618530273,2.630000114440918,2.6649999618530273,1000.0
2023-03-09 09:31:00,HOPE,12.23859977722168,12.23859977722168,12.25,12.210000038146973,12.25,4149.0
2023-03-09 09:31:00,HTBK,11.529999732971191,11.529999732971191,11.529999732971191,11.529999732971191,11.529999732971191,190.0
2023-03-09 09:31:00,HTLF,47.599998474121094,47.599998474121094,47.619998931884766,47.599998474121094,47.619998931884766,733.0
2023-03-09 09:31:00,HUT,1.4594000577926636,1.4594000577926636,1.4594000577926636,1.4450000524520874,1.4450000524520874,26429.0
2023-03-09 09:31:00,HWC,45.779998779296875,45.779998779296875,45.779998779296875,45.779998779296875,45.779998779296875,448.0
2023-03-09 09:31:00,IBKR,88.19000244140625,88.19000244140625,88.2699966430664,88.08000183105469,88.2699966430664,1075.0
2023-03-09 09:31:00,ICMB,4.112800121307373,4.112800121307373,4.112800121307373,4.112800121307373,4.112800121307373,100.0
2023-03-09 09:31:00,INDB,75.20500183105469,75.20500183105469,75.52999877929688,75.05999755859375,75.3499984741211,3138.0
2023-03-09 09:32:00,ABCB,44.27000045776367,44.27000045776367,44.31999969482422,44.27000045776367,44.29999923706055,603.0
2023-03-09 09:32:00,ACGL,69.9800033569336,69.9800033569336,69.9800033569336,69.91000366210938,69.93000030517578,4453.0
2023-03-09 09:32:00,ALRS,19.204999923706055,19.204999923706055,19.204999923706055,19.204999923706055,19.204999923706055,101.0
2023-03-09 09:32:00,APLD,2.2249999046325684,2.2249999046325684,2.2249999046325684,2.2249999046325684,2.2249999046325684,104.0
2023-03-09 09:32:00,APMI,10.100000381469727,10.100000381469727,10.100000381469727,10.100000381469727,10.100000381469727,589.0
2023-03-09 09:32:00,ARBK,1.5110000371932983,1.5110000371932983,1.5110000371932983,1.5110000371932983,1.5110000371932983,1755.0
2023-03-09 09:32:00,ARCC,19.190000534057617,19.190000534057617,19.19849967956543,19.170000076293945,19.19849967956543,4362.0
2023-03-09 09:32:00,AUB,38.0099983215332,38.0099983215332,38.31999969482422,38.0099983215332,38.150001525878906,9700.0
2023-03-09 09:32:00,BANF,87.27999877929688,87.27999877929688,87.43000030517578,87.27999877929688,87.43000030517578,1119.0
2023-03-09 09:32:00,BANR,60.54999923706055,60.54999923706055,61.22999954223633,60.54999923706055,61.22999954223633,1773.0
2023-03-09 09:32:00,BCBP,16.200000762939453,16.200000762939453,16.200000762939453,16.200000762939453,16.200000762939453,103.0
2023-03-09 09:32:00,BGCP,5.074999809265137,5.074999809265137,5.105000019073486,5.070000171661377,5.105000019073486,6441.0
2023-03-09 09:32:00,BHFAM,16.760000228881836,16.760000228881836,16.814199447631836,16.700000762939453,16.75,3480.0
2023-03-09 09:32:00,BHFAN,19.350000381469727,19.350000381469727,19.350000381469727,19.350000381469727,19.350000381469727,604.0
2023-03-09 09:32:00,BITF,0.7989000082015991,0.7989000082015991,0.7990000247955322,0.7942000031471252,0.7970989942550659,6212.0
2023-03-09 09:32:00,BKCC,3.7414000034332275,3.7414000034332275,3.75,3.7414000034332275,3.75,1216.0
2023-03-09 09:32:00,BOKF,98.02999877929688,98.02999877929688,98.02999877929688,98.02999877929688,98.02999877929688,453.0
2023-03-09 09:32:00,BPOP,64.08499908447266,64.08499908447266,64.45999908447266,64.08499908447266,64.45999908447266,2373.0
2023-03-09 09:32:00,BRKL,11.9399995803833,11.9399995803833,11.9399995803833,11.9399995803833,11.9399995803833,130.0
2023-03-09 09:32:00,BRP,26.469999313354492,26.469999313354492,26.739999771118164,26.469999313354492,26.59000015258789,2617.0
2023-03-09 09:32:00,BTBT,1.1649999618530273,1.1649999618530273,1.1749999523162842,1.1649999618530273,1.1720000505447388,29505.0
2023-03-09 09:32:00,BTWN,10.050000190734863,10.050000190734863,10.050000190734863,10.050000190734863,10.050000190734863,0.0
2023-03-09 09:32:00,BWB,14.069999694824219,14.069999694824219,14.069999694824219,14.069999694824219,14.069999694824219,523.0
2023-03-09 09:32:00,CASH,47.83000183105469,47.83000183105469,48.369998931884766,47.790000915527344,48.314998626708984,13795.0
2023-03-09 09:32:00,CATC,74.08000183105469,74.08000183105469,74.08000183105469,74.08000183105469,74.08000183105469,125.0
2023-03-09 09:32:00,CATY,40.77000045776367,40.77000045776367,40.86000061035156,40.599998474121094,40.599998474121094,1408.0
2023-03-09 09:32:00,CBSH,62.709999084472656,62.709999084472656,62.779998779296875,62.709999084472656,62.779998779296875,633.0
2023-03-09 09:32:00,CFFN,7.764999866485596,7.764999866485596,7.764999866485596,7.699999809265137,7.760000228881836,13215.0
2023-03-09 09:32:00,CG,34.63999938964844,34.63999938964844,34.689998626708984,34.599998474121094,34.689998626708984,13334.0
2023-03-09 09:32:00,CHEAU,10.510000228881836,10.510000228881836,10.510000228881836,10.510000228881836,10.510000228881836,0.0
2023-03-09 09:32:00,CIFR,1.4693000316619873,1.4693000316619873,1.4800000190734863,1.465000033378601,1.4700000286102295,3973.0
2023-03-09 09:32:00,CINF,116.9800033569336,116.9800033569336,117.0999984741211,116.73999786376953,116.95999908447266,740.0
2023-03-09 09:32:00,CME,180.14500427246094,180.14500427246094,180.2899932861328,180.14500427246094,180.2899932861328,512.0
2023-03-09 09:32:00,COLB,26.65999984741211,26.65999984741211,26.690000534057617,26.639999389648438,26.690000534057617,2278.0
2023-03-09 09:32:00,COOP,45.03499984741211,45.03499984741211,45.03499984741211,45.03499984741211,45.03499984741211,331.0
2023-03-09 09:32:00,CSLM,10.319999694824219,10.319999694824219,10.319999694824219,10.319999694824219,10.319999694824219,1100.0
2023-03-09 09:32:00,CSWC,18.770000457763672,18.770000457763672,18.770000457763672,18.719999313354492,18.729999542236328,1535.0
2023-03-09 09:32:00,CVBF,22.389999389648438,22.389999389648438,22.389999389648438,22.389999389648438,22.389999389648438,332.0
2023-03-09 09:32:00,DECAU,10.4399995803833,10.4399995803833,10.4399995803833,10.4399995803833,10.4399995803833,0.0
2023-03-09 09:32:00,DECAW,0.07500000298023224,0.07500000298023224,0.07500000298023224,0.07500000298023224,0.07500000298023224,0.0
2023-03-09 09:32:00,DHACU,10.88010025024414,10.88010025024414,10.88010025024414,10.88010025024414,10.88010025024414,12.0
2023-03-09 09:32:00,DKDCU,10.539999961853027,10.539999961853027,10.539999961853027,10.539999961853027,10.539999961853027,0.0
2023-03-09 09:32:00,DWAC,14.239100456237793,14.239100456237793,14.239100456237793,14.239100456237793,14.239100456237793,320.0
2023-03-09 09:32:00,EBC,15.130000114440918,15.130000114440918,15.15999984741211,15.109999656677246,15.15999984741211,1373.0
2023-03-09 09:32:00,EDTX,10.75,10.75,10.75,10.75,10.75,0.0
2023-03-09 09:32:00,EDTXU,10.210000038146973,10.210000038146973,10.210000038146973,10.210000038146973,10.210000038146973,0.0
2023-03-09 09:32:00,EGBN,41.68000030517578,41.68000030517578,41.68000030517578,41.68000030517578,41.68000030517578,764.0
2023-03-09 09:32:00,EHTH,9.630000114440918,9.630000114440918,9.630000114440918,9.614999771118164,9.614999771118164,265.0
2023-03-09 09:32:00,ENERU,10.319999694824219,10.319999694824219,10.319999694824219,10.319999694824219,10.319999694824219,0.0
2023-03-09 09:32:00,ERESU,10.5,10.5,10.5,10.5,10.5,0.0
2023-03-09 09:32:00,EUCRU,10.14009952545166,10.14009952545166,10.14009952545166,10.14009952545166,10.14009952545166,0.0
2023-03-09 09:32:00,EWBC,71.51000213623047,71.51000213623047,71.51000213623047,71.06999969482422,71.20999908447266,2885.0
2023-03-09 09:32:00,EZPW,8.859999656677246,8.859999656677246,8.859999656677246,8.859999656677246,8.859999656677246,505.0
2023-03-09 09:32:00,FBNC,40.279998779296875,40.279998779296875,40.310001373291016,40.11000061035156,40.11000061035156,305.0
2023-03-09 09:32:00,FCFS,87.88999938964844,87.88999938964844,87.88999938964844,87.88999938964844,87.88999938964844,112.0
2023-03-09 09:32:00,FDUS,20.530000686645508,20.530000686645508,20.530000686645508,20.530000686645508,20.530000686645508,267.0
2023-03-09 09:32:00,FFBC,22.989999771118164,22.989999771118164,22.989999771118164,22.989999771118164,22.989999771118164,446.0
2023-03-09 09:32:00,FFIN,34.67499923706055,34.67499923706055,34.7400016784668,34.59000015258789,34.59000015258789,1428.0
2023-03-09 09:32:00,FHB,25.09000015258789,25.09000015258789,25.09000015258789,25.010000228881836,25.020000457763672,2106.0
2023-03-09 09:32:00,FIBK,33.20000076293945,33.20000076293945,33.20000076293945,33.20000076293945,33.20000076293945,433.0
2023-03-09 09:32:00,FITB,33.08000183105469,33.08000183105469,33.08000183105469,33.0099983215332,33.060001373291016,5880.0
2023-03-09 09:32:00,FOCS,51.814998626708984,51.814998626708984,51.81999969482422,51.810001373291016,51.810001373291016,9909.0
2023-03-09 09:32:00,FRME,38.7599983215332,38.7599983215332,38.7599983215332,38.7599983215332,38.7599983215332,283.0
2023-03-09 09:32:00,FRON,10.1899995803833,10.1899995803833,10.1899995803833,10.1899995803833,10.1899995803833,130678.0
2023-03-09 09:32:00,FRST,11.270000457763672,11.270000457763672,11.270000457763672,11.270000457763672,11.270000457763672,900.0
2023-03-09 09:32:00,FULT,16.110000610351562,16.110000610351562,16.1299991607666,16.059999465942383,16.059999465942383,5415.0
2023-03-09 09:32:00,FUTU,47.291099548339844,47.291099548339844,47.3849983215332,47.150001525878906,47.27000045776367,19139.0
2023-03-09 09:32:00,GBDC,13.520000457763672,13.520000457763672,13.520000457763672,13.520000457763672,13.520000457763672,2061.0
2023-03-09 09:32:00,GLAD,9.970000267028809,9.970000267028809,10.010000228881836,9.970000267028809,10.010000228881836,7979.0
2023-03-09 09:32:00,HAFC,22.719999313354492,22.719999313354492,22.719999313354492,22.719999313354492,22.719999313354492,669.0
2023-03-09 09:32:00,HBAN,14.289999961853027,14.289999961853027,14.3100004196167,14.260000228881836,14.270000457763672,26064.0
2023-03-09 09:32:00,HBANM,22.959999084472656,22.959999084472656,22.959999084472656,22.959999084472656,22.959999084472656,4001.0
2023-03-09 09:32:00,HFWA,25.674999237060547,25.674999237060547,25.674999237060547,25.674999237060547,25.674999237060547,103.0
2023-03-09 09:32:00,HIVE,2.6600000858306885,2.6600000858306885,2.6600000858306885,2.630000114440918,2.630000114440918,8472.0
2023-03-09 09:32:00,HONE,13.010000228881836,13.010000228881836,13.010000228881836,12.989999771118164,12.989999771118164,322.0
2023-03-09 09:32:00,HOPE,12.220000267028809,12.220000267028809,12.260000228881836,12.220000267028809,12.239999771118164,1353.0
2023-03-09 09:32:00,HRZN,12.029999732971191,12.029999732971191,12.029999732971191,12.010000228881836,12.010000228881836,250.0
2023-03-09 09:32:00,HTBK,11.430000305175781,11.430000305175781,11.430000305175781,11.430000305175781,11.430000305175781,225.0
2023-03-09 09:32:00,HTLF,47.52000045776367,47.52000045776367,47.59000015258789,47.38999938964844,47.38999938964844,619.0
2023-03-09 09:32:00,HUIZ,1.305799961090088,1.305799961090088,1.309999942779541,1.3000999689102173,1.3000999689102173,0.0
2023-03-09 09:32:00,HUT,1.4499000310897827,1.4499000310897827,1.4600000381469727,1.440000057220459,1.457200050354004,31234.0
2023-03-09 09:32:00,HWC,45.76499938964844,45.76499938964844,45.76499938964844,45.76499938964844,45.76499938964844,316.0
2023-03-09 09:32:00,IBCP,21.299999237060547,21.299999237060547,21.299999237060547,21.299999237060547,21.299999237060547,103.0
2023-03-09 09:32:00,IBKR,88.13999938964844,88.13999938964844,88.19999694824219,88.13999938964844,88.19999694824219,420.0
2023-03-09 09:32:00,IBOC,46.95500183105469,46.95500183105469,47.09000015258789,46.86000061035156,47.09000015258789,4233.0
2023-03-09 09:32:00,IBTX,54.650001525878906,54.650001525878906,54.66999816894531,54.650001525878906,54.66999816894531,708.0
2023-03-09 09:32:00,ICMB,4.039999961853027,4.039999961853027,4.039999961853027,4.039999961853027,4.039999961853027,200.0
2023-03-09 09:32:00,INDB,75.0199966430664,75.0199966430664,75.05000305175781,75.0199966430664,75.05000305175781,796.0
2023-03-09 09:33:00,ABCB,44.459999084472656,44.459999084472656,44.459999084472656,44.220001220703125,44.220001220703125,981.0
2023-03-09 09:33:00,ACGL,69.95999908447266,69.95999908447266,70.00499725341797,69.94999694824219,69.97000122070312,1875.0
2023-03-09 09:33:00,AGBA,2.200500011444092,2.200500011444092,2.200500011444092,2.200000047683716,2.200000047683716,2200.0
2023-03-09 09:33:00,AIHS,0.8600000143051147,0.8600000143051147,0.8895000219345093,0.8600000143051147,0.8895000219345093,0.0
2023-03-09 09:33:00,AMAO,10.289999961853027,10.289999961853027,10.289999961853027,10.279999732971191,10.279999732971191,0.0
2023-03-09 09:33:00,APLD,2.25,2.25,2.25,2.240000009536743,2.240000009536743,1401.0
2023-03-09 09:33:00,APMI,10.100000381469727,10.100000381469727,10.100000381469727,10.100000381469727,10.100000381469727,489.0
2023-03-09 09:33:00,ARCC,19.200000762939453,19.200000762939453,19.200000762939453,19.18000030517578,19.190000534057617,3149.0
2023-03-09 09:33:00,ATLCP,20.489999771118164,20.489999771118164,20.489999771118164,20.489999771118164,20.489999771118164,13.0
2023-03-09 09:33:00,AUB,38.0099983215332,38.0099983215332,38.08000183105469,37.880001068115234,37.880001068115234,1026.0
2023-03-09 09:33:00,BANR,60.79999923706055,60.79999923706055,60.79999923706055,60.59000015258789,60.724998474121094,1337.0
2023-03-09 09:33:00,BGCP,5.074999809265137,5.074999809265137,5.074999809265137,5.073999881744385,5.073999881744385,584.0
2023-03-09 09:33:00,BHF,54.599998474121094,54.599998474121094,54.63999938964844,54.599998474121094,54.63999938964844,314.0
2023-03-09 09:33:00,BHFAM,16.75,16.75,16.75,16.75,16.75,300.0
2023-03-09 09:33:00,BITF,0.8015000224113464,0.8015000224113464,0.8090000152587891,0.7915999889373779,0.7915999889373779,29453.0
2023-03-09 09:33:00,BRP,26.440000534057617,26.440000534057617,26.489999771118164,26.440000534057617,26.489999771118164,249.0
2023-03-09 09:33:00,BTBT,1.1799999475479126,1.1799999475479126,1.1799999475479126,1.1699999570846558,1.1699999570846558,3698.0
2023-03-09 09:33:00,BWB,14.130000114440918,14.130000114440918,14.199999809265137,14.130000114440918,14.199999809265137,306.0
2023-03-09 09:33:00,BWFG,28.899499893188477,28.899499893188477,28.899499893188477,28.889999389648438,28.889999389648438,315.0
2023-03-09 09:33:00,CACC,445.54998779296875,445.54998779296875,445.54998779296875,445.54998779296875,445.54998779296875,102.0
2023-03-09 09:33:00,CATC,73.6500015258789,73.6500015258789,73.87000274658203,73.6500015258789,73.87000274658203,773.0
2023-03-09 09:33:00,CATY,40.75,40.75,40.75,40.68000030517578,40.68000030517578,674.0
2023-03-09 09:33:00,CBSH,62.81999969482422,62.81999969482422,62.81999969482422,62.720001220703125,62.720001220703125,551.0
2023-03-09 09:33:00,CCB,44.04999923706055,44.04999923706055,44.04999923706055,44.04999923706055,44.04999923706055,370.0
2023-03-09 09:33:00,CFFN,7.75,7.75,7.760000228881836,7.75,7.75,1366.0
2023-03-09 09:33:00,CG,34.66999816894531,34.66999816894531,34.70000076293945,34.66999816894531,34.66999816894531,1261.0
2023-03-09 09:33:00,CHI,12.005000114440918,12.005000114440918,12.033100128173828,12.005000114440918,12.033100128173828,3502.0
2023-03-09 09:33:00,CHY,12.3100004196167,12.3100004196167,12.3100004196167,12.3100004196167,12.3100004196167,201.0
2023-03-09 09:33:00,CIFR,1.4700000286102295,1.4700000286102295,1.4700000286102295,1.465000033378601,1.4692000150680542,1189.0
2023-03-09 09:33:00,CINF,116.97000122070312,116.97000122070312,117.29000091552734,116.75,116.75,7046.0
2023-03-09 09:33:00,CME,180.63999938964844,180.63999938964844,180.63999938964844,180.1199951171875,180.2899932861328,3098.0
2023-03-09 09:33:00,COLB,26.75,26.75,26.75,26.655000686645508,26.655000686645508,27321.0
2023-03-09 09:33:00,CRVL,178.60000610351562,178.60000610351562,178.60000610351562,178.60000610351562,178.60000610351562,158.0
2023-03-09 09:33:00,CSWC,18.729999542236328,18.729999542236328,18.760000228881836,18.729999542236328,18.760000228881836,201.0
2023-03-09 09:33:00,CVBF,22.530000686645508,22.530000686645508,22.530000686645508,22.43000030517578,22.43000030517578,1279.0
2023-03-09 09:33:00,DWAC,14.220000267028809,14.220000267028809,14.229999542236328,14.220000267028809,14.229999542236328,517.0
2023-03-09 09:33:00,EBC,15.149999618530273,15.149999618530273,15.15999984741211,15.125,15.125,1310.0
2023-03-09 09:33:00,EFSC,53.27000045776367,53.27000045776367,53.58720016479492,53.27000045776367,53.279998779296875,1855.0
2023-03-09 09:33:00,EHTH,9.649999618530273,9.649999618530273,9.649999618530273,9.460000038146973,9.59000015258789,4167.0
2023-03-09 09:33:00,EWBC,71.63999938964844,71.63999938964844,71.76000213623047,71.51000213623047,71.51000213623047,3334.0
2023-03-09 09:33:00,FBMS,29.860000610351562,29.860000610351562,29.860000610351562,29.815000534057617,29.860000610351562,817.0
2023-03-09 09:33:00,FBNC,40.119998931884766,40.119998931884766,40.119998931884766,40.119998931884766,40.119998931884766,101.0
2023-03-09 09:33:00,FFBC,23.010000228881836,23.010000228881836,23.010000228881836,23.010000228881836,23.010000228881836,218.0
2023-03-09 09:33:00,FFIN,34.75,34.75,34.75,34.75,34.75,100.0
2023-03-09 09:33:00,FFWM,13.835000038146973,13.835000038146973,13.835000038146973,13.770000457763672,13.770000457763672,404.0
2023-03-09 09:33:00,FGMC,10.359999656677246,10.359999656677246,10.359999656677246,10.359999656677246,10.359999656677246,0.0
2023-03-09 09:33:00,FHB,25.1299991607666,25.1299991607666,25.1299991607666,25.110000610351562,25.110000610351562,353.0
2023-03-09 09:33:00,FHLT,9.789999961853027,9.789999961853027,9.789999961853027,9.789999961853027,9.789999961853027,0.0
2023-03-09 09:33:00,FHLTU,9.770000457763672,9.770000457763672,9.770000457763672,9.770000457763672,9.770000457763672,0.0
2023-03-09 09:33:00,FHLTW,0.054099999368190765,0.054099999368190765,0.054099999368190765,0.054099999368190765,0.054099999368190765,0.0
2023-03-09 09:33:00,FITB,33.189998626708984,33.189998626708984,33.189998626708984,33.09000015258789,33.11000061035156,9686.0
2023-03-09 09:33:00,FMAO,23.950000762939453,23.950000762939453,24.110000610351562,23.950000762939453,24.110000610351562,0.0
2023-03-09 09:33:00,FOCS,51.810001373291016,51.810001373291016,51.810001373291016,51.79999923706055,51.810001373291016,13054.0
2023-03-09 09:33:00,FRHC,72.52519989013672,72.52519989013672,72.52519989013672,72.52519989013672,72.52519989013672,275.0
2023-03-09 09:33:00,FRLA,10.550000190734863,10.550000190734863,10.550000190734863,10.550000190734863,10.550000190734863,0.0
2023-03-09 09:33:00,FRLAU,10.529999732971191,10.529999732971191,10.529999732971191,10.529999732971191,10.529999732971191,0.0
2023-03-09 09:33:00,FRLAW,0.0625,0.0625,0.0625,0.0625,0.0625,0.0
2023-03-09 09:33:00,FRMEP,25.625,25.625,25.625,25.625,25.625,0.0
2023-03-09 09:33:00,FUTU,47.250099182128906,47.250099182128906,47.42850112915039,47.250099182128906,47.29999923706055,11868.0
2023-03-09 09:33:00,GAIN,13.856800079345703,13.856800079345703,13.856800079345703,13.856800079345703,13.856800079345703,2108.0
2023-03-09 09:33:00,GATE,10.079999923706055,10.079999923706055,10.079999923706055,10.079999923706055,10.079999923706055,0.0
2023-03-09 09:33:00,GATEU,10.130000114440918,10.130000114440918,10.130000114440918,10.130000114440918,10.130000114440918,0.0
2023-03-09 09:33:00,GBBKW,0.03500000014901161,0.03500000014901161,0.03500000014901161,0.03500000014901161,0.03500000014901161,3193.0
2023-03-09 09:33:00,GBDC,13.520000457763672,13.520000457763672,13.520000457763672,13.520000457763672,13.520000457763672,191.0
2023-03-09 09:33:00,GBRGU,10.819999694824219,10.819999694824219,10.819999694824219,10.819999694824219,10.819999694824219,0.0
2023-03-09 09:33:00,GDNRW,0.06930000334978104,0.06930000334978104,0.06930000334978104,0.06930000334978104,0.06930000334978104,0.0
2023-03-09 09:33:00,GEEXU,10.449999809265137,10.449999809265137,10.449999809265137,10.449999809265137,10.449999809265137,0.0
2023-03-09 09:33:00,GLAD,10.005000114440918,10.005000114440918,10.020000457763672,10.0,10.020000457763672,469.0
2023-03-09 09:33:00,GNTY,30.34000015258789,30.34000015258789,30.34000015258789,30.0,30.0,1205.0
2023-03-09 09:33:00,GREE,0.4499000012874603,0.4499000012874603,0.4499000012874603,0.4499000012874603,0.4499000012874603,152.0
2023-03-09 09:33:00,HBAN,14.335000038146973,14.335000038146973,14.339900016784668,14.28499984741211,14.289999961853027,24951.0
2023-03-09 09:33:00,HBNC,14.609999656677246,14.609999656677246,14.670000076293945,14.59000015258789,14.65999984741211,1039.0
2023-03-09 09:33:00,HIVE,2.6700000762939453,2.6700000762939453,2.6700000762939453,2.6700000762939453,2.6700000762939453,140.0
2023-03-09 09:33:00,HONE,13.020000457763672,13.020000457763672,13.020000457763672,13.010000228881836,13.010000228881836,308.0
2023-03-09 09:33:00,HOPE,12.199999809265137,12.199999809265137,12.220000267028809,12.199999809265137,12.220000267028809,2011.0
2023-03-09 09:33:00,HRZN,12.039999961853027,12.039999961853027,12.039999961853027,12.029999732971191,12.038000106811523,1961.0
2023-03-09 09:33:00,HTLF,47.47999954223633,47.47999954223633,47.47999954223633,47.47999954223633,47.47999954223633,101.0
2023-03-09 09:33:00,HUT,1.4538999795913696,1.4538999795913696,1.4550000429153442,1.444000005722046,1.444000005722046,16265.0
2023-03-09 09:33:00,HWC,46.0,46.0,46.0,45.83000183105469,45.83000183105469,1716.0
2023-03-09 09:33:00,HWEL,10.09000015258789,10.09000015258789,10.09000015258789,10.09000015258789,10.09000015258789,0.0
2023-03-09 09:33:00,IBKR,87.98500061035156,87.98500061035156,88.13999938964844,87.80999755859375,88.13999938964844,2375.0
2023-03-09 09:33:00,IBOC,46.75,46.75,46.875,46.66999816894531,46.66999816894531,2276.0
2023-03-09 09:33:00,IBTX,54.65999984741211,54.65999984741211,54.65999984741211,54.65999984741211,54.65999984741211,363.0
2023-03-09 09:33:00,ICMB,4.0,4.0,4.0,3.9600000381469727,3.9600000381469727,315.0
2023-03-09 09:34:00,ACGL,69.8499984741211,69.8499984741211,70.01499938964844,69.8499984741211,70.01499938964844,1933.0
2023-03-09 09:34:00,APLD,2.25,2.25,2.25,2.25,2.25,559.0
2023-03-09 09:34:00,ARBK,1.5299999713897705,1.5299999713897705,1.5299999713897705,1.5299999713897705,1.5299999713897705,524.0
2023-03-09 09:34:00,ARCC,19.200000762939453,19.200000762939453,19.209999084472656,19.200000762939453,19.204999923706055,12702.0
2023-03-09 09:34:00,BGCP,5.074999809265137,5.074999809265137,5.079999923706055,5.074999809265137,5.079999923706055,831.0
2023-03-09 09:34:00,BHF,54.61000061035156,54.61000061035156,54.61000061035156,54.61000061035156,54.61000061035156,263.0
2023-03-09 09:34:00,BITF,0.8149999976158142,0.8149999976158142,0.8149999976158142,0.8148999810218811,0.8149999976158142,2301.0
2023-03-09 09:34:00,BPOP,64.23500061035156,64.23500061035156,64.23500061035156,64.0999984741211,64.23500061035156,852.0
2023-03-09 09:34:00,BRKL,11.979999542236328,11.979999542236328,12.010000228881836,11.949999809265137,12.010000228881836,970.0
2023-03-09 09:34:00,BRP,26.440000534057617,26.440000534057617,26.440000534057617,26.440000534057617,26.440000534057617,217.0
2023-03-09 09:34:00,BTBT,1.190000057220459,1.190000057220459,1.190000057220459,1.190000057220459,1.190000057220459,765.0
2023-03-09 09:34:00,CACC,446.7200012207031,446.7200012207031,448.6199951171875,445.80999755859375,446.0,761.0
2023-03-09 09:34:00,CBSH,62.82500076293945,62.82500076293945,62.82500076293945,62.689998626708984,62.689998626708984,2425.0
2023-03-09 09:34:00,CCD,22.950000762939453,22.950000762939453,22.959999084472656,22.950000762939453,22.959999084472656,302.0
2023-03-09 09:34:00,CFFN,7.760000228881836,7.760000228881836,7.760000228881836,7.760000228881836,7.760000228881836,319.0
2023-03-09 09:34:00,CG,34.7400016784668,34.7400016784668,34.7400016784668,34.65999984741211,34.68360137939453,4451.0
2023-03-09 09:34:00,CIFR,1.4900000095367432,1.4900000095367432,1.4900000095367432,1.4700000286102295,1.4700000286102295,1920.0
2023-03-09 09:34:00,CINF,117.16999816894531,117.16999816894531,117.33999633789062,117.11000061035156,117.11000061035156,565.0
2023-03-09 09:34:00,CLIN,10.25,10.25,10.25,10.25,10.25,0.0
2023-03-09 09:34:00,CME,180.94000244140625,180.94000244140625,180.94000244140625,180.72999572753906,180.74000549316406,1275.0
2023-03-09 09:34:00,CNOB,23.219999313354492,23.219999313354492,23.219999313354492,23.209999084472656,23.219999313354492,568.0
2023-03-09 09:34:00,COLB,26.770000457763672,26.770000457763672,26.770000457763672,26.709999084472656,26.760000228881836,6329.0
2023-03-09 09:34:00,CRVL,177.47999572753906,177.47999572753906,178.39999389648438,177.47999572753906,178.39999389648438,923.0
2023-03-09 09:34:00,CSWC,18.729999542236328,18.729999542236328,18.729999542236328,18.719999313354492,18.719999313354492,456.0
2023-03-09 09:34:00,CVBF,22.5,22.5,22.510000228881836,22.489999771118164,22.510000228881836,819.0
2023-03-09 09:34:00,DWAC,14.241900444030762,14.241900444030762,14.241900444030762,14.241900444030762,14.241900444030762,301.0
2023-03-09 09:34:00,EBC,15.130000114440918,15.130000114440918,15.145000457763672,15.119999885559082,15.145000457763672,990.0
2023-03-09 09:34:00,EFSC,53.310001373291016,53.310001373291016,53.310001373291016,53.310001373291016,53.310001373291016,777.0
2023-03-09 09:34:00,ESQ,43.29499816894531,43.29499816894531,43.29499816894531,43.29499816894531,43.29499816894531,100.0
2023-03-09 09:34:00,EWBC,71.76000213623047,71.76000213623047,71.9000015258789,71.69999694824219,71.9000015258789,2796.0
2023-03-09 09:34:00,EZPW,8.885000228881836,8.885000228881836,8.885000228881836,8.859999656677246,8.859999656677246,648.0
2023-03-09 09:34:00,FBMS,29.78499984741211,29.78499984741211,29.78499984741211,29.78499984741211,29.78499984741211,102.0
2023-03-09 09:34:00,FBNC,40.2400016784668,40.2400016784668,40.2400016784668,40.2400016784668,40.2400016784668,100.0
2023-03-09 09:34:00,FCFS,87.88999938964844,87.88999938964844,87.88999938964844,87.88999938964844,87.88999938964844,178.0
2023-03-09 09:34:00,FCNCO,21.84000015258789,21.84000015258789,21.84000015258789,21.84000015258789,21.84000015258789,0.0
2023-03-09 09:34:00,FDUS,20.559900283813477,20.559900283813477,20.559900283813477,20.559900283813477,20.559900283813477,392.0
2023-03-09 09:34:00,FFIC,17.969999313354492,17.969999313354492,17.969999313354492,17.969999313354492,17.969999313354492,163.0
2023-03-09 09:34:00,FFIN,34.709999084472656,34.709999084472656,34.75,34.709999084472656,34.75,675.0
2023-03-09 09:34:00,FFWM,13.819999694824219,13.819999694824219,13.819999694824219,13.819999694824219,13.819999694824219,345.0
2023-03-09 09:34:00,FHB,25.09000015258789,25.09000015258789,25.149999618530273,25.09000015258789,25.149999618530273,865.0
2023-03-09 09:34:00,FIBK,33.16999816894531,33.16999816894531,33.16999816894531,33.08000183105469,33.099998474121094,1853.0
2023-03-09 09:34:00,FISI,23.93000030517578,23.93000030517578,23.93000030517578,23.93000030517578,23.93000030517578,102.0
2023-03-09 09:34:00,FITB,33.2599983215332,33.2599983215332,33.2599983215332,33.150001525878906,33.22330093383789,29885.0
2023-03-09 09:34:00,FOCS,51.810001373291016,51.810001373291016,51.810001373291016,51.79999923706055,51.79999923706055,1768.0
2023-03-09 09:34:00,FRBK,1.7999999523162842,1.7999999523162842,1.8200000524520874,1.7999999523162842,1.7999999523162842,1838.0
2023-03-09 09:34:00,FULT,16.1299991607666,16.1299991607666,16.139999389648438,16.100000381469727,16.139999389648438,2394.0
2023-03-09 09:34:00,FUTU,47.31999969482422,47.31999969482422,47.34000015258789,47.31999969482422,47.34000015258789,493.0
2023-03-09 09:34:00,GBDC,13.520000457763672,13.520000457763672,13.529999732971191,13.520000457763672,13.520000457763672,9986.0
2023-03-09 09:34:00,GENQ,10.479999542236328,10.479999542236328,10.479999542236328,10.479999542236328,10.479999542236328,0.0
2023-03-09 09:34:00,GHIXU,10.100000381469727,10.100000381469727,10.100000381469727,10.100000381469727,10.100000381469727,16.0
2023-03-09 09:34:00,GLRE,10.324999809265137,10.324999809265137,10.324999809265137,10.140000343322754,10.140000343322754,2066.0
2023-03-09 09:34:00,GPACU,10.399999618530273,10.399999618530273,10.399999618530273,10.399999618530273,10.399999618530273,0.0
2023-03-09 09:34:00,GTACU,10.430000305175781,10.430000305175781,10.430000305175781,10.430000305175781,10.430000305175781,0.0
2023-03-09 09:34:00,GVCIU,10.54010009765625,10.54010009765625,10.54010009765625,10.54010009765625,10.54010009765625,0.0
2023-03-09 09:34:00,HBAN,14.324999809265137,14.324999809265137,14.34000015258789,14.305000305175781,14.329999923706055,45162.0
2023-03-09 09:34:00,HCMAU,10.449999809265137,10.449999809265137,10.449999809265137,10.449999809265137,10.449999809265137,0.0
2023-03-09 09:34:00,HIVE,2.6793999671936035,2.6793999671936035,2.684999942779541,2.6700000762939453,2.684999942779541,5305.0
2023-03-09 09:34:00,HLNE,76.09980010986328,76.09980010986328,76.09980010986328,76.09980010986328,76.09980010986328,628.0
2023-03-09 09:34:00,HMST,23.31730079650879,23.31730079650879,23.31730079650879,23.31730079650879,23.31730079650879,205.0
2023-03-09 09:34:00,HONE,13.0,13.0,13.015000343322754,13.0,13.015000343322754,319.0
2023-03-09 09:34:00,HOPE,12.208700180053711,12.208700180053711,12.208700180053711,12.180000305175781,12.199999809265137,1742.0
2023-03-09 09:34:00,HTBK,11.4350004196167,11.4350004196167,11.4350004196167,11.4350004196167,11.4350004196167,107.0
2023-03-09 09:34:00,HUT,1.4700000286102295,1.4700000286102295,1.4700000286102295,1.4500000476837158,1.458400011062622,32941.0
2023-03-09 09:34:00,HYW,5.760000228881836,5.760000228881836,5.760000228881836,5.760000228881836,5.760000228881836,0.0
2023-03-09 09:34:00,IBKR,88.4000015258789,88.4000015258789,88.5199966430664,88.2699966430664,88.2699966430664,4517.0
2023-03-09 09:34:00,IBOC,46.599998474121094,46.599998474121094,46.599998474121094,46.55500030517578,46.55500030517578,349.0
2023-03-09 09:35:00,ACGL,69.9000015258789,69.9000015258789,69.94000244140625,69.88999938964844,69.88999938964844,1843.0
2023-03-09 09:35:00,ARCC,19.210100173950195,19.210100173950195,19.210100173950195,19.190000534057617,19.209999084472656,10888.0
2023-03-09 09:35:00,AUB,37.92499923706055,37.92499923706055,38.0,37.91999816894531,38.0,4322.0
2023-03-09 09:35:00,BANR,60.790000915527344,60.790000915527344,60.790000915527344,60.790000915527344,60.790000915527344,270.0
2023-03-09 09:35:00,BCBP,16.18000030517578,16.18000030517578,16.18000030517578,16.18000030517578,16.18000030517578,307.0
2023-03-09 09:35:00,BGCP,5.074999809265137,5.074999809265137,5.074999809265137,5.074999809265137,5.074999809265137,203.0
2023-03-09 09:35:00,BHF,54.59000015258789,54.59000015258789,54.59000015258789,54.59000015258789,54.59000015258789,215.0
2023-03-09 09:35:00,BIOSU,10.4399995803833,10.4399995803833,10.4399995803833,10.4399995803833,10.4399995803833,1.0
2023-03-09 09:35:00,BITF,0.8100000023841858,0.8100000023841858,0.8198000192642212,0.807200014591217,0.8149999976158142,28166.0
2023-03-09 09:35:00,BLFY,11.850000381469727,11.850000381469727,11.850000381469727,11.850000381469727,11.850000381469727,0.0
2023-03-09 09:35:00,BPOP,64.44499969482422,64.44499969482422,64.69000244140625,64.23999786376953,64.23999786376953,5654.0
2023-03-09 09:35:00,BRP,26.440000534057617,26.440000534057617,26.440000534057617,26.440000534057617,26.440000534057617,100.0
2023-03-09 09:35:00,BYFC,1.2752000093460083,1.2752000093460083,1.2799999713897705,1.2752000093460083,1.2799999713897705,1638.0
2023-03-09 09:35:00,CARE,17.25,17.25,17.25,17.25,17.25,100.0
2023-03-09 09:35:00,CATC,73.44999694824219,73.44999694824219,73.44999694824219,73.44999694824219,73.44999694824219,225.0
2023-03-09 09:35:00,CATY,40.755001068115234,40.755001068115234,40.755001068115234,40.755001068115234,40.755001068115234,104.0
2023-03-09 09:35:00,CBSH,62.790000915527344,62.790000915527344,62.834999084472656,62.78200149536133,62.78499984741211,3559.0
2023-03-09 09:35:00,CCAP,15.350000381469727,15.350000381469727,15.359999656677246,15.350000381469727,15.350000381469727,2031.0
2023-03-09 09:35:00,CCD,22.950000762939453,22.950000762939453,22.979999542236328,22.950000762939453,22.979999542236328,2705.0
2023-03-09 09:35:00,CG,34.619998931884766,34.619998931884766,34.72999954223633,34.59000015258789,34.72999954223633,6893.0
2023-03-09 09:35:00,CINF,117.42500305175781,117.42500305175781,117.42500305175781,117.41999816894531,117.41999816894531,378.0
2023-03-09 09:35:00,CLBK,20.139999389648438,20.139999389648438,20.18000030517578,20.139999389648438,20.18000030517578,2417.0
2023-03-09 09:35:00,CME,181.24000549316406,181.24000549316406,181.24000549316406,180.72999572753906,180.72999572753906,2177.0
2023-03-09 09:35:00,CNOB,23.309999465942383,23.309999465942383,23.309999465942383,23.219999313354492,23.219999313354492,200.0
2023-03-09 09:35:00,COLB,26.68000030517578,26.68000030517578,26.776199340820312,26.68000030517578,26.770000457763672,6673.0
2023-03-09 09:35:00,CVBF,22.56999969482422,22.56999969482422,22.56999969482422,22.559999465942383,22.559999465942383,1009.0
2023-03-09 09:35:00,DHIL,175.6999969482422,175.6999969482422,175.6999969482422,175.6999969482422,175.6999969482422,0.0
2023-03-09 09:35:00,DNAB,10.204999923706055,10.204999923706055,10.204999923706055,10.204999923706055,10.204999923706055,267.0
2023-03-09 09:35:00,DWAC,14.20989990234375,14.20989990234375,14.20989990234375,14.20989990234375,14.20989990234375,180.0
2023-03-09 09:35:00,EBC,15.152999877929688,15.152999877929688,15.152999877929688,15.152999877929688,15.152999877929688,159.0
2023-03-09 09:35:00,EHTH,9.699999809265137,9.699999809265137,9.699999809265137,9.649999618530273,9.649999618530273,757.0
2023-03-09 09:35:00,EWBC,71.81999969482422,71.81999969482422,71.98999786376953,71.75499725341797,71.80999755859375,1859.0
2023-03-09 09:35:00,FBMS,29.540000915527344,29.540000915527344,29.540000915527344,29.540000915527344,29.540000915527344,204.0
2023-03-09 09:35:00,FBNC,40.06999969482422,40.06999969482422,40.31999969482422,40.060001373291016,40.2400016784668,1209.0
2023-03-09 09:35:00,FCNCO,21.84000015258789,21.84000015258789,21.84000015258789,21.84000015258789,21.84000015258789,1780.0
2023-03-09 09:35:00,FCRD,4.760000228881836,4.760000228881836,4.78000020980835,4.690000057220459,4.690000057220459,46200.0
2023-03-09 09:35:00,FDUS,20.559999465942383,20.559999465942383,20.559999465942383,20.559999465942383,20.559999465942383,147.0
2023-03-09 09:35:00,FFIC,17.991899490356445,17.991899490356445,17.991899490356445,17.991899490356445,17.991899490356445,450.0
2023-03-09 09:35:00,FFIN,34.779998779296875,34.779998779296875,34.779998779296875,34.779998779296875,34.779998779296875,212.0
2023-03-09 09:35:00,FFWM,13.795000076293945,13.795000076293945,13.795000076293945,13.760000228881836,13.760000228881836,445.0
2023-03-09 09:35:00,FHB,25.141199111938477,25.141199111938477,25.141199111938477,25.1200008392334,25.1200008392334,926.0
2023-03-09 09:35:00,FIBK,33.35499954223633,33.35499954223633,33.45989990234375,33.2400016784668,33.2400016784668,1201.0
2023-03-09 09:35:00,FITB,33.29999923706055,33.29999923706055,33.29999923706055,33.2400016784668,33.27000045776367,12072.0
2023-03-09 09:35:00,FMNB,13.59000015258789,13.59000015258789,13.59000015258789,13.59000015258789,13.59000015258789,570.0
2023-03-09 09:35:00,FOCS,51.810001373291016,51.810001373291016,51.810001373291016,51.79999923706055,51.79999923706055,1443.0
2023-03-09 09:35:00,FRBK,1.7799999713897705,1.7799999713897705,1.8062000274658203,1.7799999713897705,1.8062000274658203,563.0
2023-03-09 09:35:00,FRHC,72.96060180664062,72.96060180664062,72.96060180664062,72.96060180664062,72.96060180664062,972.0
2023-03-09 09:35:00,FSBC,26.0,26.0,26.0,26.0,26.0,747.0
2023-03-09 09:35:00,FULT,16.139999389648438,16.139999389648438,16.149999618530273,16.139999389648438,16.139999389648438,881.0
2023-03-09 09:35:00,FUTU,47.099998474121094,47.099998474121094,47.39500045776367,47.099998474121094,47.39500045776367,11494.0
2023-03-09 09:35:00,GBDC,13.520000457763672,13.520000457763672,13.529999732971191,13.520000457763672,13.520000457763672,10464.0
2023-03-09 09:35:00,GLAD,10.020000457763672,10.020000457763672,10.020000457763672,10.0,10.0,852.0
2023-03-09 09:35:00,GLRE,10.475199699401855,10.475199699401855,10.489899635314941,10.475199699401855,10.489899635314941,1000.0
2023-03-09 09:35:00,GOCO,19.010000228881836,19.010000228881836,19.010000228881836,19.010000228881836,19.010000228881836,418.0
2023-03-09 09:35:00,GREE,0.4498000144958496,0.4498000144958496,0.4498000144958496,0.4487999975681305,0.4487999975681305,1469.0
2023-03-09 09:35:00,GSHD,53.54999923706055,53.54999923706055,53.54999923706055,53.54999923706055,53.54999923706055,200.0
2023-03-09 09:35:00,HALL,11.060099601745605,11.060099601745605,11.060099601745605,11.060099601745605,11.060099601745605,103.0
2023-03-09 09:35:00,HBAN,14.34000015258789,14.34000015258789,14.350000381469727,14.319999694824219,14.324999809265137,37645.0
2023-03-09 09:35:00,HBNC,14.649999618530273,14.649999618530273,14.649999618530273,14.649999618530273,14.649999618530273,1005.0
2023-03-09 09:35:00,HFWA,25.690000534057617,25.690000534057617,25.690000534057617,25.690000534057617,25.690000534057617,213.0
2023-03-09 09:35:00,HIVE,2.684999942779541,2.684999942779541,2.684999942779541,2.680000066757202,2.680000066757202,759.0
2023-03-09 09:35:00,HOPE,12.1899995803833,12.1899995803833,12.210000038146973,12.1899995803833,12.210000038146973,512.0
2023-03-09 09:35:00,HTBK,11.40999984741211,11.40999984741211,11.40999984741211,11.40999984741211,11.40999984741211,490.0
2023-03-09 09:35:00,HTLF,47.38999938964844,47.38999938964844,47.38999938964844,47.38999938964844,47.38999938964844,100.0
2023-03-09 09:35:00,HUT,1.465000033378601,1.465000033378601,1.4700000286102295,1.4601000547409058,1.4601000547409058,3852.0
2023-03-09 09:35:00,HWC,45.974998474121094,45.974998474121094,45.974998474121094,45.900001525878906,45.900001525878906,301.0
2023-03-09 09:35:00,HYW,5.71999979019165,5.71999979019165,5.75,5.71999979019165,5.75,1210.0
2023-03-09 09:35:00,IBCP,21.260000228881836,21.260000228881836,21.260000228881836,21.260000228881836,21.260000228881836,100.0
2023-03-09 09:35:00,IBKR,88.5999984741211,88.5999984741211,88.5999984741211,88.44000244140625,88.44000244140625,483.0
2023-03-09 09:35:00,IBOC,46.5099983215332,46.5099983215332,46.5099983215332,46.5099983215332,46.5099983215332,528.0
2023-03-09 09:35:00,IMAQU,10.300000190734863,10.300000190734863,10.300000190734863,10.300000190734863,10.300000190734863,0.0
2023-03-09 09:35:00,INDB,75.61000061035156,75.61000061035156,75.61000061035156,75.61000061035156,75.61000061035156,464.0
2023-03-09 09:35:00,INKAU,10.720000267028809,10.720000267028809,10.720000267028809,10.720000267028809,10.720000267028809,0.0
2023-03-09 09:35:00,INTEW,0.03680000081658363,0.03680000081658363,0.03680000081658363,0.03680000081658363,0.03680000081658363,0.0
2023-03-09 09:36:00,ACGL,69.9800033569336,69.9800033569336,70.02539825439453,69.9800033569336,70.01000213623047,3850.0
2023-03-09 09:36:00,APLD,2.255000114440918,2.255000114440918,2.259999990463257,2.244999885559082,2.25,16490.0
2023-03-09 09:36:00,ARCC,19.21969985961914,19.21969985961914,19.21969985961914,19.2101993560791,19.2101993560791,1098.0
2023-03-09 09:36:00,AUB,37.959999084472656,37.959999084472656,37.959999084472656,37.86000061035156,37.869998931884766,2564.0
2023-03-09 09:36:00,BANR,60.790000915527344,60.790000915527344,60.790000915527344,60.790000915527344,60.790000915527344,102.0
2023-03-09 09:36:00,BGCP,5.074999809265137,5.074999809265137,5.074999809265137,5.070000171661377,5.074999809265137,1429.0
2023-03-09 09:36:00,BHFAM,16.729999542236328,16.729999542236328,16.75,16.729999542236328,16.75,483.0
2023-03-09 09:36:00,BOCNU,10.960000038146973,10.960000038146973,10.960000038146973,10.4399995803833,10.4399995803833,0.0
2023-03-09 09:36:00,BOKF,98.17500305175781,98.17500305175781,98.17500305175781,98.17500305175781,98.17500305175781,214.0
2023-03-09 09:36:00,BPOP,64.49500274658203,64.49500274658203,64.49500274658203,64.49500274658203,64.49500274658203,101.0
2023-03-09 09:36:00,BRP,26.59000015258789,26.59000015258789,26.59000015258789,26.450000762939453,26.450000762939453,737.0
2023-03-09 09:36:00,BTBT,1.190000057220459,1.190000057220459,1.190000057220459,1.190000057220459,1.190000057220459,124.0
2023-03-09 09:36:00,BYFC,1.2799999713897705,1.2799999713897705,1.2799999713897705,1.2799999713897705,1.2799999713897705,200.0
2023-03-09 09:36:00,CASH,48.22999954223633,48.22999954223633,48.540000915527344,48.17499923706055,48.17499923706055,5670.0
2023-03-09 09:36:00,CBAN,12.0,12.0,12.0,12.0,12.0,333.0
2023-03-09 09:36:00,CBSH,62.880001068115234,62.880001068115234,62.880001068115234,62.880001068115234,62.880001068115234,1055.0
2023-03-09 09:36:00,CCAP,15.274999618530273,15.274999618530273,15.274999618530273,15.25,15.25,375.0
2023-03-09 09:36:00,CCD,22.959400177001953,22.959400177001953,22.959400177001953,22.899999618530273,22.899999618530273,1376.0
2023-03-09 09:36:00,CG,34.630001068115234,34.630001068115234,34.667701721191406,34.630001068115234,34.65999984741211,1803.0
2023-03-09 09:36:00,CGBD,15.09000015258789,15.09000015258789,15.09000015258789,15.069999694824219,15.069999694824219,377.0
2023-03-09 09:36:00,CHW,6.099999904632568,6.099999904632568,6.099999904632568,6.09499979019165,6.0980000495910645,3000.0
2023-03-09 09:36:00,CIFR,1.4500000476837158,1.4500000476837158,1.4800000190734863,1.4450000524520874,1.4800000190734863,21054.0
2023-03-09 09:36:00,CINF,117.56500244140625,117.56500244140625,117.73500061035156,117.55999755859375,117.55999755859375,755.0
2023-03-09 09:36:00,CLBK,20.049999237060547,20.049999237060547,20.049999237060547,20.049999237060547,20.049999237060547,101.0
2023-03-09 09:36:00,CME,181.2949981689453,181.2949981689453,181.57000732421875,181.0500030517578,181.57000732421875,1222.0
2023-03-09 09:36:00,CNOB,23.280000686645508,23.280000686645508,23.280000686645508,23.280000686645508,23.280000686645508,962.0
2023-03-09 09:36:00,COLB,26.63599967956543,26.63599967956543,26.700000762939453,26.6299991607666,26.65999984741211,5156.0
2023-03-09 09:36:00,COOP,45.30500030517578,45.30500030517578,45.349998474121094,45.30500030517578,45.334999084472656,1205.0
2023-03-09 09:36:00,CSWC,18.768199920654297,18.768199920654297,18.768199920654297,18.739999771118164,18.760000228881836,1743.0
2023-03-09 09:36:00,CVBF,22.59000015258789,22.59000015258789,22.59000015258789,22.587499618530273,22.587499618530273,575.0
2023-03-09 09:36:00,DCOM,29.8700008392334,29.8700008392334,29.920000076293945,29.8700008392334,29.920000076293945,1318.0
2023-03-09 09:36:00,DWAC,14.26990032196045,14.26990032196045,14.26990032196045,14.26990032196045,14.26990032196045,478.0
2023-03-09 09:36:00,EWBC,71.94999694824219,71.94999694824219,71.95999908447266,71.83000183105469,71.88999938964844,927.0
2023-03-09 09:36:00,FBNC,40.060001373291016,40.060001373291016,40.060001373291016,40.060001373291016,40.060001373291016,501.0
2023-03-09 09:36:00,FCFS,87.88999938964844,87.88999938964844,87.88999938964844,87.88999938964844,87.88999938964844,701.0
2023-03-09 09:36:00,FISI,24.06999969482422,24.06999969482422,24.06999969482422,24.06999969482422,24.06999969482422,205.0
2023-03-09 09:36:00,FITB,33.279998779296875,33.279998779296875,33.29999923706055,33.2400016784668,33.279998779296875,5564.0
2023-03-09 09:36:00,FOCS,51.79999923706055,51.79999923706055,51.80500030517578,51.79999923706055,51.79999923706055,1340.0
2023-03-09 09:36:00,FRBK,1.7949999570846558,1.7949999570846558,1.7949999570846558,1.7949999570846558,1.7949999570846558,572.0
2023-03-09 09:36:00,FULT,16.15999984741211,16.15999984741211,16.165000915527344,16.15999984741211,16.15999984741211,708.0
2023-03-09 09:36:00,FUTU,47.0,47.0,47.119998931884766,46.93000030517578,47.060001373291016,35092.0
2023-03-09 09:36:00,GAIN,13.938799858093262,13.938799858093262,13.938799858093262,13.938799858093262,13.938799858093262,341.0
2023-03-09 09:36:00,GBDC,13.520000457763672,13.520000457763672,13.520000457763672,13.520000457763672,13.520000457763672,5714.0
2023-03-09 09:36:00,GECC,9.548500061035156,9.548500061035156,9.548500061035156,9.548500061035156,9.548500061035156,101.0
2023-03-09 09:36:00,GROW,2.680000066757202,2.680000066757202,2.680000066757202,2.680000066757202,2.680000066757202,2428.0
2023-03-09 09:36:00,GSHD,53.68000030517578,53.68000030517578,53.68000030517578,53.68000030517578,53.68000030517578,167.0
2023-03-09 09:36:00,HAFC,22.549999237060547,22.549999237060547,22.549999237060547,22.549999237060547,22.549999237060547,389.0
2023-03-09 09:36:00,HBAN,14.340100288391113,14.340100288391113,14.350000381469727,14.324999809265137,14.34000015258789,27815.0
2023-03-09 09:36:00,HBNC,14.65999984741211,14.65999984741211,14.65999984741211,14.649999618530273,14.649999618530273,741.0
2023-03-09 09:36:00,HIVE,2.6814000606536865,2.6814000606536865,2.690000057220459,2.6805999279022217,2.684999942779541,7281.0
2023-03-09 09:36:00,HMPT,1.909999966621399,1.909999966621399,1.909999966621399,1.909999966621399,1.909999966621399,186.0
2023-03-09 09:36:00,HOPE,12.199999809265137,12.199999809265137,12.199999809265137,12.199999809265137,12.199999809265137,123.0
2023-03-09 09:36:00,HRZN,12.09000015258789,12.09000015258789,12.09000015258789,12.09000015258789,12.09000015258789,251.0
2023-03-09 09:36:00,HTBI,28.209999084472656,28.209999084472656,28.209999084472656,28.209999084472656,28.209999084472656,234.0
2023-03-09 09:36:00,HUT,1.4704999923706055,1.4704999923706055,1.475000023841858,1.465000033378601,1.469599962234497,53927.0
2023-03-09 09:36:00,HWC,45.91999816894531,45.91999816894531,45.91999816894531,45.91999816894531,45.91999816894531,560.0
2023-03-09 09:36:00,HYW,5.710000038146973,5.710000038146973,5.710000038146973,5.710000038146973,5.710000038146973,100.0
2023-03-09 09:36:00,IBCP,21.350000381469727,21.350000381469727,21.350000381469727,21.270000457763672,21.30500030517578,1402.0
2023-03-09 09:36:00,ICMB,4.0370001792907715,4.0370001792907715,4.0370001792907715,4.0370001792907715,4.0370001792907715,303.0
2023-03-09 09:37:00,ACGL,69.93000030517578,69.93000030517578,70.02999877929688,69.93000030517578,70.02999877929688,1869.0
2023-03-09 09:37:00,ACQR,10.210000038146973,10.210000038146973,10.210000038146973,10.204999923706055,10.204999923706055,300.0
2023-03-09 09:37:00,AIB,10.470000267028809,10.470000267028809,10.470000267028809,10.470000267028809,10.470000267028809,212.0
2023-03-09 09:37:00,ALRS,19.170000076293945,19.170000076293945,19.170000076293945,19.170000076293945,19.170000076293945,201.0
2023-03-09 09:37:00,APLD,2.259999990463257,2.259999990463257,2.2699999809265137,2.25,2.25,3286.0
2023-03-09 09:37:00,ARBK,1.524999976158142,1.524999976158142,1.524999976158142,1.524999976158142,1.524999976158142,219.0
2023-03-09 09:37:00,ARCC,19.209999084472656,19.209999084472656,19.225000381469727,19.200000762939453,19.21500015258789,5396.0
2023-03-09 09:37:00,BGCP,5.065000057220459,5.065000057220459,5.074999809265137,5.065000057220459,5.070000171661377,4498.0
2023-03-09 09:37:00,BHF,54.82500076293945,54.82500076293945,54.82500076293945,54.70000076293945,54.70000076293945,679.0
2023-03-09 09:37:00,BITF,0.8100000023841858,0.8100000023841858,0.8174999952316284,0.8100000023841858,0.8174999952316284,1385.0
2023-03-09 09:37:00,BPOP,64.30999755859375,64.30999755859375,64.30999755859375,64.30999755859375,64.30999755859375,570.0
2023-03-09 09:37:00,BRKL,11.994999885559082,11.994999885559082,11.994999885559082,11.994999885559082,11.994999885559082,396.0
2023-03-09 09:37:00,BRP,27.1299991607666,27.1299991607666,27.540000915527344,26.450000762939453,26.450000762939453,3877.0
2023-03-09 09:37:00,BTBT,1.1799999475479126,1.1799999475479126,1.1799999475479126,1.1749999523162842,1.1749999523162842,1006.0
2023-03-09 09:37:00,BWB,14.104999542236328,14.104999542236328,14.104999542236328,14.104999542236328,14.104999542236328,102.0
2023-03-09 09:37:00,CARV,4.512800216674805,4.512800216674805,4.512800216674805,4.512800216674805,4.512800216674805,121.0
2023-03-09 09:37:00,CATY,40.69499969482422,40.69499969482422,40.69499969482422,40.69499969482422,40.69499969482422,280.0
2023-03-09 09:37:00,CCAP,15.229999542236328,15.229999542236328,15.229999542236328,15.229999542236328,15.229999542236328,211.0
2023-03-09 09:37:00,CCD,22.860000610351562,22.860000610351562,22.860000610351562,22.860000610351562,22.860000610351562,176.0
2023-03-09 09:37:00,CFFN,7.760000228881836,7.760000228881836,7.760000228881836,7.760000228881836,7.760000228881836,213.0
2023-03-09 09:37:00,CG,34.58000183105469,34.58000183105469,34.63999938964844,34.529998779296875,34.63999938964844,5812.0
2023-03-09 09:37:00,CHI,12.010000228881836,12.010000228881836,12.010000228881836,12.010000228881836,12.010000228881836,237.0
2023-03-09 09:37:00,CIFR,1.4600000381469727,1.4600000381469727,1.4600000381469727,1.4500000476837158,1.4550000429153442,5300.0
2023-03-09 09:37:00,CME,181.15499877929688,181.15499877929688,181.26499938964844,180.9600067138672,181.26499938964844,5818.0
2023-03-09 09:37:00,COLB,26.59000015258789,26.59000015258789,26.6299991607666,26.59000015258789,26.6299991607666,1400.0
2023-03-09 09:37:00,COOP,45.150001525878906,45.150001525878906,45.29999923706055,45.150001525878906,45.29999923706055,1601.0
2023-03-09 09:37:00,CRVL,177.89999389648438,177.89999389648438,177.89999389648438,177.89999389648438,177.89999389648438,107.0
2023-03-09 09:37:00,CSLM,10.319999694824219,10.319999694824219,10.319999694824219,10.319999694824219,10.319999694824219,100.0
2023-03-09 09:37:00,CSQ,14.119999885559082,14.119999885559082,14.119999885559082,14.119999885559082,14.119999885559082,283.0
2023-03-09 09:37:00,CVBF,22.60110092163086,22.60110092163086,22.65999984741211,22.55500030517578,22.55500030517578,723.0
2023-03-09 09:37:00,DWAC,14.1899995803833,14.1899995803833,14.220000267028809,14.1899995803833,14.199999809265137,2693.0
2023-03-09 09:37:00,EBC,15.152000427246094,15.152000427246094,15.152000427246094,15.152000427246094,15.152000427246094,173.0
2023-03-09 09:37:00,EGBN,41.220001220703125,41.220001220703125,41.61750030517578,41.220001220703125,41.61750030517578,1175.0
2023-03-09 09:37:00,EWBC,71.83999633789062,71.83999633789062,71.93000030517578,71.80000305175781,71.93000030517578,3096.0
2023-03-09 09:37:00,EZPW,8.899999618530273,8.899999618530273,8.904999732971191,8.895000457763672,8.899999618530273,1446.0
2023-03-09 09:37:00,FDBC,47.56999969482422,47.56999969482422,47.79999923706055,47.56999969482422,47.79999923706055,1582.0
2023-03-09 09:37:00,FFWM,13.779999732971191,13.779999732971191,13.789999961853027,13.720000267028809,13.739999771118164,1551.0
2023-03-09 09:37:00,FIBK,33.470001220703125,33.470001220703125,33.470001220703125,33.470001220703125,33.470001220703125,131.0
2023-03-09 09:37:00,FISI,23.860000610351562,23.860000610351562,23.860000610351562,23.860000610351562,23.860000610351562,269.0
2023-03-09 09:37:00,FITB,33.255001068115234,33.255001068115234,33.290000915527344,33.24169921875,33.28499984741211,3572.0
2023-03-09 09:37:00,FOCS,51.79999923706055,51.79999923706055,51.80500030517578,51.79999923706055,51.79999923706055,5873.0
2023-03-09 09:37:00,FRBK,1.7999999523162842,1.7999999523162842,1.7999999523162842,1.7999999523162842,1.7999999523162842,302.0
2023-03-09 09:37:00,FRME,39.007999420166016,39.007999420166016,39.007999420166016,39.007999420166016,39.007999420166016,201.0
2023-03-09 09:37:00,FULT,16.170000076293945,16.170000076293945,16.170000076293945,16.170000076293945,16.170000076293945,695.0
2023-03-09 09:37:00,FUND,8.59000015258789,8.59000015258789,8.59000015258789,8.59000015258789,8.59000015258789,1019.0
2023-03-09 09:37:00,FUTU,47.08000183105469,47.08000183105469,47.08000183105469,46.779998779296875,47.060001373291016,18964.0
2023-03-09 09:37:00,GBDC,13.520000457763672,13.520000457763672,13.520000457763672,13.520000457763672,13.520000457763672,855.0
2023-03-09 09:37:00,GGAL,13.09000015258789,13.09000015258789,13.09000015258789,13.09000015258789,13.09000015258789,150.0
2023-03-09 09:37:00,GREE,0.44839999079704285,0.44839999079704285,0.44839999079704285,0.44839999079704285,0.44839999079704285,131.0
2023-03-09 09:37:00,GSBC,55.98500061035156,55.98500061035156,55.98500061035156,55.98500061035156,55.98500061035156,154.0
2023-03-09 09:37:00,HBAN,14.345000267028809,14.345000267028809,14.359999656677246,14.335000038146973,14.350000381469727,16630.0
2023-03-09 09:37:00,HBNC,14.670000076293945,14.670000076293945,14.670000076293945,14.649999618530273,14.649999618530273,730.0
2023-03-09 09:37:00,HBT,22.59000015258789,22.59000015258789,22.59000015258789,22.59000015258789,22.59000015258789,188.0
2023-03-09 09:37:00,HFWA,25.565000534057617,25.565000534057617,25.610000610351562,25.479999542236328,25.600000381469727,2004.0
2023-03-09 09:37:00,HIVE,2.680000066757202,2.680000066757202,2.680000066757202,2.680000066757202,2.680000066757202,2645.0
2023-03-09 09:37:00,HOPE,12.199999809265137,12.199999809265137,12.210000038146973,12.199999809265137,12.210000038146973,383.0
2023-03-09 09:37:00,HRZN,12.074299812316895,12.074299812316895,12.074299812316895,12.074299812316895,12.074299812316895,212.0
2023-03-09 09:37:00,HTBK,11.3725004196167,11.3725004196167,11.40999984741211,11.3725004196167,11.40999984741211,816.0
2023-03-09 09:37:00,HUT,1.465000033378601,1.465000033378601,1.4702999591827393,1.4600000381469727,1.4701000452041626,6416.0
2023-03-09 09:37:00,IBCP,21.344999313354492,21.344999313354492,21.344999313354492,21.344999313354492,21.344999313354492,292.0
2023-03-09 09:37:00,IBKR,88.52999877929688,88.52999877929688,88.52999877929688,88.45999908447266,88.45999908447266,678.0
2023-03-09 09:38:00,ABCB,44.18000030517578,44.18000030517578,44.369998931884766,44.18000030517578,44.369998931884766,440.0
2023-03-09 09:38:00,ACGL,69.87999725341797,69.87999725341797,70.0,69.87000274658203,69.9800033569336,3359.0
2023-03-09 09:38:00,ACQR,10.204999923706055,10.204999923706055,10.204999923706055,10.204999923706055,10.204999923706055,1000.0
2023-03-09 09:38:00,AIHS,0.8895000219345093,0.8895000219345093,0.8895000219345093,0.8895000219345093,0.8895000219345093,1074.0
2023-03-09 09:38:00,AMTB,26.440000534057617,26.440000534057617,26.440000534057617,26.440000534057617,26.440000534057617,177.0
2023-03-09 09:38:00,APLD,2.2699999809265137,2.2699999809265137,2.2699999809265137,2.265000104904175,2.265000104904175,403.0
2023-03-09 09:38:00,ARCC,19.208599090576172,19.208599090576172,19.21500015258789,19.200000762939453,19.210800170898438,6841.0
2023-03-09 09:38:00,ARIZW,0.03060000017285347,0.03060000017285347,0.03060000017285347,0.029999999329447746,0.029999999329447746,0.0
2023-03-09 09:38:00,AUB,37.880001068115234,37.880001068115234,37.880001068115234,37.880001068115234,37.880001068115234,250.0
2023-03-09 09:38:00,BANF,87.0,87.0,87.2699966430664,87.0,87.2699966430664,612.0
2023-03-09 09:38:00,BANR,60.5099983215332,60.5099983215332,60.790000915527344,60.5099983215332,60.790000915527344,1063.0
2023-03-09 09:38:00,BGCP,5.065000057220459,5.065000057220459,5.065000057220459,5.065000057220459,5.065000057220459,909.0
2023-03-09 09:38:00,BHF,54.749900817871094,54.749900817871094,54.749900817871094,54.63999938964844,54.63999938964844,200.0
2023-03-09 09:38:00,BITF,0.8169299960136414,0.8169299960136414,0.8172000050544739,0.8169299960136414,0.8172000050544739,2053.0
2023-03-09 09:38:00,BOKF,97.94999694824219,97.94999694824219,98.18499755859375,97.94999694824219,98.18499755859375,464.0
2023-03-09 09:38:00,BPOP,64.0,64.0,64.27999877929688,64.0,64.27999877929688,1384.0
2023-03-09 09:38:00,BRKL,11.970000267028809,11.970000267028809,11.970000267028809,11.970000267028809,11.970000267028809,208.0
2023-03-09 09:38:00,BRP,26.735000610351562,26.735000610351562,27.049999237060547,26.735000610351562,27.049999237060547,251.0
2023-03-09 09:38:00,BTBT,1.184999942779541,1.184999942779541,1.190000057220459,1.184999942779541,1.1899000406265259,3862.0
2023-03-09 09:38:00,BUSE,23.274999618530273,23.274999618530273,23.274999618530273,23.1299991607666,23.1299991607666,222.0
2023-03-09 09:38:00,CACC,447.193115234375,447.193115234375,447.193115234375,447.193115234375,447.193115234375,472.0
2023-03-09 09:38:00,CARE,17.200000762939453,17.200000762939453,17.209999084472656,17.200000762939453,17.209999084472656,7921.0
2023-03-09 09:38:00,CASH,48.0099983215332,48.0099983215332,48.0099983215332,48.0099983215332,48.0099983215332,159.0
2023-03-09 09:38:00,CATY,40.64500045776367,40.64500045776367,40.665000915527344,40.64500045776367,40.665000915527344,324.0
2023-03-09 09:38:00,CBAN,11.899999618530273,11.899999618530273,11.920000076293945,11.899999618530273,11.90999984741211,905.0
2023-03-09 09:38:00,CBSH,62.90999984741211,62.90999984741211,62.93000030517578,62.70000076293945,62.93000030517578,1805.0
2023-03-09 09:38:00,CCD,22.904600143432617,22.904600143432617,22.904600143432617,22.88170051574707,22.88170051574707,540.0
2023-03-09 09:38:00,CG,34.58000183105469,34.58000183105469,34.61000061035156,34.57500076293945,34.599998474121094,5759.0
2023-03-09 09:38:00,CHY,12.350000381469727,12.350000381469727,12.390000343322754,12.329999923706055,12.329999923706055,5603.0
2023-03-09 09:38:00,CIFR,1.468000054359436,1.468000054359436,1.4700000286102295,1.4550000429153442,1.4550000429153442,3613.0
2023-03-09 09:38:00,CLBK,20.049999237060547,20.049999237060547,20.059999465942383,20.049999237060547,20.059999465942383,555.0
2023-03-09 09:38:00,CME,180.89999389648438,180.89999389648438,181.39999389648438,180.89999389648438,181.1999969482422,2504.0
2023-03-09 09:38:00,COLB,26.479999542236328,26.479999542236328,26.579999923706055,26.479999542236328,26.579999923706055,16064.0
2023-03-09 09:38:00,CRVL,178.4199981689453,178.4199981689453,178.83999633789062,178.10000610351562,178.10000610351562,2614.0
2023-03-09 09:38:00,CVBF,22.600000381469727,22.600000381469727,22.614999771118164,22.559999465942383,22.614999771118164,997.0
2023-03-09 09:38:00,DCOMP,20.100000381469727,20.100000381469727,20.100000381469727,20.100000381469727,20.100000381469727,618.0
2023-03-09 09:38:00,EBC,15.15999984741211,15.15999984741211,15.170000076293945,15.140000343322754,15.150099754333496,4464.0
2023-03-09 09:38:00,ECPG,50.619998931884766,50.619998931884766,50.619998931884766,50.619998931884766,50.619998931884766,668.0
2023-03-09 09:38:00,EGBN,41.150001525878906,41.150001525878906,41.150001525878906,41.150001525878906,41.150001525878906,135.0
2023-03-09 09:38:00,EHTH,9.65939998626709,9.65939998626709,9.65939998626709,9.630000114440918,9.649999618530273,1090.0
2023-03-09 09:38:00,EWBC,71.54000091552734,71.54000091552734,71.86000061035156,71.54000091552734,71.8550033569336,4111.0
2023-03-09 09:38:00,FBNC,39.970001220703125,39.970001220703125,40.16999816894531,39.970001220703125,40.16999816894531,1798.0
2023-03-09 09:38:00,FCNCA,680.2849731445312,680.2849731445312,680.2849731445312,680.1900024414062,680.1900024414062,200.0
2023-03-09 09:38:00,FDUS,20.528499603271484,20.528499603271484,20.528499603271484,20.528499603271484,20.528499603271484,124.0
2023-03-09 09:38:00,FFBC,23.010000228881836,23.010000228881836,23.100000381469727,23.010000228881836,23.100000381469727,682.0
2023-03-09 09:38:00,FFIC,17.969999313354492,17.969999313354492,17.969999313354492,17.959999084472656,17.969999313354492,869.0
2023-03-09 09:38:00,FFIN,34.67499923706055,34.67499923706055,34.7599983215332,34.67499923706055,34.7599983215332,612.0
2023-03-09 09:38:00,FFWM,13.699999809265137,13.699999809265137,13.770000457763672,13.699999809265137,13.770000457763672,1574.0
2023-03-09 09:38:00,FHB,25.079999923706055,25.079999923706055,25.100000381469727,25.049999237060547,25.049999237060547,2934.0
2023-03-09 09:38:00,FIBK,33.290000915527344,33.290000915527344,33.3650016784668,33.290000915527344,33.3650016784668,1225.0
2023-03-09 09:38:00,FITB,33.17110061645508,33.17110061645508,33.25,33.15999984741211,33.2400016784668,15071.0
2023-03-09 09:38:00,FITBP,24.444599151611328,24.444599151611328,24.444599151611328,24.280000686645508,24.309999465942383,1200.0
2023-03-09 09:38:00,FLIC,16.559999465942383,16.559999465942383,16.59000015258789,16.559999465942383,16.59000015258789,1645.0
2023-03-09 09:38:00,FMNB,13.550000190734863,13.550000190734863,13.59000015258789,13.529999732971191,13.59000015258789,2563.0
2023-03-09 09:38:00,FNLC,28.989999771118164,28.989999771118164,29.0,28.989999771118164,29.0,0.0
2023-03-09 09:38:00,FOCS,51.790000915527344,51.790000915527344,51.79999923706055,51.790000915527344,51.79999923706055,1667.0
2023-03-09 09:38:00,FRME,38.779998779296875,38.779998779296875,38.779998779296875,38.779998779296875,38.779998779296875,175.0
2023-03-09 09:38:00,FRST,11.260000228881836,11.260000228881836,11.260000228881836,11.260000228881836,11.260000228881836,270.0
2023-03-09 09:38:00,FULT,16.139999389648438,16.139999389648438,16.15999984741211,16.139999389648438,16.15999984741211,1032.0
2023-03-09 09:38:00,FUTU,47.040000915527344,47.040000915527344,47.09000015258789,46.9900016784668,47.064998626708984,6004.0
2023-03-09 09:38:00,GAIN,13.890399932861328,13.890399932861328,13.903200149536133,13.890399932861328,13.903200149536133,341.0
2023-03-09 09:38:00,GGAL,13.029999732971191,13.029999732971191,13.03499984741211,13.0,13.03499984741211,4930.0
2023-03-09 09:38:00,GLRE,10.287400245666504,10.287400245666504,10.287400245666504,10.287400245666504,10.287400245666504,401.0
2023-03-09 09:38:00,GOCO,19.040000915527344,19.040000915527344,19.040000915527344,19.040000915527344,19.040000915527344,188.0
2023-03-09 09:38:00,GSHD,53.529998779296875,53.529998779296875,53.529998779296875,53.529998779296875,53.529998779296875,696.0
2023-03-09 09:38:00,HAFC,22.520000457763672,22.520000457763672,22.549999237060547,22.520000457763672,22.549999237060547,486.0
2023-03-09 09:38:00,HBAN,14.3100004196167,14.3100004196167,14.34000015258789,14.3100004196167,14.34000015258789,24337.0
2023-03-09 09:38:00,HBCP,36.502498626708984,36.502498626708984,36.54999923706055,36.5,36.5,680.0
2023-03-09 09:38:00,HBNC,14.579999923706055,14.579999923706055,14.649999618530273,14.579999923706055,14.649999618530273,3215.0
2023-03-09 09:38:00,HFWA,25.434999465942383,25.434999465942383,25.434999465942383,25.434999465942383,25.434999465942383,216.0
2023-03-09 09:38:00,HIVE,2.680000066757202,2.680000066757202,2.680000066757202,2.680000066757202,2.680000066757202,837.0
2023-03-09 09:38:00,HMST,23.139999389648438,23.139999389648438,23.139999389648438,23.139999389648438,23.139999389648438,197.0
2023-03-09 09:38:00,HONE,13.0,13.0,13.0,13.0,13.0,324.0
2023-03-09 09:38:00,HOPE,12.199999809265137,12.199999809265137,12.220000267028809,12.199999809265137,12.210000038146973,4991.0
2023-03-09 09:38:00,HRZN,12.079999923706055,12.079999923706055,12.079999923706055,12.079999923706055,12.079999923706055,344.0
2023-03-09 09:38:00,HTBK,11.350000381469727,11.350000381469727,11.350000381469727,11.350000381469727,11.350000381469727,378.0
2023-03-09 09:38:00,HTLF,47.36000061035156,47.36000061035156,47.36000061035156,47.36000061035156,47.36000061035156,869.0
2023-03-09 09:38:00,HUT,1.465399980545044,1.465399980545044,1.4699000120162964,1.4601000547409058,1.4601000547409058,3277.0
2023-03-09 09:38:00,HWC,45.77000045776367,45.77000045776367,45.84000015258789,45.77000045776367,45.84000015258789,1016.0
2023-03-09 09:38:00,HYW,5.699999809265137,5.699999809265137,5.699999809265137,5.699999809265137,5.699999809265137,687.0
2023-03-09 09:38:00,IBKR,88.48500061035156,88.48500061035156,88.56999969482422,88.48500061035156,88.5250015258789,8272.0
2023-03-09 09:38:00,IBOC,46.529998779296875,46.529998779296875,46.529998779296875,46.5,46.52000045776367,317.0
2023-03-09 09:38:00,IBTX,54.209999084472656,54.209999084472656,54.65999984741211,54.209999084472656,54.65999984741211,3799.0
2023-03-09 09:38:00,INBK,24.915000915527344,24.915000915527344,24.915000915527344,24.915000915527344,24.915000915527344,112.0
2023-03-09 09:38:00,INDB,74.99500274658203,74.99500274658203,75.31999969482422,74.98999786376953,75.31999969482422,1077.0
2023-03-09 09:39:00,ABCB,44.2400016784668,44.2400016784668,44.2400016784668,44.209999084472656,44.209999084472656,275.0
2023-03-09 09:39:00,ACGL,69.98999786376953,69.98999786376953,69.98999786376953,69.81999969482422,69.85009765625,13084.0
2023-03-09 09:39:00,ACQR,10.204999923706055,10.204999923706055,10.204999923706055,10.204999923706055,10.204999923706055,3700.0
2023-03-09 09:39:00,APLD,2.26990008354187,2.26990008354187,2.26990008354187,2.26990008354187,2.26990008354187,100.0
2023-03-09 09:39:00,ARBK,1.524999976158142,1.524999976158142,1.524999976158142,1.524999976158142,1.524999976158142,163.0
2023-03-09 09:39:00,ARCC,19.209999084472656,19.209999084472656,19.209999084472656,19.200000762939453,19.20009994506836,5384.0
2023-03-09 09:39:00,AUB,37.959999084472656,37.959999084472656,37.959999084472656,37.880001068115234,37.880001068115234,2440.0
2023-03-09 09:39:00,BANF,86.95010375976562,86.95010375976562,87.0199966430664,86.95010375976562,87.0,724.0
2023-03-09 09:39:00,BANR,60.525001525878906,60.525001525878906,60.70000076293945,60.5099983215332,60.70000076293945,3432.0
2023-03-09 09:39:00,BCBP,16.16349983215332,16.16349983215332,16.16349983215332,16.16349983215332,16.16349983215332,326.0
2023-03-09 09:39:00,BFST,19.610000610351562,19.610000610351562,19.709999084472656,19.610000610351562,19.610000610351562,3533.0
2023-03-09 09:39:00,BGCP,5.065000057220459,5.065000057220459,5.065000057220459,5.065000057220459,5.065000057220459,600.0
2023-03-09 09:39:00,BHF,54.665000915527344,54.665000915527344,54.665000915527344,54.665000915527344,54.665000915527344,502.0
2023-03-09 09:39:00,BITF,0.8199999928474426,0.8199999928474426,0.8224009871482849,0.8169999718666077,0.8199999928474426,3959.0
2023-03-09 09:39:00,BMRC,28.209999084472656,28.209999084472656,28.2549991607666,28.170000076293945,28.2549991607666,15716.0
2023-03-09 09:39:00,BOKF,97.82499694824219,97.82499694824219,97.94999694824219,97.63999938964844,97.94999694824219,857.0
2023-03-09 09:39:00,BPOP,63.810001373291016,63.810001373291016,63.935001373291016,63.724998474121094,63.810001373291016,1877.0
2023-03-09 09:39:00,BRKL,11.979999542236328,11.979999542236328,11.979999542236328,11.949999809265137,11.960000038146973,1109.0
2023-03-09 09:39:00,BRP,27.059999465942383,27.059999465942383,27.059999465942383,26.56999969482422,26.56999969482422,18349.0
2023-03-09 09:39:00,BUSE,23.274999618530273,23.274999618530273,23.274999618530273,23.270000457763672,23.270000457763672,340.0
2023-03-09 09:39:00,BWB,14.079999923706055,14.079999923706055,14.079999923706055,14.0600004196167,14.0600004196167,1352.0
2023-03-09 09:39:00,CARE,17.209999084472656,17.209999084472656,17.209999084472656,17.200000762939453,17.200000762939453,747.0
2023-03-09 09:39:00,CATY,40.619998931884766,40.619998931884766,40.619998931884766,40.540000915527344,40.540000915527344,392.0
2023-03-09 09:39:00,CBAN,12.0600004196167,12.0600004196167,12.0600004196167,11.920000076293945,11.920000076293945,311.0
2023-03-09 09:39:00,CBSH,62.68000030517578,62.68000030517578,62.68000030517578,62.68000030517578,62.68000030517578,654.0
2023-03-09 09:39:00,CCAP,15.220000267028809,15.220000267028809,15.239999771118164,15.220000267028809,15.239999771118164,1329.0
2023-03-09 09:39:00,CFFN,7.75,7.75,7.75,7.75,7.75,2815.0
2023-03-09 09:39:00,CG,34.630001068115234,34.630001068115234,34.630001068115234,34.59000015258789,34.59000015258789,5745.0
2023-03-09 09:39:00,CGBD,15.06719970703125,15.06719970703125,15.06719970703125,15.06719970703125,15.06719970703125,525.0
2023-03-09 09:39:00,CIFR,1.440000057220459,1.440000057220459,1.4601000547409058,1.4299999475479126,1.4600000381469727,17470.0
2023-03-09 09:39:00,CINF,117.55999755859375,117.55999755859375,117.77999877929688,117.29000091552734,117.55999755859375,1356.0
2023-03-09 09:39:00,CME,180.6699981689453,180.6699981689453,180.77000427246094,180.6699981689453,180.77000427246094,1680.0
2023-03-09 09:39:00,COLB,26.479999542236328,26.479999542236328,26.5,26.454999923706055,26.479999542236328,14679.0
2023-03-09 09:39:00,CRVL,178.47999572753906,178.47999572753906,179.0,178.47999572753906,179.0,877.0
2023-03-09 09:39:00,CSLM,10.319999694824219,10.319999694824219,10.319999694824219,10.319999694824219,10.319999694824219,400.0
2023-03-09 09:39:00,CSWC,18.7549991607666,18.7549991607666,18.7549991607666,18.7549991607666,18.7549991607666,293.0
2023-03-09 09:39:00,CVBF,22.520000457763672,22.520000457763672,22.600000381469727,22.520000457763672,22.600000381469727,2960.0
2023-03-09 09:39:00,EBC,15.15999984741211,15.15999984741211,15.166000366210938,15.15999984741211,15.166000366210938,625.0
2023-03-09 09:39:00,ECBK,15.34000015258789,15.34000015258789,15.360099792480469,15.34000015258789,15.359999656677246,3113.0
2023-03-09 09:39:00,EFSC,53.185001373291016,53.185001373291016,53.185001373291016,53.02000045776367,53.02000045776367,229.0
2023-03-09 09:39:00,EGBN,41.220001220703125,41.220001220703125,41.220001220703125,41.21500015258789,41.21500015258789,452.0
2023-03-09 09:39:00,EHTH,9.590100288391113,9.590100288391113,9.590100288391113,9.590100288391113,9.590100288391113,2032.0
2023-03-09 09:39:00,EWBC,71.87000274658203,71.87000274658203,71.87000274658203,71.51000213623047,71.51000213623047,2833.0
2023-03-09 09:39:00,FBMS,29.510000228881836,29.510000228881836,29.510000228881836,29.510000228881836,29.510000228881836,144.0
2023-03-09 09:39:00,FBNC,39.77000045776367,39.77000045776367,39.77000045776367,39.77000045776367,39.77000045776367,577.0
2023-03-09 09:39:00,FCNCA,678.7000122070312,678.7000122070312,679.9500122070312,678.7000122070312,679.9500122070312,1201.0
2023-03-09 09:39:00,FDUS,20.510000228881836,20.510000228881836,20.510000228881836,20.510000228881836,20.510000228881836,348.0
2023-03-09 09:39:00,FFBC,22.90999984741211,22.90999984741211,22.90999984741211,22.90999984741211,22.90999984741211,518.0
2023-03-09 09:39:00,FFIC,17.959999084472656,17.959999084472656,17.959999084472656,17.959999084472656,17.959999084472656,576.0
2023-03-09 09:39:00,FFIN,34.63999938964844,34.63999938964844,34.63999938964844,34.59000015258789,34.61000061035156,459.0
2023-03-09 09:39:00,FFWM,13.699999809265137,13.699999809265137,13.699999809265137,13.699999809265137,13.699999809265137,484.0
2023-03-09 09:39:00,FHB,25.059999465942383,25.059999465942383,25.09000015258789,25.059999465942383,25.09000015258789,428.0
2023-03-09 09:39:00,FIBK,33.310001373291016,33.310001373291016,33.349998474121094,33.2400016784668,33.29999923706055,4617.0
2023-03-09 09:39:00,FITB,33.18000030517578,33.18000030517578,33.20000076293945,33.150001525878906,33.15999984741211,19584.0
2023-03-09 09:39:00,FMNB,13.5,13.5,13.5,13.5,13.5,516.0
2023-03-09 09:39:00,FOCS,51.79499816894531,51.79499816894531,51.79999923706055,51.790000915527344,51.79499816894531,1134.0
2023-03-09 09:39:00,FULT,16.15999984741211,16.15999984741211,16.15999984741211,16.1200008392334,16.1299991607666,4422.0
2023-03-09 09:39:00,FUTU,47.2599983215332,47.2599983215332,47.2599983215332,47.040000915527344,47.040000915527344,1199.0
2023-03-09 09:39:00,GABC,37.03499984741211,37.03499984741211,37.04999923706055,37.03499984741211,37.04999923706055,201.0
2023-03-09 09:39:00,GAIN,13.889399528503418,13.889399528503418,13.889399528503418,13.889399528503418,13.889399528503418,101.0
2023-03-09 09:39:00,GBDC,13.510000228881836,13.510000228881836,13.510000228881836,13.509900093078613,13.510000228881836,1284.0
2023-03-09 09:39:00,GECC,9.5600004196167,9.5600004196167,9.5600004196167,9.5600004196167,9.5600004196167,1007.0
2023-03-09 09:39:00,GGAA,10.989999771118164,10.989999771118164,10.989999771118164,10.859999656677246,10.920000076293945,2308.0
2023-03-09 09:39:00,GXII,10.130000114440918,10.130000114440918,10.130000114440918,10.130000114440918,10.130000114440918,0.0
2023-03-09 09:39:00,HAFC,22.3799991607666,22.3799991607666,22.3799991607666,22.3799991607666,22.3799991607666,260.0
2023-03-09 09:39:00,HBAN,14.310600280761719,14.310600280761719,14.319999694824219,14.300000190734863,14.3100004196167,39547.0
2023-03-09 09:39:00,HBCP,36.333499908447266,36.333499908447266,36.54999923706055,36.209999084472656,36.52000045776367,1527.0
2023-03-09 09:39:00,HBNC,14.579999923706055,14.579999923706055,14.579999923706055,14.579999923706055,14.579999923706055,297.0
2023-03-09 09:39:00,HBT,22.65999984741211,22.65999984741211,22.65999984741211,22.65999984741211,22.65999984741211,261.0
2023-03-09 09:39:00,HFWA,25.290000915527344,25.290000915527344,25.290000915527344,25.290000915527344,25.290000915527344,151.0
2023-03-09 09:39:00,HMST,23.2450008392334,23.2450008392334,23.2450008392334,23.139999389648438,23.149999618530273,1202.0
2023-03-09 09:39:00,HONE,13.0,13.0,13.0,13.0,13.0,10063.0
2023-03-09 09:39:00,HOPE,12.225000381469727,12.225000381469727,12.229999542236328,12.1899995803833,12.1899995803833,2739.0
2023-03-09 09:39:00,HRZN,12.069999694824219,12.069999694824219,12.069999694824219,12.069999694824219,12.069999694824219,271.0
2023-03-09 09:39:00,HTBK,11.319999694824219,11.319999694824219,11.350000381469727,11.255999565124512,11.350000381469727,2194.0
2023-03-09 09:39:00,HTLF,47.189998626708984,47.189998626708984,47.189998626708984,47.189998626708984,47.189998626708984,107.0
2023-03-09 09:39:00,HUT,1.4700000286102295,1.4700000286102295,1.4700000286102295,1.4601000547409058,1.4700000286102295,20525.0
2023-03-09 09:39:00,HWC,45.8849983215332,45.8849983215332,45.8849983215332,45.65999984741211,45.77000045776367,2045.0
2023-03-09 09:39:00,IBKR,88.69999694824219,88.69999694824219,88.69999694824219,88.62000274658203,88.62000274658203,388.0
2023-03-09 09:39:00,IBOC,46.58250045776367,46.58250045776367,46.58250045776367,46.5,46.529998779296875,2000.0
2023-03-09 09:39:00,ICMB,4.037799835205078,4.037799835205078,4.037799835205078,4.037799835205078,4.037799835205078,485.0
2023-03-09 09:39:00,INBK,25.049999237060547,25.049999237060547,25.049999237060547,25.049999237060547,25.049999237060547,2352.0
2023-03-09 09:39:00,INDB,74.91999816894531,74.91999816894531,74.98999786376953,74.91999816894531,74.98999786376953,869.0
2023-03-09 09:40:00,ACGL,69.94999694824219,69.94999694824219,69.97000122070312,69.93000030517578,69.95999908447266,2543.0
2023-03-09 09:40:00,ACQR,10.204999923706055,10.204999923706055,10.204999923706055,10.204999923706055,10.204999923706055,1900.0
2023-03-09 09:40:00,AIMAU,10.210000038146973,10.210000038146973,10.210000038146973,10.210000038146973,10.210000038146973,0.0
2023-03-09 09:40:00,APLD,2.265000104904175,2.265000104904175,2.2799999713897705,2.265000104904175,2.265000104904175,8644.0
2023-03-09 09:40:00,ARCC,19.208499908447266,19.208499908447266,19.21500015258789,19.208499908447266,19.21500015258789,3582.0
2023-03-09 09:40:00,AURC,10.220000267028809,10.220000267028809,10.220000267028809,10.220000267028809,10.220000267028809,0.0
2023-03-09 09:40:00,BCBP,16.139999389648438,16.139999389648438,16.139999389648438,16.139999389648438,16.139999389648438,155.0
2023-03-09 09:40:00,BFC,78.88999938964844,78.88999938964844,78.88999938964844,78.2300033569336,78.2300033569336,528.0
2023-03-09 09:40:00,BFST,19.65999984741211,19.65999984741211,19.65999984741211,19.610000610351562,19.610000610351562,1151.0
2023-03-09 09:40:00,BGCP,5.065000057220459,5.065000057220459,5.065000057220459,5.059999942779541,5.059999942779541,514.0
2023-03-09 09:40:00,BHFAM,16.795000076293945,16.795000076293945,16.799999237060547,16.790000915527344,16.799999237060547,777.0
2023-03-09 09:40:00,BHFAN,19.170000076293945,19.170000076293945,19.170000076293945,19.1200008392334,19.1200008392334,657.0
2023-03-09 09:40:00,BITF,0.820701003074646,0.820701003074646,0.8246999979019165,0.8169000148773193,0.8246999979019165,1866.0
2023-03-09 09:40:00,BKCC,3.744999885559082,3.744999885559082,3.744999885559082,3.744999885559082,3.744999885559082,196.0
2023-03-09 09:40:00,BMRC,28.114999771118164,28.114999771118164,28.114999771118164,28.114999771118164,28.114999771118164,10233.0
2023-03-09 09:40:00,BPOP,63.79999923706055,63.79999923706055,64.01000213623047,63.790000915527344,63.79499816894531,525.0
2023-03-09 09:40:00,BRKL,11.960000038146973,11.960000038146973,11.970000267028809,11.960000038146973,11.970000267028809,1263.0
2023-03-09 09:40:00,BRP,26.84000015258789,26.84000015258789,27.045000076293945,26.84000015258789,27.045000076293945,1306.0
2023-03-09 09:40:00,BSRR,19.610000610351562,19.610000610351562,19.610000610351562,19.610000610351562,19.610000610351562,405.0
2023-03-09 09:40:00,BTBT,1.180999994277954,1.180999994277954,1.180999994277954,1.180999994277954,1.180999994277954,650.0
2023-03-09 09:40:00,BUSE,23.149999618530273,23.149999618530273,23.149999618530273,23.149999618530273,23.149999618530273,209.0
2023-03-09 09:40:00,BYFC,1.3200000524520874,1.3200000524520874,1.3200000524520874,1.3200000524520874,1.3200000524520874,2263.0
2023-03-09 09:40:00,CAC,39.79999923706055,39.79999923706055,39.79999923706055,39.79999923706055,39.79999923706055,599.0
2023-03-09 09:40:00,CARE,17.209999084472656,17.209999084472656,17.209999084472656,17.209999084472656,17.209999084472656,100.0
2023-03-09 09:40:00,CATC,73.26000213623047,73.26000213623047,73.26000213623047,73.19999694824219,73.19999694824219,927.0
2023-03-09 09:40:00,CCBG,34.76499938964844,34.76499938964844,34.76499938964844,34.349998474121094,34.349998474121094,200.0
2023-03-09 09:40:00,CCD,22.902099609375,22.902099609375,22.902099609375,22.902099609375,22.902099609375,162.0
2023-03-09 09:40:00,CFFN,7.760000228881836,7.760000228881836,7.760000228881836,7.75,7.75,2602.0
2023-03-09 09:40:00,CG,34.58000183105469,34.58000183105469,34.66999816894531,34.564998626708984,34.630001068115234,10974.0
2023-03-09 09:40:00,CHY,12.329999923706055,12.329999923706055,12.329999923706055,12.329999923706055,12.329999923706055,218.0
2023-03-09 09:40:00,CIFR,1.440000057220459,1.440000057220459,1.440000057220459,1.440000057220459,1.440000057220459,260.0
2023-03-09 09:40:00,CINF,117.11000061035156,117.11000061035156,117.70999908447266,117.11000061035156,117.44999694824219,1670.0
2023-03-09 09:40:00,CME,180.74000549316406,180.74000549316406,180.8699951171875,180.6699981689453,180.72000122070312,3713.0
2023-03-09 09:40:00,COLB,26.469999313354492,26.469999313354492,26.520000457763672,26.469999313354492,26.485000610351562,9138.0
2023-03-09 09:40:00,CRVL,178.60000610351562,178.60000610351562,178.60000610351562,178.60000610351562,178.60000610351562,230.0
2023-03-09 09:40:00,CSQ,14.15999984741211,14.15999984741211,14.15999984741211,14.149999618530273,14.149999618530273,631.0
2023-03-09 09:40:00,CSWC,18.760000228881836,18.760000228881836,18.760000228881836,18.760000228881836,18.760000228881836,111.0
2023-03-09 09:40:00,CVBF,22.649999618530273,22.649999618530273,22.649999618530273,22.610000610351562,22.610000610351562,1074.0
2023-03-09 09:40:00,DWAC,14.234999656677246,14.234999656677246,14.234999656677246,14.234999656677246,14.234999656677246,170.0
2023-03-09 09:40:00,EBC,15.175000190734863,15.175000190734863,15.175000190734863,15.168000221252441,15.168000221252441,1329.0
2023-03-09 09:40:00,ESQ,43.279998779296875,43.279998779296875,43.279998779296875,43.25,43.279998779296875,611.0
2023-03-09 09:40:00,EWBC,71.77999877929688,71.77999877929688,71.83999633789062,71.70500183105469,71.83999633789062,1402.0
2023-03-09 09:40:00,FCNCP,22.055999755859375,22.055999755859375,22.10700035095215,22.055999755859375,22.10700035095215,585.0
2023-03-09 09:40:00,FFIN,34.724998474121094,34.724998474121094,34.724998474121094,34.68000030517578,34.70000076293945,1149.0
2023-03-09 09:40:00,FFWM,13.710000038146973,13.710000038146973,13.729999542236328,13.699999809265137,13.729999542236328,1021.0
2023-03-09 09:40:00,FHB,25.079999923706055,25.079999923706055,25.079999923706055,25.079999923706055,25.079999923706055,340.0
2023-03-09 09:40:00,FITB,33.11000061035156,33.11000061035156,33.185001373291016,33.09000015258789,33.185001373291016,12359.0
2023-03-09 09:40:00,FITBI,25.229999542236328,25.229999542236328,25.229999542236328,25.229999542236328,25.229999542236328,0.0
2023-03-09 09:40:00,FITBP,24.260000228881836,24.260000228881836,24.260000228881836,24.260000228881836,24.260000228881836,400.0
2023-03-09 09:40:00,FMNB,13.475000381469727,13.475000381469727,13.475000381469727,13.475000381469727,13.475000381469727,200.0
2023-03-09 09:40:00,FOCS,51.790000915527344,51.790000915527344,51.79499816894531,51.779998779296875,51.79499816894531,5172.0
2023-03-09 09:40:00,FULT,16.155000686645508,16.155000686645508,16.15999984741211,16.155000686645508,16.15999984741211,1196.0
2023-03-09 09:40:00,FUTU,47.18000030517578,47.18000030517578,47.27000045776367,47.18000030517578,47.2599983215332,3804.0
2023-03-09 09:40:00,GAIN,13.899999618530273,13.899999618530273,13.90999984741211,13.899999618530273,13.90999984741211,401.0
2023-03-09 09:40:00,GBDC,13.515000343322754,13.515000343322754,13.515000343322754,13.515000343322754,13.515000343322754,165.0
2023-03-09 09:40:00,GREE,0.44829899072647095,0.44829899072647095,0.44829899072647095,0.44829899072647095,0.44829899072647095,267.0
2023-03-09 09:40:00,GROW,2.680000066757202,2.680000066757202,2.680000066757202,2.680000066757202,2.680000066757202,390.0
2023-03-09 09:40:00,HBAN,14.289999961853027,14.289999961853027,14.319999694824219,14.28499984741211,14.3149995803833,24611.0
2023-03-09 09:40:00,HBANP,19.304500579833984,19.304500579833984,19.304500579833984,19.304500579833984,19.304500579833984,304.0
2023-03-09 09:40:00,HBCP,36.63999938964844,36.63999938964844,36.63999938964844,36.63999938964844,36.63999938964844,434.0
2023-03-09 09:40:00,HFWA,25.3799991607666,25.3799991607666,25.3799991607666,25.3799991607666,25.3799991607666,106.0
2023-03-09 09:40:00,HIVE,2.659899950027466,2.659899950027466,2.6700000762939453,2.659899950027466,2.6700000762939453,3451.0
2023-03-09 09:40:00,HOPE,12.204999923706055,12.204999923706055,12.229999542236328,12.204999923706055,12.229999542236328,1109.0
2023-03-09 09:40:00,HTLF,47.31999969482422,47.31999969482422,47.31999969482422,47.31999969482422,47.31999969482422,132.0
2023-03-09 09:40:00,HUT,1.4600000381469727,1.4600000381469727,1.4700000286102295,1.4599000215530396,1.4694000482559204,53049.0
2023-03-09 09:40:00,HWC,45.85499954223633,45.85499954223633,45.85499954223633,45.81999969482422,45.84000015258789,969.0
2023-03-09 09:40:00,IBCP,21.31999969482422,21.31999969482422,21.31999969482422,21.31999969482422,21.31999969482422,100.0
2023-03-09 09:40:00,IBKR,88.67500305175781,88.67500305175781,88.80000305175781,88.66500091552734,88.66500091552734,654.0
2023-03-09 09:41:00,ABCB,44.22999954223633,44.22999954223633,44.22999954223633,44.22999954223633,44.22999954223633,603.0
2023-03-09 09:41:00,ACGL,69.81999969482422,69.81999969482422,70.0,69.81999969482422,69.98999786376953,5944.0
2023-03-09 09:41:00,ACT,24.229999542236328,24.229999542236328,24.229999542236328,24.229999542236328,24.229999542236328,286.0
2023-03-09 09:41:00,AEAE,10.369999885559082,10.369999885559082,10.369999885559082,10.359999656677246,10.359999656677246,5601.0
2023-03-09 09:41:00,APLD,2.25,2.25,2.2600998878479004,2.25,2.259999990463257,12079.0
2023-03-09 09:41:00,ARBK,1.5199999809265137,1.5199999809265137,1.5199999809265137,1.5099999904632568,1.5099999904632568,901.0
2023-03-09 09:41:00,ARCC,19.209999084472656,19.209999084472656,19.21500015258789,19.209999084472656,19.209999084472656,1686.0
2023-03-09 09:41:00,AUB,37.95000076293945,37.95000076293945,37.959999084472656,37.95000076293945,37.95000076293945,2200.0
2023-03-09 09:41:00,BFC,79.61000061035156,79.61000061035156,79.61000061035156,79.61000061035156,79.61000061035156,475.0
2023-03-09 09:41:00,BFST,19.639999389648438,19.639999389648438,19.639999389648438,19.639999389648438,19.639999389648438,342.0
2023-03-09 09:41:00,BGCP,5.064899921417236,5.064899921417236,5.064899921417236,5.061100006103516,5.061100006103516,1371.0
2023-03-09 09:41:00,BHF,54.5099983215332,54.5099983215332,54.560001373291016,54.5099983215332,54.560001373291016,508.0
2023-03-09 09:41:00,BHFAN,19.304500579833984,19.304500579833984,19.304500579833984,19.304500579833984,19.304500579833984,472.0
2023-03-09 09:41:00,BITF,0.8149999976158142,0.8149999976158142,0.8235999941825867,0.8101000189781189,0.8169000148773193,4609.0
2023-03-09 09:41:00,BPOP,63.79499816894531,63.79499816894531,63.90999984741211,63.79499816894531,63.90999984741211,953.0
2023-03-09 09:41:00,BRKL,11.949999809265137,11.949999809265137,11.949999809265137,11.930000305175781,11.949899673461914,4438.0
2023-03-09 09:41:00,BRP,26.75,26.75,26.84000015258789,26.75,26.84000015258789,2153.0
2023-03-09 09:41:00,BTBT,1.1699999570846558,1.1699999570846558,1.1799999475479126,1.1699999570846558,1.1799999475479126,600.0
2023-03-09 09:41:00,BUSE,23.200000762939453,23.200000762939453,23.209999084472656,23.200000762939453,23.209999084472656,383.0
2023-03-09 09:41:00,BWB,14.109999656677246,14.109999656677246,14.109999656677246,14.109999656677246,14.109999656677246,150.0
2023-03-09 09:41:00,CACC,447.4200134277344,447.4200134277344,447.4200134277344,447.4200134277344,447.4200134277344,325.0
2023-03-09 09:41:00,CARE,17.25,17.25,17.25,17.209999084472656,17.209999084472656,1175.0
2023-03-09 09:41:00,CATC,73.06999969482422,73.06999969482422,73.63999938964844,73.05999755859375,73.63999938964844,673.0
2023-03-09 09:41:00,CATY,40.619998931884766,40.619998931884766,40.7400016784668,40.619998931884766,40.63999938964844,1286.0
2023-03-09 09:41:00,CCD,22.909900665283203,22.909900665283203,22.909900665283203,22.909900665283203,22.909900665283203,351.0
2023-03-09 09:41:00,CG,34.61000061035156,34.61000061035156,34.630001068115234,34.58000183105469,34.59000015258789,7155.0
2023-03-09 09:41:00,CGO,9.9399995803833,9.9399995803833,9.9399995803833,9.9399995803833,9.9399995803833,356.0
2023-03-09 09:41:00,CHI,12.0,12.0,12.005000114440918,12.0,12.005000114440918,2368.0
2023-03-09 09:41:00,CHW,6.092199802398682,6.092199802398682,6.092199802398682,6.092199802398682,6.092199802398682,500.0
2023-03-09 09:41:00,CHY,12.335000038146973,12.335000038146973,12.335000038146973,12.335000038146973,12.335000038146973,118.0
2023-03-09 09:41:00,CIFR,1.440000057220459,1.440000057220459,1.440000057220459,1.440000057220459,1.440000057220459,276.0
2023-03-09 09:41:00,CINF,117.55999755859375,117.55999755859375,117.55999755859375,117.29000091552734,117.29000091552734,413.0
2023-03-09 09:41:00,CME,180.63499450683594,180.63499450683594,180.68499755859375,180.52999877929688,180.67999267578125,1324.0
2023-03-09 09:41:00,COLB,26.395000457763672,26.395000457763672,26.475000381469727,26.389999389648438,26.469999313354492,2788.0
2023-03-09 09:41:00,CRVL,178.60000610351562,178.60000610351562,178.60000610351562,178.5500030517578,178.60000610351562,960.0
2023-03-09 09:41:00,CSLM,10.319999694824219,10.319999694824219,10.319999694824219,10.319999694824219,10.319999694824219,300.0
2023-03-09 09:41:00,CSWC,18.739999771118164,18.739999771118164,18.739999771118164,18.739999771118164,18.739999771118164,137.0
2023-03-09 09:41:00,CVBF,22.610000610351562,22.610000610351562,22.610000610351562,22.610000610351562,22.610000610351562,628.0
2023-03-09 09:41:00,DCOM,29.84000015258789,29.84000015258789,29.84000015258789,29.84000015258789,29.84000015258789,264.0
2023-03-09 09:41:00,EBC,15.15999984741211,15.15999984741211,15.170000076293945,15.15999984741211,15.170000076293945,1284.0
2023-03-09 09:41:00,EGBN,40.97999954223633,40.97999954223633,41.06999969482422,40.97999954223633,41.06999969482422,1473.0
2023-03-09 09:41:00,EWBC,71.56999969482422,71.56999969482422,71.7699966430664,71.56999969482422,71.7699966430664,2521.0
2023-03-09 09:41:00,EZPW,8.90999984741211,8.90999984741211,8.90999984741211,8.899999618530273,8.899999618530273,779.0
2023-03-09 09:41:00,FANH,8.1899995803833,8.1899995803833,8.1899995803833,8.090999603271484,8.090999603271484,0.0
2023-03-09 09:41:00,FCFS,87.88999938964844,87.88999938964844,87.88999938964844,87.88999938964844,87.88999938964844,132.0
2023-03-09 09:41:00,FCNCA,676.02001953125,676.02001953125,676.02001953125,676.02001953125,676.02001953125,185.0
2023-03-09 09:41:00,FDUS,20.520000457763672,20.520000457763672,20.520000457763672,20.489999771118164,20.489999771118164,1011.0
2023-03-09 09:41:00,FFIN,34.619998931884766,34.619998931884766,34.619998931884766,34.619998931884766,34.619998931884766,101.0
2023-03-09 09:41:00,FFWM,13.765000343322754,13.765000343322754,13.765000343322754,13.720000267028809,13.720000267028809,3044.0
2023-03-09 09:41:00,FHB,25.030000686645508,25.030000686645508,25.059999465942383,25.030000686645508,25.059999465942383,628.0
2023-03-09 09:41:00,FIBK,33.34000015258789,33.34000015258789,33.3921012878418,33.34000015258789,33.3921012878418,900.0
2023-03-09 09:41:00,FITB,33.04999923706055,33.04999923706055,33.119998931884766,33.04999923706055,33.119998931884766,7101.0
2023-03-09 09:41:00,FITBP,24.396299362182617,24.396299362182617,24.396299362182617,24.396299362182617,24.396299362182617,400.0
2023-03-09 09:41:00,FMNB,13.470000267028809,13.470000267028809,13.470000267028809,13.470000267028809,13.470000267028809,588.0
2023-03-09 09:41:00,FOCS,51.790000915527344,51.790000915527344,51.79999923706055,51.779998779296875,51.790000915527344,9003.0
2023-03-09 09:41:00,FRBK,1.815000057220459,1.815000057220459,1.8200000524520874,1.8087999820709229,1.8087999820709229,5578.0
2023-03-09 09:41:00,FULT,16.139999389648438,16.139999389648438,16.149999618530273,16.1299991607666,16.149999618530273,4141.0
2023-03-09 09:41:00,FUTU,46.77000045776367,46.77000045776367,47.14500045776367,46.720001220703125,47.14500045776367,7496.0
2023-03-09 09:41:00,GABC,37.130001068115234,37.130001068115234,37.130001068115234,37.130001068115234,37.130001068115234,260.0
2023-03-09 09:41:00,GBDC,13.515000343322754,13.515000343322754,13.515000343322754,13.515000343322754,13.515000343322754,126.0
2023-03-09 09:41:00,GCBC,55.60060119628906,55.60060119628906,55.86000061035156,55.60060119628906,55.86000061035156,1068.0
2023-03-09 09:41:00,GCMG,8.470000267028809,8.470000267028809,8.470000267028809,8.470000267028809,8.470000267028809,100.0
2023-03-09 09:41:00,GGAL,13.03499984741211,13.03499984741211,13.03499984741211,13.03499984741211,13.03499984741211,550.0
2023-03-09 09:41:00,GLAD,10.018500328063965,10.018500328063965,10.018500328063965,10.018500328063965,10.018500328063965,287.0
2023-03-09 09:41:00,GSHD,53.474998474121094,53.474998474121094,53.474998474121094,53.474998474121094,53.474998474121094,101.0
2023-03-09 09:41:00,HBAN,14.270000457763672,14.270000457763672,14.300000190734863,14.265000343322754,14.289999961853027,47503.0
2023-03-09 09:41:00,HFWA,25.4950008392334,25.4950008392334,25.4950008392334,25.4950008392334,25.4950008392334,118.0
2023-03-09 09:41:00,HIVE,2.649899959564209,2.649899959564209,2.649899959564209,2.649899959564209,2.649899959564209,1001.0
2023-03-09 09:41:00,HOPE,12.175000190734863,12.175000190734863,12.210000038146973,12.170000076293945,12.210000038146973,2850.0
2023-03-09 09:41:00,HRZN,12.0649995803833,12.0649995803833,12.0649995803833,12.0649995803833,12.0649995803833,433.0
2023-03-09 09:41:00,HUT,1.4500000476837158,1.4500000476837158,1.4599000215530396,1.4500000476837158,1.4599000215530396,15697.0
2023-03-09 09:41:00,HWC,45.7599983215332,45.7599983215332,45.81999969482422,45.7599983215332,45.81999969482422,754.0
2023-03-09 09:41:00,IBKR,88.58999633789062,88.58999633789062,88.7699966430664,88.5199966430664,88.7699966430664,3578.0
2023-03-09 09:41:00,IBTX,54.36000061035156,54.36000061035156,54.36000061035156,54.36000061035156,54.36000061035156,512.0
2023-03-09 09:41:00,INDB,74.91999816894531,74.91999816894531,74.91999816894531,74.91999816894531,74.91999816894531,154.0
2023-03-09 09:42:00,ACGL,69.86000061035156,69.86000061035156,69.93000030517578,69.79000091552734,69.79000091552734,4568.0
2023-03-09 09:42:00,ALRS,19.34000015258789,19.34000015258789,19.34000015258789,19.34000015258789,19.34000015258789,104.0
2023-03-09 09:42:00,ARCC,19.190000534057617,19.190000534057617,19.209999084472656,19.18000030517578,19.209999084472656,4714.0
2023-03-09 09:42:00,AUB,37.90999984741211,37.90999984741211,37.97999954223633,37.90999984741211,37.959999084472656,4431.0
2023-03-09 09:42:00,BANR,60.310001373291016,60.310001373291016,60.310001373291016,60.310001373291016,60.310001373291016,370.0
2023-03-09 09:42:00,BCBP,16.1299991607666,16.1299991607666,16.1299991607666,16.1299991607666,16.1299991607666,539.0
2023-03-09 09:42:00,BFC,77.05999755859375,77.05999755859375,78.0,77.05999755859375,78.0,1240.0
2023-03-09 09:42:00,BGCP,5.070000171661377,5.070000171661377,5.070000171661377,5.059999942779541,5.059999942779541,17773.0
2023-03-09 09:42:00,BITF,0.8149999976158142,0.8149999976158142,0.8149999976158142,0.8149999976158142,0.8149999976158142,125.0
2023-03-09 09:42:00,BMRC,28.170000076293945,28.170000076293945,28.170000076293945,28.149999618530273,28.149999618530273,203.0
2023-03-09 09:42:00,BOKF,97.76000213623047,97.76000213623047,97.76000213623047,97.76000213623047,97.76000213623047,562.0
2023-03-09 09:42:00,BPOP,63.7599983215332,63.7599983215332,63.849998474121094,63.75,63.849998474121094,1630.0
2023-03-09 09:42:00,BRKL,11.9350004196167,11.9350004196167,11.9350004196167,11.9350004196167,11.9350004196167,102.0
2023-03-09 09:42:00,BRP,26.78499984741211,26.78499984741211,26.93000030517578,26.78499984741211,26.93000030517578,1980.0
2023-03-09 09:42:00,BTBT,1.177899956703186,1.177899956703186,1.177899956703186,1.177899956703186,1.177899956703186,719.0
2023-03-09 09:42:00,BTCS,1.2410000562667847,1.2410000562667847,1.2410000562667847,1.2410000562667847,1.2410000562667847,260.0
2023-03-09 09:42:00,BUSE,23.209999084472656,23.209999084472656,23.209999084472656,23.209999084472656,23.209999084472656,106.0
2023-03-09 09:42:00,CASH,48.2599983215332,48.2599983215332,48.2599983215332,48.174400329589844,48.174400329589844,361.0
2023-03-09 09:42:00,CATY,40.630001068115234,40.630001068115234,40.630001068115234,40.630001068115234,40.630001068115234,188.0
2023-03-09 09:42:00,CBSH,62.7599983215332,62.7599983215332,62.7599983215332,62.7599983215332,62.7599983215332,1736.0
2023-03-09 09:42:00,CCBG,34.790000915527344,34.790000915527344,34.790000915527344,34.790000915527344,34.790000915527344,234.0
2023-03-09 09:42:00,CCD,22.829999923706055,22.829999923706055,22.860000610351562,22.829999923706055,22.850000381469727,1288.0
2023-03-09 09:42:00,CFFN,7.739999771118164,7.739999771118164,7.739999771118164,7.739999771118164,7.739999771118164,1445.0
2023-03-09 09:42:00,CG,34.650001525878906,34.650001525878906,34.66999816894531,34.57080078125,34.59000015258789,5354.0
2023-03-09 09:42:00,CGBD,15.079999923706055,15.079999923706055,15.080699920654297,15.050000190734863,15.080699920654297,3000.0
2023-03-09 09:42:00,CHI,12.010000228881836,12.010000228881836,12.020000457763672,12.0,12.0,3400.0
2023-03-09 09:42:00,CHW,6.099999904632568,6.099999904632568,6.099999904632568,6.099999904632568,6.099999904632568,6002.0
2023-03-09 09:42:00,CIFR,1.4500000476837158,1.4500000476837158,1.4500000476837158,1.4500000476837158,1.4500000476837158,113.0
2023-03-09 09:42:00,CINF,117.56500244140625,117.56500244140625,117.63999938964844,117.4000015258789,117.44499969482422,3005.0
2023-03-09 09:42:00,COLB,26.420000076293945,26.420000076293945,26.440000534057617,26.3700008392334,26.389999389648438,9489.0
2023-03-09 09:42:00,COOP,45.11000061035156,45.11000061035156,45.11000061035156,45.11000061035156,45.11000061035156,114.0
2023-03-09 09:42:00,CRVL,179.0,179.0,179.0,179.0,179.0,426.0
2023-03-09 09:42:00,CSLM,10.319999694824219,10.319999694824219,10.319999694824219,10.319999694824219,10.319999694824219,700.0
2023-03-09 09:42:00,CSQ,14.135000228881836,14.135000228881836,14.135000228881836,14.135000228881836,14.135000228881836,100.0
2023-03-09 09:42:00,CSWC,18.719999313354492,18.719999313354492,18.729999542236328,18.719999313354492,18.729999542236328,1449.0
2023-03-09 09:42:00,CVBF,22.549999237060547,22.549999237060547,22.584999084472656,22.549999237060547,22.584999084472656,759.0
2023-03-09 09:42:00,EBC,15.149999618530273,15.149999618530273,15.149999618530273,15.140000343322754,15.140000343322754,5093.0
2023-03-09 09:42:00,EHTH,9.59000015258789,9.59000015258789,9.59000015258789,9.59000015258789,9.59000015258789,722.0
2023-03-09 09:42:00,EWBC,71.5250015258789,71.5250015258789,71.54000091552734,71.48999786376953,71.49500274658203,1378.0
2023-03-09 09:42:00,EZPW,8.90999984741211,8.90999984741211,8.90999984741211,8.90999984741211,8.90999984741211,113.0
2023-03-09 09:42:00,FANH,8.149999618530273,8.149999618530273,8.149999618530273,8.100000381469727,8.149999618530273,1044.0
2023-03-09 09:42:00,FCFS,87.86000061035156,87.86000061035156,87.86000061035156,87.86000061035156,87.86000061035156,102.0
2023-03-09 09:42:00,FCNCA,680.1500244140625,680.1500244140625,680.1500244140625,678.2349853515625,678.6599731445312,1245.0
2023-03-09 09:42:00,FDUS,20.545000076293945,20.545000076293945,20.545000076293945,20.545000076293945,20.545000076293945,588.0
2023-03-09 09:42:00,FFBC,22.8799991607666,22.8799991607666,22.920000076293945,22.8700008392334,22.920000076293945,1076.0
2023-03-09 09:42:00,FFIC,17.959999084472656,17.959999084472656,17.959999084472656,17.959999084472656,17.959999084472656,1103.0
2023-03-09 09:42:00,FFIN,34.630001068115234,34.630001068115234,34.630001068115234,34.630001068115234,34.630001068115234,292.0
2023-03-09 09:42:00,FFWM,13.725000381469727,13.725000381469727,13.729999542236328,13.720000267028809,13.729999542236328,1609.0
2023-03-09 09:42:00,FGMCW,0.10989999771118164,0.10989999771118164,0.10999999940395355,0.10989999771118164,0.10999999940395355,0.0
2023-03-09 09:42:00,FIBK,33.36000061035156,33.36000061035156,33.36000061035156,33.29999923706055,33.310001373291016,3005.0
2023-03-09 09:42:00,FITB,33.02000045776367,33.02000045776367,33.060001373291016,33.0099983215332,33.040000915527344,42839.0
2023-03-09 09:42:00,FITBP,24.2814998626709,24.2814998626709,24.2814998626709,24.2814998626709,24.2814998626709,400.0
2023-03-09 09:42:00,FLIC,16.549999237060547,16.549999237060547,16.549999237060547,16.549999237060547,16.549999237060547,455.0
2023-03-09 09:42:00,FNCB,7.610000133514404,7.610000133514404,7.610000133514404,7.610000133514404,7.610000133514404,0.0
2023-03-09 09:42:00,FOCS,51.790000915527344,51.790000915527344,51.79999923706055,51.790000915527344,51.790000915527344,2067.0
2023-03-09 09:42:00,FRBK,1.809999942779541,1.809999942779541,1.809999942779541,1.809999942779541,1.809999942779541,200.0
2023-03-09 09:42:00,FRHC,72.73999786376953,72.73999786376953,72.88999938964844,72.52999877929688,72.6500015258789,3179.0
2023-03-09 09:42:00,FULT,16.1200008392334,16.1200008392334,16.1299991607666,16.1200008392334,16.1299991607666,840.0
2023-03-09 09:42:00,FUTU,46.720001220703125,46.720001220703125,46.84000015258789,46.71500015258789,46.77000045776367,3827.0
2023-03-09 09:42:00,GAIN,13.895000457763672,13.895000457763672,13.895000457763672,13.895000457763672,13.895000457763672,521.0
2023-03-09 09:42:00,GBDC,13.510000228881836,13.510000228881836,13.510000228881836,13.510000228881836,13.510000228881836,281.0
2023-03-09 09:42:00,GCMG,8.399999618530273,8.399999618530273,8.405400276184082,8.399999618530273,8.405400276184082,2315.0
2023-03-09 09:42:00,GGAL,13.0649995803833,13.0649995803833,13.0649995803833,13.0649995803833,13.0649995803833,151.0
2023-03-09 09:42:00,GSHD,53.52000045776367,53.52000045776367,53.52000045776367,53.52000045776367,53.52000045776367,523.0
2023-03-09 09:42:00,GSRMW,0.07999999821186066,0.07999999821186066,0.07999999821186066,0.07999999821186066,0.07999999821186066,0.0
2023-03-09 09:42:00,HBAN,14.27910041809082,14.27910041809082,14.289999961853027,14.260000228881836,14.265000343322754,128082.0
2023-03-09 09:42:00,HIVE,2.6401000022888184,2.6401000022888184,2.6401000022888184,2.640000104904175,2.640000104904175,2441.0
2023-03-09 09:42:00,HMST,23.100000381469727,23.100000381469727,23.110000610351562,23.100000381469727,23.110000610351562,516.0
2023-03-09 09:42:00,HONE,12.979999542236328,12.979999542236328,12.979999542236328,12.979999542236328,12.979999542236328,777.0
2023-03-09 09:42:00,HOPE,12.170000076293945,12.170000076293945,12.170000076293945,12.170000076293945,12.170000076293945,674.0
2023-03-09 09:42:00,HRZN,12.0600004196167,12.0600004196167,12.0600004196167,12.0600004196167,12.0600004196167,210.0
2023-03-09 09:42:00,HTBI,27.989999771118164,27.989999771118164,28.030000686645508,27.989999771118164,28.030000686645508,2272.0
2023-03-09 09:42:00,HTLF,47.44300079345703,47.44300079345703,47.44300079345703,47.44300079345703,47.44300079345703,222.0
2023-03-09 09:42:00,HUT,1.4437999725341797,1.4437999725341797,1.4500000476837158,1.43149995803833,1.4500000476837158,65230.0
2023-03-09 09:42:00,HWBK,25.0,25.0,25.0,25.0,25.0,0.0
2023-03-09 09:42:00,HWC,45.720001220703125,45.720001220703125,45.720001220703125,45.720001220703125,45.720001220703125,316.0
2023-03-09 09:42:00,IBKR,88.69000244140625,88.69000244140625,88.69999694824219,88.42500305175781,88.42500305175781,3103.0
2023-03-09 09:42:00,IBOC,46.61000061035156,46.61000061035156,46.61000061035156,46.61000061035156,46.61000061035156,167.0
2023-03-09 09:42:00,INDB,74.95999908447266,74.95999908447266,74.95999908447266,74.93000030517578,74.93000030517578,1175.0
2023-03-09 09:43:00,ABCB,44.22999954223633,44.22999954223633,44.2599983215332,44.209999084472656,44.2599983215332,682.0
2023-03-09 09:43:00,ACAB,10.319999694824219,10.319999694824219,10.319999694824219,10.319999694824219,10.319999694824219,0.0
2023-03-09 09:43:00,ACABU,10.40999984741211,10.40999984741211,10.40999984741211,10.40999984741211,10.40999984741211,0.0
2023-03-09 09:43:00,ACAHU,10.050000190734863,10.050000190734863,10.050000190734863,10.050000190734863,10.050000190734863,0.0
2023-03-09 09:43:00,ACAXU,10.399999618530273,10.399999618530273,10.399999618530273,10.399999618530273,10.399999618530273,0.0
2023-03-09 09:43:00,ACBAU,10.829999923706055,10.829999923706055,10.829999923706055,10.829999923706055,10.829999923706055,0.0
2023-03-09 09:43:00,ACGL,69.81500244140625,69.81500244140625,69.8499984741211,69.79029846191406,69.8499984741211,1452.0
2023-03-09 09:43:00,ADERU,10.329999923706055,10.329999923706055,10.329999923706055,10.329999923706055,10.329999923706055,0.0
2023-03-09 09:43:00,AFARU,10.420000076293945,10.420000076293945,10.420000076293945,10.420000076293945,10.420000076293945,0.0
2023-03-09 09:43:00,AIBBU,10.579999923706055,10.579999923706055,10.579999923706055,10.579999923706055,10.579999923706055,0.0
2023-03-09 09:43:00,AIMAU,10.149999618530273,10.149999618530273,10.149999618530273,10.149999618530273,10.149999618530273,0.0
2023-03-09 09:43:00,AIMAW,0.03500000014901161,0.03500000014901161,0.03500000014901161,0.03500000014901161,0.03500000014901161,0.0
2023-03-09 09:43:00,ALORW,0.057100001722574234,0.057100001722574234,0.057100001722574234,0.057100001722574234,0.057100001722574234,0.0
2023-03-09 09:43:00,ALPAU,10.09000015258789,10.09000015258789,10.09000015258789,10.09000015258789,10.09000015258789,0.0
2023-03-09 09:43:00,ALSAU,10.510000228881836,10.510000228881836,10.510000228881836,10.510000228881836,10.510000228881836,0.0
2023-03-09 09:43:00,AMAL,21.905000686645508,21.905000686645508,21.905000686645508,21.905000686645508,21.905000686645508,203.0
2023-03-09 09:43:00,ARCC,19.173999786376953,19.173999786376953,19.19499969482422,19.173999786376953,19.19499969482422,6845.0
2023-03-09 09:43:00,BCBP,16.114999771118164,16.114999771118164,16.1299991607666,16.114999771118164,16.1299991607666,619.0
2023-03-09 09:43:00,BGCP,5.070000171661377,5.070000171661377,5.070000171661377,5.060100078582764,5.070000171661377,734.0
2023-03-09 09:43:00,BITF,0.8101000189781189,0.8101000189781189,0.8101999759674072,0.8101000189781189,0.8101999759674072,1864.0
2023-03-09 09:43:00,BPOP,63.75,63.75,63.77000045776367,63.75,63.755001068115234,405.0
2023-03-09 09:43:00,BRKL,11.9350004196167,11.9350004196167,11.9350004196167,11.9350004196167,11.9350004196167,544.0
2023-03-09 09:43:00,BRP,26.96500015258789,26.96500015258789,27.06999969482422,26.899999618530273,26.90999984741211,2730.0
2023-03-09 09:43:00,CASH,47.959999084472656,47.959999084472656,48.06999969482422,47.959999084472656,48.06999969482422,1398.0
2023-03-09 09:43:00,CATY,40.58000183105469,40.58000183105469,40.619998931884766,40.567501068115234,40.59000015258789,2082.0
2023-03-09 09:43:00,CCAP,15.3100004196167,15.3100004196167,15.34000015258789,15.279999732971191,15.279999732971191,2303.0
2023-03-09 09:43:00,CCD,22.81999969482422,22.81999969482422,22.850000381469727,22.81999969482422,22.850000381469727,3473.0
2023-03-09 09:43:00,CFFN,7.734300136566162,7.734300136566162,7.739999771118164,7.734300136566162,7.739999771118164,292.0
2023-03-09 09:43:00,CG,34.68000030517578,34.68000030517578,34.685001373291016,34.63999938964844,34.63999938964844,2990.0
2023-03-09 09:43:00,CGBD,15.045000076293945,15.045000076293945,15.0649995803833,15.045000076293945,15.0649995803833,2561.0
2023-03-09 09:43:00,CHI,12.0177001953125,12.0177001953125,12.020000457763672,12.005499839782715,12.005499839782715,6900.0
2023-03-09 09:43:00,CHW,6.093699932098389,6.093699932098389,6.093699932098389,6.090000152587891,6.090000152587891,742.0
2023-03-09 09:43:00,CHY,12.3100004196167,12.3100004196167,12.319999694824219,12.3100004196167,12.319999694824219,2320.0
2023-03-09 09:43:00,CIFR,1.4199999570846558,1.4199999570846558,1.4329999685287476,1.4199999570846558,1.4329999685287476,12105.0
2023-03-09 09:43:00,CME,180.4199981689453,180.4199981689453,180.4600067138672,180.3699951171875,180.3699951171875,1322.0
2023-03-09 09:43:00,COLB,26.420000076293945,26.420000076293945,26.420000076293945,26.420000076293945,26.420000076293945,448.0
2023-03-09 09:43:00,CSQ,14.135000228881836,14.135000228881836,14.145000457763672,14.135000228881836,14.145000457763672,917.0
2023-03-09 09:43:00,CVBF,22.549999237060547,22.549999237060547,22.559999465942383,22.540000915527344,22.559999465942383,1575.0
2023-03-09 09:43:00,DHHC,10.500100135803223,10.500100135803223,10.500100135803223,10.5,10.5,0.0
2023-03-09 09:43:00,EBC,15.154999732971191,15.154999732971191,15.154999732971191,15.154999732971191,15.154999732971191,191.0
2023-03-09 09:43:00,EQBK,29.260000228881836,29.260000228881836,29.399999618530273,29.260000228881836,29.399999618530273,620.0
2023-03-09 09:43:00,EWBC,71.5,71.5,71.52999877929688,71.4800033569336,71.52999877929688,2462.0
2023-03-09 09:43:00,EZPW,8.90999984741211,8.90999984741211,8.90999984741211,8.899999618530273,8.90999984741211,537.0
2023-03-09 09:43:00,FANH,8.100000381469727,8.100000381469727,8.149999618530273,8.100000381469727,8.149999618530273,453.0
2023-03-09 09:43:00,FBIZ,34.900001525878906,34.900001525878906,34.900001525878906,34.900001525878906,34.900001525878906,0.0
2023-03-09 09:43:00,FBMS,29.614999771118164,29.614999771118164,29.700000762939453,29.579999923706055,29.600000381469727,6918.0
2023-03-09 09:43:00,FFIN,34.619998931884766,34.619998931884766,34.650001525878906,34.619998931884766,34.630001068115234,945.0
2023-03-09 09:43:00,FFWM,13.739999771118164,13.739999771118164,13.75,13.699999809265137,13.699999809265137,2737.0
2023-03-09 09:43:00,FHB,25.040000915527344,25.040000915527344,25.059999465942383,25.040000915527344,25.059999465942383,1252.0
2023-03-09 09:43:00,FIBK,33.369998931884766,33.369998931884766,33.369998931884766,33.34000015258789,33.36000061035156,1179.0
2023-03-09 09:43:00,FITB,33.029998779296875,33.029998779296875,33.08000183105469,33.029998779296875,33.029998779296875,7568.0
2023-03-09 09:43:00,FITBP,24.280000686645508,24.280000686645508,24.280000686645508,24.280000686645508,24.280000686645508,407.0
2023-03-09 09:43:00,FOCS,51.790000915527344,51.790000915527344,51.79499816894531,51.790000915527344,51.79499816894531,500.0
2023-03-09 09:43:00,FRBK,1.7999999523162842,1.7999999523162842,1.7999999523162842,1.7999999523162842,1.7999999523162842,205.0
2023-03-09 09:43:00,FRHC,72.54000091552734,72.54000091552734,72.56999969482422,72.54000091552734,72.56999969482422,829.0
2023-03-09 09:43:00,FULT,16.1200008392334,16.1200008392334,16.1299991607666,16.1200008392334,16.1299991607666,1624.0
2023-03-09 09:43:00,FUTU,46.73899841308594,46.73899841308594,46.7599983215332,46.619998931884766,46.65999984741211,4171.0
2023-03-09 09:43:00,GBDC,13.515000343322754,13.515000343322754,13.520000457763672,13.515000343322754,13.520000457763672,489.0
2023-03-09 09:43:00,GGAL,13.050000190734863,13.050000190734863,13.050000190734863,13.039999961853027,13.039999961853027,1131.0
2023-03-09 09:43:00,GLAD,10.0,10.0,10.0,10.0,10.0,120.0
2023-03-09 09:43:00,GLRE,10.270000457763672,10.270000457763672,10.324999809265137,10.180000305175781,10.324999809265137,1441.0
2023-03-09 09:43:00,GREE,0.44830000400543213,0.44830000400543213,0.44830000400543213,0.4453999996185303,0.44829899072647095,2530.0
2023-03-09 09:43:00,HBAN,14.289999961853027,14.289999961853027,14.300000190734863,14.270000457763672,14.270000457763672,0.0
2023-03-09 09:43:00,HOPE,12.154999732971191,12.154999732971191,12.170000076293945,12.149999618530273,12.170000076293945,1818.0
2023-03-09 09:43:00,HRZN,12.039999961853027,12.039999961853027,12.050000190734863,12.039999961853027,12.050000190734863,1149.0
2023-03-09 09:43:00,HTBI,27.9950008392334,27.9950008392334,28.0,27.989999771118164,27.989999771118164,1691.0
2023-03-09 09:43:00,HUT,1.4500000476837158,1.4500000476837158,1.4550000429153442,1.4407999515533447,1.4450000524520874,45831.0
2023-03-09 09:43:00,IBKR,88.58999633789062,88.58999633789062,88.58999633789062,88.58999633789062,88.58999633789062,548.0
2023-03-09 09:43:00,INKA,10.420000076293945,10.420000076293945,10.420000076293945,10.420000076293945,10.420000076293945,3700.0
2023-03-09 09:43:00,INTR,2.059999942779541,2.059999942779541,2.059999942779541,2.059999942779541,2.059999942779541,362.0
2023-03-09 09:44:00,ABCB,44.20000076293945,44.20000076293945,44.20000076293945,44.20000076293945,44.20000076293945,349.0
2023-03-09 09:44:00,ACGL,69.77999877929688,69.77999877929688,69.81999969482422,69.7699966430664,69.79000091552734,4572.0
2023-03-09 09:44:00,ALTUU,10.029999732971191,10.029999732971191,10.029999732971191,10.029999732971191,10.029999732971191,0.0
2023-03-09 09:44:00,AMRK,28.262699127197266,28.262699127197266,28.262699127197266,28.262699127197266,28.262699127197266,124.0
2023-03-09 09:44:00,AOGOU,10.300000190734863,10.300000190734863,10.300000190734863,10.300000190734863,10.300000190734863,0.0
2023-03-09 09:44:00,ARCC,19.155000686645508,19.155000686645508,19.176599502563477,19.155000686645508,19.176599502563477,21776.0
2023-03-09 09:44:00,ASCAU,10.479999542236328,10.479999542236328,10.479999542236328,10.479999542236328,10.479999542236328,0.0
2023-03-09 09:44:00,ASCAW,0.07450000196695328,0.07450000196695328,0.07450000196695328,0.07450000196695328,0.07450000196695328,0.0
2023-03-09 09:44:00,ASCBU,10.420000076293945,10.420000076293945,10.420000076293945,10.420000076293945,10.420000076293945,0.0
2023-03-09 09:44:00,ASCBW,0.03750000149011612,0.03750000149011612,0.03750000149011612,0.03500000014901161,0.03750000149011612,0.0
2023-03-09 09:44:00,ASPA,10.479999542236328,10.479999542236328,10.479999542236328,10.479999542236328,10.479999542236328,0.0
2023-03-09 09:44:00,AUB,37.95000076293945,37.95000076293945,37.97999954223633,37.939998626708984,37.97999954223633,3052.0
2023-03-09 09:44:00,AVACU,10.565099716186523,10.565099716186523,10.565099716186523,10.565099716186523,10.565099716186523,0.0
2023-03-09 09:44:00,AVHI,10.699999809265137,10.699999809265137,10.699999809265137,10.699999809265137,10.699999809265137,0.0
2023-03-09 09:44:00,BCSAU,10.75,10.75,10.75,10.75,10.75,15.0
2023-03-09 09:44:00,BGCP,5.065000057220459,5.065000057220459,5.065000057220459,5.065000057220459,5.065000057220459,325.0
2023-03-09 09:44:00,BHFAN,19.290000915527344,19.290000915527344,19.290000915527344,19.290000915527344,19.290000915527344,329.0
2023-03-09 09:44:00,BIOS,10.399999618530273,10.399999618530273,10.399999618530273,10.399999618530273,10.399999618530273,20000.0
2023-03-09 09:44:00,BITF,0.8177000284194946,0.8177000284194946,0.8177000284194946,0.8177000284194946,0.8177000284194946,176.0
2023-03-09 09:44:00,BPOP,63.7599983215332,63.7599983215332,63.7599983215332,63.7599983215332,63.7599983215332,742.0
2023-03-09 09:44:00,BRP,26.844999313354492,26.844999313354492,26.979999542236328,26.844999313354492,26.979999542236328,1100.0
2023-03-09 09:44:00,BUSE,23.1299991607666,23.1299991607666,23.1299991607666,23.1299991607666,23.1299991607666,169.0
2023-03-09 09:44:00,CCD,22.830799102783203,22.830799102783203,22.830799102783203,22.830799102783203,22.830799102783203,313.0
2023-03-09 09:44:00,CCNE,23.25,23.25,23.329999923706055,23.25,23.329999923706055,741.0
2023-03-09 09:44:00,CFFN,7.730000019073486,7.730000019073486,7.735000133514404,7.730000019073486,7.735000133514404,868.0
2023-03-09 09:44:00,CG,34.68000030517578,34.68000030517578,34.70000076293945,34.66999816894531,34.689998626708984,2532.0
2023-03-09 09:44:00,CGBD,15.045000076293945,15.045000076293945,15.069999694824219,15.045000076293945,15.0600004196167,4051.0
2023-03-09 09:44:00,CHI,12.00220012664795,12.00220012664795,12.020000457763672,12.00220012664795,12.020000457763672,4898.0
2023-03-09 09:44:00,CIFR,1.4229999780654907,1.4229999780654907,1.4229999780654907,1.4229999780654907,1.4229999780654907,100.0
2023-03-09 09:44:00,CINF,117.62000274658203,117.62000274658203,117.69999694824219,117.58000183105469,117.58000183105469,1947.0
2023-03-09 09:44:00,CME,180.27999877929688,180.27999877929688,180.33999633789062,180.27999877929688,180.33999633789062,718.0
2023-03-09 09:44:00,COLB,26.440000534057617,26.440000534057617,26.485000610351562,26.420000076293945,26.420000076293945,4835.0
2023-03-09 09:44:00,COOP,45.150001525878906,45.150001525878906,45.150001525878906,45.14250183105469,45.14250183105469,617.0
2023-03-09 09:44:00,CSLM,10.319999694824219,10.319999694824219,10.319999694824219,10.319999694824219,10.319999694824219,200.0
2023-03-09 09:44:00,CSTR,16.100000381469727,16.100000381469727,16.100000381469727,16.100000381469727,16.100000381469727,100.0
2023-03-09 09:44:00,CSWC,18.70639991760254,18.70639991760254,18.70639991760254,18.70639991760254,18.70639991760254,411.0
2023-03-09 09:44:00,CVBF,22.575000762939453,22.575000762939453,22.579999923706055,22.56999969482422,22.56999969482422,393.0
2023-03-09 09:44:00,DWAC,14.239999771118164,14.239999771118164,14.239999771118164,14.239999771118164,14.239999771118164,289.0
2023-03-09 09:44:00,EBC,15.149999618530273,15.149999618530273,15.149999618530273,15.149999618530273,15.149999618530273,2037.0
2023-03-09 09:44:00,EGBN,41.060001373291016,41.060001373291016,41.060001373291016,41.040000915527344,41.040000915527344,383.0
2023-03-09 09:44:00,ESGR,231.69000244140625,231.69000244140625,231.69000244140625,231.69000244140625,231.69000244140625,247.0
2023-03-09 09:44:00,ESQ,43.18000030517578,43.18000030517578,43.18000030517578,43.18000030517578,43.18000030517578,431.0
2023-03-09 09:44:00,EZPW,8.925000190734863,8.925000190734863,8.925000190734863,8.920000076293945,8.920000076293945,563.0
2023-03-09 09:44:00,FCFS,87.86000061035156,87.86000061035156,87.86000061035156,87.86000061035156,87.86000061035156,235.0
2023-03-09 09:44:00,FFBC,22.8700008392334,22.8700008392334,22.8700008392334,22.8700008392334,22.8700008392334,316.0
2023-03-09 09:44:00,FFIC,17.93000030517578,17.93000030517578,17.93000030517578,17.93000030517578,17.93000030517578,194.0
2023-03-09 09:44:00,FFWM,13.75,13.75,13.75,13.75,13.75,416.0
2023-03-09 09:44:00,FHB,25.030000686645508,25.030000686645508,25.030000686645508,25.030000686645508,25.030000686645508,267.0
2023-03-09 09:44:00,FIBK,33.380001068115234,33.380001068115234,33.380001068115234,33.36000061035156,33.36000061035156,1459.0
2023-03-09 09:44:00,FITB,33.0099983215332,33.0099983215332,33.05929946899414,33.005001068115234,33.04999923706055,11137.0
2023-03-09 09:44:00,FMNB,13.470000267028809,13.470000267028809,13.470000267028809,13.470000267028809,13.470000267028809,207.0
2023-03-09 09:44:00,FOCS,51.790000915527344,51.790000915527344,51.79999923706055,51.790000915527344,51.790000915527344,1230.0
2023-03-09 09:44:00,FRBK,1.8162000179290771,1.8162000179290771,1.8162000179290771,1.8162000179290771,1.8162000179290771,114.0
2023-03-09 09:44:00,FULT,16.1200008392334,16.1200008392334,16.1200008392334,16.1200008392334,16.1200008392334,200.0
2023-03-09 09:44:00,FUTU,46.459999084472656,46.459999084472656,46.70000076293945,46.459999084472656,46.62009811401367,15881.0
2023-03-09 09:44:00,GAIN,13.869999885559082,13.869999885559082,13.869999885559082,13.869999885559082,13.869999885559082,250.0
2023-03-09 09:44:00,GBDC,13.515000343322754,13.515000343322754,13.515000343322754,13.515000343322754,13.515000343322754,417.0
2023-03-09 09:44:00,GECC,9.5,9.5,9.505000114440918,9.470000267028809,9.470000267028809,1100.0
2023-03-09 09:44:00,GGAA,11.000399589538574,11.000399589538574,11.010000228881836,11.000399589538574,11.010000228881836,286.0
2023-03-09 09:44:00,GGAL,13.062000274658203,13.062000274658203,13.100000381469727,13.062000274658203,13.079999923706055,3040.0
2023-03-09 09:44:00,GLAD,10.001099586486816,10.001099586486816,10.001099586486816,10.001099586486816,10.001099586486816,156.0
2023-03-09 09:44:00,GXII,10.140000343322754,10.140000343322754,10.140000343322754,10.140000343322754,10.140000343322754,268.0
2023-03-09 09:44:00,HBAN,14.274999618530273,14.274999618530273,14.300000190734863,14.270000457763672,14.289999961853027,130844.0
2023-03-09 09:44:00,HBCP,36.5,36.5,36.5,36.45000076293945,36.45000076293945,609.0
2023-03-09 09:44:00,HFWA,25.405000686645508,25.405000686645508,25.405000686645508,25.405000686645508,25.405000686645508,311.0
2023-03-09 09:44:00,HIVE,2.6549999713897705,2.6549999713897705,2.6549999713897705,2.6549999713897705,2.6549999713897705,273.0
2023-03-09 09:44:00,HOPE,12.170000076293945,12.170000076293945,12.170000076293945,12.170000076293945,12.170000076293945,400.0
2023-03-09 09:44:00,HTBI,27.975000381469727,27.975000381469727,27.975000381469727,27.975000381469727,27.975000381469727,134.0
2023-03-09 09:44:00,HUT,1.4534000158309937,1.4534000158309937,1.4600000381469727,1.4500999450683594,1.451200008392334,4955.0
2023-03-09 09:44:00,HWC,45.720001220703125,45.720001220703125,45.720001220703125,45.689998626708984,45.689998626708984,423.0
2023-03-09 09:44:00,HYW,5.710000038146973,5.710000038146973,5.710000038146973,5.710000038146973,5.710000038146973,592.0
2023-03-09 09:44:00,IBCP,21.3799991607666,21.3799991607666,21.3799991607666,21.3799991607666,21.3799991607666,103.0
2023-03-09 09:44:00,IBOC,46.60499954223633,46.60499954223633,46.60499954223633,46.60499954223633,46.60499954223633,336.0
2023-03-09 09:44:00,INKA,10.420000076293945,10.420000076293945,10.420000076293945,10.420000076293945,10.420000076293945,100.0
2023-03-09 09:45:00,ABCB,44.20000076293945,44.20000076293945,44.2400016784668,44.15999984741211,44.15999984741211,572.0
2023-03-09 09:45:00,ACGL,69.73999786376953,69.73999786376953,69.7699966430664,69.72000122070312,69.7699966430664,3410.0
2023-03-09 09:45:00,APLD,2.248800039291382,2.248800039291382,2.248800039291382,2.240000009536743,2.240000009536743,843.0
2023-03-09 09:45:00,ARCC,19.15999984741211,19.15999984741211,19.15999984741211,19.149999618530273,19.155000686645508,5569.0
2023-03-09 09:45:00,AUB,37.91999816894531,37.91999816894531,37.95000076293945,37.880001068115234,37.939998626708984,7726.0
2023-03-09 09:45:00,BGCP,5.065000057220459,5.065000057220459,5.065000057220459,5.065000057220459,5.065000057220459,100.0
2023-03-09 09:45:00,BMRC,28.100000381469727,28.100000381469727,28.100000381469727,28.100000381469727,28.100000381469727,100.0
2023-03-09 09:45:00,BPOP,63.81999969482422,63.81999969482422,63.869998931884766,63.72999954223633,63.755001068115234,2154.0
2023-03-09 09:45:00,BRKL,11.914999961853027,11.914999961853027,11.930000305175781,11.914999961853027,11.925000190734863,3013.0
2023-03-09 09:45:00,BRP,26.8700008392334,26.8700008392334,26.899999618530273,26.8700008392334,26.899999618530273,434.0
2023-03-09 09:45:00,CASH,47.83000183105469,47.83000183105469,47.83000183105469,47.709999084472656,47.75,1240.0
2023-03-09 09:45:00,CATY,40.63999938964844,40.63999938964844,40.63999938964844,40.63999938964844,40.63999938964844,346.0
2023-03-09 09:45:00,CCNE,23.200000762939453,23.200000762939453,23.200000762939453,23.200000762939453,23.200000762939453,101.0
2023-03-09 09:45:00,CFFN,7.724999904632568,7.724999904632568,7.724999904632568,7.71999979019165,7.724999904632568,3646.0
2023-03-09 09:45:00,CG,34.689998626708984,34.689998626708984,34.70000076293945,34.6349983215332,34.66999816894531,3600.0
2023-03-09 09:45:00,CHCO,92.77999877929688,92.77999877929688,92.77999877929688,92.77999877929688,92.77999877929688,239.0
2023-03-09 09:45:00,CHY,12.34000015258789,12.34000015258789,12.34000015258789,12.34000015258789,12.34000015258789,163.0
2023-03-09 09:45:00,CIFR,1.4479999542236328,1.4479999542236328,1.4500000476837158,1.4249999523162842,1.4249999523162842,3365.0
2023-03-09 09:45:00,CINF,117.49500274658203,117.49500274658203,117.49500274658203,117.49500274658203,117.49500274658203,238.0
2023-03-09 09:45:00,CLINW,0.09780000150203705,0.09780000150203705,0.1395999938249588,0.09780000150203705,0.1395999938249588,0.0
2023-03-09 09:45:00,CMCAW,0.15610000491142273,0.15610000491142273,0.20970000326633453,0.09950000047683716,0.20970000326633453,0.0
2023-03-09 09:45:00,CME,180.35000610351562,180.35000610351562,180.3699951171875,180.22999572753906,180.36000061035156,23109.0
2023-03-09 09:45:00,COLB,26.5,26.5,26.549999237060547,26.420000076293945,26.450000762939453,34146.0
2023-03-09 09:45:00,COOP,45.220001220703125,45.220001220703125,45.22999954223633,45.189998626708984,45.189998626708984,1721.0
2023-03-09 09:45:00,CSQ,14.15999984741211,14.15999984741211,14.15999984741211,14.15999984741211,14.15999984741211,371.0
2023-03-09 09:45:00,CSTR,16.1200008392334,16.1200008392334,16.1200008392334,16.110000610351562,16.110000610351562,603.0
2023-03-09 09:45:00,CSWC,18.71500015258789,18.71500015258789,18.71649932861328,18.700000762939453,18.709999084472656,1332.0
2023-03-09 09:45:00,CVBF,22.579999923706055,22.579999923706055,22.579999923706055,22.579999923706055,22.579999923706055,614.0
2023-03-09 09:45:00,EBC,15.130000114440918,15.130000114440918,15.130000114440918,15.130000114440918,15.130000114440918,749.0
2023-03-09 09:45:00,EGBN,41.029998779296875,41.029998779296875,41.029998779296875,40.939998626708984,40.9900016784668,2976.0
2023-03-09 09:45:00,EHTH,9.539999961853027,9.539999961853027,9.539999961853027,9.539999961853027,9.539999961853027,102.0
2023-03-09 09:45:00,EQBK,29.459999084472656,29.459999084472656,29.479999542236328,29.100000381469727,29.1200008392334,2510.0
2023-03-09 09:45:00,ESQ,43.0,43.0,43.0,43.0,43.0,374.0
2023-03-09 09:45:00,EWBC,71.58000183105469,71.58000183105469,71.58000183105469,71.3949966430664,71.44999694824219,3796.0
2023-03-09 09:45:00,FBMS,29.610000610351562,29.610000610351562,29.614999771118164,29.610000610351562,29.614999771118164,316.0
2023-03-09 09:45:00,FCNCA,680.469970703125,680.469970703125,680.469970703125,678.25,678.3800048828125,3887.0
2023-03-09 09:45:00,FFBC,22.860000610351562,22.860000610351562,22.860000610351562,22.860000610351562,22.860000610351562,122.0
2023-03-09 09:45:00,FFIC,17.934999465942383,17.934999465942383,17.934999465942383,17.920000076293945,17.920000076293945,1201.0
2023-03-09 09:45:00,FFIN,34.63999938964844,34.63999938964844,34.63999938964844,34.630001068115234,34.630001068115234,200.0
2023-03-09 09:45:00,FFWM,13.699999809265137,13.699999809265137,13.729999542236328,13.699999809265137,13.729999542236328,1028.0
2023-03-09 09:45:00,FHB,25.100000381469727,25.100000381469727,25.100000381469727,25.020000457763672,25.020000457763672,1619.0
2023-03-09 09:45:00,FITB,33.119998931884766,33.119998931884766,33.119998931884766,32.970001220703125,33.0099983215332,24030.0
2023-03-09 09:45:00,FMNB,13.484999656677246,13.484999656677246,13.489999771118164,13.484999656677246,13.489999771118164,981.0
2023-03-09 09:45:00,FOCS,51.79999923706055,51.79999923706055,51.79999923706055,51.790000915527344,51.790000915527344,3692.0
2023-03-09 09:45:00,FRBK,1.809999942779541,1.809999942779541,1.809999942779541,1.809999942779541,1.809999942779541,416.0
2023-03-09 09:45:00,FRME,38.63999938964844,38.63999938964844,38.779998779296875,38.59000015258789,38.779998779296875,2970.0
2023-03-09 09:45:00,FULT,16.1200008392334,16.1200008392334,16.1299991607666,16.110000610351562,16.1200008392334,3212.0
2023-03-09 09:45:00,FUTU,46.33000183105469,46.33000183105469,46.52000045776367,46.310001373291016,46.4900016784668,29873.0
2023-03-09 09:45:00,GABC,36.939998626708984,36.939998626708984,36.939998626708984,36.939998626708984,36.939998626708984,106.0
2023-03-09 09:45:00,GBDC,13.494999885559082,13.494999885559082,13.505000114440918,13.479999542236328,13.505000114440918,15671.0
2023-03-09 09:45:00,GGAL,13.081999778747559,13.081999778747559,13.155500411987305,13.081999778747559,13.10990047454834,3259.0
2023-03-09 09:45:00,GLAD,9.979999542236328,9.979999542236328,10.002400398254395,9.949999809265137,10.0,6493.0
2023-03-09 09:45:00,GREE,0.44020000100135803,0.44020000100135803,0.4442000091075897,0.44020000100135803,0.44020000100135803,3766.0
2023-03-09 09:45:00,GROW,2.694999933242798,2.694999933242798,2.694999933242798,2.694999933242798,2.694999933242798,800.0
2023-03-09 09:45:00,GXII,10.140000343322754,10.140000343322754,10.140000343322754,10.140000343322754,10.140000343322754,769.0
2023-03-09 09:45:00,HBAN,14.28499984741211,14.28499984741211,14.289999961853027,14.260000228881836,14.274999618530273,108159.0
2023-03-09 09:45:00,HBNC,14.579999923706055,14.579999923706055,14.59000015258789,14.579999923706055,14.59000015258789,734.0
2023-03-09 09:45:00,HIVE,2.6500000953674316,2.6500000953674316,2.6500000953674316,2.630000114440918,2.640000104904175,16368.0
2023-03-09 09:45:00,HOPE,12.15999984741211,12.15999984741211,12.15999984741211,12.140000343322754,12.140000343322754,2257.0
2023-03-09 09:45:00,HRZN,12.013899803161621,12.013899803161621,12.013899803161621,12.010000228881836,12.010000228881836,580.0
2023-03-09 09:45:00,HTLF,47.18000030517578,47.18000030517578,47.18000030517578,47.18000030517578,47.18000030517578,441.0
2023-03-09 09:45:00,HUT,1.4600000381469727,1.4600000381469727,1.4700000286102295,1.4550000429153442,1.4572999477386475,8977.0
2023-03-09 09:45:00,HWBK,25.0,25.0,25.0,24.989999771118164,24.989999771118164,1064.0
2023-03-09 09:45:00,HWC,45.720001220703125,45.720001220703125,45.720001220703125,45.619998931884766,45.619998931884766,964.0
2023-03-09 09:45:00,IBCP,21.32509994506836,21.32509994506836,21.32509994506836,21.32509994506836,21.32509994506836,1010.0
2023-03-09 09:45:00,IBKR,88.42500305175781,88.42500305175781,88.55999755859375,88.42500305175781,88.5199966430664,1160.0
2023-03-09 09:45:00,IBTX,54.43000030517578,54.43000030517578,54.43000030517578,54.43000030517578,54.43000030517578,372.0
2023-03-09 09:45:00,INDB,75.05000305175781,75.05000305175781,75.05000305175781,75.05000305175781,75.05000305175781,135.0
2023-03-09 09:46:00,ABCB,44.08000183105469,44.08000183105469,44.20500183105469,44.08000183105469,44.20500183105469,1121.0
2023-03-09 09:46:00,ACGL,69.8949966430664,69.8949966430664,69.9000015258789,69.75,69.75,5861.0
2023-03-09 09:46:00,ACQR,10.204999923706055,10.204999923706055,10.204999923706055,10.204999923706055,10.204999923706055,300.0
2023-03-09 09:46:00,ARCC,19.15999984741211,19.15999984741211,19.170000076293945,19.15999984741211,19.170000076293945,5103.0
2023-03-09 09:46:00,ATLC,29.42620086669922,29.42620086669922,29.42620086669922,29.42620086669922,29.42620086669922,471.0
2023-03-09 09:46:00,AUB,37.790000915527344,37.790000915527344,37.880001068115234,37.779998779296875,37.880001068115234,4272.0
2023-03-09 09:46:00,BANR,60.38999938964844,60.38999938964844,60.38999938964844,60.38999938964844,60.38999938964844,912.0
2023-03-09 09:46:00,BGCP,5.074999809265137,5.074999809265137,5.074999809265137,5.070000171661377,5.070000171661377,3211.0
2023-03-09 09:46:00,BHF,54.54499816894531,54.54499816894531,54.54999923706055,54.54499816894531,54.54999923706055,470.0
2023-03-09 09:46:00,BHFAM,16.778400421142578,16.778400421142578,16.778400421142578,16.778400421142578,16.778400421142578,168.0
2023-03-09 09:46:00,BITF,0.8199999928474426,0.8199999928474426,0.8199999928474426,0.8199999928474426,0.8199999928474426,6829.0
2023-03-09 09:46:00,BOKF,97.48999786376953,97.48999786376953,97.48999786376953,97.47000122070312,97.47000122070312,527.0
2023-03-09 09:46:00,BPOP,63.63999938964844,63.63999938964844,63.81999969482422,63.63999938964844,63.81999969482422,2565.0
2023-03-09 09:46:00,BRKL,11.899999618530273,11.899999618530273,11.9399995803833,11.899999618530273,11.9399995803833,1551.0
2023-03-09 09:46:00,BRP,26.994300842285156,26.994300842285156,26.994300842285156,26.790000915527344,26.799999237060547,1202.0
2023-03-09 09:46:00,BTBT,1.1799999475479126,1.1799999475479126,1.1799999475479126,1.1799999475479126,1.1799999475479126,129.0
2023-03-09 09:46:00,CASH,47.70249938964844,47.70249938964844,47.70249938964844,47.70249938964844,47.70249938964844,129.0
2023-03-09 09:46:00,CATY,40.63999938964844,40.63999938964844,40.689998626708984,40.63999938964844,40.689998626708984,2052.0
2023-03-09 09:46:00,CBSH,62.56999969482422,62.56999969482422,62.63159942626953,62.56999969482422,62.63159942626953,1042.0
2023-03-09 09:46:00,CCBG,34.7776985168457,34.7776985168457,34.7776985168457,34.7776985168457,34.7776985168457,500.0
2023-03-09 09:46:00,CFFN,7.71999979019165,7.71999979019165,7.735000133514404,7.71999979019165,7.730000019073486,3851.0
2023-03-09 09:46:00,CG,34.72999954223633,34.72999954223633,34.72999954223633,34.70000076293945,34.70000076293945,2134.0
2023-03-09 09:46:00,CGBD,15.050000190734863,15.050000190734863,15.079999923706055,15.050000190734863,15.069999694824219,1521.0
2023-03-09 09:46:00,CHW,6.090000152587891,6.090000152587891,6.098400115966797,6.090000152587891,6.098400115966797,429.0
2023-03-09 09:46:00,CIFR,1.4600000381469727,1.4600000381469727,1.4600000381469727,1.4500000476837158,1.4500000476837158,5955.0
2023-03-09 09:46:00,CINF,117.75,117.75,117.75,117.63999938964844,117.73999786376953,2273.0
2023-03-09 09:46:00,CLINW,0.09780000150203705,0.09780000150203705,0.09780000150203705,0.09780000150203705,0.09780000150203705,100.0
2023-03-09 09:46:00,CMCAW,0.12929999828338623,0.12929999828338623,0.2289000004529953,0.09950000047683716,0.2289000004529953,2669.0
2023-03-09 09:46:00,CME,180.22000122070312,180.22000122070312,180.39999389648438,180.17999267578125,180.26499938964844,3103.0
2023-03-09 09:46:00,COLB,26.43000030517578,26.43000030517578,26.520000457763672,26.40999984741211,26.510000228881836,7620.0
2023-03-09 09:46:00,COOP,45.18000030517578,45.18000030517578,45.20000076293945,45.18000030517578,45.20000076293945,1898.0
2023-03-09 09:46:00,CSLM,10.319999694824219,10.319999694824219,10.319999694824219,10.319999694824219,10.319999694824219,400.0
2023-03-09 09:46:00,CSWC,18.719900131225586,18.719900131225586,18.719900131225586,18.709999084472656,18.709999084472656,351.0
2023-03-09 09:46:00,CVBF,22.510000228881836,22.510000228881836,22.610000610351562,22.510000228881836,22.600000381469727,5166.0
2023-03-09 09:46:00,CZNC,22.149999618530273,22.149999618530273,22.15999984741211,22.149999618530273,22.15999984741211,1347.0
2023-03-09 09:46:00,DGICA,15.024999618530273,15.024999618530273,15.024999618530273,15.024999618530273,15.024999618530273,103.0
2023-03-09 09:46:00,EBC,15.130000114440918,15.130000114440918,15.14799976348877,15.119999885559082,15.14799976348877,2696.0
2023-03-09 09:46:00,EGBN,41.0,41.0,41.13999938964844,41.0,41.13999938964844,269.0
2023-03-09 09:46:00,EHTH,9.550000190734863,9.550000190734863,9.600000381469727,9.529999732971191,9.529999732971191,1291.0
2023-03-09 09:46:00,ERIE,235.08999633789062,235.08999633789062,235.08999633789062,235.07000732421875,235.07000732421875,620.0
2023-03-09 09:46:00,EWBC,71.5,71.5,71.69000244140625,71.5,71.69000244140625,1958.0
2023-03-09 09:46:00,EZPW,8.930000305175781,8.930000305175781,8.9399995803833,8.925000190734863,8.930000305175781,4594.0
2023-03-09 09:46:00,FBMS,29.610000610351562,29.610000610351562,29.610000610351562,29.610000610351562,29.610000610351562,250.0
2023-03-09 09:46:00,FCNCA,679.3400268554688,679.3400268554688,680.3800048828125,679.3300170898438,680.3800048828125,1174.0
2023-03-09 09:46:00,FFIC,17.90999984741211,17.90999984741211,17.90999984741211,17.90999984741211,17.90999984741211,272.0
2023-03-09 09:46:00,FFIN,34.66999816894531,34.66999816894531,34.71799850463867,34.649898529052734,34.6599006652832,3280.0
2023-03-09 09:46:00,FFWM,13.6899995803833,13.6899995803833,13.699999809265137,13.6899995803833,13.699999809265137,840.0
2023-03-09 09:46:00,FHB,25.040000915527344,25.040000915527344,25.114999771118164,25.03499984741211,25.114999771118164,2004.0
2023-03-09 09:46:00,FIBK,33.2400016784668,33.2400016784668,33.435001373291016,33.2400016784668,33.435001373291016,4486.0
2023-03-09 09:46:00,FISI,23.899999618530273,23.899999618530273,23.899999618530273,23.899999618530273,23.899999618530273,366.0
2023-03-09 09:46:00,FITB,33.04999923706055,33.04999923706055,33.13999938964844,33.04999923706055,33.119998931884766,10881.0
2023-03-09 09:46:00,FMNB,13.470000267028809,13.470000267028809,13.479999542236328,13.470000267028809,13.479999542236328,1506.0
2023-03-09 09:46:00,FOCS,51.790000915527344,51.790000915527344,51.79999923706055,51.790000915527344,51.79999923706055,8975.0
2023-03-09 09:46:00,FRBK,1.809999942779541,1.809999942779541,1.809999942779541,1.809999942779541,1.809999942779541,503.0
2023-03-09 09:46:00,FRME,38.599998474121094,38.599998474121094,38.630001068115234,38.599998474121094,38.630001068115234,849.0
2023-03-09 09:46:00,FULT,16.09000015258789,16.09000015258789,16.139999389648438,16.09000015258789,16.1299991607666,3805.0
2023-03-09 09:46:00,FUTU,46.3650016784668,46.3650016784668,46.43000030517578,46.209999084472656,46.34000015258789,28217.0
2023-03-09 09:46:00,GABC,36.93000030517578,36.93000030517578,36.9900016784668,36.93000030517578,36.9900016784668,630.0
2023-03-09 09:46:00,GAIN,13.890000343322754,13.890000343322754,13.890000343322754,13.890000343322754,13.890000343322754,338.0
2023-03-09 09:46:00,GBDC,13.510000228881836,13.510000228881836,13.510000228881836,13.5,13.5,1566.0
2023-03-09 09:46:00,GECC,9.38129997253418,9.38129997253418,9.449999809265137,9.38129997253418,9.449999809265137,1951.0
2023-03-09 09:46:00,GGAL,13.114999771118164,13.114999771118164,13.114999771118164,13.114999771118164,13.114999771118164,109.0
2023-03-09 09:46:00,GLRE,10.270000457763672,10.270000457763672,10.270000457763672,10.270000457763672,10.270000457763672,343.0
2023-03-09 09:46:00,GROW,2.680000066757202,2.680000066757202,2.680000066757202,2.680000066757202,2.680000066757202,404.0
2023-03-09 09:46:00,HBAN,14.270000457763672,14.270000457763672,14.300000190734863,14.270000457763672,14.28499984741211,72490.0
2023-03-09 09:46:00,HBNC,14.569999694824219,14.569999694824219,14.569999694824219,14.569999694824219,14.569999694824219,150.0
2023-03-09 09:46:00,HFWA,25.219999313354492,25.219999313354492,25.239999771118164,25.219999313354492,25.239999771118164,590.0
2023-03-09 09:46:00,HIVE,2.6649999618530273,2.6649999618530273,2.6649999618530273,2.6500000953674316,2.6500000953674316,11443.0
2023-03-09 09:46:00,HONE,13.0,13.0,13.010000228881836,13.0,13.0,1416.0
2023-03-09 09:46:00,HOPE,12.119999885559082,12.119999885559082,12.15999984741211,12.119999885559082,12.15999984741211,2295.0
2023-03-09 09:46:00,HRZN,12.049400329589844,12.049400329589844,12.049400329589844,12.049400329589844,12.049400329589844,2631.0
2023-03-09 09:46:00,HTBK,11.324999809265137,11.324999809265137,11.324999809265137,11.324999809265137,11.324999809265137,290.0
2023-03-09 09:46:00,HUT,1.475000023841858,1.475000023841858,1.4800000190734863,1.465000033378601,1.4678000211715698,45598.0
2023-03-09 09:46:00,HWC,45.630001068115234,45.630001068115234,45.75,45.630001068115234,45.75,2345.0
2023-03-09 09:46:00,HYW,5.710000038146973,5.710000038146973,5.710000038146973,5.710000038146973,5.710000038146973,643.0
2023-03-09 09:46:00,IBCP,21.325000762939453,21.325000762939453,21.325000762939453,21.325000762939453,21.325000762939453,242.0
2023-03-09 09:46:00,IBKR,88.52999877929688,88.52999877929688,88.52999877929688,88.43000030517578,88.43000030517578,819.0
2023-03-09 09:46:00,IBOC,46.650001525878906,46.650001525878906,46.709999084472656,46.650001525878906,46.709999084472656,530.0
2023-03-09 09:46:00,IBTX,54.380001068115234,54.380001068115234,54.439998626708984,54.380001068115234,54.439998626708984,597.0
2023-03-09 09:46:00,INDB,74.73999786376953,74.73999786376953,74.94000244140625,74.73999786376953,74.94000244140625,2057.0
2023-03-09 09:47:00,ACGL,69.91000366210938,69.91000366210938,69.94999694824219,69.875,69.875,1864.0
2023-03-09 09:47:00,ACQR,10.204999923706055,10.204999923706055,10.204999923706055,10.204999923706055,10.204999923706055,500.0
2023-03-09 09:47:00,AGBA,2.2249999046325684,2.2249999046325684,2.2249999046325684,2.2249999046325684,2.2249999046325684,100.0
2023-03-09 09:47:00,AMAL,21.850000381469727,21.850000381469727,21.850000381469727,21.850000381469727,21.850000381469727,464.0
2023-03-09 09:47:00,APLD,2.259999990463257,2.259999990463257,2.259999990463257,2.259999990463257,2.259999990463257,445.0
2023-03-09 09:47:00,APMI,10.199999809265137,10.199999809265137,10.329999923706055,10.100000381469727,10.100000381469727,7489.0
2023-03-09 09:47:00,ARCC,19.174999237060547,19.174999237060547,19.18000030517578,19.15999984741211,19.15999984741211,4808.0
2023-03-09 09:47:00,BGCP,5.074999809265137,5.074999809265137,5.074999809265137,5.065000057220459,5.071300029754639,15278.0
2023-03-09 09:47:00,BHFAM,16.790000915527344,16.790000915527344,16.799999237060547,16.790000915527344,16.790000915527344,630.0
2023-03-09 09:47:00,BITF,0.8295000195503235,0.8295000195503235,0.8295000195503235,0.817799985408783,0.8216000199317932,5147.0
2023-03-09 09:47:00,BLFY,11.760000228881836,11.760000228881836,11.760000228881836,11.760000228881836,11.760000228881836,105.0
2023-03-09 09:47:00,BMRC,28.040000915527344,28.040000915527344,28.100000381469727,28.040000915527344,28.100000381469727,382.0
2023-03-09 09:47:00,BPOP,63.54999923706055,63.54999923706055,63.56999969482422,63.52000045776367,63.52000045776367,847.0
2023-03-09 09:47:00,BRKL,11.90999984741211,11.90999984741211,11.90999984741211,11.899999618530273,11.899999618530273,552.0
2023-03-09 09:47:00,BRP,26.920000076293945,26.920000076293945,26.920000076293945,26.600000381469727,26.829999923706055,4084.0
2023-03-09 09:47:00,BTBT,1.1806000471115112,1.1806000471115112,1.187999963760376,1.1806000471115112,1.187999963760376,1297.0
2023-03-09 09:47:00,CASH,47.709999084472656,47.709999084472656,47.709999084472656,47.709999084472656,47.709999084472656,704.0
2023-03-09 09:47:00,CATY,40.595001220703125,40.595001220703125,40.599998474121094,40.595001220703125,40.599998474121094,460.0
2023-03-09 09:47:00,CCAI,10.449999809265137,10.449999809265137,10.449999809265137,10.430000305175781,10.430000305175781,0.0
2023-03-09 09:47:00,CCB,43.75,43.75,43.75,43.75,43.75,272.0
2023-03-09 09:47:00,CCBG,34.75,34.75,34.75,34.67499923706055,34.72999954223633,732.0
2023-03-09 09:47:00,CCD,22.860000610351562,22.860000610351562,22.860000610351562,22.860000610351562,22.860000610351562,1372.0
2023-03-09 09:47:00,CFFN,7.710000038146973,7.710000038146973,7.710000038146973,7.710000038146973,7.710000038146973,204.0
2023-03-09 09:47:00,CG,34.70000076293945,34.70000076293945,34.73500061035156,34.70000076293945,34.73500061035156,3423.0
2023-03-09 09:47:00,CIFR,1.4600000381469727,1.4600000381469727,1.4600000381469727,1.4600000381469727,1.4600000381469727,803.0
2023-03-09 09:47:00,CLBK,20.045499801635742,20.045499801635742,20.045499801635742,20.045499801635742,20.045499801635742,410.0
2023-03-09 09:47:00,CLINW,0.09780000150203705,0.09780000150203705,0.1395999938249588,0.09780000150203705,0.1395999938249588,2002.0
2023-03-09 09:47:00,CMCAW,0.10000000149011612,0.10000000149011612,0.10000000149011612,0.10000000149011612,0.10000000149011612,100.0
2023-03-09 09:47:00,COLB,26.469999313354492,26.469999313354492,26.479999542236328,26.45989990234375,26.45989990234375,6586.0
2023-03-09 09:47:00,CONX,10.149999618530273,10.149999618530273,10.149999618530273,10.149999618530273,10.149999618530273,10.0
2023-03-09 09:47:00,CSLM,10.319999694824219,10.319999694824219,10.319999694824219,10.319999694824219,10.319999694824219,300.0
2023-03-09 09:47:00,CSWC,18.704999923706055,18.704999923706055,18.719900131225586,18.68000030517578,18.71500015258789,14690.0
2023-03-09 09:47:00,CVBF,22.510000228881836,22.510000228881836,22.510000228881836,22.510000228881836,22.510000228881836,409.0
2023-03-09 09:47:00,DCOM,29.795000076293945,29.795000076293945,29.795000076293945,29.790000915527344,29.795000076293945,737.0
2023-03-09 09:47:00,DNAD,10.210000038146973,10.210000038146973,10.210000038146973,10.199999809265137,10.199999809265137,0.0
2023-03-09 09:47:00,DWAC,14.244999885559082,14.244999885559082,14.244999885559082,14.244999885559082,14.244999885559082,672.0
2023-03-09 09:47:00,EFSC,52.900001525878906,52.900001525878906,52.900001525878906,52.900001525878906,52.900001525878906,361.0
2023-03-09 09:47:00,EWBC,71.55000305175781,71.55000305175781,71.62000274658203,71.46499633789062,71.46499633789062,965.0
2023-03-09 09:47:00,EZPW,8.9399995803833,8.9399995803833,8.9399995803833,8.9399995803833,8.9399995803833,1941.0
2023-03-09 09:47:00,FBMS,29.604999542236328,29.604999542236328,29.604999542236328,29.604999542236328,29.604999542236328,200.0
2023-03-09 09:47:00,FCNCA,679.8099975585938,679.8099975585938,682.1199951171875,679.5,680.25,1390.0
2023-03-09 09:47:00,FCRD,4.710000038146973,4.710000038146973,4.710000038146973,4.710000038146973,4.710000038146973,100.0
2023-03-09 09:47:00,FDUS,20.5,20.5,20.5,20.5,20.5,636.0
2023-03-09 09:47:00,FFIN,34.65999984741211,34.65999984741211,34.65999984741211,34.59000015258789,34.59000015258789,512.0
2023-03-09 09:47:00,FFWM,13.649999618530273,13.649999618530273,13.649999618530273,13.649999618530273,13.649999618530273,179.0
2023-03-09 09:47:00,FIBK,33.27000045776367,33.27000045776367,33.290000915527344,33.27000045776367,33.27000045776367,412.0
2023-03-09 09:47:00,FITB,33.08000183105469,33.08000183105469,33.09000015258789,33.060001373291016,33.060001373291016,3895.0
2023-03-09 09:47:00,FMNB,13.479999542236328,13.479999542236328,13.479999542236328,13.479999542236328,13.479999542236328,556.0
2023-03-09 09:47:00,FOCS,51.79999923706055,51.79999923706055,51.79999923706055,51.790000915527344,51.79999923706055,8224.0
2023-03-09 09:47:00,FRHC,72.93000030517578,72.93000030517578,72.98999786376953,72.93000030517578,72.95999908447266,667.0
2023-03-09 09:47:00,FULT,16.100000381469727,16.100000381469727,16.100000381469727,16.100000381469727,16.100000381469727,806.0
2023-03-09 09:47:00,FUTU,46.400001525878906,46.400001525878906,46.5,46.27000045776367,46.380001068115234,8259.0
2023-03-09 09:47:00,GBDC,13.505000114440918,13.505000114440918,13.505000114440918,13.505000114440918,13.505000114440918,149.0
2023-03-09 09:47:00,GLAD,9.986700057983398,9.986700057983398,9.994999885559082,9.979999542236328,9.979999542236328,4415.0
2023-03-09 09:47:00,GREE,0.44830000400543213,0.44830000400543213,0.44830000400543213,0.44830000400543213,0.44830000400543213,1033.0
2023-03-09 09:47:00,GSHD,53.869998931884766,53.869998931884766,54.029998779296875,53.869998931884766,54.029998779296875,847.0
2023-03-09 09:47:00,HBAN,14.270000457763672,14.270000457763672,14.28499984741211,14.265000343322754,14.270000457763672,36588.0
2023-03-09 09:47:00,HIVE,2.6700000762939453,2.6700000762939453,2.6700000762939453,2.6600000858306885,2.6649999618530273,1587.0
2023-03-09 09:47:00,HOPE,12.149999618530273,12.149999618530273,12.149999618530273,12.125,12.125,5183.0
2023-03-09 09:47:00,HRZN,11.989999771118164,11.989999771118164,12.010000228881836,11.989999771118164,12.010000228881836,688.0
2023-03-09 09:47:00,HTBK,11.300000190734863,11.300000190734863,11.300000190734863,11.300000190734863,11.300000190734863,304.0
2023-03-09 09:47:00,HUT,1.475600004196167,1.475600004196167,1.4799000024795532,1.4701000452041626,1.4703999757766724,11535.0
2023-03-09 09:47:00,HWC,45.560001373291016,45.560001373291016,45.560001373291016,45.5099983215332,45.540000915527344,1709.0
2023-03-09 09:47:00,IBKR,88.51000213623047,88.51000213623047,88.5999984741211,88.51000213623047,88.5999984741211,735.0
2023-03-09 09:47:00,IBOC,46.630001068115234,46.630001068115234,46.630001068115234,46.630001068115234,46.630001068115234,353.0
2023-03-09 09:47:00,INDB,74.73999786376953,74.73999786376953,74.73999786376953,74.73999786376953,74.73999786376953,835.0
2023-03-09 09:48:00,ABCB,44.16999816894531,44.16999816894531,44.16999816894531,44.16999816894531,44.16999816894531,187.0
2023-03-09 09:48:00,ACGL,69.94000244140625,69.94000244140625,69.94000244140625,69.94000244140625,69.94000244140625,1183.0
2023-03-09 09:48:00,ALRS,19.309999465942383,19.309999465942383,19.309999465942383,19.309999465942383,19.309999465942383,104.0
2023-03-09 09:48:00,APMI,10.190099716186523,10.190099716186523,10.199999809265137,10.180000305175781,10.199999809265137,3402.0
2023-03-09 09:48:00,ARCC,19.17889976501465,19.17889976501465,19.18000030517578,19.174999237060547,19.175399780273438,1840.0
2023-03-09 09:48:00,AUB,37.810001373291016,37.810001373291016,37.95000076293945,37.810001373291016,37.82500076293945,3470.0
2023-03-09 09:48:00,BGCP,5.085000038146973,5.085000038146973,5.085000038146973,5.079999923706055,5.079999923706055,3521.0
2023-03-09 09:48:00,BHF,54.65999984741211,54.65999984741211,54.65999984741211,54.65999984741211,54.65999984741211,615.0
2023-03-09 09:48:00,BHFAP,25.049999237060547,25.049999237060547,25.049999237060547,25.049999237060547,25.049999237060547,0.0
2023-03-09 09:48:00,BITF,0.8180000185966492,0.8180000185966492,0.8180000185966492,0.8180000185966492,0.8180000185966492,10154.0
2023-03-09 09:48:00,BPOP,63.7400016784668,63.7400016784668,63.90190124511719,63.55500030517578,63.58000183105469,2877.0
2023-03-09 09:48:00,CBAN,11.90999984741211,11.90999984741211,11.90999984741211,11.90999984741211,11.90999984741211,532.0
2023-03-09 09:48:00,CBSH,62.665000915527344,62.665000915527344,62.709999084472656,62.665000915527344,62.709999084472656,1041.0
2023-03-09 09:48:00,CCAP,15.289999961853027,15.289999961853027,15.3100004196167,15.289999961853027,15.3100004196167,1695.0
2023-03-09 09:48:00,CCBG,34.584999084472656,34.584999084472656,34.7400016784668,34.584999084472656,34.7400016784668,471.0
2023-03-09 09:48:00,CCD,22.868200302124023,22.868200302124023,22.8700008392334,22.860000610351562,22.8700008392334,1159.0
2023-03-09 09:48:00,CCNE,23.209999084472656,23.209999084472656,23.209999084472656,23.209999084472656,23.209999084472656,100.0
2023-03-09 09:48:00,CFFN,7.71999979019165,7.71999979019165,7.71999979019165,7.71999979019165,7.71999979019165,219.0
2023-03-09 09:48:00,CG,34.68000030517578,34.68000030517578,34.71500015258789,34.68000030517578,34.70000076293945,4943.0
2023-03-09 09:48:00,CHCO,92.8499984741211,92.8499984741211,92.8499984741211,92.8499984741211,92.8499984741211,251.0
2023-03-09 09:48:00,CHY,12.359999656677246,12.359999656677246,12.359999656677246,12.350000381469727,12.350000381469727,2454.0
2023-03-09 09:48:00,CIFR,1.4700000286102295,1.4700000286102295,1.4700000286102295,1.4693000316619873,1.4700000286102295,324.0
2023-03-09 09:48:00,CINF,117.80000305175781,117.80000305175781,117.80000305175781,117.7699966430664,117.7699966430664,386.0
2023-03-09 09:48:00,CME,180.19500732421875,180.19500732421875,180.22000122070312,180.11000061035156,180.19000244140625,1999.0
2023-03-09 09:48:00,COLB,26.5,26.5,26.520000457763672,26.469999313354492,26.469999313354492,3152.0
2023-03-09 09:48:00,COOP,45.040000915527344,45.040000915527344,45.16999816894531,45.040000915527344,45.16999816894531,1316.0
2023-03-09 09:48:00,CSWC,18.700000762939453,18.700000762939453,18.700000762939453,18.700000762939453,18.700000762939453,425.0
2023-03-09 09:48:00,CVBF,22.540000915527344,22.540000915527344,22.540000915527344,22.540000915527344,22.540000915527344,412.0
2023-03-09 09:48:00,CZNC,22.15999984741211,22.15999984741211,22.15999984741211,22.15999984741211,22.15999984741211,371.0
2023-03-09 09:48:00,EBC,15.130000114440918,15.130000114440918,15.130000114440918,15.110099792480469,15.110099792480469,1492.0
2023-03-09 09:48:00,ECPG,50.63999938964844,50.63999938964844,50.63999938964844,50.63999938964844,50.63999938964844,989.0
2023-03-09 09:48:00,EGBN,41.0,41.0,41.0099983215332,40.9900016784668,40.9900016784668,575.0
2023-03-09 09:48:00,EWBC,71.7699966430664,71.7699966430664,71.7699966430664,71.58000183105469,71.66999816894531,4072.0
2023-03-09 09:48:00,EZPW,8.96500015258789,8.96500015258789,8.970000267028809,8.949999809265137,8.949999809265137,1848.0
2023-03-09 09:48:00,FBIZ,34.88999938964844,34.88999938964844,34.88999938964844,34.88999938964844,34.88999938964844,155.0
2023-03-09 09:48:00,FBNC,39.959999084472656,39.959999084472656,39.959999084472656,39.959999084472656,39.959999084472656,102.0
2023-03-09 09:48:00,FCNCA,682.75,682.75,682.75,682.75,682.75,116.0
2023-03-09 09:48:00,FFBC,22.860300064086914,22.860300064086914,22.860300064086914,22.860300064086914,22.860300064086914,322.0
2023-03-09 09:48:00,FFIC,17.924999237060547,17.924999237060547,17.924999237060547,17.924999237060547,17.924999237060547,150.0
2023-03-09 09:48:00,FFIN,34.70500183105469,34.70500183105469,34.70500183105469,34.70000076293945,34.70000076293945,213.0
2023-03-09 09:48:00,FHB,25.059999465942383,25.059999465942383,25.059999465942383,25.059999465942383,25.059999465942383,1057.0
2023-03-09 09:48:00,FIBK,33.28499984741211,33.28499984741211,33.310001373291016,33.28499984741211,33.310001373291016,3286.0
2023-03-09 09:48:00,FINW,8.850000381469727,8.850000381469727,8.850000381469727,8.850000381469727,8.850000381469727,0.0
2023-03-09 09:48:00,FITB,33.19499969482422,33.19499969482422,33.19499969482422,33.11000061035156,33.11000061035156,16275.0
2023-03-09 09:48:00,FLIC,16.549999237060547,16.549999237060547,16.549999237060547,16.549999237060547,16.549999237060547,572.0
2023-03-09 09:48:00,FOCS,51.79999923706055,51.79999923706055,51.79999923706055,51.79499816894531,51.79499816894531,3494.0
2023-03-09 09:48:00,FRBA,13.210000038146973,13.210000038146973,13.210000038146973,13.210000038146973,13.210000038146973,323.0
2023-03-09 09:48:00,FRHC,72.62370300292969,72.62370300292969,72.62370300292969,72.62370300292969,72.62370300292969,1235.0
2023-03-09 09:48:00,FRME,38.650001525878906,38.650001525878906,38.67499923706055,38.63999938964844,38.67499923706055,611.0
2023-03-09 09:48:00,FULT,16.139999389648438,16.139999389648438,16.145000457763672,16.1200008392334,16.1200008392334,3033.0
2023-03-09 09:48:00,FUTU,46.459999084472656,46.459999084472656,46.459999084472656,46.29999923706055,46.439998626708984,15352.0
2023-03-09 09:48:00,GBDC,13.504899978637695,13.504899978637695,13.504899978637695,13.504899978637695,13.504899978637695,1004.0
2023-03-09 09:48:00,GECC,9.479999542236328,9.479999542236328,9.479999542236328,9.479999542236328,9.479999542236328,327.0
2023-03-09 09:48:00,GGAAW,0.03200000151991844,0.03200000151991844,0.03200000151991844,0.03200000151991844,0.03200000151991844,0.0
2023-03-09 09:48:00,GLAD,9.989899635314941,9.989899635314941,9.989899635314941,9.989899635314941,9.989899635314941,634.0
2023-03-09 09:48:00,GSHD,53.915000915527344,53.915000915527344,53.915000915527344,53.875,53.915000915527344,1167.0
2023-03-09 09:48:00,HBAN,14.300000190734863,14.300000190734863,14.300000190734863,14.260000228881836,14.265000343322754,53742.0
2023-03-09 09:48:00,HBANP,19.219999313354492,19.219999313354492,19.219999313354492,19.219999313354492,19.219999313354492,227.0
2023-03-09 09:48:00,HBT,22.559999465942383,22.559999465942383,22.559999465942383,22.559999465942383,22.559999465942383,236.0
2023-03-09 09:48:00,HFWA,25.329999923706055,25.329999923706055,25.329999923706055,25.290000915527344,25.290000915527344,758.0
2023-03-09 09:48:00,HIVE,2.6700000762939453,2.6700000762939453,2.6700000762939453,2.6700000762939453,2.6700000762939453,345.0
2023-03-09 09:48:00,HMPT,1.909999966621399,1.909999966621399,1.9199999570846558,1.909999966621399,1.9199999570846558,374.0
2023-03-09 09:48:00,HOPE,12.170000076293945,12.170000076293945,12.170000076293945,12.170000076293945,12.170000076293945,206.0
2023-03-09 09:48:00,HRZN,12.039899826049805,12.039899826049805,12.039899826049805,12.039899826049805,12.039899826049805,143.0
2023-03-09 09:48:00,HUIZ,1.340000033378601,1.340000033378601,1.340000033378601,1.340000033378601,1.340000033378601,3500.0
2023-03-09 09:48:00,HUT,1.475000023841858,1.475000023841858,1.4800000190734863,1.475000023841858,1.479599952697754,11199.0
2023-03-09 09:48:00,HWC,45.65999984741211,45.65999984741211,45.65999984741211,45.54499816894531,45.54499816894531,1624.0
2023-03-09 09:48:00,HWEL,10.095000267028809,10.095000267028809,10.100000381469727,10.095000267028809,10.100000381469727,1600.0
2023-03-09 09:48:00,IBCP,21.325000762939453,21.325000762939453,21.325000762939453,21.325000762939453,21.325000762939453,265.0
2023-03-09 09:48:00,IBKR,88.58000183105469,88.58000183105469,88.58499908447266,88.51260375976562,88.51260375976562,1775.0
2023-03-09 09:48:00,INDB,74.81999969482422,74.81999969482422,74.81999969482422,74.81999969482422,74.81999969482422,100.0
2023-03-09 09:49:00,ACGL,69.98999786376953,69.98999786376953,70.05999755859375,69.9800033569336,70.05999755859375,2264.0
2023-03-09 09:49:00,ACGLN,19.190000534057617,19.190000534057617,19.190000534057617,19.190000534057617,19.190000534057617,368.0
2023-03-09 09:49:00,AMAL,21.6299991607666,21.6299991607666,21.6299991607666,21.6299991607666,21.6299991607666,331.0
2023-03-09 09:49:00,AMRK,28.3700008392334,28.3700008392334,28.3700008392334,28.350000381469727,28.350000381469727,737.0
2023-03-09 09:49:00,APLD,2.2699999809265137,2.2699999809265137,2.2699999809265137,2.2699999809265137,2.2699999809265137,492.0
2023-03-09 09:49:00,APMI,10.180000305175781,10.180000305175781,10.199799537658691,10.180000305175781,10.1899995803833,700.0
2023-03-09 09:49:00,ARCC,19.18000030517578,19.18000030517578,19.1875,19.170000076293945,19.18000030517578,13663.0
2023-03-09 09:49:00,BFST,19.59000015258789,19.59000015258789,19.610000610351562,19.59000015258789,19.610000610351562,1118.0
2023-03-09 09:49:00,BGCP,5.074999809265137,5.074999809265137,5.089900016784668,5.074999809265137,5.085000038146973,6124.0
2023-03-09 09:49:00,BITF,0.8285999894142151,0.8285999894142151,0.8285999894142151,0.8230999708175659,0.8230999708175659,402.0
2023-03-09 09:49:00,BKCC,3.740000009536743,3.740000009536743,3.744999885559082,3.740000009536743,3.744999885559082,1874.0
2023-03-09 09:49:00,BLFY,11.800000190734863,11.800000190734863,11.800000190734863,11.760000228881836,11.760000228881836,351.0
2023-03-09 09:49:00,BOKF,97.44999694824219,97.44999694824219,97.47000122070312,97.37000274658203,97.37000274658203,585.0
2023-03-09 09:49:00,BPOP,63.79499816894531,63.79499816894531,63.84000015258789,63.77000045776367,63.77000045776367,2635.0
2023-03-09 09:49:00,BRP,26.829999923706055,26.829999923706055,26.829999923706055,26.774999618530273,26.774999618530273,2033.0
2023-03-09 09:49:00,BTBT,1.1813000440597534,1.1813000440597534,1.1813000440597534,1.1813000440597534,1.1813000440597534,100.0
2023-03-09 09:49:00,CARE,17.25,17.25,17.25,17.25,17.25,2131.0
2023-03-09 09:49:00,CASH,47.70000076293945,47.70000076293945,47.70000076293945,47.70000076293945,47.70000076293945,328.0
2023-03-09 09:49:00,CATY,40.654998779296875,40.654998779296875,40.654998779296875,40.654998779296875,40.654998779296875,1966.0
2023-03-09 09:49:00,CFFN,7.724999904632568,7.724999904632568,7.724999904632568,7.724999904632568,7.724999904632568,601.0
2023-03-09 09:49:00,CG,34.689998626708984,34.689998626708984,34.689998626708984,34.66999816894531,34.68000030517578,2080.0
2023-03-09 09:49:00,CGBD,15.051600456237793,15.051600456237793,15.051600456237793,15.051600456237793,15.051600456237793,260.0
2023-03-09 09:49:00,CHEAU,10.510000228881836,10.510000228881836,10.510000228881836,10.510000228881836,10.510000228881836,100.0
2023-03-09 09:49:00,CHY,12.350000381469727,12.350000381469727,12.350000381469727,12.350000381469727,12.350000381469727,408.0
2023-03-09 09:49:00,CIFR,1.4773000478744507,1.4773000478744507,1.4800000190734863,1.475000023841858,1.4773000478744507,1266.0
2023-03-09 09:49:00,CINF,117.84500122070312,117.84500122070312,117.9000015258789,117.73999786376953,117.9000015258789,1290.0
2023-03-09 09:49:00,CLBK,20.110000610351562,20.110000610351562,20.110000610351562,20.110000610351562,20.110000610351562,1386.0
2023-03-09 09:49:00,CME,179.88999938964844,179.88999938964844,180.16000366210938,179.8800048828125,180.10000610351562,7894.0
2023-03-09 09:49:00,COLB,26.520000457763672,26.520000457763672,26.540000915527344,26.520000457763672,26.530000686645508,705.0
2023-03-09 09:49:00,COOP,45.04010009765625,45.04010009765625,45.04010009765625,45.0,45.0099983215332,577.0
2023-03-09 09:49:00,CRVL,179.02999877929688,179.02999877929688,179.02999877929688,179.02999877929688,179.02999877929688,590.0
2023-03-09 09:49:00,CSLM,10.319999694824219,10.319999694824219,10.319999694824219,10.319999694824219,10.319999694824219,600.0
2023-03-09 09:49:00,CSWC,18.690000534057617,18.690000534057617,18.690000534057617,18.690000534057617,18.690000534057617,477.0
2023-03-09 09:49:00,EBC,15.140000343322754,15.140000343322754,15.140000343322754,15.140000343322754,15.140000343322754,211.0
2023-03-09 09:49:00,EGBN,40.9900016784668,40.9900016784668,40.9900016784668,40.9900016784668,40.9900016784668,358.0
2023-03-09 09:49:00,EHTH,9.449999809265137,9.449999809265137,9.489999771118164,9.449999809265137,9.489999771118164,617.0
2023-03-09 09:49:00,EWBC,71.7300033569336,71.7300033569336,71.75,71.7300033569336,71.75,909.0
2023-03-09 09:49:00,EZPW,8.96500015258789,8.96500015258789,8.96500015258789,8.96500015258789,8.96500015258789,584.0
2023-03-09 09:49:00,FBMS,29.690000534057617,29.690000534057617,29.709999084472656,29.604999542236328,29.604999542236328,2535.0
2023-03-09 09:49:00,FBNC,39.96500015258789,39.96500015258789,39.96500015258789,39.96500015258789,39.96500015258789,733.0
2023-03-09 09:49:00,FDUS,20.524999618530273,20.524999618530273,20.524999618530273,20.5,20.5,290.0
2023-03-09 09:49:00,FFBC,22.8799991607666,22.8799991607666,22.8799991607666,22.8799991607666,22.8799991607666,102.0
2023-03-09 09:49:00,FFIN,34.68000030517578,34.68000030517578,34.7599983215332,34.68000030517578,34.720001220703125,1238.0
2023-03-09 09:49:00,FFWM,13.720000267028809,13.720000267028809,13.720000267028809,13.710000038146973,13.710000038146973,945.0
2023-03-09 09:49:00,FHB,25.09000015258789,25.09000015258789,25.09000015258789,25.09000015258789,25.09000015258789,131.0
2023-03-09 09:49:00,FITB,33.22999954223633,33.22999954223633,33.2400016784668,33.209999084472656,33.21500015258789,8782.0
2023-03-09 09:49:00,FOCS,51.80500030517578,51.80500030517578,51.810001373291016,51.79999923706055,51.79999923706055,4741.0
2023-03-09 09:49:00,FRHC,73.0,73.0,73.0999984741211,73.0,73.0,810.0
2023-03-09 09:49:00,FULT,16.1299991607666,16.1299991607666,16.149999618530273,16.1299991607666,16.149999618530273,2242.0
2023-03-09 09:49:00,FUTU,46.220001220703125,46.220001220703125,46.5,46.15999984741211,46.40999984741211,29214.0
2023-03-09 09:49:00,GBDC,13.510000228881836,13.510000228881836,13.510000228881836,13.510000228881836,13.510000228881836,1021.0
2023-03-09 09:49:00,GFGD,10.1899995803833,10.1899995803833,10.1899995803833,10.1899995803833,10.1899995803833,0.0
2023-03-09 09:49:00,GLAD,9.989999771118164,9.989999771118164,9.989999771118164,9.989999771118164,9.989999771118164,1258.0
2023-03-09 09:49:00,GSHD,53.69499969482422,53.69499969482422,53.69499969482422,53.69499969482422,53.69499969482422,230.0
2023-03-09 09:49:00,HALL,11.070099830627441,11.070099830627441,11.070099830627441,11.070099830627441,11.070099830627441,100.0
2023-03-09 09:49:00,HBAN,14.324999809265137,14.324999809265137,14.329999923706055,14.300100326538086,14.305000305175781,13279.0
2023-03-09 09:49:00,HIVE,2.669300079345703,2.669300079345703,2.669300079345703,2.669300079345703,2.669300079345703,339.0
2023-03-09 09:49:00,HLNE,76.91999816894531,76.91999816894531,77.08999633789062,76.5,76.5,2291.0
2023-03-09 09:49:00,HOPE,12.170000076293945,12.170000076293945,12.170000076293945,12.15999984741211,12.15999984741211,2750.0
2023-03-09 09:49:00,HRZN,11.989999771118164,11.989999771118164,11.989999771118164,11.989999771118164,11.989999771118164,1481.0
2023-03-09 09:49:00,HUT,1.4701000452041626,1.4701000452041626,1.4850000143051147,1.4701000452041626,1.4800000190734863,35825.0
2023-03-09 09:49:00,HWC,45.630001068115234,45.630001068115234,45.65999984741211,45.630001068115234,45.65999984741211,865.0
2023-03-09 09:49:00,IBOC,46.72999954223633,46.72999954223633,46.72999954223633,46.709999084472656,46.720001220703125,702.0
2023-03-09 09:49:00,IBTX,54.470001220703125,54.470001220703125,54.470001220703125,54.470001220703125,54.470001220703125,381.0
2023-03-09 09:49:00,IGTA,10.300000190734863,10.300000190734863,10.300000190734863,10.300000190734863,10.300000190734863,0.0
2023-03-09 09:49:00,INDB,74.83000183105469,74.83000183105469,74.83000183105469,74.83000183105469,74.83000183105469,100.0
2023-03-09 09:50:00,ABCB,44.220001220703125,44.220001220703125,44.220001220703125,44.220001220703125,44.220001220703125,126.0
2023-03-09 09:50:00,ACGL,70.01000213623047,70.01000213623047,70.0199966430664,70.01000213623047,70.0199966430664,333.0
2023-03-09 09:50:00,ACT,24.309999465942383,24.309999465942383,24.309999465942383,24.309999465942383,24.309999465942383,245.0
2023-03-09 09:50:00,AMRK,28.329999923706055,28.329999923706055,28.399999618530273,28.329999923706055,28.399999618530273,2106.0
2023-03-09 09:50:00,APLD,2.265000104904175,2.265000104904175,2.2699999809265137,2.265000104904175,2.2699999809265137,2115.0
2023-03-09 09:50:00,ARCC,19.184999465942383,19.184999465942383,19.190000534057617,19.180099487304688,19.184999465942383,2026.0
2023-03-09 09:50:00,BGCP,5.079999923706055,5.079999923706055,5.079999923706055,5.079999923706055,5.079999923706055,1608.0
2023-03-09 09:50:00,BITF,0.8201000094413757,0.8201000094413757,0.8201000094413757,0.8180999755859375,0.8180999755859375,2546.0
2023-03-09 09:50:00,BLFY,11.760000228881836,11.760000228881836,11.760000228881836,11.760000228881836,11.760000228881836,100.0
2023-03-09 09:50:00,BPOP,63.790000915527344,63.790000915527344,63.869998931884766,63.7599983215332,63.83000183105469,2818.0
2023-03-09 09:50:00,BRP,26.989999771118164,26.989999771118164,26.989999771118164,26.78499984741211,26.78499984741211,455.0
2023-03-09 09:50:00,BWB,14.010000228881836,14.010000228881836,14.015000343322754,14.010000228881836,14.015000343322754,514.0
2023-03-09 09:50:00,CBNK,19.350000381469727,19.350000381469727,19.350000381469727,19.34000015258789,19.350000381469727,0.0
2023-03-09 09:50:00,CFFN,7.730000019073486,7.730000019073486,7.730000019073486,7.730000019073486,7.730000019073486,2313.0
2023-03-09 09:50:00,CG,34.744998931884766,34.744998931884766,34.744998931884766,34.685001373291016,34.685001373291016,4965.0
2023-03-09 09:50:00,CGBD,15.0600004196167,15.0600004196167,15.0600004196167,15.0600004196167,15.0600004196167,173.0
2023-03-09 09:50:00,CGO,9.829999923706055,9.829999923706055,9.9399995803833,9.75,9.930000305175781,6883.0
2023-03-09 09:50:00,CHCO,93.2699966430664,93.2699966430664,93.2699966430664,93.2699966430664,93.2699966430664,161.0
2023-03-09 09:50:00,CHEAU,10.510000228881836,10.510000228881836,10.510000228881836,10.510000228881836,10.510000228881836,100.0
2023-03-09 09:50:00,CINF,118.0,118.0,118.05999755859375,117.93000030517578,117.93000030517578,1417.0
2023-03-09 09:50:00,CME,179.98500061035156,179.98500061035156,179.98500061035156,179.98500061035156,179.98500061035156,363.0
2023-03-09 09:50:00,COLB,26.594999313354492,26.594999313354492,26.610000610351562,26.510000228881836,26.510000228881836,17510.0
2023-03-09 09:50:00,COOP,44.994998931884766,44.994998931884766,44.994998931884766,44.994998931884766,44.994998931884766,100.0
2023-03-09 09:50:00,CSLM,10.319999694824219,10.319999694824219,10.319999694824219,10.319999694824219,10.319999694824219,300.0
2023-03-09 09:50:00,CSWC,18.670000076293945,18.670000076293945,18.670000076293945,18.670000076293945,18.670000076293945,352.0
2023-03-09 09:50:00,CVBF,22.510000228881836,22.510000228881836,22.549999237060547,22.510000228881836,22.549999237060547,794.0
2023-03-09 09:50:00,DGICA,15.140000343322754,15.140000343322754,15.140000343322754,15.140000343322754,15.140000343322754,1225.0
2023-03-09 09:50:00,EWBC,71.68000030517578,71.68000030517578,71.75,71.66000366210938,71.75,2019.0
2023-03-09 09:50:00,EZPW,8.970000267028809,8.970000267028809,8.970000267028809,8.970000267028809,8.970000267028809,286.0
2023-03-09 09:50:00,FANH,8.140000343322754,8.140000343322754,8.149999618530273,8.119999885559082,8.149999618530273,1427.0
2023-03-09 09:50:00,FBNC,39.94499969482422,39.94499969482422,39.94499969482422,39.939998626708984,39.939998626708984,322.0
2023-03-09 09:50:00,FCNCA,680.375,680.375,680.375,679.8800048828125,679.8800048828125,1421.0
2023-03-09 09:50:00,FCRD,4.690000057220459,4.690000057220459,4.690000057220459,4.690000057220459,4.690000057220459,100.0
2023-03-09 09:50:00,FFBC,22.959999084472656,22.959999084472656,22.969999313354492,22.8799991607666,22.8799991607666,6096.0
2023-03-09 09:50:00,FFIN,34.709999084472656,34.709999084472656,34.709999084472656,34.709999084472656,34.709999084472656,222.0
2023-03-09 09:50:00,FIBK,33.31999969482422,33.31999969482422,33.31999969482422,33.31999969482422,33.31999969482422,440.0
2023-03-09 09:50:00,FITB,33.209999084472656,33.209999084472656,33.27000045776367,33.209999084472656,33.2400016784668,26807.0
2023-03-09 09:50:00,FMAO,24.1299991607666,24.1299991607666,24.1299991607666,24.1299991607666,24.1299991607666,137.0
2023-03-09 09:50:00,FOCS,51.79999923706055,51.79999923706055,51.810001373291016,51.79999923706055,51.810001373291016,1778.0
2023-03-09 09:50:00,FRBK,1.8200000524520874,1.8200000524520874,1.8200000524520874,1.8200000524520874,1.8200000524520874,100.0
2023-03-09 09:50:00,FRHC,73.19999694824219,73.19999694824219,73.43299865722656,73.16999816894531,73.16999816894531,2214.0
2023-03-09 09:50:00,FULT,16.135000228881836,16.135000228881836,16.135000228881836,16.135000228881836,16.135000228881836,424.0
2023-03-09 09:50:00,FUSB,9.75,9.75,9.75,9.75,9.75,0.0
2023-03-09 09:50:00,FUTU,46.35499954223633,46.35499954223633,46.35499954223633,46.21500015258789,46.21500015258789,11558.0
2023-03-09 09:50:00,GABC,36.779998779296875,36.779998779296875,36.779998779296875,36.779998779296875,36.779998779296875,755.0
2023-03-09 09:50:00,GGAL,13.15999984741211,13.15999984741211,13.15999984741211,13.15999984741211,13.15999984741211,198.0
2023-03-09 09:50:00,GREE,0.4401009976863861,0.4401009976863861,0.4401009976863861,0.4401009976863861,0.4401009976863861,7613.0
2023-03-09 09:50:00,GROW,2.690999984741211,2.690999984741211,2.690999984741211,2.690999984741211,2.690999984741211,170.0
2023-03-09 09:50:00,GXII,10.140000343322754,10.140000343322754,10.140000343322754,10.130000114440918,10.140000343322754,1592.0
2023-03-09 09:50:00,HAFC,22.3799991607666,22.3799991607666,22.3799991607666,22.3799991607666,22.3799991607666,103.0
2023-03-09 09:50:00,HBAN,14.305000305175781,14.305000305175781,14.335000038146973,14.305000305175781,14.329999923706055,21838.0
2023-03-09 09:50:00,HBNC,14.600000381469727,14.600000381469727,14.600000381469727,14.600000381469727,14.600000381469727,755.0
2023-03-09 09:50:00,HFWA,25.385000228881836,25.385000228881836,25.385000228881836,25.385000228881836,25.385000228881836,574.0
2023-03-09 09:50:00,HIVE,2.6649999618530273,2.6649999618530273,2.6649999618530273,2.6649999618530273,2.6649999618530273,118.0
2023-03-09 09:50:00,HLNE,77.19999694824219,77.19999694824219,77.19999694824219,76.95999908447266,76.95999908447266,313.0
2023-03-09 09:50:00,HOPE,12.15999984741211,12.15999984741211,12.15999984741211,12.15999984741211,12.15999984741211,400.0
2023-03-09 09:50:00,HUT,1.475000023841858,1.475000023841858,1.475000023841858,1.475000023841858,1.475000023841858,181.0
2023-03-09 09:50:00,HWC,45.755001068115234,45.755001068115234,45.77000045776367,45.689998626708984,45.689998626708984,2101.0
2023-03-09 09:50:00,IBCP,21.329999923706055,21.329999923706055,21.329999923706055,21.329999923706055,21.329999923706055,252.0
2023-03-09 09:50:00,IBKR,88.63999938964844,88.63999938964844,88.63999938964844,88.63999938964844,88.63999938964844,100.0
2023-03-09 09:50:00,IBOC,46.65999984741211,46.65999984741211,46.65999984741211,46.65999984741211,46.65999984741211,398.0
2023-03-09 09:50:00,INDB,74.81999969482422,74.81999969482422,74.81999969482422,74.81999969482422,74.81999969482422,324.0
2023-03-09 09:50:00,INKA,10.4399995803833,10.4399995803833,10.4399995803833,10.420000076293945,10.420000076293945,300.0
2023-03-09 09:51:00,ABCB,44.150001525878906,44.150001525878906,44.150001525878906,44.150001525878906,44.150001525878906,218.0
2023-03-09 09:51:00,ACACW,0.04769999906420708,0.04769999906420708,0.04989999905228615,0.04769999906420708,0.04989999905228615,0.0
2023-03-09 09:51:00,ACGL,69.94999694824219,69.94999694824219,69.98999786376953,69.94999694824219,69.98999786376953,1562.0
2023-03-09 09:51:00,APLD,2.2699999809265137,2.2699999809265137,2.2699999809265137,2.2699999809265137,2.2699999809265137,304.0
2023-03-09 09:51:00,ARBK,1.5099999904632568,1.5099999904632568,1.5099999904632568,1.5099999904632568,1.5099999904632568,233.0
2023-03-09 09:51:00,ARCC,19.184999465942383,19.184999465942383,19.190000534057617,19.184999465942383,19.184999465942383,1610.0
2023-03-09 09:51:00,AUB,37.875,37.875,37.875,37.875,37.875,204.0
2023-03-09 09:51:00,AURC,10.21500015258789,10.21500015258789,10.21500015258789,10.21500015258789,10.21500015258789,158.0
2023-03-09 09:51:00,BANR,60.185001373291016,60.185001373291016,60.185001373291016,60.185001373291016,60.185001373291016,277.0
2023-03-09 09:51:00,BCML,19.790000915527344,19.790000915527344,19.790000915527344,19.790000915527344,19.790000915527344,100.0
2023-03-09 09:51:00,BFST,19.530000686645508,19.530000686645508,19.549999237060547,19.530000686645508,19.549999237060547,355.0
2023-03-09 09:51:00,BGCP,5.079999923706055,5.079999923706055,5.085000038146973,5.079999923706055,5.085000038146973,1586.0
2023-03-09 09:51:00,BHF,54.540000915527344,54.540000915527344,54.540000915527344,54.540000915527344,54.540000915527344,635.0
2023-03-09 09:51:00,BHFAM,16.799999237060547,16.799999237060547,16.799999237060547,16.774999618530273,16.790000915527344,1500.0
2023-03-09 09:51:00,BITF,0.8199999928474426,0.8199999928474426,0.8199999928474426,0.8199999928474426,0.8199999928474426,311.0
2023-03-09 09:51:00,BKCC,3.7200000286102295,3.7200000286102295,3.742799997329712,3.7200000286102295,3.742799997329712,4633.0
2023-03-09 09:51:00,BOKF,97.47000122070312,97.47000122070312,97.47000122070312,97.47000122070312,97.47000122070312,271.0
2023-03-09 09:51:00,BPOP,63.51499938964844,63.51499938964844,63.689998626708984,63.51499938964844,63.689998626708984,1334.0
2023-03-09 09:51:00,BRP,26.854999542236328,26.854999542236328,26.854999542236328,26.854999542236328,26.854999542236328,425.0
2023-03-09 09:51:00,BTBT,1.1845999956130981,1.1845999956130981,1.1845999956130981,1.1845999956130981,1.1845999956130981,350.0
2023-03-09 09:51:00,BWB,14.010000228881836,14.010000228881836,14.010000228881836,14.010000228881836,14.010000228881836,175.0
2023-03-09 09:51:00,CARE,17.25,17.25,17.25,17.25,17.25,204.0
2023-03-09 09:51:00,CASH,47.79999923706055,47.79999923706055,47.79999923706055,47.79999923706055,47.79999923706055,213.0
2023-03-09 09:51:00,CATY,40.6150016784668,40.6150016784668,40.66999816894531,40.6150016784668,40.66999816894531,371.0
2023-03-09 09:51:00,CBAN,12.0600004196167,12.0600004196167,12.0600004196167,11.960000038146973,12.0600004196167,1354.0
2023-03-09 09:51:00,CBSH,62.68000030517578,62.68000030517578,62.68000030517578,62.65999984741211,62.65999984741211,798.0
2023-03-09 09:51:00,CCD,22.950000762939453,22.950000762939453,23.030000686645508,22.920000076293945,22.920000076293945,2405.0
2023-03-09 09:51:00,CCNE,23.264999389648438,23.264999389648438,23.264999389648438,23.264999389648438,23.264999389648438,149.0
2023-03-09 09:51:00,CFB,12.904999732971191,12.904999732971191,12.904999732971191,12.904999732971191,12.904999732971191,407.0
2023-03-09 09:51:00,CG,34.72999954223633,34.72999954223633,34.75299835205078,34.724998474121094,34.75,7508.0
2023-03-09 09:51:00,CHW,6.079999923706055,6.079999923706055,6.090000152587891,6.070000171661377,6.090000152587891,7066.0
2023-03-09 09:51:00,CHY,12.350000381469727,12.350000381469727,12.350000381469727,12.350000381469727,12.350000381469727,163.0
2023-03-09 09:51:00,CIFR,1.475000023841858,1.475000023841858,1.475000023841858,1.4700000286102295,1.4700000286102295,1892.0
2023-03-09 09:51:00,CINF,117.91999816894531,117.91999816894531,117.91999816894531,117.91999816894531,117.91999816894531,1660.0
2023-03-09 09:51:00,CME,180.14500427246094,180.14500427246094,180.1649932861328,180.13999938964844,180.13999938964844,966.0
2023-03-09 09:51:00,COLB,26.56999969482422,26.56999969482422,26.610000610351562,26.56999969482422,26.594999313354492,7847.0
2023-03-09 09:51:00,COOP,44.9900016784668,44.9900016784668,44.9900016784668,44.9900016784668,44.9900016784668,270.0
2023-03-09 09:51:00,CSQ,14.1850004196167,14.1850004196167,14.21500015258789,14.1850004196167,14.21500015258789,1134.0
2023-03-09 09:51:00,CSWC,18.670000076293945,18.670000076293945,18.679899215698242,18.65999984741211,18.65999984741211,562.0
2023-03-09 09:51:00,CVBF,22.5,22.5,22.5,22.5,22.5,408.0
2023-03-09 09:51:00,EBC,15.109999656677246,15.109999656677246,15.130000114440918,15.109999656677246,15.130000114440918,1996.0
2023-03-09 09:51:00,EHTH,9.449999809265137,9.449999809265137,9.449999809265137,9.449999809265137,9.449999809265137,1827.0
2023-03-09 09:51:00,EWBC,71.54000091552734,71.54000091552734,71.7300033569336,71.54000091552734,71.66999816894531,2472.0
2023-03-09 09:51:00,EZPW,8.96500015258789,8.96500015258789,8.977399826049805,8.96500015258789,8.975000381469727,665.0
2023-03-09 09:51:00,FBIZ,34.880001068115234,34.880001068115234,34.880001068115234,34.869998931884766,34.869998931884766,308.0
2023-03-09 09:51:00,FBMS,29.643600463867188,29.643600463867188,29.643600463867188,29.643600463867188,29.643600463867188,100.0
2023-03-09 09:51:00,FBNC,39.94499969482422,39.94499969482422,39.94499969482422,39.939998626708984,39.939998626708984,449.0
2023-03-09 09:51:00,FCNCA,682.75,682.75,682.75,680.3699951171875,680.3699951171875,505.0
2023-03-09 09:51:00,FDUS,20.553499221801758,20.553499221801758,20.553499221801758,20.553499221801758,20.553499221801758,146.0
2023-03-09 09:51:00,FFBC,22.940000534057617,22.940000534057617,22.940000534057617,22.940000534057617,22.940000534057617,410.0
2023-03-09 09:51:00,FFIN,34.63999938964844,34.63999938964844,34.689998626708984,34.63999938964844,34.689998626708984,536.0
2023-03-09 09:51:00,FFWM,13.725000381469727,13.725000381469727,13.725000381469727,13.725000381469727,13.725000381469727,209.0
2023-03-09 09:51:00,FHB,25.040000915527344,25.040000915527344,25.100000381469727,25.040000915527344,25.100000381469727,743.0
2023-03-09 09:51:00,FIBK,33.33000183105469,33.33000183105469,33.33000183105469,33.33000183105469,33.33000183105469,989.0
2023-03-09 09:51:00,FITB,33.14500045776367,33.14500045776367,33.209999084472656,33.1349983215332,33.209999084472656,12712.0
2023-03-09 09:51:00,FMNB,13.470000267028809,13.470000267028809,13.470000267028809,13.470000267028809,13.470000267028809,911.0
2023-03-09 09:51:00,FOCS,51.79999923706055,51.79999923706055,51.80500030517578,51.79999923706055,51.79999923706055,1508.0
2023-03-09 09:51:00,FRHC,73.0,73.0,73.0,73.0,73.0,227.0
2023-03-09 09:51:00,FULT,16.110000610351562,16.110000610351562,16.1299991607666,16.110000610351562,16.125,3245.0
2023-03-09 09:51:00,FUTU,46.459999084472656,46.459999084472656,46.529998779296875,46.38999938964844,46.41999816894531,4329.0
2023-03-09 09:51:00,GBDC,13.524999618530273,13.524999618530273,13.524999618530273,13.510000228881836,13.515000343322754,9623.0
2023-03-09 09:51:00,GCMG,8.418899536132812,8.418899536132812,8.418899536132812,8.418899536132812,8.418899536132812,1190.0
2023-03-09 09:51:00,GGAL,13.20989990234375,13.20989990234375,13.20989990234375,13.152700424194336,13.152700424194336,3249.0
2023-03-09 09:51:00,GLAD,9.970100402832031,9.970100402832031,9.970100402832031,9.970100402832031,9.970100402832031,308.0
2023-03-09 09:51:00,GLRE,10.220000267028809,10.220000267028809,10.255000114440918,10.220000267028809,10.255000114440918,1755.0
2023-03-09 09:51:00,GOCO,18.64299964904785,18.64299964904785,18.64299964904785,18.64299964904785,18.64299964904785,402.0
2023-03-09 09:51:00,GREE,0.4480000138282776,0.4480000138282776,0.4480000138282776,0.4480000138282776,0.4480000138282776,110.0
2023-03-09 09:51:00,HBAN,14.260000228881836,14.260000228881836,14.3100004196167,14.260000228881836,14.305000305175781,47717.0
2023-03-09 09:51:00,HIVE,2.6600000858306885,2.6600000858306885,2.6600000858306885,2.6600000858306885,2.6600000858306885,126.0
2023-03-09 09:51:00,HLNE,77.36000061035156,77.36000061035156,77.36000061035156,77.36000061035156,77.36000061035156,511.0
2023-03-09 09:51:00,HMST,23.045000076293945,23.045000076293945,23.045000076293945,23.045000076293945,23.045000076293945,119.0
2023-03-09 09:51:00,HOPE,12.145000457763672,12.145000457763672,12.149999618530273,12.145000457763672,12.149999618530273,359.0
2023-03-09 09:51:00,HUT,1.4697999954223633,1.4697999954223633,1.475000023841858,1.4602999687194824,1.4702999591827393,10383.0
2023-03-09 09:51:00,HWC,45.67499923706055,45.67499923706055,45.75,45.67499923706055,45.70000076293945,1334.0
2023-03-09 09:51:00,IBKR,88.4457015991211,88.4457015991211,88.55000305175781,88.4457015991211,88.55000305175781,1040.0
2023-03-09 09:51:00,IBOC,46.66999816894531,46.66999816894531,46.66999816894531,46.630001068115234,46.630001068115234,969.0
2023-03-09 09:51:00,IBTX,54.400001525878906,54.400001525878906,54.400001525878906,54.400001525878906,54.400001525878906,100.0
2023-03-09 09:51:00,IGIC,8.174099922180176,8.174099922180176,8.174099922180176,8.174099922180176,8.174099922180176,0.0
2023-03-09 09:51:00,INDB,74.83999633789062,74.83999633789062,74.83999633789062,74.83999633789062,74.83999633789062,155.0
2023-03-09 09:52:00,ABCB,44.0,44.0,44.084999084472656,44.0,44.084999084472656,1236.0
2023-03-09 09:52:00,ACGL,69.95999908447266,69.95999908447266,69.98500061035156,69.95999908447266,69.98500061035156,532.0
2023-03-09 09:52:00,AHRNU,10.430000305175781,10.430000305175781,10.430000305175781,10.430000305175781,10.430000305175781,0.0
2023-03-09 09:52:00,AMAL,21.670000076293945,21.670000076293945,21.670000076293945,21.670000076293945,21.670000076293945,347.0
2023-03-09 09:52:00,AMRK,28.280000686645508,28.280000686645508,28.299999237060547,28.280000686645508,28.299999237060547,835.0
2023-03-09 09:52:00,ARCC,19.18000030517578,19.18000030517578,19.184999465942383,19.174999237060547,19.184999465942383,5178.0
2023-03-09 09:52:00,AUB,37.66999816894531,37.66999816894531,37.790000915527344,37.66999816894531,37.77000045776367,7973.0
2023-03-09 09:52:00,BANF,86.93000030517578,86.93000030517578,86.93000030517578,86.75499725341797,86.75499725341797,1157.0
2023-03-09 09:52:00,BANR,60.029998779296875,60.029998779296875,60.16999816894531,60.029998779296875,60.11000061035156,995.0
2023-03-09 09:52:00,BFST,19.520000457763672,19.520000457763672,19.520000457763672,19.520000457763672,19.520000457763672,307.0
2023-03-09 09:52:00,BGCP,5.054999828338623,5.054999828338623,5.074999809265137,5.054999828338623,5.074999809265137,7971.0
2023-03-09 09:52:00,BLFY,11.795000076293945,11.795000076293945,11.795000076293945,11.795000076293945,11.795000076293945,159.0
2023-03-09 09:52:00,BMRC,27.989999771118164,27.989999771118164,28.0,27.989999771118164,28.0,433.0
2023-03-09 09:52:00,BPOP,63.39500045776367,63.39500045776367,63.61000061035156,63.33000183105469,63.599998474121094,6221.0
2023-03-09 09:52:00,BRKL,11.880000114440918,11.880000114440918,11.890000343322754,11.880000114440918,11.890000343322754,385.0
2023-03-09 09:52:00,BRP,26.709999084472656,26.709999084472656,26.75,26.709999084472656,26.75,407.0
2023-03-09 09:52:00,BTBT,1.1799999475479126,1.1799999475479126,1.180799961090088,1.1799999475479126,1.180799961090088,1130.0
2023-03-09 09:52:00,BUSE,23.059999465942383,23.059999465942383,23.1200008392334,23.059999465942383,23.1200008392334,2451.0
2023-03-09 09:52:00,CARE,17.219999313354492,17.219999313354492,17.219999313354492,17.219999313354492,17.219999313354492,101.0
2023-03-09 09:52:00,CASH,47.54999923706055,47.54999923706055,47.689998626708984,47.54999923706055,47.689998626708984,2476.0
2023-03-09 09:52:00,CATC,73.26000213623047,73.26000213623047,73.26000213623047,73.26000213623047,73.26000213623047,164.0
2023-03-09 09:52:00,CATY,40.61000061035156,40.61000061035156,40.659698486328125,40.61000061035156,40.659698486328125,2004.0
2023-03-09 09:52:00,CBSH,62.439998626708984,62.439998626708984,62.599998474121094,62.439998626708984,62.599998474121094,1741.0
2023-03-09 09:52:00,CCBG,34.439998626708984,34.439998626708984,34.439998626708984,34.439998626708984,34.439998626708984,161.0
2023-03-09 09:52:00,CCD,22.889699935913086,22.889699935913086,22.889699935913086,22.889699935913086,22.889699935913086,101.0
2023-03-09 09:52:00,CCNE,23.200000762939453,23.200000762939453,23.200000762939453,23.200000762939453,23.200000762939453,5237.0
2023-03-09 09:52:00,CCTS,10.420000076293945,10.420000076293945,10.420000076293945,10.420000076293945,10.420000076293945,50656.0
2023-03-09 09:52:00,CFFN,7.699999809265137,7.699999809265137,7.724999904632568,7.690400123596191,7.724999904632568,1912.0
2023-03-09 09:52:00,CG,34.70500183105469,34.70500183105469,34.744998931884766,34.70500183105469,34.744998931884766,1272.0
2023-03-09 09:52:00,CHCO,92.75,92.75,92.75,92.75,92.75,359.0
2023-03-09 09:52:00,CHY,12.355500221252441,12.355500221252441,12.355500221252441,12.350000381469727,12.350000381469727,787.0
2023-03-09 09:52:00,CIFR,1.465000033378601,1.465000033378601,1.4700000286102295,1.465000033378601,1.4700000286102295,1771.0
2023-03-09 09:52:00,CLBK,20.059999465942383,20.059999465942383,20.100000381469727,20.059999465942383,20.100000381469727,645.0
2023-03-09 09:52:00,CME,180.26499938964844,180.26499938964844,180.2899932861328,180.11500549316406,180.11500549316406,3877.0
2023-03-09 09:52:00,CNOB,23.032499313354492,23.032499313354492,23.03499984741211,22.920000076293945,23.0,1398.0
2023-03-09 09:52:00,COLB,26.389999389648438,26.389999389648438,26.56999969482422,26.389999389648438,26.56999969482422,10083.0
2023-03-09 09:52:00,COOP,44.86000061035156,44.86000061035156,44.9900016784668,44.86000061035156,44.9900016784668,1503.0
2023-03-09 09:52:00,CSLM,10.319999694824219,10.319999694824219,10.319999694824219,10.319999694824219,10.319999694824219,300.0
2023-03-09 09:52:00,CSQ,14.170000076293945,14.170000076293945,14.180000305175781,14.170000076293945,14.180000305175781,788.0
2023-03-09 09:52:00,CSTR,16.020000457763672,16.020000457763672,16.079999923706055,16.020000457763672,16.079999923706055,1136.0
2023-03-09 09:52:00,CSWC,18.639999389648438,18.639999389648438,18.670000076293945,18.639999389648438,18.65999984741211,8670.0
2023-03-09 09:52:00,CTBI,41.43000030517578,41.43000030517578,41.43000030517578,41.40999984741211,41.43000030517578,1485.0
2023-03-09 09:52:00,CVBF,22.450000762939453,22.450000762939453,22.530000686645508,22.450000762939453,22.5,7828.0
2023-03-09 09:52:00,DCOM,29.799999237060547,29.799999237060547,29.799999237060547,29.799999237060547,29.799999237060547,100.0
2023-03-09 09:52:00,DGICB,15.25,15.25,15.25,15.25,15.25,0.0
2023-03-09 09:52:00,EBC,15.079999923706055,15.079999923706055,15.119999885559082,15.079999923706055,15.119999885559082,4646.0
2023-03-09 09:52:00,EFSC,52.834999084472656,52.834999084472656,52.834999084472656,52.79999923706055,52.79999923706055,582.0
2023-03-09 09:52:00,EGBN,40.810001373291016,40.810001373291016,41.06999969482422,40.810001373291016,41.06999969482422,3132.0
2023-03-09 09:52:00,EHTH,9.399999618530273,9.399999618530273,9.430000305175781,9.399999618530273,9.430000305175781,604.0
2023-03-09 09:52:00,EWBC,71.44000244140625,71.44000244140625,71.55999755859375,71.43000030517578,71.55999755859375,4141.0
2023-03-09 09:52:00,EZPW,8.96500015258789,8.96500015258789,8.96500015258789,8.96500015258789,8.96500015258789,102.0
2023-03-09 09:52:00,FBMS,29.68000030517578,29.68000030517578,29.690000534057617,29.649999618530273,29.649999618530273,869.0
2023-03-09 09:52:00,FBNC,39.81999969482422,39.81999969482422,39.84000015258789,39.81999969482422,39.84000015258789,1204.0
2023-03-09 09:52:00,FCFS,88.0,88.0,88.0,88.0,88.0,797.0
2023-03-09 09:52:00,FCNCA,682.75,682.75,682.75,682.75,682.75,354.0
2023-03-09 09:52:00,FFBC,22.940000534057617,22.940000534057617,22.940000534057617,22.940000534057617,22.940000534057617,2301.0
2023-03-09 09:52:00,FFIC,17.8700008392334,17.8700008392334,17.899999618530273,17.8700008392334,17.899999618530273,1655.0
2023-03-09 09:52:00,FFIN,34.64500045776367,34.64500045776367,34.65999984741211,34.625,34.63999938964844,1496.0
2023-03-09 09:52:00,FFWM,13.65999984741211,13.65999984741211,13.670000076293945,13.65999984741211,13.670000076293945,959.0
2023-03-09 09:52:00,FHB,24.940000534057617,24.940000534057617,25.0049991607666,24.940000534057617,25.0049991607666,1835.0
2023-03-09 09:52:00,FIBK,33.22999954223633,33.22999954223633,33.2599983215332,33.22999954223633,33.2599983215332,2434.0
2023-03-09 09:52:00,FINW,8.989999771118164,8.989999771118164,8.989999771118164,8.989999771118164,8.989999771118164,100.0
2023-03-09 09:52:00,FITB,33.060001373291016,33.060001373291016,33.154998779296875,33.060001373291016,33.150001525878906,15093.0
2023-03-09 09:52:00,FLIC,16.459999084472656,16.459999084472656,16.520000457763672,16.459999084472656,16.520000457763672,2945.0
2023-03-09 09:52:00,FOCS,51.80500030517578,51.80500030517578,51.80500030517578,51.79999923706055,51.79999923706055,1383.0
2023-03-09 09:52:00,FRHC,72.94000244140625,72.94000244140625,73.0,72.94000244140625,73.0,870.0
2023-03-09 09:52:00,FRON,10.180000305175781,10.180000305175781,10.1899995803833,10.180000305175781,10.1899995803833,137724.0
2023-03-09 09:52:00,FULT,16.075000762939453,16.075000762939453,16.110000610351562,16.06999969482422,16.110000610351562,4639.0
2023-03-09 09:52:00,FUTU,46.375,46.375,46.41999816894531,46.279998779296875,46.40999984741211,6585.0
2023-03-09 09:52:00,GAIN,13.880000114440918,13.880000114440918,13.880000114440918,13.880000114440918,13.880000114440918,159.0
2023-03-09 09:52:00,GGAL,13.199999809265137,13.199999809265137,13.199999809265137,13.170000076293945,13.170000076293945,3336.0
2023-03-09 09:52:00,GLRE,10.227499961853027,10.227499961853027,10.227499961853027,10.227499961853027,10.227499961853027,100.0
2023-03-09 09:52:00,GSHD,53.630001068115234,53.630001068115234,53.630001068115234,53.560001373291016,53.560001373291016,465.0
2023-03-09 09:52:00,GTACW,0.19210000336170197,0.19210000336170197,0.2793999910354614,0.16500000655651093,0.2791000008583069,0.0
2023-03-09 09:52:00,GXII,10.140000343322754,10.140000343322754,10.140000343322754,10.140000343322754,10.140000343322754,572.0
2023-03-09 09:52:00,HAFC,22.3700008392334,22.3700008392334,22.43000030517578,22.3700008392334,22.43000030517578,1037.0
2023-03-09 09:52:00,HBAN,14.210000038146973,14.210000038146973,14.270000457763672,14.210000038146973,14.270000457763672,154217.0
2023-03-09 09:52:00,HBNC,14.600000381469727,14.600000381469727,14.600000381469727,14.555000305175781,14.555000305175781,2703.0
2023-03-09 09:52:00,HIVE,2.6449999809265137,2.6449999809265137,2.6500000953674316,2.6449999809265137,2.6500000953674316,469.0
2023-03-09 09:52:00,HLNE,77.38500213623047,77.38500213623047,77.38500213623047,77.38500213623047,77.38500213623047,341.0
2023-03-09 09:52:00,HMPT,1.909999966621399,1.909999966621399,1.909999966621399,1.909999966621399,1.909999966621399,14598.0
2023-03-09 09:52:00,HMST,23.045000076293945,23.045000076293945,23.045000076293945,23.045000076293945,23.045000076293945,397.0
2023-03-09 09:52:00,HONE,12.970000267028809,12.970000267028809,12.989999771118164,12.970000267028809,12.989999771118164,965.0
2023-03-09 09:52:00,HOPE,12.10990047454834,12.10990047454834,12.109999656677246,12.104999542236328,12.109999656677246,2133.0
2023-03-09 09:52:00,HRZN,11.997300148010254,11.997300148010254,11.997300148010254,11.997300148010254,11.997300148010254,641.0
2023-03-09 09:52:00,HTBK,11.279999732971191,11.279999732971191,11.289999961853027,11.270000457763672,11.289999961853027,1285.0
2023-03-09 09:52:00,HTLF,47.16999816894531,47.16999816894531,47.16999816894531,47.16999816894531,47.16999816894531,423.0
2023-03-09 09:52:00,HTLFP,25.599899291992188,25.599899291992188,25.599899291992188,25.599899291992188,25.599899291992188,0.0
2023-03-09 09:52:00,HUT,1.465000033378601,1.465000033378601,1.4700000286102295,1.4600000381469727,1.4700000286102295,17659.0
2023-03-09 09:52:00,HWC,45.47999954223633,45.47999954223633,45.630001068115234,45.47999954223633,45.630001068115234,2035.0
2023-03-09 09:52:00,IBKR,88.44000244140625,88.44000244140625,88.44000244140625,88.36000061035156,88.37000274658203,1343.0
2023-03-09 09:52:00,IBTX,54.20000076293945,54.20000076293945,54.349998474121094,54.20000076293945,54.349998474121094,604.0
2023-03-09 09:52:00,INDB,74.68000030517578,74.68000030517578,74.72000122070312,74.68000030517578,74.72000122070312,1058.0
2023-03-09 09:52:00,INTR,2.049999952316284,2.049999952316284,2.049999952316284,2.049999952316284,2.049999952316284,1938.0
2023-03-09 09:53:00,ABCB,43.91999816894531,43.91999816894531,43.91999816894531,43.90999984741211,43.90999984741211,340.0
2023-03-09 09:53:00,ACGL,70.0199966430664,70.0199966430664,70.0199966430664,69.95999908447266,69.95999908447266,2264.0
2023-03-09 09:53:00,AMTB,26.200000762939453,26.200000762939453,26.3799991607666,26.200000762939453,26.3799991607666,3061.0
2023-03-09 09:53:00,APLD,2.244999885559082,2.244999885559082,2.259999990463257,2.240000009536743,2.259999990463257,673.0
2023-03-09 09:53:00,ARCC,19.19499969482422,19.19499969482422,19.19499969482422,19.174999237060547,19.18000030517578,22171.0
2023-03-09 09:53:00,AUB,37.6150016784668,37.6150016784668,37.63999938964844,37.6150016784668,37.63999938964844,2130.0
2023-03-09 09:53:00,BANF,86.80000305175781,86.80000305175781,86.80000305175781,86.80000305175781,86.80000305175781,302.0
2023-03-09 09:53:00,BANR,59.90999984741211,59.90999984741211,59.90999984741211,59.90999984741211,59.90999984741211,191.0
2023-03-09 09:53:00,BFST,19.520000457763672,19.520000457763672,19.520000457763672,19.520000457763672,19.520000457763672,1959.0
2023-03-09 09:53:00,BGCP,5.045000076293945,5.045000076293945,5.050000190734863,5.039999961853027,5.050000190734863,4990.0
2023-03-09 09:53:00,BHF,54.22999954223633,54.22999954223633,54.375,54.22999954223633,54.369998931884766,1012.0
2023-03-09 09:53:00,BITF,0.8075000047683716,0.8075000047683716,0.8179000020027161,0.8025000095367432,0.8179000020027161,24760.0
2023-03-09 09:53:00,BKCC,3.7200000286102295,3.7200000286102295,3.726300001144409,3.7200000286102295,3.726300001144409,1371.0
2023-03-09 09:53:00,BMRC,27.834999084472656,27.834999084472656,27.834999084472656,27.809999465942383,27.809999465942383,220.0
2023-03-09 09:53:00,BPOP,63.2400016784668,63.2400016784668,63.375701904296875,63.220001220703125,63.31999969482422,1572.0
2023-03-09 09:53:00,BRKL,11.869999885559082,11.869999885559082,11.869999885559082,11.869999885559082,11.869999885559082,736.0
2023-03-09 09:53:00,BSRR,19.610000610351562,19.610000610351562,19.610000610351562,19.610000610351562,19.610000610351562,1114.0
2023-03-09 09:53:00,BTBT,1.1749999523162842,1.1749999523162842,1.1749999523162842,1.1699999570846558,1.1699999570846558,300.0
2023-03-09 09:53:00,BUSE,23.079999923706055,23.079999923706055,23.1200008392334,23.079999923706055,23.084999084472656,350.0
2023-03-09 09:53:00,CAC,39.70000076293945,39.70000076293945,39.70000076293945,39.70000076293945,39.70000076293945,1619.0
2023-03-09 09:53:00,CARE,17.209999084472656,17.209999084472656,17.219999313354492,17.209999084472656,17.219999313354492,327.0
2023-03-09 09:53:00,CASH,47.349998474121094,47.349998474121094,47.349998474121094,47.349998474121094,47.349998474121094,125.0
2023-03-09 09:53:00,CCB,43.349998474121094,43.349998474121094,43.529998779296875,43.349998474121094,43.529998779296875,546.0
2023-03-09 09:53:00,CCBG,34.130001068115234,34.130001068115234,34.349998474121094,34.130001068115234,34.349998474121094,427.0
2023-03-09 09:53:00,CCNE,23.174999237060547,23.174999237060547,23.18000030517578,23.15999984741211,23.15999984741211,329.0
2023-03-09 09:53:00,CCTS,10.420000076293945,10.420000076293945,10.4350004196167,10.420000076293945,10.420000076293945,390800.0
2023-03-09 09:53:00,CFFN,7.690000057220459,7.690000057220459,7.690000057220459,7.690000057220459,7.690000057220459,1113.0
2023-03-09 09:53:00,CG,34.709999084472656,34.709999084472656,34.709999084472656,34.66999816894531,34.709999084472656,2416.0
2023-03-09 09:53:00,CGBD,15.050000190734863,15.050000190734863,15.050000190734863,15.050000190734863,15.050000190734863,579.0
2023-03-09 09:53:00,CIFR,1.4550000429153442,1.4550000429153442,1.4600000381469727,1.4550000429153442,1.4600000381469727,2620.0
2023-03-09 09:53:00,CINF,117.48999786376953,117.48999786376953,117.48999786376953,117.48999786376953,117.48999786376953,880.0
2023-03-09 09:53:00,CME,180.4199981689453,180.4199981689453,180.4199981689453,180.26499938964844,180.26499938964844,677.0
2023-03-09 09:53:00,COLB,26.43000030517578,26.43000030517578,26.43000030517578,26.354999542236328,26.360000610351562,4070.0
2023-03-09 09:53:00,COOP,44.8650016784668,44.8650016784668,44.8849983215332,44.810001373291016,44.8849983215332,1986.0
2023-03-09 09:53:00,CSQ,14.1899995803833,14.1899995803833,14.1899995803833,14.1899995803833,14.1899995803833,1856.0
2023-03-09 09:53:00,CTBI,41.400001525878906,41.400001525878906,41.400001525878906,41.34000015258789,41.34000015258789,706.0
2023-03-09 09:53:00,CVBF,22.454999923706055,22.454999923706055,22.469999313354492,22.43000030517578,22.469999313354492,2767.0
2023-03-09 09:53:00,CZNC,22.18000030517578,22.18000030517578,22.18000030517578,22.149999618530273,22.15999984741211,632.0
2023-03-09 09:53:00,DCOM,29.795000076293945,29.795000076293945,29.795000076293945,29.795000076293945,29.795000076293945,100.0
2023-03-09 09:53:00,EBC,15.079999923706055,15.079999923706055,15.09000015258789,15.079999923706055,15.09000015258789,517.0
2023-03-09 09:53:00,ECPG,50.904998779296875,50.904998779296875,50.90999984741211,50.779998779296875,50.779998779296875,1935.0
2023-03-09 09:53:00,EGBN,40.93000030517578,40.93000030517578,40.93000030517578,40.790000915527344,40.83000183105469,4648.0
2023-03-09 09:53:00,EWBC,71.38999938964844,71.38999938964844,71.41999816894531,71.32160186767578,71.37999725341797,6416.0
2023-03-09 09:53:00,EZPW,8.949999809265137,8.949999809265137,8.960000038146973,8.9399995803833,8.960000038146973,1239.0
2023-03-09 09:53:00,FBMS,29.674999237060547,29.674999237060547,29.68000030517578,29.610000610351562,29.6299991607666,2018.0
2023-03-09 09:53:00,FCNCA,677.0,677.0,677.2999877929688,677.0,677.2999877929688,881.0
2023-03-09 09:53:00,FCRD,4.690000057220459,4.690000057220459,4.690000057220459,4.690000057220459,4.690000057220459,100.0
2023-03-09 09:53:00,FFIC,17.850000381469727,17.850000381469727,17.850000381469727,17.850000381469727,17.850000381469727,1072.0
2023-03-09 09:53:00,FFIN,34.59000015258789,34.59000015258789,34.63999938964844,34.56999969482422,34.6349983215332,1944.0
2023-03-09 09:53:00,FFWM,13.630000114440918,13.630000114440918,13.649999618530273,13.619999885559082,13.649999618530273,1662.0
2023-03-09 09:53:00,FHB,24.920000076293945,24.920000076293945,24.920000076293945,24.899999618530273,24.905000686645508,1713.0
2023-03-09 09:53:00,FIBK,33.18000030517578,33.18000030517578,33.18000030517578,33.130001068115234,33.130001068115234,1260.0
2023-03-09 09:53:00,FISI,24.010000228881836,24.010000228881836,24.010000228881836,24.010000228881836,24.010000228881836,202.0
2023-03-09 09:53:00,FITB,33.06999969482422,33.06999969482422,33.09000015258789,33.04499816894531,33.06999969482422,18613.0
2023-03-09 09:53:00,FLIC,16.450000762939453,16.450000762939453,16.450000762939453,16.450000762939453,16.450000762939453,137.0
2023-03-09 09:53:00,FMNB,13.449999809265137,13.449999809265137,13.449999809265137,13.449999809265137,13.449999809265137,2235.0
2023-03-09 09:53:00,FOCS,51.79499816894531,51.79499816894531,51.79999923706055,51.790000915527344,51.79999923706055,3229.0
2023-03-09 09:53:00,FRBK,1.809999942779541,1.809999942779541,1.8199000358581543,1.809999942779541,1.8199000358581543,3018.0
2023-03-09 09:53:00,FRME,38.4900016784668,38.4900016784668,38.5,38.4900016784668,38.5,2084.0
2023-03-09 09:53:00,FULT,16.049999237060547,16.049999237060547,16.059999465942383,16.045000076293945,16.059999465942383,1309.0
2023-03-09 09:53:00,FUTU,46.314998626708984,46.314998626708984,46.40999984741211,46.314998626708984,46.40999984741211,3799.0
2023-03-09 09:53:00,GBDC,13.520000457763672,13.520000457763672,13.524999618530273,13.520000457763672,13.524999618530273,2306.0
2023-03-09 09:53:00,GCMG,8.380000114440918,8.380000114440918,8.380000114440918,8.380000114440918,8.380000114440918,354.0
2023-03-09 09:53:00,GGAL,13.149999618530273,13.149999618530273,13.1899995803833,13.149999618530273,13.1899995803833,1467.0
2023-03-09 09:53:00,GLRE,10.15999984741211,10.15999984741211,10.25,10.15999984741211,10.25,2026.0
2023-03-09 09:53:00,GSHD,53.33000183105469,53.33000183105469,53.33000183105469,53.2400016784668,53.2400016784668,813.0
2023-03-09 09:53:00,HAFC,22.31999969482422,22.31999969482422,22.31999969482422,22.280000686645508,22.280000686645508,2177.0
2023-03-09 09:53:00,HALL,11.092499732971191,11.092499732971191,11.092499732971191,11.09000015258789,11.09000015258789,205.0
2023-03-09 09:53:00,HBAN,14.21500015258789,14.21500015258789,14.220000267028809,14.199999809265137,14.210000038146973,50390.0
2023-03-09 09:53:00,HBNC,14.5600004196167,14.5600004196167,14.5600004196167,14.5600004196167,14.5600004196167,432.0
2023-03-09 09:53:00,HBT,22.440000534057617,22.440000534057617,22.440000534057617,22.440000534057617,22.440000534057617,100.0
2023-03-09 09:53:00,HIFS,272.1600036621094,272.1600036621094,272.1600036621094,272.1600036621094,272.1600036621094,444.0
2023-03-09 09:53:00,HLNE,77.52999877929688,77.52999877929688,77.52999877929688,77.52999877929688,77.52999877929688,171.0
2023-03-09 09:53:00,HONE,12.960000038146973,12.960000038146973,12.960000038146973,12.960000038146973,12.960000038146973,132.0
2023-03-09 09:53:00,HOPE,12.085000038146973,12.085000038146973,12.100000381469727,12.085000038146973,12.100000381469727,2345.0
2023-03-09 09:53:00,HTBK,11.239999771118164,11.239999771118164,11.239999771118164,11.229999542236328,11.229999542236328,300.0
2023-03-09 09:53:00,HUT,1.455299973487854,1.455299973487854,1.4600000381469727,1.4500000476837158,1.4600000381469727,10800.0
2023-03-09 09:53:00,HWC,45.459999084472656,45.459999084472656,45.459999084472656,45.459999084472656,45.459999084472656,316.0
2023-03-09 09:53:00,IBCP,21.25,21.25,21.28499984741211,21.219999313354492,21.28499984741211,1995.0
2023-03-09 09:53:00,IBKR,88.31050109863281,88.31050109863281,88.36000061035156,88.31050109863281,88.36000061035156,375.0
2023-03-09 09:53:00,IBOC,46.459999084472656,46.459999084472656,46.5,46.459999084472656,46.5,1552.0
2023-03-09 09:53:00,IBTX,54.099998474121094,54.099998474121094,54.099998474121094,54.099998474121094,54.099998474121094,191.0
2023-03-09 09:53:00,INDB,74.3499984741211,74.3499984741211,74.5999984741211,74.3499984741211,74.5999984741211,342.0
2023-03-09 09:54:00,ABCB,43.849998474121094,43.849998474121094,43.849998474121094,43.849998474121094,43.849998474121094,354.0
2023-03-09 09:54:00,ACAX,10.289999961853027,10.289999961853027,10.289999961853027,10.289999961853027,10.289999961853027,0.0
2023-03-09 09:54:00,ACGL,69.96499633789062,69.96499633789062,69.98999786376953,69.95999908447266,69.98999786376953,1821.0
2023-03-09 09:54:00,ALRS,19.309999465942383,19.309999465942383,19.309999465942383,19.309999465942383,19.309999465942383,156.0
2023-03-09 09:54:00,AMAL,21.530000686645508,21.530000686645508,21.600000381469727,21.530000686645508,21.600000381469727,1208.0
2023-03-09 09:54:00,AMTB,26.1200008392334,26.1200008392334,26.1200008392334,26.1200008392334,26.1200008392334,341.0
2023-03-09 09:54:00,ARCC,19.18000030517578,19.18000030517578,19.199399948120117,19.18000030517578,19.19499969482422,7461.0
2023-03-09 09:54:00,AUB,37.5,37.5,37.5099983215332,37.494998931884766,37.5099983215332,912.0
2023-03-09 09:54:00,BANF,86.80000305175781,86.80000305175781,86.80000305175781,86.80000305175781,86.80000305175781,653.0
2023-03-09 09:54:00,BANR,59.668800354003906,59.668800354003906,59.86000061035156,59.668800354003906,59.849998474121094,1182.0
2023-03-09 09:54:00,BCBP,16.079999923706055,16.079999923706055,16.1200008392334,16.079999923706055,16.1200008392334,1026.0
2023-03-09 09:54:00,BCML,19.8700008392334,19.8700008392334,19.8700008392334,19.8700008392334,19.8700008392334,109.0
2023-03-09 09:54:00,BGCP,5.045000076293945,5.045000076293945,5.045000076293945,5.045000076293945,5.045000076293945,1166.0
2023-03-09 09:54:00,BITF,0.8109999895095825,0.8109999895095825,0.8109999895095825,0.8109999895095825,0.8109999895095825,453.0
2023-03-09 09:54:00,BKCC,3.690000057220459,3.690000057220459,3.700000047683716,3.690000057220459,3.700000047683716,12423.0
2023-03-09 09:54:00,BLFY,11.795000076293945,11.795000076293945,11.795000076293945,11.795000076293945,11.795000076293945,1058.0
2023-03-09 09:54:00,BPOP,63.400001525878906,63.400001525878906,63.400001525878906,63.08000183105469,63.29249954223633,9560.0
2023-03-09 09:54:00,BRKL,11.829999923706055,11.829999923706055,11.829999923706055,11.829999923706055,11.829999923706055,402.0
2023-03-09 09:54:00,BSRR,19.610000610351562,19.610000610351562,19.610000610351562,19.610000610351562,19.610000610351562,1008.0
2023-03-09 09:54:00,BTBT,1.1728999614715576,1.1728999614715576,1.1728999614715576,1.1728999614715576,1.1728999614715576,1000.0
2023-03-09 09:54:00,BUSE,23.079999923706055,23.079999923706055,23.079999923706055,23.079999923706055,23.079999923706055,100.0
2023-03-09 09:54:00,CAC,39.70000076293945,39.70000076293945,39.70000076293945,39.70000076293945,39.70000076293945,2469.0
2023-03-09 09:54:00,CASH,47.45000076293945,47.45000076293945,47.459999084472656,47.38779830932617,47.459999084472656,1843.0
2023-03-09 09:54:00,CATC,72.73999786376953,72.73999786376953,72.95999908447266,72.73999786376953,72.95999908447266,278.0
2023-03-09 09:54:00,CATY,40.40999984741211,40.40999984741211,40.41999816894531,40.40999984741211,40.41999816894531,335.0
2023-03-09 09:54:00,CBSH,62.20500183105469,62.20500183105469,62.38999938964844,62.20500183105469,62.38999938964844,2497.0
2023-03-09 09:54:00,CCAP,15.270000457763672,15.270000457763672,15.270000457763672,15.270000457763672,15.270000457763672,322.0
2023-03-09 09:54:00,CCBG,34.04999923706055,34.04999923706055,34.130001068115234,34.04999923706055,34.130001068115234,426.0
2023-03-09 09:54:00,CCD,22.883499145507812,22.883499145507812,22.883499145507812,22.883499145507812,22.883499145507812,213.0
2023-03-09 09:54:00,CCNE,23.139999389648438,23.139999389648438,23.139999389648438,23.139999389648438,23.139999389648438,552.0
2023-03-09 09:54:00,CFB,12.819999694824219,12.819999694824219,12.880000114440918,12.819999694824219,12.859999656677246,1027.0
2023-03-09 09:54:00,CFFN,7.687600135803223,7.687600135803223,7.690000057220459,7.679999828338623,7.679999828338623,2187.0
2023-03-09 09:54:00,CG,34.70000076293945,34.70000076293945,34.720001220703125,34.70000076293945,34.720001220703125,3342.0
2023-03-09 09:54:00,CHY,12.350000381469727,12.350000381469727,12.350000381469727,12.34000015258789,12.34000015258789,1735.0
2023-03-09 09:54:00,CIFR,1.4509999752044678,1.4509999752044678,1.4509999752044678,1.4502999782562256,1.4509999752044678,2286.0
2023-03-09 09:54:00,CINF,117.23999786376953,117.23999786376953,117.38999938964844,117.23999786376953,117.38999938964844,781.0
2023-03-09 09:54:00,CLBK,20.049999237060547,20.049999237060547,20.049999237060547,20.049999237060547,20.049999237060547,640.0
2023-03-09 09:54:00,CME,180.3000030517578,180.3000030517578,180.41000366210938,180.3000030517578,180.39999389648438,1403.0
2023-03-09 09:54:00,COLB,26.350000381469727,26.350000381469727,26.43000030517578,26.34000015258789,26.43000030517578,4772.0
2023-03-09 09:54:00,COOP,44.790000915527344,44.790000915527344,44.790000915527344,44.779998779296875,44.790000915527344,472.0
2023-03-09 09:54:00,CSLM,10.319999694824219,10.319999694824219,10.319999694824219,10.319999694824219,10.319999694824219,600.0
2023-03-09 09:54:00,CSQ,14.201899528503418,14.201899528503418,14.201899528503418,14.201899528503418,14.201899528503418,1232.0
2023-03-09 09:54:00,CSWC,18.6299991607666,18.6299991607666,18.638599395751953,18.6299991607666,18.638599395751953,443.0
2023-03-09 09:54:00,CTBI,41.41999816894531,41.41999816894531,41.41999816894531,41.41999816894531,41.41999816894531,100.0
2023-03-09 09:54:00,CVBF,22.450000762939453,22.450000762939453,22.450000762939453,22.40999984741211,22.40999984741211,4060.0
2023-03-09 09:54:00,DCOM,29.795000076293945,29.795000076293945,29.795000076293945,29.795000076293945,29.795000076293945,551.0
2023-03-09 09:54:00,DWAC,14.23799991607666,14.23799991607666,14.23799991607666,14.23799991607666,14.23799991607666,274.0
2023-03-09 09:54:00,EBC,15.039999961853027,15.039999961853027,15.069999694824219,15.03499984741211,15.069999694824219,2589.0
2023-03-09 09:54:00,EFSC,52.58000183105469,52.58000183105469,52.58000183105469,52.58000183105469,52.58000183105469,176.0
2023-03-09 09:54:00,EGBN,40.75,40.75,40.869998931884766,40.75,40.75,3030.0
2023-03-09 09:54:00,EHTH,9.371500015258789,9.371500015258789,9.371500015258789,9.371500015258789,9.371500015258789,544.0
2023-03-09 09:54:00,EQBK,29.165000915527344,29.165000915527344,29.165000915527344,29.165000915527344,29.165000915527344,102.0
2023-03-09 09:54:00,ERIE,234.9600067138672,234.9600067138672,235.3000030517578,234.75,234.75,741.0
2023-03-09 09:54:00,ESGR,232.47999572753906,232.47999572753906,232.47999572753906,232.47999572753906,232.47999572753906,100.0
2023-03-09 09:54:00,EWBC,71.20999908447266,71.20999908447266,71.40499877929688,71.19999694824219,71.4000015258789,9159.0
2023-03-09 09:54:00,EZPW,8.9399995803833,8.9399995803833,8.9399995803833,8.9399995803833,8.9399995803833,533.0
2023-03-09 09:54:00,FBNC,39.5099983215332,39.5099983215332,39.5099983215332,39.5099983215332,39.5099983215332,296.0
2023-03-09 09:54:00,FCFS,88.12999725341797,88.12999725341797,88.12999725341797,88.01000213623047,88.01000213623047,931.0
2023-03-09 09:54:00,FCNCA,675.4949951171875,675.4949951171875,677.0,675.0,677.0,1972.0
2023-03-09 09:54:00,FFIC,17.799999237060547,17.799999237060547,17.81999969482422,17.799999237060547,17.81999969482422,817.0
2023-03-09 09:54:00,FFIN,34.5099983215332,34.5099983215332,34.56999969482422,34.5,34.56999969482422,1949.0
2023-03-09 09:54:00,FFWM,13.579999923706055,13.579999923706055,13.619999885559082,13.579999923706055,13.619999885559082,1949.0
2023-03-09 09:54:00,FHB,24.84000015258789,24.84000015258789,24.84000015258789,24.84000015258789,24.84000015258789,522.0
2023-03-09 09:54:00,FIBK,33.099998474121094,33.099998474121094,33.13999938964844,33.099998474121094,33.130001068115234,1088.0
2023-03-09 09:54:00,FINW,8.989999771118164,8.989999771118164,8.989999771118164,8.989999771118164,8.989999771118164,295.0
2023-03-09 09:54:00,FISI,23.889999389648438,23.889999389648438,23.889999389648438,23.889999389648438,23.889999389648438,109.0
2023-03-09 09:54:00,FITB,32.970001220703125,32.970001220703125,33.060001373291016,32.970001220703125,33.060001373291016,12032.0
2023-03-09 09:54:00,FITBI,25.190000534057617,25.190000534057617,25.190000534057617,25.190000534057617,25.190000534057617,246.0
2023-03-09 09:54:00,FMIV,10.119999885559082,10.119999885559082,10.120100021362305,10.119999885559082,10.120100021362305,0.0
2023-03-09 09:54:00,FMNB,13.430000305175781,13.430000305175781,13.4399995803833,13.430000305175781,13.4399995803833,250.0
2023-03-09 09:54:00,FOCS,51.79999923706055,51.79999923706055,51.810001373291016,51.79499816894531,51.79999923706055,7392.0
2023-03-09 09:54:00,FRON,10.1899995803833,10.1899995803833,10.1899995803833,10.180000305175781,10.1850004196167,113932.0
2023-03-09 09:54:00,FRST,11.210000038146973,11.210000038146973,11.210000038146973,11.210000038146973,11.210000038146973,1903.0
2023-03-09 09:54:00,FULT,15.989999771118164,15.989999771118164,16.040000915527344,15.989999771118164,16.040000915527344,4423.0
2023-03-09 09:54:00,FUTU,46.29999923706055,46.29999923706055,46.34000015258789,46.29999923706055,46.34000015258789,907.0
2023-03-09 09:54:00,GBDC,13.524999618530273,13.524999618530273,13.524999618530273,13.524999618530273,13.524999618530273,222.0
2023-03-09 09:54:00,GGAL,13.1899995803833,13.1899995803833,13.1899995803833,13.1899995803833,13.1899995803833,1082.0
2023-03-09 09:54:00,GLAD,9.989999771118164,9.989999771118164,9.999899864196777,9.989999771118164,9.999899864196777,808.0
2023-03-09 09:54:00,GLRE,10.15999984741211,10.15999984741211,10.170000076293945,10.15999984741211,10.160099983215332,2419.0
2023-03-09 09:54:00,GREE,0.44839999079704285,0.44839999079704285,0.44839999079704285,0.44839999079704285,0.44839999079704285,2229.0
2023-03-09 09:54:00,HAFC,22.260000228881836,22.260000228881836,22.315000534057617,22.260000228881836,22.315000534057617,874.0
2023-03-09 09:54:00,HBAN,14.180000305175781,14.180000305175781,14.21500015258789,14.180000305175781,14.21500015258789,49794.0
2023-03-09 09:54:00,HFWA,25.1299991607666,25.1299991607666,25.1299991607666,25.1299991607666,25.1299991607666,520.0
2023-03-09 09:54:00,HIVE,2.640000104904175,2.640000104904175,2.640000104904175,2.640000104904175,2.640000104904175,1248.0
2023-03-09 09:54:00,HLNE,77.18000030517578,77.18000030517578,77.18000030517578,77.18000030517578,77.18000030517578,105.0
2023-03-09 09:54:00,HONE,12.920000076293945,12.920000076293945,12.949999809265137,12.920000076293945,12.949999809265137,778.0
2023-03-09 09:54:00,HOPE,12.055000305175781,12.055000305175781,12.085000038146973,12.050000190734863,12.085000038146973,3876.0
2023-03-09 09:54:00,HTBI,27.6299991607666,27.6299991607666,27.84000015258789,27.6299991607666,27.829999923706055,1938.0
2023-03-09 09:54:00,HTBK,11.197500228881836,11.197500228881836,11.220000267028809,11.197500228881836,11.220000267028809,700.0
2023-03-09 09:54:00,HTLF,47.04999923706055,47.04999923706055,47.119998931884766,47.04999923706055,47.04999923706055,800.0
2023-03-09 09:54:00,HUT,1.4585000276565552,1.4585000276565552,1.4594000577926636,1.4502999782562256,1.4550000429153442,16980.0
2023-03-09 09:54:00,HWC,45.2599983215332,45.2599983215332,45.45000076293945,45.2599983215332,45.45000076293945,3390.0
2023-03-09 09:54:00,IBCP,21.100000381469727,21.100000381469727,21.2450008392334,21.100000381469727,21.209999084472656,3878.0
2023-03-09 09:54:00,IBKR,88.26000213623047,88.26000213623047,88.3499984741211,88.1500015258789,88.3499984741211,3563.0
2023-03-09 09:54:00,IBTX,53.970001220703125,53.970001220703125,53.970001220703125,53.970001220703125,53.970001220703125,677.0
2023-03-09 09:54:00,INTR,2.021199941635132,2.021199941635132,2.0350000858306885,2.0199999809265137,2.0299999713897705,30449.0
2023-03-09 09:55:00,ACAB,10.345000267028809,10.345000267028809,10.345000267028809,10.345000267028809,10.345000267028809,601.0
2023-03-09 09:55:00,ACGL,69.84500122070312,69.84500122070312,69.87000274658203,69.84500122070312,69.87000274658203,342.0
2023-03-09 09:55:00,AMAL,21.520000457763672,21.520000457763672,21.559999465942383,21.520000457763672,21.559999465942383,469.0
2023-03-09 09:55:00,APLD,2.245500087738037,2.245500087738037,2.245500087738037,2.245500087738037,2.245500087738037,1572.0
2023-03-09 09:55:00,APMI,10.220000267028809,10.220000267028809,10.220000267028809,10.220000267028809,10.220000267028809,1000.0
2023-03-09 09:55:00,ARCC,19.184999465942383,19.184999465942383,19.189899444580078,19.18000030517578,19.18779945373535,4322.0
2023-03-09 09:55:00,AROW,29.0,29.0,29.0,29.0,29.0,572.0
2023-03-09 09:55:00,BANF,86.5,86.5,86.5,86.5,86.5,682.0
2023-03-09 09:55:00,BGCP,5.050000190734863,5.050000190734863,5.050000190734863,5.045000076293945,5.045000076293945,9845.0
2023-03-09 09:55:00,BHF,54.29499816894531,54.29499816894531,54.31999969482422,54.15999984741211,54.209999084472656,2556.0
2023-03-09 09:55:00,BITF,0.8030009865760803,0.8030009865760803,0.8030999898910522,0.8030009865760803,0.8030999898910522,9423.0
2023-03-09 09:55:00,BOKF,96.5250015258789,96.5250015258789,96.5250015258789,96.51000213623047,96.51000213623047,654.0
2023-03-09 09:55:00,BPOP,63.5,63.5,63.5,63.45000076293945,63.45000076293945,967.0
2023-03-09 09:55:00,BRKL,11.819999694824219,11.819999694824219,11.819999694824219,11.819999694824219,11.819999694824219,394.0
2023-03-09 09:55:00,BTBT,1.1749999523162842,1.1749999523162842,1.1749999523162842,1.1749999523162842,1.1749999523162842,472.0
2023-03-09 09:55:00,BUSE,23.010000228881836,23.010000228881836,23.020000457763672,23.010000228881836,23.020000457763672,230.0
2023-03-09 09:55:00,BWB,13.960000038146973,13.960000038146973,13.960000038146973,13.960000038146973,13.960000038146973,225.0
2023-03-09 09:55:00,CAC,39.709999084472656,39.709999084472656,39.709999084472656,39.70000076293945,39.70000076293945,1130.0
2023-03-09 09:55:00,CATY,40.349998474121094,40.349998474121094,40.349998474121094,40.290000915527344,40.29999923706055,960.0
2023-03-09 09:55:00,CBSH,62.209999084472656,62.209999084472656,62.209999084472656,62.20500183105469,62.20500183105469,875.0
2023-03-09 09:55:00,CCBG,34.01449966430664,34.01449966430664,34.04169845581055,34.01449966430664,34.04169845581055,403.0
2023-03-09 09:55:00,CCD,22.91189956665039,22.91189956665039,22.920000076293945,22.91189956665039,22.920000076293945,349.0
2023-03-09 09:55:00,CFFN,7.659999847412109,7.659999847412109,7.669099807739258,7.659999847412109,7.664999961853027,2271.0
2023-03-09 09:55:00,CG,34.70000076293945,34.70000076293945,34.70000076293945,34.685001373291016,34.689998626708984,1734.0
2023-03-09 09:55:00,CHI,11.989999771118164,11.989999771118164,12.029999732971191,11.979999542236328,12.029999732971191,2997.0
2023-03-09 09:55:00,CIFR,1.4500000476837158,1.4500000476837158,1.4508999586105347,1.4500000476837158,1.4508999586105347,700.0
2023-03-09 09:55:00,CIVB,21.040000915527344,21.040000915527344,21.040000915527344,21.040000915527344,21.040000915527344,0.0
2023-03-09 09:55:00,CLBK,19.979999542236328,19.979999542236328,20.020000457763672,19.979999542236328,20.020000457763672,424.0
2023-03-09 09:55:00,CME,180.32000732421875,180.32000732421875,180.32000732421875,180.32000732421875,180.32000732421875,212.0
2023-03-09 09:55:00,CNOB,22.940000534057617,22.940000534057617,22.977500915527344,22.940000534057617,22.977500915527344,528.0
2023-03-09 09:55:00,COLB,26.30500030517578,26.30500030517578,26.354999542236328,26.30500030517578,26.354999542236328,1230.0
2023-03-09 09:55:00,COOP,44.779998779296875,44.779998779296875,44.779998779296875,44.779998779296875,44.779998779296875,256.0
2023-03-09 09:55:00,CSLM,10.319999694824219,10.319999694824219,10.319999694824219,10.319999694824219,10.319999694824219,200.0
2023-03-09 09:55:00,CSQ,14.224499702453613,14.224499702453613,14.224499702453613,14.224499702453613,14.224499702453613,1306.0
2023-03-09 09:55:00,CSTR,15.84000015258789,15.84000015258789,15.9399995803833,15.84000015258789,15.9399995803833,819.0
2023-03-09 09:55:00,CSWC,18.6200008392334,18.6200008392334,18.623899459838867,18.6200008392334,18.623899459838867,1499.0
2023-03-09 09:55:00,CTBI,41.41999816894531,41.41999816894531,41.41999816894531,41.41999816894531,41.41999816894531,1394.0
2023-03-09 09:55:00,CVBF,22.440000534057617,22.440000534057617,22.440000534057617,22.440000534057617,22.440000534057617,185.0
2023-03-09 09:55:00,DCOM,29.78499984741211,29.78499984741211,29.78499984741211,29.78499984741211,29.78499984741211,414.0
2023-03-09 09:55:00,DWAC,14.270000457763672,14.270000457763672,14.270000457763672,14.270000457763672,14.270000457763672,598.0
2023-03-09 09:55:00,EBC,15.029999732971191,15.029999732971191,15.039999961853027,15.029999732971191,15.029999732971191,1249.0
2023-03-09 09:55:00,ECPG,50.77000045776367,50.77000045776367,50.779998779296875,50.77000045776367,50.779998779296875,726.0
2023-03-09 09:55:00,EFSC,52.45000076293945,52.45000076293945,52.45000076293945,52.439998626708984,52.439998626708984,519.0
2023-03-09 09:55:00,EGBN,40.70000076293945,40.70000076293945,40.75,40.70000076293945,40.75,850.0
2023-03-09 09:55:00,EHTH,9.370100021362305,9.370100021362305,9.370100021362305,9.370100021362305,9.370100021362305,552.0
2023-03-09 09:55:00,ERIE,234.89999389648438,234.89999389648438,235.0,234.89999389648438,235.0,528.0
2023-03-09 09:55:00,EWBC,71.16000366210938,71.16000366210938,71.21499633789062,71.16000366210938,71.21499633789062,1456.0
2023-03-09 09:55:00,EZPW,8.930800437927246,8.930800437927246,8.930800437927246,8.930800437927246,8.930800437927246,485.0
2023-03-09 09:55:00,FANH,8.149999618530273,8.149999618530273,8.149999618530273,8.085000038146973,8.119999885559082,1305.0
2023-03-09 09:55:00,FBMS,29.674999237060547,29.674999237060547,29.674999237060547,29.674999237060547,29.674999237060547,320.0
2023-03-09 09:55:00,FCFS,88.11000061035156,88.11000061035156,88.11000061035156,88.11000061035156,88.11000061035156,130.0
2023-03-09 09:55:00,FCNCA,675.0,675.0,675.6749877929688,675.0,675.280029296875,818.0
2023-03-09 09:55:00,FCRD,4.679999828338623,4.679999828338623,4.679999828338623,4.679999828338623,4.679999828338623,100.0
2023-03-09 09:55:00,FDUS,20.5,20.5,20.5,20.5,20.5,414.0
2023-03-09 09:55:00,FFIN,34.459999084472656,34.459999084472656,34.474998474121094,34.459999084472656,34.474998474121094,434.0
2023-03-09 09:55:00,FFWM,13.579999923706055,13.579999923706055,13.579999923706055,13.550000190734863,13.550000190734863,2337.0
2023-03-09 09:55:00,FITB,32.939998626708984,32.939998626708984,32.9900016784668,32.93000030517578,32.970001220703125,10750.0
2023-03-09 09:55:00,FMIV,10.135000228881836,10.135000228881836,10.135000228881836,10.109999656677246,10.109999656677246,2180.0
2023-03-09 09:55:00,FNLC,28.954999923706055,28.954999923706055,28.954999923706055,28.954999923706055,28.954999923706055,203.0
2023-03-09 09:55:00,FOCS,51.79999923706055,51.79999923706055,51.79999923706055,51.79999923706055,51.79999923706055,1573.0
2023-03-09 09:55:00,FRBK,1.815000057220459,1.815000057220459,1.815000057220459,1.815000057220459,1.815000057220459,273.0
2023-03-09 09:55:00,FULT,15.979999542236328,15.979999542236328,15.989999771118164,15.979999542236328,15.989999771118164,1912.0
2023-03-09 09:55:00,FUSB,9.75,9.75,9.75,9.75,9.75,605.0
2023-03-09 09:55:00,FUTU,46.349998474121094,46.349998474121094,46.38990020751953,46.2599983215332,46.38990020751953,4006.0
2023-03-09 09:55:00,GAIN,13.880000114440918,13.880000114440918,13.880000114440918,13.880000114440918,13.880000114440918,451.0
2023-03-09 09:55:00,GBDC,13.5600004196167,13.5600004196167,13.5600004196167,13.529999732971191,13.529999732971191,8482.0
2023-03-09 09:55:00,GFGD,10.210000038146973,10.210000038146973,10.210000038146973,10.210000038146973,10.210000038146973,1200.0
2023-03-09 09:55:00,GGAL,13.204999923706055,13.204999923706055,13.204999923706055,13.204999923706055,13.204999923706055,192.0
2023-03-09 09:55:00,HAFC,22.200000762939453,22.200000762939453,22.260000228881836,22.200000762939453,22.260000228881836,610.0
2023-03-09 09:55:00,HBAN,14.164999961853027,14.164999961853027,14.189900398254395,14.15999984741211,14.1850004196167,18596.0
2023-03-09 09:55:00,HBCP,36.310001373291016,36.310001373291016,36.580501556396484,36.310001373291016,36.400001525878906,1067.0
2023-03-09 09:55:00,HIVE,2.640000104904175,2.640000104904175,2.640000104904175,2.640000104904175,2.640000104904175,422.0
2023-03-09 09:55:00,HLNE,77.12000274658203,77.12000274658203,77.12000274658203,77.12000274658203,77.12000274658203,204.0
2023-03-09 09:55:00,HONE,12.90999984741211,12.90999984741211,12.920000076293945,12.90999984741211,12.920000076293945,2459.0
2023-03-09 09:55:00,HOPE,12.039999961853027,12.039999961853027,12.050000190734863,12.039999961853027,12.050000190734863,833.0
2023-03-09 09:55:00,HTBK,11.1899995803833,11.1899995803833,11.1899995803833,11.1899995803833,11.1899995803833,829.0
2023-03-09 09:55:00,HTLF,46.939998626708984,46.939998626708984,46.939998626708984,46.939998626708984,46.939998626708984,150.0
2023-03-09 09:55:00,HUT,1.4637000560760498,1.4637000560760498,1.465000033378601,1.4550000429153442,1.4550000429153442,26051.0
2023-03-09 09:55:00,HWC,45.13999938964844,45.13999938964844,45.220001220703125,45.13999938964844,45.220001220703125,1726.0
2023-03-09 09:55:00,IBCP,21.1200008392334,21.1200008392334,21.1200008392334,21.1200008392334,21.1200008392334,121.0
2023-03-09 09:55:00,IBKR,88.42500305175781,88.42500305175781,88.42500305175781,88.29000091552734,88.29000091552734,12223.0
2023-03-09 09:55:00,IMAQ,10.46500015258789,10.46500015258789,10.46500015258789,10.46500015258789,10.46500015258789,500.0
2023-03-09 09:55:00,INDB,74.17500305175781,74.17500305175781,74.3499984741211,74.17500305175781,74.3499984741211,1791.0
2023-03-09 09:55:00,INTR,2.0599000453948975,2.0599000453948975,2.0599000453948975,2.0599000453948975,2.0599000453948975,1450.0
2023-03-09 09:56:00,ACGL,69.80999755859375,69.80999755859375,69.83000183105469,69.79000091552734,69.81999969482422,3162.0
2023-03-09 09:56:00,ACT,24.469999313354492,24.469999313354492,24.469999313354492,24.469999313354492,24.469999313354492,390.0
2023-03-09 09:56:00,AMAL,21.559999465942383,21.559999465942383,21.610000610351562,21.530000686645508,21.559999465942383,2484.0
2023-03-09 09:56:00,AMRK,28.229999542236328,28.229999542236328,28.239999771118164,28.229999542236328,28.239999771118164,912.0
2023-03-09 09:56:00,APLD,2.240000009536743,2.240000009536743,2.240000009536743,2.240000009536743,2.240000009536743,413.0
2023-03-09 09:56:00,APMI,10.449999809265137,10.449999809265137,10.449999809265137,10.300000190734863,10.300000190734863,3306.0
2023-03-09 09:56:00,APMIU,10.15999984741211,10.15999984741211,10.15999984741211,10.15999984741211,10.15999984741211,0.0
2023-03-09 09:56:00,ARBK,1.517699956893921,1.517699956893921,1.517699956893921,1.517699956893921,1.517699956893921,165.0
2023-03-09 09:56:00,ARCC,19.170000076293945,19.170000076293945,19.184999465942383,19.165000915527344,19.184999465942383,8645.0
2023-03-09 09:56:00,AROW,28.854999542236328,28.854999542236328,28.934999465942383,28.854999542236328,28.934999465942383,200.0
2023-03-09 09:56:00,AUB,37.439998626708984,37.439998626708984,37.439998626708984,37.439998626708984,37.439998626708984,204.0
2023-03-09 09:56:00,BANF,86.5,86.5,86.5,86.5,86.5,598.0
2023-03-09 09:56:00,BANR,59.54999923706055,59.54999923706055,59.54999923706055,59.5099983215332,59.5099983215332,491.0
2023-03-09 09:56:00,BCBP,16.059999465942383,16.059999465942383,16.059999465942383,16.059999465942383,16.059999465942383,210.0
2023-03-09 09:56:00,BGCP,5.034999847412109,5.034999847412109,5.050000190734863,5.034999847412109,5.050000190734863,6387.0
2023-03-09 09:56:00,BHF,54.20000076293945,54.20000076293945,54.28499984741211,54.20000076293945,54.28499984741211,1136.0
2023-03-09 09:56:00,BITF,0.8108999729156494,0.8108999729156494,0.8108999729156494,0.8108999729156494,0.8108999729156494,235.0
2023-03-09 09:56:00,BKCC,3.690000057220459,3.690000057220459,3.694200038909912,3.680000066757202,3.694200038909912,1854.0
2023-03-09 09:56:00,BMRC,27.559999465942383,27.559999465942383,27.809999465942383,27.559999465942383,27.719999313354492,733.0
2023-03-09 09:56:00,BPOP,63.5,63.5,63.560001373291016,63.5,63.5,2810.0
2023-03-09 09:56:00,BRKL,11.8100004196167,11.8100004196167,11.8100004196167,11.800000190734863,11.800000190734863,1256.0
2023-03-09 09:56:00,BUSE,23.059999465942383,23.059999465942383,23.059999465942383,22.979999542236328,23.0,846.0
2023-03-09 09:56:00,CAC,39.70000076293945,39.70000076293945,39.70000076293945,39.70000076293945,39.70000076293945,230.0
2023-03-09 09:56:00,CASH,47.416500091552734,47.416500091552734,47.416500091552734,47.349998474121094,47.349998474121094,216.0
2023-03-09 09:56:00,CATC,72.83000183105469,72.83000183105469,72.83000183105469,72.58999633789062,72.58999633789062,924.0
2023-03-09 09:56:00,CATY,40.27000045776367,40.27000045776367,40.279998779296875,40.27000045776367,40.279998779296875,1126.0
2023-03-09 09:56:00,CCD,22.889999389648438,22.889999389648438,22.93000030517578,22.889999389648438,22.920000076293945,660.0
2023-03-09 09:56:00,CFB,12.8100004196167,12.8100004196167,12.8100004196167,12.8100004196167,12.8100004196167,118.0
2023-03-09 09:56:00,CFFN,7.650000095367432,7.650000095367432,7.650000095367432,7.644999980926514,7.644999980926514,247.0
2023-03-09 09:56:00,CG,34.65999984741211,34.65999984741211,34.720001220703125,34.65999984741211,34.720001220703125,2252.0
2023-03-09 09:56:00,CGBD,15.0600004196167,15.0600004196167,15.0600004196167,15.050000190734863,15.057999610900879,1615.0
2023-03-09 09:56:00,CHCO,92.26000213623047,92.26000213623047,92.2699966430664,92.26000213623047,92.2699966430664,806.0
2023-03-09 09:56:00,CHI,11.994999885559082,11.994999885559082,11.994999885559082,11.994999885559082,11.994999885559082,226.0
2023-03-09 09:56:00,CIFR,1.4550000429153442,1.4550000429153442,1.4550000429153442,1.4550000429153442,1.4550000429153442,211.0
2023-03-09 09:56:00,CINF,117.20999908447266,117.20999908447266,117.20999908447266,117.20999908447266,117.20999908447266,935.0
2023-03-09 09:56:00,CLBK,19.969999313354492,19.969999313354492,19.969999313354492,19.969999313354492,19.969999313354492,422.0
2023-03-09 09:56:00,CME,180.19000244140625,180.19000244140625,180.30999755859375,180.19000244140625,180.30999755859375,937.0
2023-03-09 09:56:00,CNOB,22.940000534057617,22.940000534057617,22.940000534057617,22.8700008392334,22.8700008392334,302.0
2023-03-09 09:56:00,COLB,26.25,26.25,26.264400482177734,26.25,26.260000228881836,1055.0
2023-03-09 09:56:00,COOP,44.900001525878906,44.900001525878906,44.90999984741211,44.76499938964844,44.779998779296875,1049.0
2023-03-09 09:56:00,CSTR,15.930000305175781,15.930000305175781,15.930000305175781,15.930000305175781,15.930000305175781,107.0
2023-03-09 09:56:00,CSWC,18.610000610351562,18.610000610351562,18.6200008392334,18.610000610351562,18.6200008392334,1654.0
2023-03-09 09:56:00,CTBI,41.25,41.25,41.25,41.25,41.25,259.0
2023-03-09 09:56:00,CVBF,22.399999618530273,22.399999618530273,22.40999984741211,22.399999618530273,22.40999984741211,3053.0
2023-03-09 09:56:00,CVLY,24.82469940185547,24.82469940185547,24.82469940185547,24.82469940185547,24.82469940185547,0.0
2023-03-09 09:56:00,DCOM,29.790000915527344,29.790000915527344,29.829999923706055,29.790000915527344,29.829999923706055,307.0
2023-03-09 09:56:00,DGICA,15.079999923706055,15.079999923706055,15.079999923706055,15.079999923706055,15.079999923706055,236.0
2023-03-09 09:56:00,EBC,15.020000457763672,15.020000457763672,15.029999732971191,15.0108003616333,15.020000457763672,2099.0
2023-03-09 09:56:00,ECPG,50.560001373291016,50.560001373291016,50.83000183105469,50.560001373291016,50.83000183105469,1248.0
2023-03-09 09:56:00,EFSC,52.43000030517578,52.43000030517578,52.43000030517578,52.189998626708984,52.27000045776367,626.0
2023-03-09 09:56:00,EGBN,40.459999084472656,40.459999084472656,40.619998931884766,40.459999084472656,40.59199905395508,2053.0
2023-03-09 09:56:00,ESGR,231.1300048828125,231.1300048828125,231.1300048828125,231.1300048828125,231.1300048828125,381.0
2023-03-09 09:56:00,EWBC,71.16999816894531,71.16999816894531,71.19000244140625,71.08000183105469,71.16999816894531,3835.0
2023-03-09 09:56:00,EZPW,8.914999961853027,8.914999961853027,8.930000305175781,8.914999961853027,8.930000305175781,331.0
2023-03-09 09:56:00,FANH,8.149999618530273,8.149999618530273,8.149999618530273,8.149999618530273,8.149999618530273,185.0
2023-03-09 09:56:00,FBIZ,34.75,34.75,34.75,34.75,34.75,151.0
2023-03-09 09:56:00,FBNC,39.36000061035156,39.36000061035156,39.36000061035156,39.345001220703125,39.345001220703125,676.0
2023-03-09 09:56:00,FCFS,88.11000061035156,88.11000061035156,88.11000061035156,88.11000061035156,88.11000061035156,256.0
2023-03-09 09:56:00,FCNCA,675.0,675.0,675.47998046875,675.0,675.47998046875,549.0
2023-03-09 09:56:00,FFBC,22.799999237060547,22.799999237060547,22.799999237060547,22.799999237060547,22.799999237060547,904.0
2023-03-09 09:56:00,FFIC,17.770000457763672,17.770000457763672,17.790000915527344,17.770000457763672,17.790000915527344,1184.0
2023-03-09 09:56:00,FFIN,34.42499923706055,34.42499923706055,34.47999954223633,34.42499923706055,34.47999954223633,2075.0
2023-03-09 09:56:00,FFWM,13.5649995803833,13.5649995803833,13.569999694824219,13.5649995803833,13.569999694824219,637.0
2023-03-09 09:56:00,FHB,24.795000076293945,24.795000076293945,24.825000762939453,24.795000076293945,24.825000762939453,200.0
2023-03-09 09:56:00,FIBK,33.060001373291016,33.060001373291016,33.06999969482422,33.02000045776367,33.029998779296875,2373.0
2023-03-09 09:56:00,FISI,23.799999237060547,23.799999237060547,23.850000381469727,23.799999237060547,23.850000381469727,422.0
2023-03-09 09:56:00,FITB,32.900001525878906,32.900001525878906,32.95000076293945,32.875,32.93000030517578,11425.0
2023-03-09 09:56:00,FLIC,16.399999618530273,16.399999618530273,16.399999618530273,16.399999618530273,16.399999618530273,283.0
2023-03-09 09:56:00,FMBH,28.899999618530273,28.899999618530273,28.899999618530273,28.899999618530273,28.899999618530273,168.0
2023-03-09 09:56:00,FOCS,51.79999923706055,51.79999923706055,51.810001373291016,51.79999923706055,51.79999923706055,3338.0
2023-03-09 09:56:00,FRBK,1.8087999820709229,1.8087999820709229,1.809999942779541,1.8087999820709229,1.809999942779541,1977.0
2023-03-09 09:56:00,FTPA,10.130000114440918,10.130000114440918,10.130000114440918,10.130000114440918,10.130000114440918,1000.0
2023-03-09 09:56:00,FULT,15.970000267028809,15.970000267028809,15.989999771118164,15.960000038146973,15.989999771118164,3373.0
2023-03-09 09:56:00,FUTU,46.45000076293945,46.45000076293945,46.46549987792969,46.369998931884766,46.40999984741211,11659.0
2023-03-09 09:56:00,GABC,36.334999084472656,36.334999084472656,36.36000061035156,36.334999084472656,36.36000061035156,771.0
2023-03-09 09:56:00,GBDC,13.5600004196167,13.5600004196167,13.569999694824219,13.5600004196167,13.569999694824219,1330.0
2023-03-09 09:56:00,GECC,9.520000457763672,9.520000457763672,9.520000457763672,9.520000457763672,9.520000457763672,998.0
2023-03-09 09:56:00,GFGD,10.210000038146973,10.210000038146973,10.210000038146973,10.210000038146973,10.210000038146973,270.0
2023-03-09 09:56:00,GGAL,13.15999984741211,13.15999984741211,13.15999984741211,13.15999984741211,13.15999984741211,272.0
2023-03-09 09:56:00,GREE,0.44839999079704285,0.44839999079704285,0.44839999079704285,0.44839999079704285,0.44839999079704285,800.0
2023-03-09 09:56:00,GSBC,55.56999969482422,55.56999969482422,55.56999969482422,55.54999923706055,55.54999923706055,526.0
2023-03-09 09:56:00,HAFC,22.209999084472656,22.209999084472656,22.209999084472656,22.209999084472656,22.209999084472656,228.0
2023-03-09 09:56:00,HALL,11.09000015258789,11.09000015258789,11.09000015258789,11.09000015258789,11.09000015258789,115.0
2023-03-09 09:56:00,HBAN,14.154999732971191,14.154999732971191,14.170000076293945,14.140000343322754,14.164999961853027,25780.0
2023-03-09 09:56:00,HBNC,14.520000457763672,14.520000457763672,14.524999618530273,14.449999809265137,14.524999618530273,2793.0
2023-03-09 09:56:00,HBT,22.520000457763672,22.520000457763672,22.520000457763672,22.520000457763672,22.520000457763672,104.0
2023-03-09 09:56:00,HONE,12.90999984741211,12.90999984741211,12.90999984741211,12.899999618530273,12.899999618530273,1267.0
2023-03-09 09:56:00,HOPE,12.020000457763672,12.020000457763672,12.020000457763672,12.010000228881836,12.020000457763672,714.0
2023-03-09 09:56:00,HTLF,46.970001220703125,46.970001220703125,46.970001220703125,46.970001220703125,46.970001220703125,134.0
2023-03-09 09:56:00,HUT,1.4594000577926636,1.4594000577926636,1.465000033378601,1.4550000429153442,1.4642000198364258,25807.0
2023-03-09 09:56:00,HWC,45.13999938964844,45.13999938964844,45.13999938964844,45.13999938964844,45.13999938964844,739.0
2023-03-09 09:56:00,IBCP,21.110000610351562,21.110000610351562,21.110000610351562,21.110000610351562,21.110000610351562,1204.0
2023-03-09 09:56:00,IBKR,88.58999633789062,88.58999633789062,88.5999984741211,88.42250061035156,88.42500305175781,1983.0
2023-03-09 09:56:00,IBOC,46.2599983215332,46.2599983215332,46.2599983215332,46.2599983215332,46.2599983215332,266.0
2023-03-09 09:56:00,IGTA,10.3100004196167,10.3100004196167,10.3100004196167,10.3100004196167,10.3100004196167,2417.0
2023-03-09 09:56:00,INDB,74.02999877929688,74.02999877929688,74.16999816894531,74.02999877929688,74.16999816894531,331.0
2023-03-09 09:57:00,ABCB,43.709999084472656,43.709999084472656,43.709999084472656,43.709999084472656,43.709999084472656,110.0
2023-03-09 09:57:00,ACAB,10.345000267028809,10.345000267028809,10.345000267028809,10.345000267028809,10.345000267028809,400.0
2023-03-09 09:57:00,ACGL,69.81999969482422,69.81999969482422,69.81999969482422,69.81999969482422,69.81999969482422,323.0
2023-03-09 09:57:00,AMSF,52.2765998840332,52.2765998840332,52.2765998840332,52.2765998840332,52.2765998840332,170.0
2023-03-09 09:57:00,AMTB,26.1299991607666,26.1299991607666,26.1299991607666,26.1299991607666,26.1299991607666,567.0
2023-03-09 09:57:00,APMI,10.300000190734863,10.300000190734863,10.413999557495117,10.239999771118164,10.300000190734863,2704.0
2023-03-09 09:57:00,ARCC,19.170000076293945,19.170000076293945,19.18000030517578,19.165000915527344,19.170000076293945,5942.0
2023-03-09 09:57:00,AROW,28.850000381469727,28.850000381469727,28.8700008392334,28.850000381469727,28.8700008392334,1039.0
2023-03-09 09:57:00,AUB,37.42250061035156,37.42250061035156,37.42250061035156,37.42250061035156,37.42250061035156,125.0
2023-03-09 09:57:00,BANF,86.75,86.75,86.75,86.75,86.75,884.0
2023-03-09 09:57:00,BCBP,16.06999969482422,16.06999969482422,16.06999969482422,16.06999969482422,16.06999969482422,136.0
2023-03-09 09:57:00,BGCP,5.034999847412109,5.034999847412109,5.034999847412109,5.034999847412109,5.034999847412109,3383.0
2023-03-09 09:57:00,BKCC,3.690000057220459,3.690000057220459,3.690000057220459,3.690000057220459,3.690000057220459,312.0
2023-03-09 09:57:00,BOKF,96.5,96.5,96.5,96.5,96.5,539.0
2023-03-09 09:57:00,BPOP,63.4900016784668,63.4900016784668,63.59000015258789,63.4900016784668,63.5,3027.0
2023-03-09 09:57:00,BRKL,11.789999961853027,11.789999961853027,11.8100004196167,11.789999961853027,11.8100004196167,538.0
2023-03-09 09:57:00,BUSE,23.030000686645508,23.030000686645508,23.030000686645508,23.030000686645508,23.030000686645508,212.0
2023-03-09 09:57:00,BWB,13.920000076293945,13.920000076293945,13.920000076293945,13.90999984741211,13.90999984741211,535.0
2023-03-09 09:57:00,BWFG,28.8799991607666,28.8799991607666,28.8799991607666,28.8799991607666,28.8799991607666,370.0
2023-03-09 09:57:00,CASH,47.310001373291016,47.310001373291016,47.32500076293945,47.310001373291016,47.32500076293945,465.0
2023-03-09 09:57:00,CATC,72.5999984741211,72.5999984741211,72.68000030517578,72.58000183105469,72.68000030517578,491.0
2023-03-09 09:57:00,CATY,40.220001220703125,40.220001220703125,40.220001220703125,40.220001220703125,40.220001220703125,295.0
2023-03-09 09:57:00,CBSH,62.15999984741211,62.15999984741211,62.209999084472656,62.15999984741211,62.209999084472656,1161.0
2023-03-09 09:57:00,CCB,43.040000915527344,43.040000915527344,43.040000915527344,43.040000915527344,43.040000915527344,107.0
2023-03-09 09:57:00,CCD,22.8700008392334,22.8700008392334,22.895000457763672,22.860000610351562,22.895000457763672,400.0
2023-03-09 09:57:00,CFFN,7.635000228881836,7.635000228881836,7.635000228881836,7.630000114440918,7.630000114440918,200.0
2023-03-09 09:57:00,CG,34.68000030517578,34.68000030517578,34.68000030517578,34.68000030517578,34.68000030517578,1075.0
2023-03-09 09:57:00,CHCO,91.80000305175781,91.80000305175781,91.80000305175781,91.80000305175781,91.80000305175781,489.0
2023-03-09 09:57:00,CIFR,1.4550000429153442,1.4550000429153442,1.4550000429153442,1.4550000429153442,1.4550000429153442,195.0
2023-03-09 09:57:00,CIVB,20.84000015258789,20.84000015258789,20.84000015258789,20.84000015258789,20.84000015258789,175.0
2023-03-09 09:57:00,CME,180.0850067138672,180.0850067138672,180.1199951171875,180.0850067138672,180.1199951171875,1455.0
2023-03-09 09:57:00,COLB,26.18000030517578,26.18000030517578,26.270000457763672,26.18000030517578,26.260000228881836,3847.0
2023-03-09 09:57:00,COOP,45.00469970703125,45.00469970703125,45.00469970703125,45.00469970703125,45.00469970703125,115.0
2023-03-09 09:57:00,CSLM,10.319999694824219,10.319999694824219,10.319999694824219,10.319999694824219,10.319999694824219,400.0
2023-03-09 09:57:00,CSTR,15.859999656677246,15.859999656677246,15.859999656677246,15.859999656677246,15.859999656677246,202.0
2023-03-09 09:57:00,CSWC,18.610000610351562,18.610000610351562,18.614999771118164,18.610000610351562,18.610000610351562,726.0
2023-03-09 09:57:00,CTBI,41.2599983215332,41.2599983215332,41.2599983215332,41.2599983215332,41.2599983215332,441.0
2023-03-09 09:57:00,CVBF,22.35300064086914,22.35300064086914,22.40999984741211,22.350000381469727,22.40999984741211,1752.0
2023-03-09 09:57:00,EBC,15.01200008392334,15.01200008392334,15.020000457763672,15.010000228881836,15.010000228881836,1415.0
2023-03-09 09:57:00,EFSC,52.220001220703125,52.220001220703125,52.220001220703125,52.220001220703125,52.220001220703125,553.0
2023-03-09 09:57:00,EHTH,9.390000343322754,9.390000343322754,9.390000343322754,9.390000343322754,9.390000343322754,251.0
2023-03-09 09:57:00,EQBK,29.155000686645508,29.155000686645508,29.155000686645508,29.155000686645508,29.155000686645508,201.0
2023-03-09 09:57:00,ERIE,234.60000610351562,234.60000610351562,234.6699981689453,234.39999389648438,234.39999389648438,1468.0
2023-03-09 09:57:00,ESGRP,23.389999389648438,23.389999389648438,23.389999389648438,23.389999389648438,23.389999389648438,103.0
2023-03-09 09:57:00,EWBC,71.12999725341797,71.12999725341797,71.26499938964844,71.12999725341797,71.22000122070312,4226.0
2023-03-09 09:57:00,FCFS,88.0,88.0,88.11000061035156,87.9614028930664,88.11000061035156,1789.0
2023-03-09 09:57:00,FCNCA,673.5750122070312,673.5750122070312,675.1400146484375,673.5750122070312,674.0,986.0
2023-03-09 09:57:00,FFBC,22.799999237060547,22.799999237060547,22.799999237060547,22.799999237060547,22.799999237060547,394.0
2023-03-09 09:57:00,FFIC,17.760000228881836,17.760000228881836,17.760000228881836,17.760000228881836,17.760000228881836,350.0
2023-03-09 09:57:00,FFIN,34.439998626708984,34.439998626708984,34.45000076293945,34.42499923706055,34.45000076293945,806.0
2023-03-09 09:57:00,FHB,24.78499984741211,24.78499984741211,24.81999969482422,24.78499984741211,24.81999969482422,1127.0
2023-03-09 09:57:00,FIBK,33.0099983215332,33.0099983215332,33.04999923706055,33.0099983215332,33.04999923706055,1610.0
2023-03-09 09:57:00,FISI,23.709999084472656,23.709999084472656,23.709999084472656,23.709999084472656,23.709999084472656,176.0
2023-03-09 09:57:00,FITB,32.859500885009766,32.859500885009766,32.89500045776367,32.849998474121094,32.8849983215332,13144.0
2023-03-09 09:57:00,FLIC,16.360000610351562,16.360000610351562,16.3700008392334,16.360000610351562,16.3700008392334,251.0
2023-03-09 09:57:00,FMAO,24.0,24.0,24.0,24.0,24.0,676.0
2023-03-09 09:57:00,FOCS,51.79999923706055,51.79999923706055,51.810001373291016,51.79999923706055,51.79999923706055,1689.0
2023-03-09 09:57:00,FRBK,1.809999942779541,1.809999942779541,1.809999942779541,1.809999942779541,1.809999942779541,645.0
2023-03-09 09:57:00,FULT,15.9350004196167,15.9350004196167,15.979999542236328,15.9350004196167,15.979999542236328,2728.0
2023-03-09 09:57:00,FUTU,46.619998931884766,46.619998931884766,46.619998931884766,46.44499969482422,46.44499969482422,3571.0
2023-03-09 09:57:00,GABC,36.5,36.5,36.5,36.5,36.5,288.0
2023-03-09 09:57:00,GAIN,13.880000114440918,13.880000114440918,13.880000114440918,13.880000114440918,13.880000114440918,697.0
2023-03-09 09:57:00,GBDC,13.555000305175781,13.555000305175781,13.555000305175781,13.555000305175781,13.555000305175781,233.0
2023-03-09 09:57:00,GGAL,13.130000114440918,13.130000114440918,13.130000114440918,13.130000114440918,13.130000114440918,483.0
2023-03-09 09:57:00,GLAD,9.970000267028809,9.970000267028809,9.970000267028809,9.970000267028809,9.970000267028809,1008.0
2023-03-09 09:57:00,GXII,10.119999885559082,10.119999885559082,10.140000343322754,10.119999885559082,10.130000114440918,3454.0
2023-03-09 09:57:00,HAFC,22.170000076293945,22.170000076293945,22.170000076293945,22.170000076293945,22.170000076293945,306.0
2023-03-09 09:57:00,HBAN,14.130000114440918,14.130000114440918,14.15999984741211,14.130000114440918,14.154999732971191,19107.0
2023-03-09 09:57:00,HIVE,2.640000104904175,2.640000104904175,2.640000104904175,2.640000104904175,2.640000104904175,100.0
2023-03-09 09:57:00,HLNE,77.11000061035156,77.11000061035156,77.11000061035156,77.08999633789062,77.08999633789062,536.0
2023-03-09 09:57:00,HOPE,11.989999771118164,11.989999771118164,12.010000228881836,11.989999771118164,12.010000228881836,1652.0
2023-03-09 09:57:00,HRZN,11.949999809265137,11.949999809265137,11.949999809265137,11.949999809265137,11.949999809265137,120.0
2023-03-09 09:57:00,HUT,1.4550000429153442,1.4550000429153442,1.458799958229065,1.4550000429153442,1.458799958229065,330.0
2023-03-09 09:57:00,HWC,45.125,45.125,45.125,45.125,45.125,276.0
2023-03-09 09:57:00,IBKR,88.36499786376953,88.36499786376953,88.47000122070312,88.29000091552734,88.44000244140625,2673.0
2023-03-09 09:57:00,IGTA,10.3100004196167,10.3100004196167,10.3100004196167,10.3100004196167,10.3100004196167,6100.0
2023-03-09 09:57:00,INDB,73.93000030517578,73.93000030517578,73.93000030517578,73.93000030517578,73.93000030517578,223.0
2023-03-09 09:58:00,AAME,2.363800048828125,2.363800048828125,2.363800048828125,2.363800048828125,2.363800048828125,424.0
2023-03-09 09:58:00,ABCB,43.72999954223633,43.72999954223633,43.72999954223633,43.72999954223633,43.72999954223633,209.0
2023-03-09 09:58:00,ACGL,69.69000244140625,69.69000244140625,69.77999877929688,69.69000244140625,69.77999877929688,1592.0
2023-03-09 09:58:00,APLD,2.240000009536743,2.240000009536743,2.240000009536743,2.234999895095825,2.240000009536743,843.0
2023-03-09 09:58:00,APMI,10.350000381469727,10.350000381469727,10.350000381469727,10.289999961853027,10.289999961853027,3410.0
2023-03-09 09:58:00,ARCC,19.149999618530273,19.149999618530273,19.18000030517578,19.149999618530273,19.18000030517578,9281.0
2023-03-09 09:58:00,BANR,59.34000015258789,59.34000015258789,59.34000015258789,59.310001373291016,59.310001373291016,467.0
2023-03-09 09:58:00,BCML,19.8700008392334,19.8700008392334,19.8700008392334,19.8700008392334,19.8700008392334,113.0
2023-03-09 09:58:00,BGCP,5.034999847412109,5.034999847412109,5.035699844360352,5.03000020980835,5.034999847412109,3749.0
2023-03-09 09:58:00,BITF,0.8027999997138977,0.8027999997138977,0.8162999749183655,0.800000011920929,0.8048290014266968,25618.0
2023-03-09 09:58:00,BMRC,27.610000610351562,27.610000610351562,27.610000610351562,27.610000610351562,27.610000610351562,459.0
2023-03-09 09:58:00,BPOP,63.5,63.5,63.5,63.48500061035156,63.494998931884766,5758.0
2023-03-09 09:58:00,BRKL,11.770000457763672,11.770000457763672,11.770000457763672,11.770000457763672,11.770000457763672,140.0
2023-03-09 09:58:00,BTBT,1.1700999736785889,1.1700999736785889,1.1700999736785889,1.1700999736785889,1.1700999736785889,300.0
2023-03-09 09:58:00,BTCS,1.2470999956130981,1.2470999956130981,1.2470999956130981,1.2470999956130981,1.2470999956130981,176.0
2023-03-09 09:58:00,BUSE,22.989999771118164,22.989999771118164,22.989999771118164,22.989999771118164,22.989999771118164,230.0
2023-03-09 09:58:00,BWB,13.914999961853027,13.914999961853027,13.914999961853027,13.90999984741211,13.90999984741211,630.0
2023-03-09 09:58:00,CAC,39.5099983215332,39.5099983215332,39.540000915527344,39.5099983215332,39.52009963989258,3207.0
2023-03-09 09:58:00,CARE,17.209999084472656,17.209999084472656,17.209999084472656,17.209999084472656,17.209999084472656,1315.0
2023-03-09 09:58:00,CASH,47.290000915527344,47.290000915527344,47.290000915527344,47.290000915527344,47.290000915527344,100.0
2023-03-09 09:58:00,CATC,72.30000305175781,72.30000305175781,72.3550033569336,72.30000305175781,72.3550033569336,229.0
2023-03-09 09:58:00,CBSH,62.18000030517578,62.18000030517578,62.18000030517578,62.18000030517578,62.18000030517578,678.0
2023-03-09 09:58:00,CCB,43.04499816894531,43.04499816894531,43.04499816894531,43.04499816894531,43.04499816894531,216.0
2023-03-09 09:58:00,CCBG,34.02000045776367,34.02000045776367,34.02000045776367,34.02000045776367,34.02000045776367,438.0
2023-03-09 09:58:00,CCD,22.889999389648438,22.889999389648438,22.889999389648438,22.889999389648438,22.889999389648438,139.0
2023-03-09 09:58:00,CFFN,7.610000133514404,7.610000133514404,7.630000114440918,7.610000133514404,7.630000114440918,6129.0
2023-03-09 09:58:00,CG,34.68000030517578,34.68000030517578,34.69499969482422,34.68000030517578,34.689998626708984,1621.0
2023-03-09 09:58:00,CIFR,1.4600000381469727,1.4600000381469727,1.4600000381469727,1.4550000429153442,1.4600000381469727,2269.0
2023-03-09 09:58:00,CINF,116.98500061035156,116.98500061035156,117.07499694824219,116.9800033569336,117.07499694824219,1357.0
2023-03-09 09:58:00,CLINW,0.09780000150203705,0.09780000150203705,0.09780000150203705,0.09780000150203705,0.09780000150203705,206.0
2023-03-09 09:58:00,CME,179.94000244140625,179.94000244140625,179.94000244140625,179.94000244140625,179.94000244140625,638.0
2023-03-09 09:58:00,CNOB,22.81999969482422,22.81999969482422,22.81999969482422,22.81999969482422,22.81999969482422,136.0
2023-03-09 09:58:00,COLB,26.219999313354492,26.219999313354492,26.219999313354492,26.170000076293945,26.18000030517578,3999.0
2023-03-09 09:58:00,CSQ,14.208999633789062,14.208999633789062,14.208999633789062,14.208999633789062,14.208999633789062,166.0
2023-03-09 09:58:00,CSWC,18.600000381469727,18.600000381469727,18.610000610351562,18.600000381469727,18.610000610351562,3729.0
2023-03-09 09:58:00,CTBI,41.279998779296875,41.279998779296875,41.279998779296875,41.27000045776367,41.27000045776367,548.0
2023-03-09 09:58:00,CVBF,22.354999542236328,22.354999542236328,22.354999542236328,22.354999542236328,22.354999542236328,271.0
2023-03-09 09:58:00,DHCA,10.100000381469727,10.100000381469727,10.100000381469727,10.100000381469727,10.100000381469727,0.0
2023-03-09 09:58:00,DISAU,11.550000190734863,11.550000190734863,11.550000190734863,11.550000190734863,11.550000190734863,0.0
2023-03-09 09:58:00,DWAC,14.199999809265137,14.199999809265137,14.199999809265137,14.199999809265137,14.199999809265137,223.0
2023-03-09 09:58:00,EBC,15.010000228881836,15.010000228881836,15.015000343322754,15.010000228881836,15.010000228881836,6346.0
2023-03-09 09:58:00,ECPG,50.68000030517578,50.68000030517578,50.68000030517578,50.505001068115234,50.505001068115234,793.0
2023-03-09 09:58:00,EHTH,9.40999984741211,9.40999984741211,9.40999984741211,9.40999984741211,9.40999984741211,364.0
2023-03-09 09:58:00,EQBK,28.96500015258789,28.96500015258789,29.059999465942383,28.96500015258789,29.059999465942383,585.0
2023-03-09 09:58:00,EWBC,71.08000183105469,71.08000183105469,71.125,71.05000305175781,71.125,1814.0
2023-03-09 09:58:00,EZPW,8.9399995803833,8.9399995803833,8.9399995803833,8.930000305175781,8.930000305175781,1103.0
2023-03-09 09:58:00,FANH,8.194999694824219,8.194999694824219,8.194999694824219,8.194999694824219,8.194999694824219,660.0
2023-03-09 09:58:00,FBIZ,34.4900016784668,34.4900016784668,34.4900016784668,34.4900016784668,34.4900016784668,168.0
2023-03-09 09:58:00,FBMS,29.674999237060547,29.674999237060547,29.674999237060547,29.674999237060547,29.674999237060547,212.0
2023-03-09 09:58:00,FCNCO,21.799999237060547,21.799999237060547,21.799999237060547,21.799999237060547,21.799999237060547,600.0
2023-03-09 09:58:00,FCRD,4.679999828338623,4.679999828338623,4.679999828338623,4.679999828338623,4.679999828338623,220.0
2023-03-09 09:58:00,FFBC,22.799999237060547,22.799999237060547,22.799999237060547,22.799999237060547,22.799999237060547,364.0
2023-03-09 09:58:00,FFIC,17.719999313354492,17.719999313354492,17.729999542236328,17.719999313354492,17.729999542236328,407.0
2023-03-09 09:58:00,FFIN,34.45000076293945,34.45000076293945,34.45000076293945,34.45000076293945,34.45000076293945,533.0
2023-03-09 09:58:00,FFWM,13.579999923706055,13.579999923706055,13.579999923706055,13.550000190734863,13.550000190734863,3822.0
2023-03-09 09:58:00,FIBK,33.029998779296875,33.029998779296875,33.029998779296875,33.029998779296875,33.029998779296875,1510.0
2023-03-09 09:58:00,FITB,32.86000061035156,32.86000061035156,32.880001068115234,32.84000015258789,32.85499954223633,5262.0
2023-03-09 09:58:00,FLIC,16.309999465942383,16.309999465942383,16.309999465942383,16.309999465942383,16.309999465942383,267.0
2023-03-09 09:58:00,FMBH,28.719999313354492,28.719999313354492,28.719999313354492,28.70050048828125,28.70050048828125,495.0
2023-03-09 09:58:00,FMNB,13.289999961853027,13.289999961853027,13.350000381469727,13.289999961853027,13.350000381469727,2647.0
2023-03-09 09:58:00,FNLC,28.799999237060547,28.799999237060547,28.799999237060547,28.799999237060547,28.799999237060547,631.0
2023-03-09 09:58:00,FOCS,51.79999923706055,51.79999923706055,51.810001373291016,51.79999923706055,51.810001373291016,2484.0
2023-03-09 09:58:00,FRHC,72.95999908447266,72.95999908447266,72.98999786376953,72.95999908447266,72.98999786376953,356.0
2023-03-09 09:58:00,FRST,11.210000038146973,11.210000038146973,11.210000038146973,11.210000038146973,11.210000038146973,535.0
2023-03-09 09:58:00,FULT,15.930000305175781,15.930000305175781,15.9399995803833,15.920000076293945,15.9399995803833,1831.0
2023-03-09 09:58:00,FUTU,46.665000915527344,46.665000915527344,46.79999923706055,46.650001525878906,46.6775016784668,16930.0
2023-03-09 09:58:00,FVCB,13.529999732971191,13.529999732971191,13.529999732971191,13.529999732971191,13.529999732971191,326.0
2023-03-09 09:58:00,GAIN,13.881099700927734,13.881099700927734,13.881099700927734,13.881099700927734,13.881099700927734,181.0
2023-03-09 09:58:00,GBDC,13.545000076293945,13.545000076293945,13.555000305175781,13.545000076293945,13.555000305175781,1034.0
2023-03-09 09:58:00,GECC,9.5,9.5,9.5,9.5,9.5,1000.0
2023-03-09 09:58:00,GGAAW,0.029999999329447746,0.029999999329447746,0.029999999329447746,0.029999999329447746,0.029999999329447746,1000.0
2023-03-09 09:58:00,GGAL,13.109999656677246,13.109999656677246,13.149999618530273,13.109999656677246,13.149999618530273,1033.0
2023-03-09 09:58:00,HBAN,14.140000343322754,14.140000343322754,14.149999618530273,14.130000114440918,14.130000114440918,33229.0
2023-03-09 09:58:00,HBNC,14.4350004196167,14.4350004196167,14.4350004196167,14.4350004196167,14.4350004196167,856.0
2023-03-09 09:58:00,HIVE,2.640000104904175,2.640000104904175,2.640000104904175,2.640000104904175,2.640000104904175,10600.0
2023-03-09 09:58:00,HOPE,11.975000381469727,11.975000381469727,12.0,11.975000381469727,12.0,1756.0
2023-03-09 09:58:00,HRZN,11.940199851989746,11.940199851989746,11.942099571228027,11.940199851989746,11.942099571228027,752.0
2023-03-09 09:58:00,HTLF,46.775001525878906,46.775001525878906,46.775001525878906,46.75,46.75,833.0
2023-03-09 09:58:00,HUT,1.4599000215530396,1.4599000215530396,1.4599000215530396,1.4500000476837158,1.4500000476837158,7866.0
2023-03-09 09:58:00,HWC,44.91999816894531,44.91999816894531,45.0,44.91999816894531,44.97999954223633,822.0
2023-03-09 09:58:00,IBKR,88.07890319824219,88.07890319824219,88.41000366210938,88.06999969482422,88.37000274658203,6468.0
2023-03-09 09:58:00,IBOC,46.09000015258789,46.09000015258789,46.189998626708984,46.06999969482422,46.06999969482422,1225.0
2023-03-09 09:58:00,INTR,2.0199999809265137,2.0199999809265137,2.0199999809265137,2.0199999809265137,2.0199999809265137,100.0
2023-03-09 09:59:00,ABCB,43.630001068115234,43.630001068115234,43.630001068115234,43.630001068115234,43.630001068115234,530.0
2023-03-09 09:59:00,ACGL,69.66960144042969,69.66960144042969,69.66999816894531,69.58000183105469,69.66000366210938,7370.0
2023-03-09 09:59:00,APMI,10.279999732971191,10.279999732971191,10.3100004196167,10.279999732971191,10.3100004196167,1213.0
2023-03-09 09:59:00,ARCC,19.149999618530273,19.149999618530273,19.15999984741211,19.149999618530273,19.15999984741211,3722.0
2023-03-09 09:59:00,AUB,37.45000076293945,37.45000076293945,37.45000076293945,37.45000076293945,37.45000076293945,347.0
2023-03-09 09:59:00,BANR,59.38999938964844,59.38999938964844,59.38999938964844,59.34000015258789,59.34000015258789,1451.0
2023-03-09 09:59:00,BFST,19.3700008392334,19.3700008392334,19.3700008392334,19.3700008392334,19.3700008392334,222.0
2023-03-09 09:59:00,BGCP,5.034999847412109,5.034999847412109,5.034999847412109,5.032599925994873,5.032599925994873,2433.0
2023-03-09 09:59:00,BHFAM,16.75,16.75,16.75,16.75,16.75,100.0
2023-03-09 09:59:00,BITF,0.8026999831199646,0.8026999831199646,0.8026999831199646,0.800000011920929,0.8025990128517151,3305.0
2023-03-09 09:59:00,BOKF,95.96499633789062,95.96499633789062,95.96499633789062,95.96499633789062,95.96499633789062,100.0
2023-03-09 09:59:00,BPOP,63.4900016784668,63.4900016784668,63.560001373291016,63.4900016784668,63.5,2117.0
2023-03-09 09:59:00,BRKL,11.760000228881836,11.760000228881836,11.770000457763672,11.760000228881836,11.770000457763672,444.0
2023-03-09 09:59:00,BTBT,1.1749999523162842,1.1749999523162842,1.1749999523162842,1.173200011253357,1.173200011253357,491.0
2023-03-09 09:59:00,BWB,13.920000076293945,13.920000076293945,13.920000076293945,13.920000076293945,13.920000076293945,226.0
2023-03-09 09:59:00,CAC,39.5,39.5,39.5099983215332,39.5,39.5099983215332,944.0
2023-03-09 09:59:00,CASH,47.31999969482422,47.31999969482422,47.31999969482422,47.31999969482422,47.31999969482422,1127.0
2023-03-09 09:59:00,CATC,72.0199966430664,72.0199966430664,72.27999877929688,72.0199966430664,72.27999877929688,607.0
2023-03-09 09:59:00,CCAI,10.495699882507324,10.495699882507324,10.495699882507324,10.495699882507324,10.495699882507324,287.0
2023-03-09 09:59:00,CCB,43.040000915527344,43.040000915527344,43.04999923706055,43.040000915527344,43.04999923706055,675.0
2023-03-09 09:59:00,CFB,12.729999542236328,12.729999542236328,12.729999542236328,12.729999542236328,12.729999542236328,232.0
2023-03-09 09:59:00,CFFN,7.619999885559082,7.619999885559082,7.619999885559082,7.614999771118164,7.614999771118164,7855.0
2023-03-09 09:59:00,CG,34.619998931884766,34.619998931884766,34.63999938964844,34.619998931884766,34.63999938964844,3533.0
2023-03-09 09:59:00,CGBD,15.0600004196167,15.0600004196167,15.0600004196167,15.0600004196167,15.0600004196167,332.0
2023-03-09 09:59:00,CIFR,1.4600000381469727,1.4600000381469727,1.4605000019073486,1.4600000381469727,1.4600000381469727,3442.0
2023-03-09 09:59:00,CINF,116.91500091552734,116.91500091552734,116.95999908447266,116.80999755859375,116.80999755859375,566.0
2023-03-09 09:59:00,CIVB,20.829999923706055,20.829999923706055,20.829999923706055,20.829999923706055,20.829999923706055,114.0
2023-03-09 09:59:00,CLBK,19.93000030517578,19.93000030517578,19.959999084472656,19.93000030517578,19.959999084472656,1688.0
2023-03-09 09:59:00,CME,180.22000122070312,180.22000122070312,180.24000549316406,180.07000732421875,180.07000732421875,1921.0
2023-03-09 09:59:00,CNGLW,0.032499998807907104,0.032499998807907104,0.032499998807907104,0.032499998807907104,0.032499998807907104,0.0
2023-03-09 09:59:00,COLB,26.149999618530273,26.149999618530273,26.209999084472656,26.1299991607666,26.200000762939453,4564.0
2023-03-09 09:59:00,COOP,45.0099983215332,45.0099983215332,45.0099983215332,44.845001220703125,44.845001220703125,323.0
2023-03-09 09:59:00,CPAA,10.050000190734863,10.050000190734863,10.050000190734863,10.050000190734863,10.050000190734863,100.0
2023-03-09 09:59:00,CSLM,10.319999694824219,10.319999694824219,10.319999694824219,10.319999694824219,10.319999694824219,400.0
2023-03-09 09:59:00,CSQ,14.197999954223633,14.197999954223633,14.197999954223633,14.197999954223633,14.197999954223633,142.0
2023-03-09 09:59:00,CSWC,18.59000015258789,18.59000015258789,18.600000381469727,18.59000015258789,18.591999053955078,3302.0
2023-03-09 09:59:00,CTBI,41.08000183105469,41.08000183105469,41.20000076293945,41.06999969482422,41.20000076293945,1288.0
2023-03-09 09:59:00,DCOM,29.704999923706055,29.704999923706055,29.764999389648438,29.639999389648438,29.700000762939453,1810.0
2023-03-09 09:59:00,DTOC,10.199999809265137,10.199999809265137,10.199999809265137,10.199999809265137,10.199999809265137,50000.0
2023-03-09 09:59:00,DWAC,14.260000228881836,14.260000228881836,14.260000228881836,14.260000228881836,14.260000228881836,196.0
2023-03-09 09:59:00,EBC,15.010000228881836,15.010000228881836,15.010000228881836,15.010000228881836,15.010000228881836,4913.0
2023-03-09 09:59:00,EHTH,9.369999885559082,9.369999885559082,9.369999885559082,9.369999885559082,9.369999885559082,830.0
2023-03-09 09:59:00,EQBK,28.954999923706055,28.954999923706055,28.954999923706055,28.8700008392334,28.8700008392334,641.0
2023-03-09 09:59:00,EWBC,71.05000305175781,71.05000305175781,71.05999755859375,70.98999786376953,71.01000213623047,6278.0
2023-03-09 09:59:00,EZPW,8.96500015258789,8.96500015258789,8.96500015258789,8.960000038146973,8.960000038146973,611.0
2023-03-09 09:59:00,FBMS,29.6200008392334,29.6200008392334,29.674999237060547,29.614999771118164,29.6299991607666,4005.0
2023-03-09 09:59:00,FBNC,39.1609992980957,39.1609992980957,39.2400016784668,39.130001068115234,39.2400016784668,1268.0
2023-03-09 09:59:00,FCNCA,669.75,669.75,673.9099731445312,669.6900024414062,673.6900024414062,4684.0
2023-03-09 09:59:00,FDUS,20.46500015258789,20.46500015258789,20.469999313354492,20.46500015258789,20.469999313354492,283.0
2023-03-09 09:59:00,FFBC,22.729999542236328,22.729999542236328,22.799999237060547,22.729999542236328,22.799999237060547,522.0
2023-03-09 09:59:00,FFIC,17.709999084472656,17.709999084472656,17.709999084472656,17.709999084472656,17.709999084472656,223.0
2023-03-09 09:59:00,FFIN,34.349998474121094,34.349998474121094,34.41999816894531,34.349998474121094,34.400001525878906,2447.0
2023-03-09 09:59:00,FFWM,13.569999694824219,13.569999694824219,13.569999694824219,13.569999694824219,13.569999694824219,432.0
2023-03-09 09:59:00,FHB,24.729900360107422,24.729900360107422,24.729900360107422,24.700000762939453,24.709999084472656,966.0
2023-03-09 09:59:00,FIBK,33.0099983215332,33.0099983215332,33.0099983215332,33.0099983215332,33.0099983215332,276.0
2023-03-09 09:59:00,FITB,32.869998931884766,32.869998931884766,32.915000915527344,32.83000183105469,32.849998474121094,45357.0
2023-03-09 09:59:00,FLIC,16.30500030517578,16.30500030517578,16.30500030517578,16.30500030517578,16.30500030517578,292.0
2023-03-09 09:59:00,FMNB,13.300000190734863,13.300000190734863,13.300000190734863,13.289999961853027,13.289999961853027,706.0
2023-03-09 09:59:00,FNLC,28.780000686645508,28.780000686645508,28.780000686645508,28.75,28.75,527.0
2023-03-09 09:59:00,FOCS,51.79999923706055,51.79999923706055,51.79999923706055,51.79999923706055,51.79999923706055,1377.0
2023-03-09 09:59:00,FRBA,13.050000190734863,13.050000190734863,13.130000114440918,12.970000267028809,13.130000114440918,3523.0
2023-03-09 09:59:00,FRON,10.1850004196167,10.1850004196167,10.1850004196167,10.1850004196167,10.1850004196167,406.0
2023-03-09 09:59:00,FULT,15.908499717712402,15.908499717712402,15.90999984741211,15.899999618530273,15.90999984741211,1677.0
2023-03-09 09:59:00,FUTU,46.59000015258789,46.59000015258789,46.64500045776367,46.56660079956055,46.614898681640625,3370.0
2023-03-09 09:59:00,GAIN,13.880000114440918,13.880000114440918,13.880000114440918,13.880000114440918,13.880000114440918,413.0
2023-03-09 09:59:00,GBDC,13.555000305175781,13.555000305175781,13.5600004196167,13.547300338745117,13.550000190734863,1146.0
2023-03-09 09:59:00,GGAL,13.109999656677246,13.109999656677246,13.109999656677246,13.109999656677246,13.109999656677246,283.0
2023-03-09 09:59:00,GLLI,10.3100004196167,10.3100004196167,10.3100004196167,10.3100004196167,10.3100004196167,0.0
2023-03-09 09:59:00,GSHD,53.33000183105469,53.33000183105469,53.44499969482422,53.220001220703125,53.27000045776367,1213.0
2023-03-09 09:59:00,HAFC,22.149999618530273,22.149999618530273,22.149999618530273,22.1200008392334,22.1200008392334,776.0
2023-03-09 09:59:00,HBAN,14.135000228881836,14.135000228881836,14.149999618530273,14.123000144958496,14.140000343322754,69372.0
2023-03-09 09:59:00,HFWA,25.020000457763672,25.020000457763672,25.020000457763672,25.020000457763672,25.020000457763672,100.0
2023-03-09 09:59:00,HIVE,2.640000104904175,2.640000104904175,2.6449999809265137,2.640000104904175,2.6449999809265137,516.0
2023-03-09 09:59:00,HLNE,76.80999755859375,76.80999755859375,76.80999755859375,76.80999755859375,76.80999755859375,106.0
2023-03-09 09:59:00,HMST,22.80500030517578,22.80500030517578,22.80500030517578,22.75,22.75,1685.0
2023-03-09 09:59:00,HONE,12.890000343322754,12.890000343322754,12.890000343322754,12.890000343322754,12.890000343322754,307.0
2023-03-09 09:59:00,HOPE,11.949999809265137,11.949999809265137,11.970000267028809,11.949999809265137,11.970000267028809,781.0
2023-03-09 09:59:00,HRZN,11.946100234985352,11.946100234985352,11.946100234985352,11.946100234985352,11.946100234985352,156.0
2023-03-09 09:59:00,HUT,1.4550000429153442,1.4550000429153442,1.4600000381469727,1.4550000429153442,1.4600000381469727,2203.0
2023-03-09 09:59:00,HWC,45.0,45.0,45.0,44.90999984741211,44.90999984741211,916.0
2023-03-09 09:59:00,IBKR,88.13999938964844,88.13999938964844,88.16000366210938,88.01499938964844,88.08999633789062,1145.0
2023-03-09 09:59:00,IBOC,45.849998474121094,45.849998474121094,46.040000915527344,45.849998474121094,45.9900016784668,2213.0
2023-03-09 09:59:00,IMAQ,10.46500015258789,10.46500015258789,10.46500015258789,10.46500015258789,10.46500015258789,800.0
2023-03-09 09:59:00,INDB,73.79000091552734,73.79000091552734,73.79499816894531,73.79000091552734,73.79499816894531,772.0
2023-03-09 09:59:00,INTR,2.0399999618530273,2.0399999618530273,2.0399999618530273,2.0399999618530273,2.0399999618530273,1155.0
2023-03-09 10:00:00,ABCB,43.68000030517578,43.68000030517578,43.68000030517578,43.68000030517578,43.68000030517578,226.0
2023-03-09 10:00:00,ACGL,69.66999816894531,69.66999816894531,69.68000030517578,69.54000091552734,69.66000366210938,7098.0
2023-03-09 10:00:00,ACQR,10.204000473022461,10.204000473022461,10.204000473022461,10.204000473022461,10.204000473022461,210.0
2023-03-09 10:00:00,ACT,24.270000457763672,24.270000457763672,24.31999969482422,24.229999542236328,24.290000915527344,2115.0
2023-03-09 10:00:00,AMRK,28.260000228881836,28.260000228881836,28.280000686645508,28.260000228881836,28.280000686645508,531.0
2023-03-09 10:00:00,ANZU,9.9399995803833,9.9399995803833,9.9399995803833,9.9399995803833,9.9399995803833,0.0
2023-03-09 10:00:00,APMI,10.283699989318848,10.283699989318848,10.300000190734863,10.279999732971191,10.300000190734863,400.0
2023-03-09 10:00:00,ARCC,19.163999557495117,19.163999557495117,19.165000915527344,19.155000686645508,19.155000686645508,5455.0
2023-03-09 10:00:00,AUB,37.5099983215332,37.5099983215332,37.5099983215332,37.44499969482422,37.44499969482422,1579.0
2023-03-09 10:00:00,BANF,86.67500305175781,86.67500305175781,86.67500305175781,86.67500305175781,86.67500305175781,568.0
2023-03-09 10:00:00,BGCP,5.070000171661377,5.070000171661377,5.074999809265137,5.039999961853027,5.039999961853027,11335.0
2023-03-09 10:00:00,BHF,54.20000076293945,54.20000076293945,54.290000915527344,54.15999984741211,54.290000915527344,1369.0
2023-03-09 10:00:00,BITF,0.800000011920929,0.800000011920929,0.8047999739646912,0.800000011920929,0.8047999739646912,464.0
2023-03-09 10:00:00,BKCC,3.6940999031066895,3.6940999031066895,3.6940999031066895,3.6940999031066895,3.6940999031066895,241.0
2023-03-09 10:00:00,BOKF,95.76840209960938,95.76840209960938,96.1500015258789,95.76840209960938,95.92890167236328,902.0
2023-03-09 10:00:00,BPOP,63.657501220703125,63.657501220703125,63.657501220703125,63.5,63.5,862.0
2023-03-09 10:00:00,BRKL,11.774999618530273,11.774999618530273,11.789999961853027,11.770000457763672,11.770000457763672,1793.0
2023-03-09 10:00:00,BTBT,1.1749999523162842,1.1749999523162842,1.1749999523162842,1.1749999523162842,1.1749999523162842,183.0
2023-03-09 10:00:00,BTCS,1.2425999641418457,1.2425999641418457,1.2425999641418457,1.2425999641418457,1.2425999641418457,562.0
2023-03-09 10:00:00,BWB,13.90999984741211,13.90999984741211,13.90999984741211,13.90999984741211,13.90999984741211,775.0
2023-03-09 10:00:00,CARE,17.200000762939453,17.200000762939453,17.200000762939453,17.200000762939453,17.200000762939453,203.0
2023-03-09 10:00:00,CASH,47.34000015258789,47.34000015258789,47.34000015258789,47.34000015258789,47.34000015258789,272.0
2023-03-09 10:00:00,CATC,72.0199966430664,72.0199966430664,72.0199966430664,72.0199966430664,72.0199966430664,602.0
2023-03-09 10:00:00,CATY,40.13999938964844,40.13999938964844,40.20500183105469,40.13999938964844,40.20500183105469,625.0
2023-03-09 10:00:00,CBNK,19.270000457763672,19.270000457763672,19.270000457763672,19.260000228881836,19.270000457763672,679.0
2023-03-09 10:00:00,CBSH,62.189998626708984,62.189998626708984,62.20000076293945,62.16999816894531,62.189998626708984,1699.0
2023-03-09 10:00:00,CCAP,15.255000114440918,15.255000114440918,15.255000114440918,15.255000114440918,15.255000114440918,205.0
2023-03-09 10:00:00,CCD,22.895000457763672,22.895000457763672,22.895000457763672,22.895000457763672,22.895000457763672,500.0
2023-03-09 10:00:00,CFFN,7.619999885559082,7.619999885559082,7.619999885559082,7.619999885559082,7.619999885559082,425.0
2023-03-09 10:00:00,CG,34.599998474121094,34.599998474121094,34.630001068115234,34.599998474121094,34.625,3340.0
2023-03-09 10:00:00,CGBD,15.076600074768066,15.076600074768066,15.076600074768066,15.076600074768066,15.076600074768066,1072.0
2023-03-09 10:00:00,CHY,12.34000015258789,12.34000015258789,12.34000015258789,12.34000015258789,12.34000015258789,300.0
2023-03-09 10:00:00,CINF,116.92500305175781,116.92500305175781,116.92500305175781,116.92500305175781,116.92500305175781,290.0
2023-03-09 10:00:00,CLBK,19.899999618530273,19.899999618530273,19.899999618530273,19.899999618530273,19.899999618530273,256.0
2023-03-09 10:00:00,CME,180.0050048828125,180.0050048828125,180.17999267578125,179.97999572753906,180.13499450683594,3278.0
2023-03-09 10:00:00,CNOB,22.790000915527344,22.790000915527344,22.790000915527344,22.790000915527344,22.790000915527344,107.0
2023-03-09 10:00:00,COLB,26.094999313354492,26.094999313354492,26.170000076293945,26.09000015258789,26.139999389648438,12684.0
2023-03-09 10:00:00,COOP,44.91999816894531,44.91999816894531,44.91999816894531,44.91999816894531,44.91999816894531,312.0
2023-03-09 10:00:00,CSLM,10.319999694824219,10.319999694824219,10.319999694824219,10.319999694824219,10.319999694824219,600.0
2023-03-09 10:00:00,CSWC,18.59000015258789,18.59000015258789,18.59000015258789,18.59000015258789,18.59000015258789,445.0
2023-03-09 10:00:00,CVBF,22.290000915527344,22.290000915527344,22.315000534057617,22.290000915527344,22.315000534057617,719.0
2023-03-09 10:00:00,CZNC,22.15999984741211,22.15999984741211,22.15999984741211,22.15999984741211,22.15999984741211,467.0
2023-03-09 10:00:00,DCOM,29.700000762939453,29.700000762939453,29.700000762939453,29.700000762939453,29.700000762939453,252.0
2023-03-09 10:00:00,DWAC,14.229999542236328,14.229999542236328,14.229999542236328,14.229999542236328,14.229999542236328,194.0
2023-03-09 10:00:00,EBC,15.010000228881836,15.010000228881836,15.010000228881836,15.010000228881836,15.010000228881836,459.0
2023-03-09 10:00:00,ECPG,50.65999984741211,50.65999984741211,50.65999984741211,50.65999984741211,50.65999984741211,160.0
2023-03-09 10:00:00,EGBN,40.650001525878906,40.650001525878906,40.650001525878906,40.48500061035156,40.505001068115234,4160.0
2023-03-09 10:00:00,EHTH,9.319999694824219,9.319999694824219,9.34000015258789,9.319999694824219,9.34000015258789,1246.0
2023-03-09 10:00:00,EWBC,71.19999694824219,71.19999694824219,71.19999694824219,71.05999755859375,71.05999755859375,5167.0
2023-03-09 10:00:00,EZPW,8.949999809265137,8.949999809265137,8.960000038146973,8.949999809265137,8.960000038146973,848.0
2023-03-09 10:00:00,FANH,8.265000343322754,8.265000343322754,8.265000343322754,8.265000343322754,8.265000343322754,134.0
2023-03-09 10:00:00,FBMS,29.469999313354492,29.469999313354492,29.600000381469727,29.469999313354492,29.579999923706055,1890.0
2023-03-09 10:00:00,FCRD,4.690000057220459,4.690000057220459,4.690000057220459,4.690000057220459,4.690000057220459,100.0
2023-03-09 10:00:00,FDUS,20.464500427246094,20.464500427246094,20.489999771118164,20.464500427246094,20.489999771118164,500.0
2023-03-09 10:00:00,FFIN,34.400001525878906,34.400001525878906,34.400001525878906,34.38999938964844,34.38999938964844,715.0
2023-03-09 10:00:00,FFWM,13.59000015258789,13.59000015258789,13.59000015258789,13.59000015258789,13.59000015258789,402.0
2023-03-09 10:00:00,FHB,24.760000228881836,24.760000228881836,24.760000228881836,24.69499969482422,24.69499969482422,1177.0
2023-03-09 10:00:00,FIBK,33.03179931640625,33.03179931640625,33.03179931640625,33.03179931640625,33.03179931640625,737.0
2023-03-09 10:00:00,FITB,32.935001373291016,32.935001373291016,32.95000076293945,32.880001068115234,32.880001068115234,26196.0
2023-03-09 10:00:00,FLIC,16.31999969482422,16.31999969482422,16.31999969482422,16.299999237060547,16.299999237060547,353.0
2023-03-09 10:00:00,FOCS,51.79999923706055,51.79999923706055,51.810001373291016,51.79999923706055,51.80500030517578,868.0
2023-03-09 10:00:00,FRON,10.1850004196167,10.1850004196167,10.1850004196167,10.1850004196167,10.1850004196167,200.0
2023-03-09 10:00:00,FULT,15.9350004196167,15.9350004196167,15.9350004196167,15.90999984741211,15.90999984741211,2130.0
2023-03-09 10:00:00,FUTU,46.59000015258789,46.59000015258789,46.67499923706055,46.58000183105469,46.599998474121094,6438.0
2023-03-09 10:00:00,GOCO,19.030000686645508,19.030000686645508,19.030000686645508,19.030000686645508,19.030000686645508,409.0
2023-03-09 10:00:00,GTACW,0.11599999666213989,0.11599999666213989,0.11599999666213989,0.11599999666213989,0.11599999666213989,103.0
2023-03-09 10:00:00,HBAN,14.15999984741211,14.15999984741211,14.164999961853027,14.135000228881836,14.135000228881836,47601.0
2023-03-09 10:00:00,HBANP,19.295000076293945,19.295000076293945,19.295000076293945,19.295000076293945,19.295000076293945,103.0
2023-03-09 10:00:00,HFWA,25.0,25.0,25.0,25.0,25.0,188.0
2023-03-09 10:00:00,HIFS,271.4100036621094,271.4100036621094,271.4100036621094,271.4100036621094,271.4100036621094,252.0
2023-03-09 10:00:00,HIVE,2.630000114440918,2.630000114440918,2.640000104904175,2.630000114440918,2.640000104904175,3290.0
2023-03-09 10:00:00,HOPE,11.960000038146973,11.960000038146973,11.960000038146973,11.960000038146973,11.960000038146973,854.0
2023-03-09 10:00:00,HRZN,11.963000297546387,11.963000297546387,11.963000297546387,11.963000297546387,11.963000297546387,137.0
2023-03-09 10:00:00,HUT,1.4550000429153442,1.4550000429153442,1.4596999883651733,1.4550000429153442,1.4596999883651733,1612.0
2023-03-09 10:00:00,HWC,45.029998779296875,45.029998779296875,45.029998779296875,44.93000030517578,44.93000030517578,1601.0
2023-03-09 10:00:00,IBKR,88.24500274658203,88.24500274658203,88.3499984741211,88.16500091552734,88.16500091552734,1895.0
2023-03-09 10:00:00,IBOC,46.01499938964844,46.01499938964844,46.03499984741211,45.900001525878906,45.900001525878906,3313.0
2023-03-09 10:00:00,IMAQ,10.46500015258789,10.46500015258789,10.46500015258789,10.46500015258789,10.46500015258789,730.0
2023-03-09 10:01:00,ABCB,43.665000915527344,43.665000915527344,43.665000915527344,43.665000915527344,43.665000915527344,267.0
2023-03-09 10:01:00,ACAB,10.345000267028809,10.345000267028809,10.345000267028809,10.345000267028809,10.345000267028809,400.0
2023-03-09 10:01:00,ACGL,69.62999725341797,69.62999725341797,69.68000030517578,69.62000274658203,69.66999816894531,15026.0
2023-03-09 10:01:00,ACNB,35.20000076293945,35.20000076293945,35.20000076293945,35.20000076293945,35.20000076293945,509.0
2023-03-09 10:01:00,ALRS,19.15999984741211,19.15999984741211,19.15999984741211,19.15999984741211,19.15999984741211,114.0
2023-03-09 10:01:00,AMRK,28.299999237060547,28.299999237060547,28.299999237060547,28.299999237060547,28.299999237060547,159.0
2023-03-09 10:01:00,APLD,2.259999990463257,2.259999990463257,2.259999990463257,2.25,2.25,1265.0
2023-03-09 10:01:00,APMI,10.270000457763672,10.270000457763672,10.284899711608887,10.270000457763672,10.279999732971191,503.0
2023-03-09 10:01:00,ARCC,19.190000534057617,19.190000534057617,19.190000534057617,19.168399810791016,19.168399810791016,13781.0
2023-03-09 10:01:00,AUB,37.505001068115234,37.505001068115234,37.505001068115234,37.505001068115234,37.505001068115234,340.0
2023-03-09 10:01:00,BCML,19.739999771118164,19.739999771118164,19.739999771118164,19.739999771118164,19.739999771118164,141.0
2023-03-09 10:01:00,BGCP,5.070099830627441,5.070099830627441,5.074999809265137,5.070099830627441,5.074999809265137,1682.0
2023-03-09 10:01:00,BHFAM,16.75,16.75,16.75,16.75,16.75,200.0
2023-03-09 10:01:00,BITF,0.795199990272522,0.795199990272522,0.8001000285148621,0.7947999835014343,0.8001000285148621,50229.0
2023-03-09 10:01:00,BOKF,96.00499725341797,96.00499725341797,96.00499725341797,96.0,96.0,836.0
2023-03-09 10:01:00,BPOP,63.66999816894531,63.66999816894531,63.720001220703125,63.63999938964844,63.64500045776367,2488.0
2023-03-09 10:01:00,BRP,26.59000015258789,26.59000015258789,26.59000015258789,26.59000015258789,26.59000015258789,310.0
2023-03-09 10:01:00,BWB,13.90999984741211,13.90999984741211,13.90999984741211,13.90999984741211,13.90999984741211,503.0
2023-03-09 10:01:00,CALB,25.110000610351562,25.110000610351562,25.459999084472656,25.110000610351562,25.280000686645508,1367.0
2023-03-09 10:01:00,CATY,40.150001525878906,40.150001525878906,40.150001525878906,40.150001525878906,40.150001525878906,645.0
2023-03-09 10:01:00,CBSH,62.13999938964844,62.13999938964844,62.27000045776367,62.13999938964844,62.2599983215332,2136.0
2023-03-09 10:01:00,CCAP,15.270000457763672,15.270000457763672,15.270000457763672,15.270000457763672,15.270000457763672,249.0
2023-03-09 10:01:00,CCD,22.993000030517578,22.993000030517578,23.010000228881836,22.920000076293945,22.920000076293945,2689.0
2023-03-09 10:01:00,CFFN,7.605000019073486,7.605000019073486,7.610000133514404,7.605000019073486,7.610000133514404,749.0
2023-03-09 10:01:00,CG,34.61000061035156,34.61000061035156,34.61000061035156,34.595001220703125,34.599998474121094,1747.0
2023-03-09 10:01:00,CHCO,91.87999725341797,91.87999725341797,91.87999725341797,91.87999725341797,91.87999725341797,261.0
2023-03-09 10:01:00,CHI,11.920000076293945,11.920000076293945,11.994999885559082,11.920000076293945,11.994999885559082,9412.0
2023-03-09 10:01:00,CHY,12.34000015258789,12.34000015258789,12.350000381469727,12.34000015258789,12.350000381469727,739.0
2023-03-09 10:01:00,CIFR,1.4600000381469727,1.4600000381469727,1.4600000381469727,1.4600000381469727,1.4600000381469727,500.0
2023-03-09 10:01:00,CME,180.11000061035156,180.11000061035156,180.11000061035156,180.0399932861328,180.0399932861328,504.0
2023-03-09 10:01:00,CNOB,22.799999237060547,22.799999237060547,22.799999237060547,22.799999237060547,22.799999237060547,143.0
2023-03-09 10:01:00,COLB,26.110000610351562,26.110000610351562,26.114999771118164,26.059999465942383,26.09000015258789,10921.0
2023-03-09 10:01:00,CSWC,18.558000564575195,18.558000564575195,18.590900421142578,18.550100326538086,18.590900421142578,4432.0
2023-03-09 10:01:00,CTBI,41.20000076293945,41.20000076293945,41.20000076293945,40.91999816894531,40.91999816894531,525.0
2023-03-09 10:01:00,CZNC,22.174999237060547,22.174999237060547,22.174999237060547,22.17020034790039,22.17020034790039,809.0
2023-03-09 10:01:00,DCOM,29.700000762939453,29.700000762939453,29.700000762939453,29.700000762939453,29.700000762939453,738.0
2023-03-09 10:01:00,DHHC,11.0,11.0,11.0,11.0,11.0,117.0
2023-03-09 10:01:00,EBC,15.0,15.0,15.005000114440918,14.989999771118164,15.0,5924.0
2023-03-09 10:01:00,EGBN,40.650001525878906,40.650001525878906,40.65999984741211,40.63999938964844,40.65999984741211,810.0
2023-03-09 10:01:00,EHTH,9.319999694824219,9.319999694824219,9.319999694824219,9.319999694824219,9.319999694824219,213.0
2023-03-09 10:01:00,EQBK,28.950000762939453,28.950000762939453,29.040000915527344,28.950000762939453,28.989999771118164,796.0
2023-03-09 10:01:00,EWBC,71.22000122070312,71.22000122070312,71.2300033569336,71.1500015258789,71.16000366210938,6459.0
2023-03-09 10:01:00,EZPW,8.9350004196167,8.9350004196167,8.9399995803833,8.9350004196167,8.9399995803833,488.0
2023-03-09 10:01:00,FBNC,39.165000915527344,39.165000915527344,39.165000915527344,39.165000915527344,39.165000915527344,297.0
2023-03-09 10:01:00,FCFS,88.37000274658203,88.37000274658203,88.37000274658203,88.23999786376953,88.23999786376953,475.0
2023-03-09 10:01:00,FCNCA,670.1400146484375,670.1400146484375,670.6900024414062,669.9600219726562,670.6900024414062,1210.0
2023-03-09 10:01:00,FFBC,22.690000534057617,22.690000534057617,22.719999313354492,22.670000076293945,22.670000076293945,613.0
2023-03-09 10:01:00,FFIC,17.729999542236328,17.729999542236328,17.729999542236328,17.729999542236328,17.729999542236328,231.0
2023-03-09 10:01:00,FFWM,13.579999923706055,13.579999923706055,13.579999923706055,13.579999923706055,13.579999923706055,123.0
2023-03-09 10:01:00,FIBK,33.040199279785156,33.040199279785156,33.040199279785156,33.03499984741211,33.03499984741211,935.0
2023-03-09 10:01:00,FITB,32.89500045776367,32.89500045776367,32.93000030517578,32.849998474121094,32.91999816894531,20875.0
2023-03-09 10:01:00,FMNB,13.3100004196167,13.3100004196167,13.3100004196167,13.300000190734863,13.300000190734863,869.0
2023-03-09 10:01:00,FOCS,51.80500030517578,51.80500030517578,51.80500030517578,51.79999923706055,51.79999923706055,1060.0
2023-03-09 10:01:00,FRHC,73.31559753417969,73.31559753417969,73.31559753417969,73.31559753417969,73.31559753417969,260.0
2023-03-09 10:01:00,FRME,38.150001525878906,38.150001525878906,38.150001525878906,38.150001525878906,38.150001525878906,508.0
2023-03-09 10:01:00,FRON,10.1850004196167,10.1850004196167,10.1850004196167,10.1850004196167,10.1850004196167,271.0
2023-03-09 10:01:00,FRST,11.210000038146973,11.210000038146973,11.210000038146973,11.210000038146973,11.210000038146973,479.0
2023-03-09 10:01:00,FULT,15.930000305175781,15.930000305175781,15.9399995803833,15.930000305175781,15.930000305175781,1788.0
2023-03-09 10:01:00,FUTU,46.72999954223633,46.72999954223633,46.72999954223633,46.540000915527344,46.54999923706055,5383.0
2023-03-09 10:01:00,FXNC,18.8799991607666,18.8799991607666,18.899999618530273,18.799999237060547,18.889999389648438,0.0
2023-03-09 10:01:00,GABC,36.310001373291016,36.310001373291016,36.41999816894531,36.310001373291016,36.41999816894531,248.0
2023-03-09 10:01:00,GAIN,13.885000228881836,13.885000228881836,13.885000228881836,13.885000228881836,13.885000228881836,130.0
2023-03-09 10:01:00,HBAN,14.149999618530273,14.149999618530273,14.170000076293945,14.14009952545166,14.15999984741211,32536.0
2023-03-09 10:01:00,HLNE,77.18000030517578,77.18000030517578,77.18000030517578,77.18000030517578,77.18000030517578,105.0
2023-03-09 10:01:00,HONE,12.880000114440918,12.880000114440918,12.880000114440918,12.880000114440918,12.880000114440918,928.0
2023-03-09 10:01:00,HOPE,11.944999694824219,11.944999694824219,11.944999694824219,11.9399995803833,11.9399995803833,573.0
2023-03-09 10:01:00,HRZN,11.960000038146973,11.960000038146973,11.960000038146973,11.9128999710083,11.9128999710083,744.0
2023-03-09 10:01:00,HUT,1.4579999446868896,1.4579999446868896,1.4600000381469727,1.4500000476837158,1.4579999446868896,1568.0
2023-03-09 10:01:00,HWC,45.03499984741211,45.03499984741211,45.03499984741211,45.03499984741211,45.03499984741211,663.0
2023-03-09 10:01:00,IBKR,88.1500015258789,88.1500015258789,88.20999908447266,88.1500015258789,88.20999908447266,728.0
2023-03-09 10:01:00,IBOC,45.83000183105469,45.83000183105469,45.95000076293945,45.83000183105469,45.95000076293945,1528.0
2023-03-09 10:01:00,IBTX,53.311100006103516,53.311100006103516,53.650001525878906,53.311100006103516,53.650001525878906,5543.0
2023-03-09 10:01:00,INDB,73.76000213623047,73.76000213623047,73.76000213623047,73.76000213623047,73.76000213623047,325.0
2023-03-09 10:02:00,ACGL,69.56999969482422,69.56999969482422,69.6500015258789,69.55500030517578,69.6500015258789,3131.0
2023-03-09 10:02:00,ACT,24.139999389648438,24.139999389648438,24.139999389648438,24.100000381469727,24.139999389648438,799.0
2023-03-09 10:02:00,AIHS,0.8709759712219238,0.8709759712219238,0.8709759712219238,0.8700000047683716,0.8700000047683716,200.0
2023-03-09 10:02:00,AMRK,28.31999969482422,28.31999969482422,28.31999969482422,28.31999969482422,28.31999969482422,210.0
2023-03-09 10:02:00,ARCC,19.184999465942383,19.184999465942383,19.18899917602539,19.18000030517578,19.18000030517578,3094.0
2023-03-09 10:02:00,BFC,76.76000213623047,76.76000213623047,76.93000030517578,76.76000213623047,76.93000030517578,1408.0
2023-03-09 10:02:00,BGCP,5.074999809265137,5.074999809265137,5.079999923706055,5.074999809265137,5.079999923706055,1070.0
2023-03-09 10:02:00,BHF,54.25,54.25,54.29999923706055,54.25,54.29999923706055,588.0
2023-03-09 10:02:00,BITF,0.7925000190734863,0.7925000190734863,0.800000011920929,0.7925000190734863,0.7954999804496765,78339.0
2023-03-09 10:02:00,BKCC,3.690000057220459,3.690000057220459,3.699899911880493,3.690000057220459,3.699899911880493,4746.0
2023-03-09 10:02:00,BLFY,11.779999732971191,11.779999732971191,11.779999732971191,11.779999732971191,11.779999732971191,100.0
2023-03-09 10:02:00,BPOP,63.767601013183594,63.767601013183594,63.767601013183594,63.76499938964844,63.76499938964844,250.0
2023-03-09 10:02:00,BSVN,28.270000457763672,28.270000457763672,28.270000457763672,27.8799991607666,27.8799991607666,906.0
2023-03-09 10:02:00,BWB,13.90999984741211,13.90999984741211,13.90999984741211,13.90999984741211,13.90999984741211,1128.0
2023-03-09 10:02:00,BYFC,1.3099000453948975,1.3099000453948975,1.3099000453948975,1.3099000453948975,1.3099000453948975,6100.0
2023-03-09 10:02:00,CATY,40.15999984741211,40.15999984741211,40.15999984741211,40.15999984741211,40.15999984741211,270.0
2023-03-09 10:02:00,CBNK,19.260000228881836,19.260000228881836,19.260000228881836,19.260000228881836,19.260000228881836,120.0
2023-03-09 10:02:00,CBSH,62.13999938964844,62.13999938964844,62.261199951171875,62.13999938964844,62.189998626708984,1305.0
2023-03-09 10:02:00,CCAP,15.276000022888184,15.276000022888184,15.276000022888184,15.276000022888184,15.276000022888184,312.0
2023-03-09 10:02:00,CCTS,10.420000076293945,10.420000076293945,10.420000076293945,10.420000076293945,10.420000076293945,500035.0
2023-03-09 10:02:00,CFB,12.670000076293945,12.670000076293945,12.680000305175781,12.640000343322754,12.680000305175781,5466.0
2023-03-09 10:02:00,CFFN,7.614999771118164,7.614999771118164,7.614999771118164,7.605000019073486,7.610000133514404,2383.0
2023-03-09 10:02:00,CG,34.619998931884766,34.619998931884766,34.625,34.6150016784668,34.6150016784668,2518.0
2023-03-09 10:02:00,CHEAU,10.510000228881836,10.510000228881836,10.510000228881836,10.510000228881836,10.510000228881836,100.0
2023-03-09 10:02:00,CHI,11.9350004196167,11.9350004196167,11.9350004196167,11.9350004196167,11.9350004196167,100.0
2023-03-09 10:02:00,CIFR,1.4700000286102295,1.4700000286102295,1.4782999753952026,1.4628000259399414,1.4700000286102295,853.0
2023-03-09 10:02:00,CME,180.21499633789062,180.21499633789062,180.21499633789062,180.1300048828125,180.1300048828125,1165.0
2023-03-09 10:02:00,COLB,26.09000015258789,26.09000015258789,26.125,26.09000015258789,26.1200008392334,2233.0
2023-03-09 10:02:00,COOP,45.13999938964844,45.13999938964844,45.13999938964844,45.0,45.0,2566.0
2023-03-09 10:02:00,CSLM,10.319999694824219,10.319999694824219,10.319999694824219,10.319999694824219,10.319999694824219,200.0
2023-03-09 10:02:00,CSWC,18.6289005279541,18.6289005279541,18.6299991607666,18.579999923706055,18.579999923706055,6521.0
2023-03-09 10:02:00,CTBI,41.04650115966797,41.04650115966797,41.04650115966797,41.04650115966797,41.04650115966797,556.0
2023-03-09 10:02:00,CVBF,22.280000686645508,22.280000686645508,22.299999237060547,22.280000686645508,22.29010009765625,1515.0
2023-03-09 10:02:00,CVCY,24.610000610351562,24.610000610351562,24.6299991607666,24.610000610351562,24.6299991607666,0.0
2023-03-09 10:02:00,DCOM,29.700000762939453,29.700000762939453,29.700000762939453,29.700000762939453,29.700000762939453,365.0
2023-03-09 10:02:00,EBC,15.010000228881836,15.010000228881836,15.010000228881836,15.010000228881836,15.010000228881836,1644.0
2023-03-09 10:02:00,EFSC,51.974998474121094,51.974998474121094,51.974998474121094,51.974998474121094,51.974998474121094,457.0
2023-03-09 10:02:00,EHTH,9.350000381469727,9.350000381469727,9.350000381469727,9.319999694824219,9.319999694824219,1450.0
2023-03-09 10:02:00,ESGR,230.38499450683594,230.38499450683594,230.38499450683594,230.38499450683594,230.38499450683594,475.0
2023-03-09 10:02:00,EWBC,71.1500015258789,71.1500015258789,71.29000091552734,71.12999725341797,71.2300033569336,11101.0
2023-03-09 10:02:00,EZPW,8.949999809265137,8.949999809265137,8.949999809265137,8.9350004196167,8.9350004196167,945.0
2023-03-09 10:02:00,FANH,8.274999618530273,8.274999618530273,8.274999618530273,8.274999618530273,8.274999618530273,191.0
2023-03-09 10:02:00,FBNC,39.2599983215332,39.2599983215332,39.2599983215332,39.25,39.25,1139.0
2023-03-09 10:02:00,FCFS,88.37000274658203,88.37000274658203,88.37000274658203,88.37000274658203,88.37000274658203,214.0
2023-03-09 10:02:00,FCRD,4.679999828338623,4.679999828338623,4.679999828338623,4.679999828338623,4.679999828338623,100.0
2023-03-09 10:02:00,FDUS,20.539899826049805,20.539899826049805,20.539899826049805,20.539899826049805,20.539899826049805,435.0
2023-03-09 10:02:00,FFBC,22.739999771118164,22.739999771118164,22.739999771118164,22.739999771118164,22.739999771118164,615.0
2023-03-09 10:02:00,FFWM,13.579999923706055,13.579999923706055,13.579999923706055,13.579999923706055,13.579999923706055,121.0
2023-03-09 10:02:00,FIBK,33.060001373291016,33.060001373291016,33.08000183105469,33.060001373291016,33.060001373291016,902.0
2023-03-09 10:02:00,FITB,32.8650016784668,32.8650016784668,32.91749954223633,32.86000061035156,32.900001525878906,14206.0
2023-03-09 10:02:00,FMNB,13.350000381469727,13.350000381469727,13.350000381469727,13.350000381469727,13.350000381469727,241.0
2023-03-09 10:02:00,FOCS,51.79999923706055,51.79999923706055,51.810001373291016,51.79999923706055,51.810001373291016,1634.0
2023-03-09 10:02:00,FULT,15.930000305175781,15.930000305175781,15.9399995803833,15.930000305175781,15.9399995803833,562.0
2023-03-09 10:02:00,FUTU,46.75,46.75,46.86000061035156,46.75,46.810001373291016,4278.0
2023-03-09 10:02:00,GAIN,13.885000228881836,13.885000228881836,13.885000228881836,13.885000228881836,13.885000228881836,164.0
2023-03-09 10:02:00,GBDC,13.555000305175781,13.555000305175781,13.555000305175781,13.555000305175781,13.555000305175781,115.0
2023-03-09 10:02:00,GLRE,10.109999656677246,10.109999656677246,10.170000076293945,10.109999656677246,10.170000076293945,1861.0
2023-03-09 10:02:00,GREE,0.44839999079704285,0.44839999079704285,0.44839999079704285,0.44600000977516174,0.44600000977516174,1274.0
2023-03-09 10:02:00,GSHD,53.45000076293945,53.45000076293945,53.45000076293945,53.45000076293945,53.45000076293945,102.0
2023-03-09 10:02:00,HAFC,22.190000534057617,22.190000534057617,22.190000534057617,22.18000030517578,22.18000030517578,943.0
2023-03-09 10:02:00,HBAN,14.15999984741211,14.15999984741211,14.15999984741211,14.145000457763672,14.149999618530273,11972.0
2023-03-09 10:02:00,HONE,12.869999885559082,12.869999885559082,12.880000114440918,12.869999885559082,12.869999885559082,626.0
2023-03-09 10:02:00,HOPE,11.949999809265137,11.949999809265137,11.960100173950195,11.949899673461914,11.949999809265137,5926.0
2023-03-09 10:02:00,HRZN,11.996199607849121,11.996199607849121,11.996199607849121,11.936699867248535,11.960000038146973,3104.0
2023-03-09 10:02:00,HUT,1.469599962234497,1.469599962234497,1.469599962234497,1.4557000398635864,1.4577000141143799,11614.0
2023-03-09 10:02:00,HWC,44.95000076293945,44.95000076293945,44.9900016784668,44.95000076293945,44.9900016784668,902.0
2023-03-09 10:02:00,IBKR,88.16000366210938,88.16000366210938,88.41000366210938,88.16000366210938,88.19000244140625,5273.0
2023-03-09 10:03:00,ABCB,43.720001220703125,43.720001220703125,43.720001220703125,43.720001220703125,43.720001220703125,730.0
2023-03-09 10:03:00,ACGL,69.69499969482422,69.69499969482422,69.70999908447266,69.54000091552734,69.55999755859375,6593.0
2023-03-09 10:03:00,ACNB,35.18000030517578,35.18000030517578,35.18000030517578,35.18000030517578,35.18000030517578,385.0
2023-03-09 10:03:00,AIHS,0.8700000047683716,0.8700000047683716,0.8709759712219238,0.8700000047683716,0.8700000047683716,1231.0
2023-03-09 10:03:00,AMRK,28.350000381469727,28.350000381469727,28.350000381469727,28.350000381469727,28.350000381469727,389.0
2023-03-09 10:03:00,ARCC,19.219999313354492,19.219999313354492,19.219999313354492,19.181900024414062,19.181900024414062,5536.0
2023-03-09 10:03:00,AUB,37.5,37.5,37.5,37.5,37.5,143.0
2023-03-09 10:03:00,BCBP,16.051799774169922,16.051799774169922,16.051799774169922,16.051799774169922,16.051799774169922,500.0
2023-03-09 10:03:00,BGCP,5.087500095367432,5.087500095367432,5.087500095367432,5.079999923706055,5.079999923706055,5628.0
2023-03-09 10:03:00,BHF,54.40999984741211,54.40999984741211,54.40999984741211,54.209999084472656,54.209999084472656,607.0
2023-03-09 10:03:00,BITF,0.800000011920929,0.800000011920929,0.800000011920929,0.7961999773979187,0.7961999773979187,5743.0
2023-03-09 10:03:00,BKCC,3.696199893951416,3.696199893951416,3.696199893951416,3.696199893951416,3.696199893951416,281.0
2023-03-09 10:03:00,BLEU,10.180000305175781,10.180000305175781,10.180000305175781,10.170000076293945,10.180000305175781,1.0
2023-03-09 10:03:00,BLFY,11.760000228881836,11.760000228881836,11.779999732971191,11.760000228881836,11.779999732971191,404.0
2023-03-09 10:03:00,BPOP,63.869998931884766,63.869998931884766,63.869998931884766,63.70000076293945,63.70000076293945,2064.0
2023-03-09 10:03:00,BSRR,19.549999237060547,19.549999237060547,19.549999237060547,19.549999237060547,19.549999237060547,299.0
2023-03-09 10:03:00,BSVN,28.100000381469727,28.100000381469727,28.100000381469727,28.100000381469727,28.100000381469727,104.0
2023-03-09 10:03:00,BUSE,23.0,23.0,23.0,23.0,23.0,212.0
2023-03-09 10:03:00,BYFC,1.309999942779541,1.309999942779541,1.309999942779541,1.2999999523162842,1.2999999523162842,1831.0
2023-03-09 10:03:00,CACC,450.739990234375,450.739990234375,450.739990234375,450.739990234375,450.739990234375,496.0
2023-03-09 10:03:00,CASH,47.439998626708984,47.439998626708984,47.439998626708984,47.439998626708984,47.439998626708984,144.0
2023-03-09 10:03:00,CATY,40.13999938964844,40.13999938964844,40.13999938964844,40.13999938964844,40.13999938964844,519.0
2023-03-09 10:03:00,CBNK,19.25,19.25,19.25,19.25,19.25,824.0
2023-03-09 10:03:00,CBSH,62.099998474121094,62.099998474121094,62.099998474121094,62.06999969482422,62.08000183105469,969.0
2023-03-09 10:03:00,CFFN,7.639999866485596,7.639999866485596,7.639999866485596,7.619999885559082,7.619999885559082,1561.0
2023-03-09 10:03:00,CG,34.65999984741211,34.65999984741211,34.65999984741211,34.6150016784668,34.6150016784668,3884.0
2023-03-09 10:03:00,CGBD,15.109999656677246,15.109999656677246,15.109999656677246,15.109999656677246,15.109999656677246,442.0
2023-03-09 10:03:00,CINF,116.98999786376953,116.98999786376953,116.98999786376953,116.86000061035156,116.86000061035156,465.0
2023-03-09 10:03:00,CME,180.30499267578125,180.30499267578125,180.30499267578125,180.29110717773438,180.29110717773438,510.0
2023-03-09 10:03:00,COLB,26.09000015258789,26.09000015258789,26.100000381469727,26.065000534057617,26.09000015258789,34271.0
2023-03-09 10:03:00,COOP,45.09000015258789,45.09000015258789,45.13999938964844,45.09000015258789,45.13999938964844,521.0
2023-03-09 10:03:00,CSLM,10.319999694824219,10.319999694824219,10.319999694824219,10.319999694824219,10.319999694824219,400.0
2023-03-09 10:03:00,CSQ,14.14009952545166,14.14009952545166,14.180000305175781,14.14009952545166,14.180000305175781,2559.0
2023-03-09 10:03:00,CSWC,18.645000457763672,18.645000457763672,18.645000457763672,18.645000457763672,18.645000457763672,275.0
2023-03-09 10:03:00,CVBF,22.299999237060547,22.299999237060547,22.299999237060547,22.299999237060547,22.299999237060547,1194.0
2023-03-09 10:03:00,DWAC,14.200900077819824,14.200900077819824,14.222200393676758,14.200900077819824,14.222200393676758,669.0
2023-03-09 10:03:00,EBC,15.015000343322754,15.015000343322754,15.015000343322754,15.010000228881836,15.010000228881836,704.0
2023-03-09 10:03:00,EHTH,9.359999656677246,9.359999656677246,9.359999656677246,9.359999656677246,9.359999656677246,209.0
2023-03-09 10:03:00,EWBC,71.08999633789062,71.08999633789062,71.19999694824219,71.04000091552734,71.19999694824219,4489.0
2023-03-09 10:03:00,EZPW,8.952500343322754,8.952500343322754,8.956500053405762,8.952500343322754,8.956500053405762,267.0
2023-03-09 10:03:00,FBIZ,34.27000045776367,34.27000045776367,34.27000045776367,34.27000045776367,34.27000045776367,117.0
2023-03-09 10:03:00,FBNC,39.189998626708984,39.189998626708984,39.279998779296875,39.189998626708984,39.25,2546.0
2023-03-09 10:03:00,FCRD,4.679999828338623,4.679999828338623,4.679999828338623,4.679999828338623,4.679999828338623,101.0
2023-03-09 10:03:00,FFIN,34.40999984741211,34.40999984741211,34.40999984741211,34.40999984741211,34.40999984741211,100.0
2023-03-09 10:03:00,FFWM,13.600000381469727,13.600000381469727,13.609999656677246,13.579999923706055,13.59000015258789,3559.0
2023-03-09 10:03:00,FHB,24.764999389648438,24.764999389648438,24.764999389648438,24.739999771118164,24.739999771118164,1122.0
2023-03-09 10:03:00,FIBK,33.08000183105469,33.08000183105469,33.08000183105469,33.03499984741211,33.040000915527344,842.0
2023-03-09 10:03:00,FITB,32.88999938964844,32.88999938964844,32.88999938964844,32.83000183105469,32.85499954223633,8255.0
2023-03-09 10:03:00,FLIC,16.360000610351562,16.360000610351562,16.360000610351562,16.34000015258789,16.34000015258789,732.0
2023-03-09 10:03:00,FMNB,13.34000015258789,13.34000015258789,13.34000015258789,13.34000015258789,13.34000015258789,448.0
2023-03-09 10:03:00,FNCB,7.679999828338623,7.679999828338623,7.679999828338623,7.679999828338623,7.679999828338623,101.0
2023-03-09 10:03:00,FOCS,51.79999923706055,51.79999923706055,51.810001373291016,51.79999923706055,51.79999923706055,2130.0
2023-03-09 10:03:00,FRHC,73.54000091552734,73.54000091552734,73.54000091552734,73.33000183105469,73.38999938964844,2100.0
2023-03-09 10:03:00,FULT,15.954999923706055,15.954999923706055,15.954999923706055,15.930000305175781,15.930000305175781,2570.0
2023-03-09 10:03:00,FUTU,46.790000915527344,46.790000915527344,46.854801177978516,46.72999954223633,46.72999954223633,7771.0
2023-03-09 10:03:00,GAIN,13.899999618530273,13.899999618530273,13.899999618530273,13.890000343322754,13.890000343322754,1105.0
2023-03-09 10:03:00,GBDC,13.555000305175781,13.555000305175781,13.555000305175781,13.555000305175781,13.555000305175781,280.0
2023-03-09 10:03:00,GLAD,9.979999542236328,9.979999542236328,9.979999542236328,9.979999542236328,9.979999542236328,159.0
2023-03-09 10:03:00,GSHD,53.61000061035156,53.61000061035156,53.61000061035156,53.61000061035156,53.61000061035156,227.0
2023-03-09 10:03:00,HAFC,22.200000762939453,22.200000762939453,22.200000762939453,22.200000762939453,22.200000762939453,569.0
2023-03-09 10:03:00,HBAN,14.154999732971191,14.154999732971191,14.15999984741211,14.140000343322754,14.149999618530273,16696.0
2023-03-09 10:03:00,HBNC,14.460000038146973,14.460000038146973,14.470000267028809,14.460000038146973,14.460000038146973,524.0
2023-03-09 10:03:00,HFWA,25.010000228881836,25.010000228881836,25.010000228881836,25.010000228881836,25.010000228881836,223.0
2023-03-09 10:03:00,HIVE,2.6600000858306885,2.6600000858306885,2.6600000858306885,2.640000104904175,2.640000104904175,500.0
2023-03-09 10:03:00,HMST,22.80500030517578,22.80500030517578,22.80500030517578,22.80500030517578,22.80500030517578,153.0
2023-03-09 10:03:00,HONE,12.880000114440918,12.880000114440918,12.880000114440918,12.880000114440918,12.880000114440918,368.0
2023-03-09 10:03:00,HOPE,11.970000267028809,11.970000267028809,11.970000267028809,11.960000038146973,11.960000038146973,470.0
2023-03-09 10:03:00,HUT,1.475000023841858,1.475000023841858,1.4800000190734863,1.465000033378601,1.465000033378601,22993.0
2023-03-09 10:03:00,HWC,45.0099983215332,45.0099983215332,45.0099983215332,44.939998626708984,44.939998626708984,866.0
2023-03-09 10:03:00,IBKR,88.24500274658203,88.24500274658203,88.31320190429688,88.1449966430664,88.1449966430664,8312.0
2023-03-09 10:03:00,IBOC,45.95500183105469,45.95500183105469,45.95500183105469,45.95500183105469,45.95500183105469,100.0
2023-03-09 10:03:00,ICMB,3.947999954223633,3.947999954223633,3.990000009536743,3.943000078201294,3.990000009536743,1603.0
2023-03-09 10:04:00,ABCB,43.790000915527344,43.790000915527344,43.790000915527344,43.790000915527344,43.790000915527344,146.0
2023-03-09 10:04:00,ACGL,69.77999877929688,69.77999877929688,69.77999877929688,69.72000122070312,69.7300033569336,2830.0
2023-03-09 10:04:00,ARCC,19.209999084472656,19.209999084472656,19.21500015258789,19.204999923706055,19.21500015258789,4113.0
2023-03-09 10:04:00,AUB,37.52000045776367,37.52000045776367,37.52000045776367,37.52000045776367,37.52000045776367,100.0
2023-03-09 10:04:00,BCBP,16.040000915527344,16.040000915527344,16.050199508666992,16.040000915527344,16.050199508666992,561.0
2023-03-09 10:04:00,BGCP,5.087500095367432,5.087500095367432,5.087500095367432,5.085000038146973,5.085000038146973,470.0
2023-03-09 10:04:00,BHF,54.45500183105469,54.45500183105469,54.45500183105469,54.45500183105469,54.45500183105469,192.0
2023-03-09 10:04:00,BHFAN,19.350000381469727,19.350000381469727,19.350000381469727,19.290000915527344,19.290000915527344,928.0
2023-03-09 10:04:00,BITF,0.7998989820480347,0.7998989820480347,0.8072999715805054,0.7996000051498413,0.800000011920929,6101.0
2023-03-09 10:04:00,BKCC,3.700000047683716,3.700000047683716,3.7067999839782715,3.694999933242798,3.694999933242798,1896.0
2023-03-09 10:04:00,BPOP,63.849998474121094,63.849998474121094,63.849998474121094,63.790000915527344,63.790000915527344,614.0
2023-03-09 10:04:00,BRKL,11.800000190734863,11.800000190734863,11.800000190734863,11.779999732971191,11.779999732971191,1920.0
2023-03-09 10:04:00,BSVN,28.209999084472656,28.209999084472656,28.280000686645508,28.190000534057617,28.190000534057617,1058.0
2023-03-09 10:04:00,BTCS,1.2101000547409058,1.2101000547409058,1.2300000190734863,1.2101000547409058,1.2300000190734863,3309.0
2023-03-09 10:04:00,BWB,13.871600151062012,13.871600151062012,13.871600151062012,13.871600151062012,13.871600151062012,995.0
2023-03-09 10:04:00,BYFC,1.3200000524520874,1.3200000524520874,1.3200000524520874,1.309999942779541,1.3200000524520874,18652.0
2023-03-09 10:04:00,CARV,4.519999980926514,4.519999980926514,4.519999980926514,4.519999980926514,4.519999980926514,203.0
2023-03-09 10:04:00,CATY,40.22999954223633,40.22999954223633,40.22999954223633,40.189998626708984,40.189998626708984,661.0
2023-03-09 10:04:00,CBSH,62.11000061035156,62.11000061035156,62.13999938964844,62.11000061035156,62.13999938964844,925.0
2023-03-09 10:04:00,CCB,42.97999954223633,42.97999954223633,42.97999954223633,42.97999954223633,42.97999954223633,711.0
2023-03-09 10:04:00,CFFN,7.670000076293945,7.670000076293945,7.670000076293945,7.650000095367432,7.650000095367432,2152.0
2023-03-09 10:04:00,CG,34.63999938964844,34.63999938964844,34.650001525878906,34.619998931884766,34.650001525878906,3924.0
2023-03-09 10:04:00,CGBD,15.125,15.125,15.130000114440918,15.125,15.130000114440918,1429.0
2023-03-09 10:04:00,CHEAU,10.510000228881836,10.510000228881836,10.510000228881836,10.510000228881836,10.510000228881836,100.0
2023-03-09 10:04:00,CHI,11.949999809265137,11.949999809265137,11.949999809265137,11.949999809265137,11.949999809265137,102.0
2023-03-09 10:04:00,CIFR,1.4800000190734863,1.4800000190734863,1.4800000190734863,1.4800000190734863,1.4800000190734863,107.0
2023-03-09 10:04:00,CINF,117.30000305175781,117.30000305175781,117.31999969482422,117.06999969482422,117.06999969482422,2122.0
2023-03-09 10:04:00,CME,180.30499267578125,180.30499267578125,180.30499267578125,180.25999450683594,180.25999450683594,810.0
2023-03-09 10:04:00,COLB,26.110000610351562,26.110000610351562,26.1299991607666,26.079999923706055,26.100000381469727,6950.0
2023-03-09 10:04:00,COOP,45.11000061035156,45.11000061035156,45.11000061035156,45.11000061035156,45.11000061035156,225.0
2023-03-09 10:04:00,CSLMW,0.039000000804662704,0.039000000804662704,0.039000000804662704,0.039000000804662704,0.039000000804662704,0.0
2023-03-09 10:04:00,CSQ,14.170000076293945,14.170000076293945,14.170000076293945,14.170000076293945,14.170000076293945,334.0
2023-03-09 10:04:00,CSWC,18.6299991607666,18.6299991607666,18.6299991607666,18.6299991607666,18.6299991607666,200.0
2023-03-09 10:04:00,CVBF,22.34000015258789,22.34000015258789,22.34000015258789,22.34000015258789,22.34000015258789,422.0
2023-03-09 10:04:00,CVCY,24.670000076293945,24.670000076293945,24.670000076293945,24.670000076293945,24.670000076293945,639.0
2023-03-09 10:04:00,DWAC,14.210000038146973,14.210000038146973,14.210000038146973,14.210000038146973,14.210000038146973,141.0
2023-03-09 10:04:00,EBC,15.020000457763672,15.020000457763672,15.020000457763672,15.015000343322754,15.015000343322754,3106.0
2023-03-09 10:04:00,EFSC,52.22999954223633,52.22999954223633,52.22999954223633,52.22999954223633,52.22999954223633,291.0
2023-03-09 10:04:00,EGBN,40.65999984741211,40.65999984741211,40.7400016784668,40.65999984741211,40.7400016784668,500.0
2023-03-09 10:04:00,EHTH,9.319999694824219,9.319999694824219,9.369999885559082,9.319999694824219,9.331100463867188,1022.0
2023-03-09 10:04:00,EWBC,71.19000244140625,71.19000244140625,71.19000244140625,71.125,71.125,758.0
2023-03-09 10:04:00,EZPW,8.960000038146973,8.960000038146973,8.960000038146973,8.960000038146973,8.960000038146973,508.0
2023-03-09 10:04:00,FANH,8.1899995803833,8.1899995803833,8.225199699401855,8.1899995803833,8.225199699401855,930.0
2023-03-09 10:04:00,FCFS,88.37000274658203,88.37000274658203,88.37000274658203,88.37000274658203,88.37000274658203,245.0
2023-03-09 10:04:00,FCNCA,672.72998046875,672.72998046875,672.72998046875,672.510009765625,672.510009765625,946.0
2023-03-09 10:04:00,FFBC,22.770000457763672,22.770000457763672,22.770000457763672,22.760000228881836,22.760000228881836,201.0
2023-03-09 10:04:00,FFIC,17.724300384521484,17.724300384521484,17.724300384521484,17.724300384521484,17.724300384521484,514.0
2023-03-09 10:04:00,FFIN,34.470001220703125,34.470001220703125,34.470001220703125,34.43939971923828,34.43939971923828,610.0
2023-03-09 10:04:00,FHB,24.770000457763672,24.770000457763672,24.770000457763672,24.7450008392334,24.7450008392334,353.0
2023-03-09 10:04:00,FIBK,33.08000183105469,33.08000183105469,33.099998474121094,33.06999969482422,33.099998474121094,1347.0
2023-03-09 10:04:00,FITB,32.875,32.875,32.90999984741211,32.869998931884766,32.90999984741211,6984.0
2023-03-09 10:04:00,FOCS,51.79999923706055,51.79999923706055,51.8025016784668,51.790000915527344,51.79999923706055,15484.0
2023-03-09 10:04:00,FRHC,72.98179626464844,72.98179626464844,72.98179626464844,72.98179626464844,72.98179626464844,104.0
2023-03-09 10:04:00,FULT,15.944999694824219,15.944999694824219,15.949999809265137,15.944999694824219,15.949999809265137,481.0
2023-03-09 10:04:00,FUTU,46.779998779296875,46.779998779296875,46.880001068115234,46.779998779296875,46.86000061035156,3308.0
2023-03-09 10:04:00,GAIN,13.920000076293945,13.920000076293945,13.920000076293945,13.920000076293945,13.920000076293945,212.0
2023-03-09 10:04:00,GGAL,13.069999694824219,13.069999694824219,13.069999694824219,13.069999694824219,13.069999694824219,100.0
2023-03-09 10:04:00,GNTY,29.899999618530273,29.899999618530273,29.899999618530273,29.899999618530273,29.899999618530273,327.0
2023-03-09 10:04:00,GSHD,53.59000015258789,53.59000015258789,53.59000015258789,53.59000015258789,53.59000015258789,116.0
2023-03-09 10:04:00,HBAN,14.149999618530273,14.149999618530273,14.15999984741211,14.140000343322754,14.154999732971191,90824.0
2023-03-09 10:04:00,HBNC,14.5,14.5,14.5,14.5,14.5,648.0
2023-03-09 10:04:00,HIVE,2.6600000858306885,2.6600000858306885,2.6600000858306885,2.6600000858306885,2.6600000858306885,307.0
2023-03-09 10:04:00,HLNE,76.96499633789062,76.96499633789062,76.96499633789062,76.96499633789062,76.96499633789062,149.0
2023-03-09 10:04:00,HMST,22.8799991607666,22.8799991607666,22.899999618530273,22.8799991607666,22.8799991607666,2250.0
2023-03-09 10:04:00,HONE,12.890000343322754,12.890000343322754,12.890000343322754,12.890000343322754,12.890000343322754,304.0
2023-03-09 10:04:00,HOPE,12.010000228881836,12.010000228881836,12.010000228881836,11.979900360107422,11.979900360107422,12610.0
2023-03-09 10:04:00,HPLTW,0.07000000029802322,0.07000000029802322,0.07000000029802322,0.07000000029802322,0.07000000029802322,0.0
2023-03-09 10:04:00,HRZN,12.0,12.0,12.0,11.966699600219727,11.989999771118164,625.0
2023-03-09 10:04:00,HTLF,46.75,46.75,46.75,46.650001525878906,46.65999984741211,907.0
2023-03-09 10:04:00,HUT,1.479200005531311,1.479200005531311,1.479699969291687,1.4700000286102295,1.4700000286102295,3704.0
2023-03-09 10:04:00,HWC,45.06999969482422,45.06999969482422,45.06999969482422,45.029998779296875,45.029998779296875,733.0
2023-03-09 10:04:00,IBKR,88.19999694824219,88.19999694824219,88.2750015258789,88.19999694824219,88.26499938964844,2153.0
2023-03-09 10:04:00,IBOC,45.939998626708984,45.939998626708984,45.95500183105469,45.939998626708984,45.95000076293945,776.0
2023-03-09 10:04:00,IBTX,53.79999923706055,53.79999923706055,53.79999923706055,53.584999084472656,53.584999084472656,1111.0
2023-03-09 10:04:00,INDB,73.83000183105469,73.83000183105469,73.83000183105469,73.81999969482422,73.81999969482422,772.0
2023-03-09 10:05:00,ABCB,43.790000915527344,43.790000915527344,43.790000915527344,43.790000915527344,43.790000915527344,673.0
2023-03-09 10:05:00,ACAB,10.345000267028809,10.345000267028809,10.345000267028809,10.345000267028809,10.345000267028809,1000.0
2023-03-09 10:05:00,ACGL,69.79000091552734,69.79000091552734,69.80999755859375,69.76249694824219,69.80000305175781,2392.0
2023-03-09 10:05:00,ACT,24.350000381469727,24.350000381469727,24.350000381469727,24.149999618530273,24.149999618530273,1688.0
2023-03-09 10:05:00,AMAL,21.56999969482422,21.56999969482422,21.56999969482422,21.56999969482422,21.56999969482422,1459.0
2023-03-09 10:05:00,AMTB,26.219999313354492,26.219999313354492,26.219999313354492,26.219999313354492,26.219999313354492,1149.0
2023-03-09 10:05:00,APLD,2.2699999809265137,2.2699999809265137,2.2699999809265137,2.2699999809265137,2.2699999809265137,441.0
2023-03-09 10:05:00,ARCC,19.210899353027344,19.210899353027344,19.210899353027344,19.209999084472656,19.209999084472656,808.0
2023-03-09 10:05:00,AUB,37.560001373291016,37.560001373291016,37.56999969482422,37.560001373291016,37.56999969482422,1189.0
2023-03-09 10:05:00,BCBP,16.045000076293945,16.045000076293945,16.045000076293945,16.045000076293945,16.045000076293945,100.0
2023-03-09 10:05:00,BCML,19.690000534057617,19.690000534057617,19.690000534057617,19.690000534057617,19.690000534057617,117.0
2023-03-09 10:05:00,BGCP,5.074999809265137,5.074999809265137,5.087500095367432,5.074999809265137,5.087500095367432,2588.0
2023-03-09 10:05:00,BITF,0.8105999827384949,0.8105999827384949,0.8105999827384949,0.800000011920929,0.800000011920929,5735.0
2023-03-09 10:05:00,BKCC,3.690000057220459,3.690000057220459,3.7063000202178955,3.690000057220459,3.7063000202178955,517.0
2023-03-09 10:05:00,BOKF,96.0999984741211,96.0999984741211,96.19999694824219,96.05000305175781,96.05000305175781,3845.0
2023-03-09 10:05:00,BPOP,63.8849983215332,63.8849983215332,63.8849983215332,63.8849983215332,63.8849983215332,465.0
2023-03-09 10:05:00,BRKL,11.789999961853027,11.789999961853027,11.789999961853027,11.789999961853027,11.789999961853027,380.0
2023-03-09 10:05:00,BSVN,28.209999084472656,28.209999084472656,28.209999084472656,28.209999084472656,28.209999084472656,2276.0
2023-03-09 10:05:00,BTCS,1.2300000190734863,1.2300000190734863,1.2300000190734863,1.2300000190734863,1.2300000190734863,360.0
2023-03-09 10:05:00,BWB,13.890000343322754,13.890000343322754,13.890000343322754,13.890000343322754,13.890000343322754,471.0
2023-03-09 10:05:00,CAC,39.529998779296875,39.529998779296875,39.529998779296875,39.529998779296875,39.529998779296875,450.0
2023-03-09 10:05:00,CARE,17.170000076293945,17.170000076293945,17.170000076293945,17.170000076293945,17.170000076293945,104.0
2023-03-09 10:05:00,CASH,47.40999984741211,47.40999984741211,47.40999984741211,47.40999984741211,47.40999984741211,377.0
2023-03-09 10:05:00,CATY,40.2599983215332,40.2599983215332,40.2599983215332,40.220001220703125,40.2400016784668,1688.0
2023-03-09 10:05:00,CBSH,62.185001373291016,62.185001373291016,62.185001373291016,62.185001373291016,62.185001373291016,271.0
2023-03-09 10:05:00,CCNE,23.049999237060547,23.049999237060547,23.049999237060547,23.030000686645508,23.030000686645508,953.0
2023-03-09 10:05:00,CFB,12.710000038146973,12.710000038146973,12.71720027923584,12.680000305175781,12.680000305175781,1262.0
2023-03-09 10:05:00,CFFN,7.670000076293945,7.670000076293945,7.670000076293945,7.670000076293945,7.670000076293945,546.0
2023-03-09 10:05:00,CG,34.630001068115234,34.630001068115234,34.67499923706055,34.630001068115234,34.65999984741211,5496.0
2023-03-09 10:05:00,CHCO,92.05999755859375,92.05999755859375,92.05999755859375,92.05999755859375,92.05999755859375,547.0
2023-03-09 10:05:00,CHI,12.0,12.0,12.0,11.970000267028809,11.970000267028809,1030.0
2023-03-09 10:05:00,CHY,12.34000015258789,12.34000015258789,12.34000015258789,12.34000015258789,12.34000015258789,262.0
2023-03-09 10:05:00,CIFR,1.4800000190734863,1.4800000190734863,1.4800000190734863,1.4800000190734863,1.4800000190734863,950.0
2023-03-09 10:05:00,CINF,117.54000091552734,117.54000091552734,117.54000091552734,117.31999969482422,117.31999969482422,312.0
2023-03-09 10:05:00,CME,180.3800048828125,180.3800048828125,180.39999389648438,180.24000549316406,180.30499267578125,3052.0
2023-03-09 10:05:00,COLB,26.170000076293945,26.170000076293945,26.184999465942383,26.065000534057617,26.100000381469727,21384.0
2023-03-09 10:05:00,CSLM,10.319999694824219,10.319999694824219,10.319999694824219,10.319999694824219,10.319999694824219,700.0
2023-03-09 10:05:00,CSTR,15.850000381469727,15.850000381469727,15.850000381469727,15.850000381469727,15.850000381469727,406.0
2023-03-09 10:05:00,CSWC,18.639999389648438,18.639999389648438,18.649900436401367,18.6299991607666,18.6299991607666,670.0
2023-03-09 10:05:00,CVBF,22.38249969482422,22.38249969482422,22.38249969482422,22.360000610351562,22.360000610351562,426.0
2023-03-09 10:05:00,CVCY,24.649999618530273,24.649999618530273,24.649999618530273,24.649999618530273,24.649999618530273,326.0
2023-03-09 10:05:00,DWAC,14.20009994506836,14.20009994506836,14.20009994506836,14.20009994506836,14.20009994506836,547.0
2023-03-09 10:05:00,EBC,15.039999961853027,15.039999961853027,15.039999961853027,15.029999732971191,15.029999732971191,1199.0
2023-03-09 10:05:00,ECPG,50.56999969482422,50.56999969482422,50.56999969482422,50.56999969482422,50.56999969482422,447.0
2023-03-09 10:05:00,EGBN,40.72999954223633,40.72999954223633,40.7400016784668,40.72999954223633,40.7400016784668,382.0
2023-03-09 10:05:00,EHTH,9.34000015258789,9.34000015258789,9.34000015258789,9.329999923706055,9.337499618530273,1070.0
2023-03-09 10:05:00,EWBC,71.30000305175781,71.30000305175781,71.32859802246094,71.2074966430664,71.22000122070312,1702.0
2023-03-09 10:05:00,FBMS,29.530000686645508,29.530000686645508,29.540000915527344,29.530000686645508,29.530000686645508,595.0
2023-03-09 10:05:00,FBNC,39.31999969482422,39.31999969482422,39.31999969482422,39.189998626708984,39.189998626708984,1112.0
2023-03-09 10:05:00,FCFS,88.45999908447266,88.45999908447266,88.45999908447266,88.45999908447266,88.45999908447266,381.0
2023-03-09 10:05:00,FCRD,4.679999828338623,4.679999828338623,4.679999828338623,4.679999828338623,4.679999828338623,100.0
2023-03-09 10:05:00,FFBC,22.799999237060547,22.799999237060547,22.799999237060547,22.760000228881836,22.760000228881836,360.0
2023-03-09 10:05:00,FFIN,34.4900016784668,34.4900016784668,34.4900016784668,34.4900016784668,34.4900016784668,285.0
2023-03-09 10:05:00,FFWM,13.600000381469727,13.600000381469727,13.600000381469727,13.579999923706055,13.600000381469727,8414.0
2023-03-09 10:05:00,FHB,24.780000686645508,24.780000686645508,24.780000686645508,24.780000686645508,24.780000686645508,167.0
2023-03-09 10:05:00,FIBK,33.125,33.125,33.130001068115234,33.1150016784668,33.1150016784668,807.0
2023-03-09 10:05:00,FITB,32.900001525878906,32.900001525878906,32.91999816894531,32.88840103149414,32.90999984741211,10666.0
2023-03-09 10:05:00,FLIC,16.420000076293945,16.420000076293945,16.420000076293945,16.399999618530273,16.399999618530273,708.0
2023-03-09 10:05:00,FNCB,7.625,7.625,7.625,7.625,7.625,413.0
2023-03-09 10:05:00,FOCS,51.790000915527344,51.790000915527344,51.79499816894531,51.790000915527344,51.79499816894531,657.0
2023-03-09 10:05:00,FRBK,1.809999942779541,1.809999942779541,1.809999942779541,1.809999942779541,1.809999942779541,112.0
2023-03-09 10:05:00,FRME,38.345001220703125,38.345001220703125,38.345001220703125,38.345001220703125,38.345001220703125,144.0
2023-03-09 10:05:00,FULT,15.970000267028809,15.970000267028809,15.970000267028809,15.970000267028809,15.970000267028809,2008.0
2023-03-09 10:05:00,FUTU,46.63999938964844,46.63999938964844,46.7400016784668,46.63999938964844,46.7400016784668,1315.0
2023-03-09 10:05:00,GAIN,13.923299789428711,13.923299789428711,13.923299789428711,13.923299789428711,13.923299789428711,212.0
2023-03-09 10:05:00,GBDC,13.555000305175781,13.555000305175781,13.5600004196167,13.555000305175781,13.555000305175781,5730.0
2023-03-09 10:05:00,GECC,9.500100135803223,9.500100135803223,9.500100135803223,9.500100135803223,9.500100135803223,231.0
2023-03-09 10:05:00,GGAL,13.052000045776367,13.052000045776367,13.069999694824219,13.052000045776367,13.069999694824219,628.0
2023-03-09 10:05:00,GSHD,53.52000045776367,53.52000045776367,53.54999923706055,53.52000045776367,53.54999923706055,213.0
2023-03-09 10:05:00,HBAN,14.15999984741211,14.15999984741211,14.164999961853027,14.149999618530273,14.154999732971191,25634.0
2023-03-09 10:05:00,HBNC,14.510000228881836,14.510000228881836,14.510000228881836,14.510000228881836,14.510000228881836,1478.0
2023-03-09 10:05:00,HCVI,10.09000015258789,10.09000015258789,10.09000015258789,10.09000015258789,10.09000015258789,30083.0
2023-03-09 10:05:00,HFWA,25.1299991607666,25.1299991607666,25.1299991607666,25.06999969482422,25.06999969482422,742.0
2023-03-09 10:05:00,HIFS,269.9599914550781,269.9599914550781,269.9599914550781,269.9599914550781,269.9599914550781,449.0
2023-03-09 10:05:00,HLNE,77.25129699707031,77.25129699707031,77.25129699707031,77.25129699707031,77.25129699707031,428.0
2023-03-09 10:05:00,HOPE,12.039999961853027,12.039999961853027,12.039999961853027,12.01990032196045,12.020000457763672,6999.0
2023-03-09 10:05:00,HRZN,12.010000228881836,12.010000228881836,12.010000228881836,12.010000228881836,12.010000228881836,287.0
2023-03-09 10:05:00,HTBK,11.145000457763672,11.145000457763672,11.15999984741211,11.130000114440918,11.140000343322754,3923.0
2023-03-09 10:05:00,HTLF,46.7400016784668,46.7400016784668,46.77000045776367,46.7400016784668,46.7599983215332,612.0
2023-03-09 10:05:00,HUT,1.4788999557495117,1.4788999557495117,1.4800000190734863,1.4700000286102295,1.4700000286102295,2511.0
2023-03-09 10:05:00,HWC,45.140499114990234,45.140499114990234,45.140499114990234,45.095001220703125,45.095001220703125,935.0
2023-03-09 10:05:00,IBKR,88.18000030517578,88.18000030517578,88.23470306396484,88.0999984741211,88.17500305175781,2717.0
2023-03-09 10:05:00,INDB,74.01000213623047,74.01000213623047,74.01000213623047,73.91500091552734,73.91999816894531,918.0
2023-03-09 10:06:00,ABCB,43.86000061035156,43.86000061035156,43.86000061035156,43.86000061035156,43.86000061035156,722.0
2023-03-09 10:06:00,ACGL,69.76000213623047,69.76000213623047,69.80000305175781,69.75,69.80000305175781,3867.0
2023-03-09 10:06:00,ARCC,19.229999542236328,19.229999542236328,19.229999542236328,19.209999084472656,19.209999084472656,19725.0
2023-03-09 10:06:00,AROW,29.010000228881836,29.010000228881836,29.020000457763672,29.0,29.020000457763672,890.0
2023-03-09 10:06:00,AUB,37.599998474121094,37.599998474121094,37.619998931884766,37.54499816894531,37.560001373291016,2232.0
2023-03-09 10:06:00,BCBP,16.059999465942383,16.059999465942383,16.079999923706055,16.059999465942383,16.059999465942383,534.0
2023-03-09 10:06:00,BFST,19.40999984741211,19.40999984741211,19.40999984741211,19.40999984741211,19.40999984741211,420.0
2023-03-09 10:06:00,BGCP,5.074999809265137,5.074999809265137,5.074999809265137,5.074999809265137,5.074999809265137,720.0
2023-03-09 10:06:00,BHFAM,16.78499984741211,16.78499984741211,16.78499984741211,16.78499984741211,16.78499984741211,364.0
2023-03-09 10:06:00,BHFAN,19.299999237060547,19.299999237060547,19.299999237060547,19.299999237060547,19.299999237060547,300.0
2023-03-09 10:06:00,BITF,0.8100000023841858,0.8100000023841858,0.8100000023841858,0.800000011920929,0.8001999855041504,41308.0
2023-03-09 10:06:00,BKCC,3.700000047683716,3.700000047683716,3.700000047683716,3.700000047683716,3.700000047683716,312.0
2023-03-09 10:06:00,BLFY,11.770000457763672,11.770000457763672,11.770000457763672,11.729999542236328,11.739999771118164,3479.0
2023-03-09 10:06:00,BMAQ,10.520000457763672,10.520000457763672,10.520000457763672,10.520000457763672,10.520000457763672,0.0
2023-03-09 10:06:00,BOCNU,10.96500015258789,10.96500015258789,10.96500015258789,10.96500015258789,10.96500015258789,250.0
2023-03-09 10:06:00,BOKF,96.31999969482422,96.31999969482422,96.31999969482422,96.0999984741211,96.19999694824219,1025.0
2023-03-09 10:06:00,BPOP,64.07559967041016,64.07559967041016,64.125,64.07559967041016,64.125,654.0
2023-03-09 10:06:00,BPRN,33.900001525878906,33.900001525878906,34.02000045776367,33.900001525878906,34.02000045776367,620.0
2023-03-09 10:06:00,BRKL,11.795000076293945,11.795000076293945,11.795000076293945,11.795000076293945,11.795000076293945,140.0
2023-03-09 10:06:00,BRP,26.6200008392334,26.6200008392334,26.6200008392334,26.6200008392334,26.6200008392334,206.0
2023-03-09 10:06:00,BSRR,19.559999465942383,19.559999465942383,19.559999465942383,19.559999465942383,19.559999465942383,173.0
2023-03-09 10:06:00,BTBT,1.187999963760376,1.187999963760376,1.187999963760376,1.187999963760376,1.187999963760376,219.0
2023-03-09 10:06:00,BTCS,1.2099000215530396,1.2099000215530396,1.2100000381469727,1.2099000215530396,1.2100000381469727,3150.0
2023-03-09 10:06:00,BUSE,23.040000915527344,23.040000915527344,23.040000915527344,23.040000915527344,23.040000915527344,633.0
2023-03-09 10:06:00,CAC,39.529998779296875,39.529998779296875,39.529998779296875,39.529998779296875,39.529998779296875,366.0
2023-03-09 10:06:00,CARE,17.170000076293945,17.170000076293945,17.170000076293945,17.170000076293945,17.170000076293945,310.0
2023-03-09 10:06:00,CATY,40.35499954223633,40.35499954223633,40.38999938964844,40.35499954223633,40.38999938964844,458.0
2023-03-09 10:06:00,CCAP,15.210000038146973,15.210000038146973,15.210000038146973,15.210000038146973,15.210000038146973,116.0
2023-03-09 10:06:00,CCD,23.040000915527344,23.040000915527344,23.040000915527344,22.940000534057617,22.940000534057617,1400.0
2023-03-09 10:06:00,CFB,12.729999542236328,12.729999542236328,12.729999542236328,12.720000267028809,12.720000267028809,667.0
2023-03-09 10:06:00,CFFN,7.679999828338623,7.679999828338623,7.679999828338623,7.679999828338623,7.679999828338623,2187.0
2023-03-09 10:06:00,CG,34.689998626708984,34.689998626708984,34.689998626708984,34.6349983215332,34.6349983215332,1367.0
2023-03-09 10:06:00,CGBD,15.15999984741211,15.15999984741211,15.15999984741211,15.140000343322754,15.140000343322754,688.0
2023-03-09 10:06:00,CINF,117.47000122070312,117.47000122070312,117.54000091552734,117.47000122070312,117.52999877929688,500.0
2023-03-09 10:06:00,CLBK,19.93000030517578,19.93000030517578,19.93000030517578,19.93000030517578,19.93000030517578,1617.0
2023-03-09 10:06:00,CME,180.2949981689453,180.2949981689453,180.33999633789062,180.22000122070312,180.33999633789062,3642.0
2023-03-09 10:06:00,CNOB,22.780000686645508,22.780000686645508,22.860000610351562,22.780000686645508,22.860000610351562,1402.0
2023-03-09 10:06:00,COLB,26.209999084472656,26.209999084472656,26.219999313354492,26.170000076293945,26.170000076293945,8543.0
2023-03-09 10:06:00,CRVL,178.72999572753906,178.72999572753906,178.72999572753906,178.11000061035156,178.11000061035156,678.0
2023-03-09 10:06:00,CSTR,15.899999618530273,15.899999618530273,15.899999618530273,15.899999618530273,15.899999618530273,1158.0
2023-03-09 10:06:00,CSWC,18.64780044555664,18.64780044555664,18.649999618530273,18.645000457763672,18.645000457763672,1247.0
2023-03-09 10:06:00,CVBF,22.389999389648438,22.389999389648438,22.399999618530273,22.389999389648438,22.399999618530273,504.0
2023-03-09 10:06:00,DCOM,29.780000686645508,29.780000686645508,29.799999237060547,29.770000457763672,29.770000457763672,3015.0
2023-03-09 10:06:00,EBC,15.0600004196167,15.0600004196167,15.0600004196167,15.03499984741211,15.03499984741211,3075.0
2023-03-09 10:06:00,EFSC,52.369998931884766,52.369998931884766,52.369998931884766,52.31999969482422,52.31999969482422,1082.0
2023-03-09 10:06:00,EGBN,40.724998474121094,40.724998474121094,40.724998474121094,40.724998474121094,40.724998474121094,100.0
2023-03-09 10:06:00,EHTH,9.369999885559082,9.369999885559082,9.369999885559082,9.319999694824219,9.319999694824219,1573.0
2023-03-09 10:06:00,EWBC,71.27999877929688,71.27999877929688,71.3125,71.24500274658203,71.24500274658203,1933.0
2023-03-09 10:06:00,EZPW,8.965999603271484,8.965999603271484,8.965999603271484,8.965999603271484,8.965999603271484,334.0
2023-03-09 10:06:00,FANH,8.159899711608887,8.159899711608887,8.159899711608887,8.125,8.149999618530273,454.0
2023-03-09 10:06:00,FBMS,29.56999969482422,29.56999969482422,29.610000610351562,29.56999969482422,29.610000610351562,894.0
2023-03-09 10:06:00,FBNC,39.33000183105469,39.33000183105469,39.33000183105469,39.33000183105469,39.33000183105469,713.0
2023-03-09 10:06:00,FCFS,88.56999969482422,88.56999969482422,88.56999969482422,88.55999755859375,88.55999755859375,656.0
2023-03-09 10:06:00,FFBC,22.81999969482422,22.81999969482422,22.81999969482422,22.81999969482422,22.81999969482422,1397.0
2023-03-09 10:06:00,FFIC,17.739999771118164,17.739999771118164,17.739999771118164,17.719999313354492,17.729999542236328,1494.0
2023-03-09 10:06:00,FFIN,34.519500732421875,34.519500732421875,34.519500732421875,34.519500732421875,34.519500732421875,143.0
2023-03-09 10:06:00,FHB,24.799999237060547,24.799999237060547,24.799999237060547,24.774999618530273,24.774999618530273,1266.0
2023-03-09 10:06:00,FIBK,33.16999816894531,33.16999816894531,33.16999816894531,33.13999938964844,33.13999938964844,2011.0
2023-03-09 10:06:00,FITB,32.939998626708984,32.939998626708984,32.939998626708984,32.880001068115234,32.88999938964844,4995.0
2023-03-09 10:06:00,FMAO,23.860000610351562,23.860000610351562,23.860000610351562,23.860000610351562,23.860000610351562,804.0
2023-03-09 10:06:00,FMNB,13.380000114440918,13.380000114440918,13.380000114440918,13.380000114440918,13.380000114440918,800.0
2023-03-09 10:06:00,FOCS,51.79499816894531,51.79499816894531,51.79499816894531,51.790000915527344,51.79499816894531,783.0
2023-03-09 10:06:00,FRBK,1.8049999475479126,1.8049999475479126,1.8049999475479126,1.8049999475479126,1.8049999475479126,100.0
2023-03-09 10:06:00,FULT,16.0,16.0,16.0,15.989999771118164,15.989999771118164,739.0
2023-03-09 10:06:00,FUTU,46.720001220703125,46.720001220703125,46.72999954223633,46.689998626708984,46.720001220703125,1789.0
2023-03-09 10:06:00,GBDC,13.545000076293945,13.545000076293945,13.555000305175781,13.545000076293945,13.555000305175781,3466.0
2023-03-09 10:06:00,GCMG,8.399999618530273,8.399999618530273,8.399999618530273,8.369999885559082,8.399999618530273,12900.0
2023-03-09 10:06:00,GECC,9.5,9.5,9.5,9.5,9.5,815.0
2023-03-09 10:06:00,GGAL,13.055000305175781,13.055000305175781,13.0600004196167,13.050000190734863,13.050000190734863,710.0
2023-03-09 10:06:00,GLAD,9.984999656677246,9.984999656677246,9.984999656677246,9.984999656677246,9.984999656677246,365.0
2023-03-09 10:06:00,GLRE,10.175000190734863,10.175000190734863,10.175000190734863,10.175000190734863,10.175000190734863,125.0
2023-03-09 10:06:00,GSHD,53.79999923706055,53.79999923706055,53.83000183105469,53.61000061035156,53.709999084472656,4998.0
2023-03-09 10:06:00,HAFC,22.219999313354492,22.219999313354492,22.219999313354492,22.219999313354492,22.219999313354492,389.0
2023-03-09 10:06:00,HBAN,14.1899995803833,14.1899995803833,14.194999694824219,14.154999732971191,14.154999732971191,23856.0
2023-03-09 10:06:00,HFWA,25.149999618530273,25.149999618530273,25.170000076293945,25.149999618530273,25.15999984741211,623.0
2023-03-09 10:06:00,HIVE,2.6700000762939453,2.6700000762939453,2.6700000762939453,2.6600000858306885,2.6600000858306885,5113.0
2023-03-09 10:06:00,HMST,22.934999465942383,22.934999465942383,22.934999465942383,22.920000076293945,22.920000076293945,961.0
2023-03-09 10:06:00,HOPE,12.069999694824219,12.069999694824219,12.069999694824219,12.045000076293945,12.045000076293945,3715.0
2023-03-09 10:06:00,HRZN,11.989999771118164,11.989999771118164,11.989999771118164,11.989999771118164,11.989999771118164,330.0
2023-03-09 10:06:00,HTBK,11.149999618530273,11.149999618530273,11.149999618530273,11.149999618530273,11.149999618530273,321.0
2023-03-09 10:06:00,HTLF,46.779998779296875,46.779998779296875,46.779998779296875,46.779998779296875,46.779998779296875,245.0
2023-03-09 10:06:00,HUT,1.4788000583648682,1.4788000583648682,1.4788000583648682,1.4657000303268433,1.4700000286102295,12086.0
2023-03-09 10:06:00,HWC,45.2599983215332,45.2599983215332,45.279998779296875,45.154998779296875,45.154998779296875,4675.0
2023-03-09 10:06:00,IBCP,21.1299991607666,21.1299991607666,21.1299991607666,21.03499984741211,21.03499984741211,1224.0
2023-03-09 10:06:00,IBOC,46.0,46.0,46.130001068115234,45.959999084472656,46.02000045776367,1901.0
2023-03-09 10:07:00,ACGL,69.69000244140625,69.69000244140625,69.80000305175781,69.69000244140625,69.76000213623047,4252.0
2023-03-09 10:07:00,ALRS,18.979999542236328,18.979999542236328,18.979999542236328,18.979999542236328,18.979999542236328,208.0
2023-03-09 10:07:00,AMAL,21.649999618530273,21.649999618530273,21.649999618530273,21.649999618530273,21.649999618530273,185.0
2023-03-09 10:07:00,AMRK,28.350000381469727,28.350000381469727,28.385000228881836,28.350000381469727,28.385000228881836,356.0
2023-03-09 10:07:00,APLD,2.2702999114990234,2.2702999114990234,2.2702999114990234,2.2702999114990234,2.2702999114990234,301.0
2023-03-09 10:07:00,ARBK,1.5012999773025513,1.5012999773025513,1.5012999773025513,1.5,1.5,965.0
2023-03-09 10:07:00,ARCC,19.219999313354492,19.219999313354492,19.229999542236328,19.219999313354492,19.229000091552734,4456.0
2023-03-09 10:07:00,AUB,37.6150016784668,37.6150016784668,37.630001068115234,37.58000183105469,37.599998474121094,4118.0
2023-03-09 10:07:00,AUBN,23.649999618530273,23.649999618530273,23.649999618530273,23.649999618530273,23.649999618530273,0.0
2023-03-09 10:07:00,BANF,86.26000213623047,86.26000213623047,86.26000213623047,86.26000213623047,86.26000213623047,206.0
2023-03-09 10:07:00,BCML,19.709999084472656,19.709999084472656,19.709999084472656,19.709999084472656,19.709999084472656,105.0
2023-03-09 10:07:00,BFST,19.40999984741211,19.40999984741211,19.40999984741211,19.40999984741211,19.40999984741211,358.0
2023-03-09 10:07:00,BGCP,5.065000057220459,5.065000057220459,5.074999809265137,5.065000057220459,5.074999809265137,7176.0
2023-03-09 10:07:00,BHF,54.459999084472656,54.459999084472656,54.47999954223633,54.41999816894531,54.47999954223633,709.0
2023-03-09 10:07:00,BHFAM,16.725000381469727,16.725000381469727,16.75,16.719999313354492,16.719999313354492,650.0
2023-03-09 10:07:00,BHFAN,19.290000915527344,19.290000915527344,19.290000915527344,19.290000915527344,19.290000915527344,472.0
2023-03-09 10:07:00,BKCC,3.700000047683716,3.700000047683716,3.7100000381469727,3.700000047683716,3.7100000381469727,2224.0
2023-03-09 10:07:00,BMAQ,10.520000457763672,10.520000457763672,10.520000457763672,10.520000457763672,10.520000457763672,212.0
2023-03-09 10:07:00,BOKF,96.58000183105469,96.58000183105469,96.58000183105469,96.35009765625,96.4800033569336,1349.0
2023-03-09 10:07:00,BPOP,64.11000061035156,64.11000061035156,64.19999694824219,64.11000061035156,64.19999694824219,1141.0
2023-03-09 10:07:00,BPRN,33.92499923706055,33.92499923706055,33.92499923706055,33.70000076293945,33.849998474121094,1050.0
2023-03-09 10:07:00,BRKL,11.779999732971191,11.779999732971191,11.789999961853027,11.779999732971191,11.789999961853027,575.0
2023-03-09 10:07:00,BRP,26.389999389648438,26.389999389648438,26.6200008392334,26.389999389648438,26.6200008392334,2353.0
2023-03-09 10:07:00,BTBT,1.180999994277954,1.180999994277954,1.180999994277954,1.180999994277954,1.180999994277954,100.0
2023-03-09 10:07:00,BUSE,23.030000686645508,23.030000686645508,23.030000686645508,23.030000686645508,23.030000686645508,739.0
2023-03-09 10:07:00,CACC,447.0799865722656,447.0799865722656,447.0799865722656,447.0799865722656,447.0799865722656,395.0
2023-03-09 10:07:00,CASH,47.70000076293945,47.70000076293945,47.70000076293945,47.650001525878906,47.650001525878906,342.0
2023-03-09 10:07:00,CATY,40.40999984741211,40.40999984741211,40.52000045776367,40.400001525878906,40.52000045776367,1488.0
2023-03-09 10:07:00,CBSH,62.27000045776367,62.27000045776367,62.33000183105469,62.27000045776367,62.27000045776367,1484.0
2023-03-09 10:07:00,CCD,22.969999313354492,22.969999313354492,22.969999313354492,22.969999313354492,22.969999313354492,200.0
2023-03-09 10:07:00,CCNE,23.049999237060547,23.049999237060547,23.049999237060547,23.0,23.0,244.0
2023-03-09 10:07:00,CFB,12.710000038146973,12.710000038146973,12.710000038146973,12.710000038146973,12.710000038146973,100.0
2023-03-09 10:07:00,CG,34.650001525878906,34.650001525878906,34.690101623535156,34.630001068115234,34.685001373291016,9191.0
2023-03-09 10:07:00,CHCO,92.48999786376953,92.48999786376953,92.48999786376953,92.20500183105469,92.20500183105469,498.0
2023-03-09 10:07:00,CHY,12.34000015258789,12.34000015258789,12.34000015258789,12.34000015258789,12.34000015258789,138.0
2023-03-09 10:07:00,CIFR,1.4700000286102295,1.4700000286102295,1.4800000190734863,1.4700000286102295,1.4800000190734863,206.0
2023-03-09 10:07:00,CINF,117.5,117.5,117.62999725341797,117.37999725341797,117.62999725341797,4936.0
2023-03-09 10:07:00,CIVB,20.770000457763672,20.770000457763672,20.770000457763672,20.770000457763672,20.770000457763672,142.0
2023-03-09 10:07:00,CME,180.22999572753906,180.22999572753906,180.36000061035156,180.14999389648438,180.35000610351562,7885.0
2023-03-09 10:07:00,CNOB,22.790000915527344,22.790000915527344,22.799999237060547,22.790000915527344,22.790000915527344,605.0
2023-03-09 10:07:00,COLB,26.15999984741211,26.15999984741211,26.200000762939453,26.15999984741211,26.200000762939453,11596.0
2023-03-09 10:07:00,CRVL,178.3800048828125,178.3800048828125,178.3800048828125,178.3800048828125,178.3800048828125,347.0
2023-03-09 10:07:00,CSLM,10.319999694824219,10.319999694824219,10.319999694824219,10.319999694824219,10.319999694824219,200.0
2023-03-09 10:07:00,CSWC,18.6299991607666,18.6299991607666,18.645000457763672,18.6299991607666,18.645000457763672,1664.0
2023-03-09 10:07:00,CVBF,22.3700008392334,22.3700008392334,22.40999984741211,22.3700008392334,22.405000686645508,3555.0
2023-03-09 10:07:00,DCOM,29.80500030517578,29.80500030517578,29.84000015258789,29.780000686645508,29.815000534057617,724.0
2023-03-09 10:07:00,EBC,15.0600004196167,15.0600004196167,15.0649995803833,15.050000190734863,15.0600004196167,4731.0
2023-03-09 10:07:00,EGBN,40.724998474121094,40.724998474121094,40.724998474121094,40.724998474121094,40.724998474121094,257.0
2023-03-09 10:07:00,EWBC,71.16999816894531,71.16999816894531,71.27999877929688,71.16999816894531,71.27999877929688,2359.0
2023-03-09 10:07:00,FBMS,29.530000686645508,29.530000686645508,29.530000686645508,29.530000686645508,29.530000686645508,277.0
2023-03-09 10:07:00,FBNC,39.400001525878906,39.400001525878906,39.400001525878906,39.400001525878906,39.400001525878906,270.0
2023-03-09 10:07:00,FCNCA,675.4600219726562,675.4600219726562,675.4600219726562,675.4600219726562,675.4600219726562,213.0
2023-03-09 10:07:00,FCRD,4.679999828338623,4.679999828338623,4.679999828338623,4.679999828338623,4.679999828338623,100.0
2023-03-09 10:07:00,FFBC,22.850000381469727,22.850000381469727,22.850000381469727,22.850000381469727,22.850000381469727,396.0
2023-03-09 10:07:00,FFIC,17.729999542236328,17.729999542236328,17.729999542236328,17.719999313354492,17.719999313354492,1872.0
2023-03-09 10:07:00,FFIN,34.4900016784668,34.4900016784668,34.529998779296875,34.4900016784668,34.529998779296875,1081.0
2023-03-09 10:07:00,FFWM,13.609999656677246,13.609999656677246,13.614999771118164,13.609999656677246,13.614999771118164,1323.0
2023-03-09 10:07:00,FHB,24.780000686645508,24.780000686645508,24.809900283813477,24.780000686645508,24.80500030517578,1894.0
2023-03-09 10:07:00,FIBK,33.16999816894531,33.16999816894531,33.209999084472656,33.16999816894531,33.189998626708984,2703.0
2023-03-09 10:07:00,FISI,23.690000534057617,23.690000534057617,23.690000534057617,23.690000534057617,23.690000534057617,282.0
2023-03-09 10:07:00,FITB,32.869998931884766,32.869998931884766,32.95000076293945,32.86000061035156,32.95000076293945,18678.0
2023-03-09 10:07:00,FLIC,16.3799991607666,16.3799991607666,16.3799991607666,16.3799991607666,16.3799991607666,100.0
2023-03-09 10:07:00,FMNB,13.395000457763672,13.395000457763672,13.399999618530273,13.395000457763672,13.399999618530273,611.0
2023-03-09 10:07:00,FOCS,51.790000915527344,51.790000915527344,51.79499816894531,51.790000915527344,51.79499816894531,3941.0
2023-03-09 10:07:00,FRBA,13.0600004196167,13.0600004196167,13.0600004196167,13.0600004196167,13.0600004196167,919.0
2023-03-09 10:07:00,FRBK,1.8049999475479126,1.8049999475479126,1.8049999475479126,1.8049999475479126,1.8049999475479126,115.0
2023-03-09 10:07:00,FRST,11.229999542236328,11.229999542236328,11.229999542236328,11.229999542236328,11.229999542236328,382.0
2023-03-09 10:07:00,FULT,15.989999771118164,15.989999771118164,16.010000228881836,15.989999771118164,16.010000228881836,3328.0
2023-03-09 10:07:00,FUTU,46.720001220703125,46.720001220703125,46.869998931884766,46.709999084472656,46.75,9359.0
2023-03-09 10:07:00,GABC,36.36000061035156,36.36000061035156,36.36000061035156,36.36000061035156,36.36000061035156,187.0
2023-03-09 10:07:00,GAIN,13.9197998046875,13.9197998046875,13.9197998046875,13.9197998046875,13.9197998046875,233.0
2023-03-09 10:07:00,GBDC,13.545000076293945,13.545000076293945,13.547499656677246,13.54069995880127,13.54069995880127,2245.0
2023-03-09 10:07:00,GCMG,8.399999618530273,8.399999618530273,8.399999618530273,8.399999618530273,8.399999618530273,273.0
2023-03-09 10:07:00,GGAL,13.0,13.0,13.010000228881836,13.0,13.010000228881836,2666.0
2023-03-09 10:07:00,GLRE,10.170000076293945,10.170000076293945,10.175000190734863,10.170000076293945,10.175000190734863,884.0
2023-03-09 10:07:00,HAFC,22.239999771118164,22.239999771118164,22.239999771118164,22.239999771118164,22.239999771118164,341.0
2023-03-09 10:07:00,HBAN,14.149999618530273,14.149999618530273,14.196200370788574,14.149999618530273,14.194999694824219,38587.0
2023-03-09 10:07:00,HBT,22.375,22.375,22.375,22.375,22.375,339.0
2023-03-09 10:07:00,HFWA,25.15999984741211,25.15999984741211,25.15999984741211,25.15999984741211,25.15999984741211,195.0
2023-03-09 10:07:00,HIVE,2.6700000762939453,2.6700000762939453,2.6700000762939453,2.6698999404907227,2.6700000762939453,3516.0
2023-03-09 10:07:00,HONE,12.890000343322754,12.890000343322754,12.890000343322754,12.880000114440918,12.890000343322754,1027.0
2023-03-09 10:07:00,HOPE,12.050000190734863,12.050000190734863,12.0600004196167,12.050000190734863,12.0600004196167,1025.0
2023-03-09 10:07:00,HTBI,27.59000015258789,27.59000015258789,27.59000015258789,27.59000015258789,27.59000015258789,218.0
2023-03-09 10:07:00,HTBK,11.175000190734863,11.175000190734863,11.175000190734863,11.140000343322754,11.140000343322754,2683.0
2023-03-09 10:07:00,HTLF,46.75,46.75,46.7599983215332,46.75,46.7599983215332,686.0
2023-03-09 10:07:00,HUT,1.475000023841858,1.475000023841858,1.475000023841858,1.475000023841858,1.475000023841858,421.0
2023-03-09 10:07:00,HWC,45.220001220703125,45.220001220703125,45.29499816894531,45.220001220703125,45.2599983215332,925.0
2023-03-09 10:07:00,IBKR,88.08999633789062,88.08999633789062,88.18000030517578,88.08999633789062,88.18000030517578,1436.0
2023-03-09 10:07:00,INBK,24.600000381469727,24.600000381469727,24.600000381469727,24.600000381469727,24.600000381469727,500.0
2023-03-09 10:07:00,INDB,73.90499877929688,73.90499877929688,73.94000244140625,73.9000015258789,73.94000244140625,3200.0
2023-03-09 10:08:00,ABCB,43.779998779296875,43.779998779296875,43.779998779296875,43.779998779296875,43.779998779296875,960.0
2023-03-09 10:08:00,ACGL,69.79000091552734,69.79000091552734,69.79000091552734,69.68000030517578,69.68000030517578,5883.0
2023-03-09 10:08:00,ARCC,19.200000762939453,19.200000762939453,19.21500015258789,19.200000762939453,19.209999084472656,7469.0
2023-03-09 10:08:00,AUB,37.56999969482422,37.56999969482422,37.60499954223633,37.560001373291016,37.56999969482422,3947.0
2023-03-09 10:08:00,BANF,86.25,86.25,86.25499725341797,86.25,86.25499725341797,542.0
2023-03-09 10:08:00,BANR,59.70000076293945,59.70000076293945,59.70000076293945,59.49359893798828,59.49359893798828,1222.0
2023-03-09 10:08:00,BCML,19.610000610351562,19.610000610351562,19.760000228881836,19.610000610351562,19.760000228881836,224.0
2023-03-09 10:08:00,BGCP,5.070000171661377,5.070000171661377,5.070000171661377,5.065000057220459,5.065000057220459,11425.0
2023-03-09 10:08:00,BHF,54.31999969482422,54.31999969482422,54.38999938964844,54.31999969482422,54.38999938964844,780.0
2023-03-09 10:08:00,BHFAM,16.773799896240234,16.773799896240234,16.773799896240234,16.773799896240234,16.773799896240234,2450.0
2023-03-09 10:08:00,BHFAP,24.799999237060547,24.799999237060547,24.850000381469727,24.799999237060547,24.850000381469727,1231.0
2023-03-09 10:08:00,BLFY,11.774999618530273,11.774999618530273,11.774999618530273,11.774999618530273,11.774999618530273,100.0
2023-03-09 10:08:00,BPOP,64.05000305175781,64.05000305175781,64.11000061035156,63.9900016784668,64.05000305175781,2005.0
2023-03-09 10:08:00,BPRN,33.70000076293945,33.70000076293945,33.75,33.6505012512207,33.65999984741211,796.0
2023-03-09 10:08:00,BRKL,11.770000457763672,11.770000457763672,11.770000457763672,11.770000457763672,11.770000457763672,152.0
2023-03-09 10:08:00,BRP,26.329999923706055,26.329999923706055,26.459999084472656,26.329999923706055,26.459999084472656,219.0
2023-03-09 10:08:00,BTBT,1.1799999475479126,1.1799999475479126,1.190000057220459,1.1799999475479126,1.190000057220459,815.0
2023-03-09 10:08:00,BTCS,1.2099000215530396,1.2099000215530396,1.2099000215530396,1.2050000429153442,1.2050000429153442,705.0
2023-03-09 10:08:00,BUSE,23.024999618530273,23.024999618530273,23.024999618530273,23.024999618530273,23.024999618530273,144.0
2023-03-09 10:08:00,CATY,40.349998474121094,40.349998474121094,40.42499923706055,40.349998474121094,40.42499923706055,1378.0
2023-03-09 10:08:00,CBSH,62.231998443603516,62.231998443603516,62.231998443603516,62.220001220703125,62.220001220703125,511.0
2023-03-09 10:08:00,CCB,43.07500076293945,43.07500076293945,43.07500076293945,43.07500076293945,43.07500076293945,430.0
2023-03-09 10:08:00,CCNE,23.04990005493164,23.04990005493164,23.04990005493164,22.979999542236328,23.020000457763672,1445.0
2023-03-09 10:08:00,CFB,12.720000267028809,12.720000267028809,12.720000267028809,12.720000267028809,12.720000267028809,143.0
2023-03-09 10:08:00,CFFN,7.659999847412109,7.659999847412109,7.675000190734863,7.659999847412109,7.675000190734863,2124.0
2023-03-09 10:08:00,CG,34.63999938964844,34.63999938964844,34.65999984741211,34.630001068115234,34.630001068115234,2055.0
2023-03-09 10:08:00,CIFR,1.4550000429153442,1.4550000429153442,1.4609999656677246,1.4500000476837158,1.4500000476837158,7757.0
2023-03-09 10:08:00,CINF,117.5999984741211,117.5999984741211,117.5999984741211,117.5999984741211,117.5999984741211,614.0
2023-03-09 10:08:00,CME,180.32000732421875,180.32000732421875,180.3249969482422,180.22999572753906,180.22999572753906,1376.0
2023-03-09 10:08:00,COLB,26.139999389648438,26.139999389648438,26.18000030517578,26.139999389648438,26.165000915527344,12366.0
2023-03-09 10:08:00,COOP,45.11000061035156,45.11000061035156,45.11000061035156,45.11000061035156,45.11000061035156,266.0
2023-03-09 10:08:00,CSLM,10.319999694824219,10.319999694824219,10.319999694824219,10.319999694824219,10.319999694824219,300.0
2023-03-09 10:08:00,CSQ,14.165300369262695,14.165300369262695,14.165300369262695,14.165300369262695,14.165300369262695,303.0
2023-03-09 10:08:00,CSWC,18.635000228881836,18.635000228881836,18.63990020751953,18.6299991607666,18.635000228881836,908.0
2023-03-09 10:08:00,CTBI,40.869998931884766,40.869998931884766,40.869998931884766,40.869998931884766,40.869998931884766,162.0
2023-03-09 10:08:00,CVBF,22.350000381469727,22.350000381469727,22.3700008392334,22.350000381469727,22.3700008392334,867.0
2023-03-09 10:08:00,CVCY,24.739999771118164,24.739999771118164,24.739999771118164,24.635000228881836,24.739999771118164,417.0
2023-03-09 10:08:00,DTOC,10.199999809265137,10.199999809265137,10.199999809265137,10.199999809265137,10.199999809265137,50000.0
2023-03-09 10:08:00,ESQ,42.98500061035156,42.98500061035156,42.98500061035156,42.98500061035156,42.98500061035156,146.0
2023-03-09 10:08:00,EZPW,8.960000038146973,8.960000038146973,8.960000038146973,8.960000038146973,8.960000038146973,112.0
2023-03-09 10:08:00,FBNC,39.43989944458008,39.43989944458008,39.43989944458008,39.43989944458008,39.43989944458008,178.0
2023-03-09 10:08:00,FCFS,88.49169921875,88.49169921875,88.49169921875,88.49169921875,88.49169921875,269.0
2023-03-09 10:08:00,FFBC,22.81999969482422,22.81999969482422,22.81999969482422,22.81999969482422,22.81999969482422,825.0
2023-03-09 10:08:00,FFIC,17.729999542236328,17.729999542236328,17.729999542236328,17.729999542236328,17.729999542236328,105.0
2023-03-09 10:08:00,FFWM,13.600000381469727,13.600000381469727,13.609999656677246,13.59000015258789,13.600000381469727,2260.0
2023-03-09 10:08:00,FGBI,19.125,19.125,19.125,18.969999313354492,18.969999313354492,0.0
2023-03-09 10:08:00,FHB,24.770000457763672,24.770000457763672,24.780000686645508,24.760000228881836,24.780000686645508,678.0
2023-03-09 10:08:00,FIBK,33.150001525878906,33.150001525878906,33.18000030517578,33.150001525878906,33.18000030517578,925.0
2023-03-09 10:08:00,FITB,32.869998931884766,32.869998931884766,32.88999938964844,32.81999969482422,32.849998474121094,10383.0
2023-03-09 10:08:00,FLIC,16.399999618530273,16.399999618530273,16.399999618530273,16.389999389648438,16.389999389648438,608.0
2023-03-09 10:08:00,FMNB,13.375,13.375,13.375,13.375,13.375,340.0
2023-03-09 10:08:00,FNLC,28.917200088500977,28.917200088500977,28.917200088500977,28.917200088500977,28.917200088500977,432.0
2023-03-09 10:08:00,FOCS,51.790000915527344,51.790000915527344,51.79999923706055,51.790000915527344,51.790000915527344,5622.0
2023-03-09 10:08:00,FRHC,73.23999786376953,73.23999786376953,73.26499938964844,73.23999786376953,73.26499938964844,338.0
2023-03-09 10:08:00,FRME,38.30500030517578,38.30500030517578,38.35499954223633,38.30500030517578,38.35499954223633,679.0
2023-03-09 10:08:00,FRST,11.210000038146973,11.210000038146973,11.210000038146973,11.210000038146973,11.210000038146973,261.0
2023-03-09 10:08:00,FULT,15.979999542236328,15.979999542236328,15.989999771118164,15.979999542236328,15.979999542236328,924.0
2023-03-09 10:08:00,FUTU,46.83000183105469,46.83000183105469,46.849998474121094,46.709999084472656,46.709999084472656,3720.0
2023-03-09 10:08:00,GLRE,10.1899995803833,10.1899995803833,10.1899995803833,10.1850004196167,10.1850004196167,474.0
2023-03-09 10:08:00,GROW,2.6953001022338867,2.6953001022338867,2.6953001022338867,2.6953001022338867,2.6953001022338867,365.0
2023-03-09 10:08:00,GSHD,53.78499984741211,53.78499984741211,53.78499984741211,53.78499984741211,53.78499984741211,176.0
2023-03-09 10:08:00,HAFC,22.219999313354492,22.219999313354492,22.219999313354492,22.219999313354492,22.219999313354492,113.0
2023-03-09 10:08:00,HBAN,14.15999984741211,14.15999984741211,14.170000076293945,14.149999618530273,14.149999618530273,11452.0
2023-03-09 10:08:00,HBT,22.299999237060547,22.299999237060547,22.309999465942383,22.299999237060547,22.309999465942383,794.0
2023-03-09 10:08:00,HFWA,25.1299991607666,25.1299991607666,25.1299991607666,25.1299991607666,25.1299991607666,591.0
2023-03-09 10:08:00,HIVE,2.6700000762939453,2.6700000762939453,2.6700000762939453,2.6700000762939453,2.6700000762939453,100.0
2023-03-09 10:08:00,HLNE,77.18009948730469,77.18009948730469,77.18009948730469,77.18009948730469,77.18009948730469,200.0
2023-03-09 10:08:00,HRZN,12.0,12.0,12.0,12.0,12.0,588.0
2023-03-09 10:08:00,HTBK,11.175000190734863,11.175000190734863,11.175000190734863,11.175000190734863,11.175000190734863,247.0
2023-03-09 10:08:00,HUT,1.4693000316619873,1.4693000316619873,1.475000023841858,1.4603999853134155,1.4700000286102295,29721.0
2023-03-09 10:08:00,HWC,45.25,45.25,45.25,45.18000030517578,45.189998626708984,1314.0
2023-03-09 10:08:00,IBKR,88.30999755859375,88.30999755859375,88.3499984741211,88.08999633789062,88.08999633789062,3241.0
2023-03-09 10:08:00,IBOC,45.94499969482422,45.94499969482422,45.9900016784668,45.94499969482422,45.9900016784668,779.0
2023-03-09 10:08:00,IBTX,53.779998779296875,53.779998779296875,53.779998779296875,53.779998779296875,53.779998779296875,145.0
2023-03-09 10:08:00,INBK,24.600000381469727,24.600000381469727,24.600000381469727,24.600000381469727,24.600000381469727,925.0
2023-03-09 10:08:00,INKA,10.4399995803833,10.4399995803833,10.4399995803833,10.420000076293945,10.420100212097168,21737.0
2023-03-09 10:08:00,INTR,2.059999942779541,2.059999942779541,2.059999942779541,2.030100107192993,2.059999942779541,5830.0
2023-03-09 10:09:00,ACGL,69.72000122070312,69.72000122070312,69.80999755859375,69.72000122070312,69.80999755859375,12944.0
2023-03-09 10:09:00,AMAL,21.600000381469727,21.600000381469727,21.600000381469727,21.600000381469727,21.600000381469727,187.0
2023-03-09 10:09:00,AMRK,28.329999923706055,28.329999923706055,28.329999923706055,28.329999923706055,28.329999923706055,642.0
2023-03-09 10:09:00,ARCC,19.209199905395508,19.209199905395508,19.209199905395508,19.200000762939453,19.200000762939453,2701.0
2023-03-09 10:09:00,BANF,86.25,86.25,86.25,86.25,86.25,136.0
2023-03-09 10:09:00,BCBP,16.030000686645508,16.030000686645508,16.030000686645508,16.030000686645508,16.030000686645508,711.0
2023-03-09 10:09:00,BGCP,5.065000057220459,5.065000057220459,5.070000171661377,5.065000057220459,5.065000057220459,422.0
2023-03-09 10:09:00,BHF,54.33000183105469,54.33000183105469,54.33000183105469,54.33000183105469,54.33000183105469,415.0
2023-03-09 10:09:00,BLFY,11.779999732971191,11.779999732971191,11.779999732971191,11.779999732971191,11.779999732971191,641.0
2023-03-09 10:09:00,BPOP,63.96500015258789,63.96500015258789,63.974998474121094,63.96500015258789,63.974998474121094,235.0
2023-03-09 10:09:00,BRKL,11.770000457763672,11.770000457763672,11.770000457763672,11.770000457763672,11.770000457763672,227.0
2023-03-09 10:09:00,BRP,26.509300231933594,26.509300231933594,26.509300231933594,26.329999923706055,26.329999923706055,328.0
2023-03-09 10:09:00,BSVN,28.309999465942383,28.309999465942383,28.309999465942383,28.309999465942383,28.309999465942383,4622.0
2023-03-09 10:09:00,BTBT,1.188099980354309,1.188099980354309,1.190000057220459,1.1799999475479126,1.1885000467300415,3507.0
2023-03-09 10:09:00,CASH,47.6150016784668,47.6150016784668,47.6150016784668,47.6150016784668,47.6150016784668,969.0
2023-03-09 10:09:00,CATY,40.380001068115234,40.380001068115234,40.380001068115234,40.380001068115234,40.380001068115234,520.0
2023-03-09 10:09:00,CBSH,62.13999938964844,62.13999938964844,62.18000030517578,62.13999938964844,62.18000030517578,994.0
2023-03-09 10:09:00,CCBG,33.93000030517578,33.93000030517578,33.93000030517578,33.93000030517578,33.93000030517578,188.0
2023-03-09 10:09:00,CCD,22.959999084472656,22.959999084472656,22.959999084472656,22.959999084472656,22.959999084472656,500.0
2023-03-09 10:09:00,CFFN,7.659999847412109,7.659999847412109,7.659999847412109,7.659999847412109,7.659999847412109,208.0
2023-03-09 10:09:00,CG,34.654998779296875,34.654998779296875,34.654998779296875,34.619998931884766,34.619998931884766,1828.0
2023-03-09 10:09:00,CIFR,1.4550000429153442,1.4550000429153442,1.4700000286102295,1.4550000429153442,1.4550000429153442,8736.0
2023-03-09 10:09:00,CME,180.44189453125,180.44189453125,180.44189453125,180.3300018310547,180.3300018310547,2261.0
2023-03-09 10:09:00,COLB,26.165000915527344,26.165000915527344,26.165000915527344,26.114999771118164,26.1200008392334,4281.0
2023-03-09 10:09:00,COOP,45.099998474121094,45.099998474121094,45.11000061035156,45.099998474121094,45.11000061035156,2017.0
2023-03-09 10:09:00,CSWC,18.639999389648438,18.639999389648438,18.649999618530273,18.610000610351562,18.6299991607666,1645.0
2023-03-09 10:09:00,CVBF,22.34000015258789,22.34000015258789,22.34000015258789,22.34000015258789,22.34000015258789,355.0
2023-03-09 10:09:00,DCOM,29.78499984741211,29.78499984741211,29.790000915527344,29.780000686645508,29.780000686645508,834.0
2023-03-09 10:09:00,DNAD,10.204999923706055,10.204999923706055,10.204999923706055,10.204999923706055,10.204999923706055,100.0
2023-03-09 10:09:00,DTOC,10.210000038146973,10.210000038146973,10.210000038146973,10.210000038146973,10.210000038146973,270.0
2023-03-09 10:09:00,DWAC,14.20479965209961,14.20479965209961,14.20479965209961,14.20479965209961,14.20479965209961,301.0
2023-03-09 10:09:00,EBC,15.03499984741211,15.03499984741211,15.039999961853027,15.03499984741211,15.039999961853027,691.0
2023-03-09 10:09:00,EGBN,40.810001373291016,40.810001373291016,40.810001373291016,40.810001373291016,40.810001373291016,107.0
2023-03-09 10:09:00,EWBC,71.12999725341797,71.12999725341797,71.15499877929688,71.06999969482422,71.15499877929688,1414.0
2023-03-09 10:09:00,EZPW,8.952500343322754,8.952500343322754,8.954999923706055,8.952500343322754,8.954999923706055,312.0
2023-03-09 10:09:00,FANH,8.1899995803833,8.1899995803833,8.203300476074219,8.1899995803833,8.199999809265137,995.0
2023-03-09 10:09:00,FBNC,39.42509841918945,39.42509841918945,39.42509841918945,39.42509841918945,39.42509841918945,511.0
2023-03-09 10:09:00,FCFS,88.48999786376953,88.48999786376953,88.48999786376953,88.48999786376953,88.48999786376953,596.0
2023-03-09 10:09:00,FCRD,4.690000057220459,4.690000057220459,4.690000057220459,4.679999828338623,4.681700229644775,9128.0
2023-03-09 10:09:00,FDUS,20.520000457763672,20.520000457763672,20.53499984741211,20.520000457763672,20.53499984741211,2286.0
2023-03-09 10:09:00,FFIC,17.729999542236328,17.729999542236328,17.729999542236328,17.729999542236328,17.729999542236328,117.0
2023-03-09 10:09:00,FFIN,34.41999816894531,34.41999816894531,34.41999816894531,34.41999816894531,34.41999816894531,173.0
2023-03-09 10:09:00,FFWM,13.59000015258789,13.59000015258789,13.595000267028809,13.59000015258789,13.595000267028809,341.0
2023-03-09 10:09:00,FGBI,18.899999618530273,18.899999618530273,18.899999618530273,18.899999618530273,18.899999618530273,100.0
2023-03-09 10:09:00,FHB,24.760000228881836,24.760000228881836,24.770000457763672,24.760000228881836,24.770000457763672,550.0
2023-03-09 10:09:00,FIBK,33.150001525878906,33.150001525878906,33.150001525878906,33.125,33.13999938964844,4620.0
2023-03-09 10:09:00,FITB,32.8650016784668,32.8650016784668,32.8650016784668,32.84000015258789,32.849998474121094,2131.0
2023-03-09 10:09:00,FOCS,51.790000915527344,51.790000915527344,51.79999923706055,51.790000915527344,51.790000915527344,3856.0
2023-03-09 10:09:00,FRBK,1.8049999475479126,1.8049999475479126,1.809999942779541,1.8049999475479126,1.809999942779541,387.0
2023-03-09 10:09:00,FULT,15.979999542236328,15.979999542236328,15.979999542236328,15.979999542236328,15.979999542236328,459.0
2023-03-09 10:09:00,FUTU,47.08000183105469,47.08000183105469,47.099998474121094,46.84000015258789,46.86000061035156,14716.0
2023-03-09 10:09:00,GREE,0.44774898886680603,0.44774898886680603,0.44774898886680603,0.44774898886680603,0.44774898886680603,200.0
2023-03-09 10:09:00,HAFC,22.219999313354492,22.219999313354492,22.219999313354492,22.219999313354492,22.219999313354492,228.0
2023-03-09 10:09:00,HBAN,14.164999961853027,14.164999961853027,14.169899940490723,14.149999618530273,14.15999984741211,15980.0
2023-03-09 10:09:00,HFWA,25.100000381469727,25.100000381469727,25.100000381469727,25.100000381469727,25.100000381469727,203.0
2023-03-09 10:09:00,HIVE,2.6698999404907227,2.6698999404907227,2.6700000762939453,2.6698999404907227,2.6700000762939453,791.0
2023-03-09 10:09:00,HOPE,12.039999961853027,12.039999961853027,12.039999961853027,12.039999961853027,12.039999961853027,183.0
2023-03-09 10:09:00,HRZN,12.0,12.0,12.0,12.0,12.0,155.0
2023-03-09 10:09:00,HUT,1.4700000286102295,1.4700000286102295,1.475000023841858,1.4657000303268433,1.468000054359436,21950.0
2023-03-09 10:09:00,HWC,45.27119827270508,45.27119827270508,45.27119827270508,45.20000076293945,45.20000076293945,467.0
2023-03-09 10:09:00,IBKR,88.19999694824219,88.19999694824219,88.2699966430664,88.13999938964844,88.2699966430664,1480.0
2023-03-09 10:09:00,IBOC,45.85499954223633,45.85499954223633,45.93000030517578,45.85499954223633,45.86000061035156,1402.0
2023-03-09 10:09:00,IBTX,53.86000061035156,53.86000061035156,53.86000061035156,53.86000061035156,53.86000061035156,216.0
2023-03-09 10:10:00,ACGL,69.80059814453125,69.80059814453125,69.80059814453125,69.73999786376953,69.73999786376953,1623.0
2023-03-09 10:10:00,ALRS,18.979999542236328,18.979999542236328,18.979999542236328,18.979999542236328,18.979999542236328,111.0
2023-03-09 10:10:00,APLD,2.2699999809265137,2.2699999809265137,2.2750000953674316,2.2699999809265137,2.2750000953674316,612.0
2023-03-09 10:10:00,ARBK,1.5147000551223755,1.5147000551223755,1.5147000551223755,1.5032999515533447,1.5032999515533447,299.0
2023-03-09 10:10:00,ARCC,19.20709991455078,19.20709991455078,19.207199096679688,19.20709991455078,19.207199096679688,1593.0
2023-03-09 10:10:00,AUB,37.56999969482422,37.56999969482422,37.56999969482422,37.56999969482422,37.56999969482422,496.0
2023-03-09 10:10:00,BANF,86.27999877929688,86.27999877929688,86.27999877929688,86.27999877929688,86.27999877929688,480.0
2023-03-09 10:10:00,BCBP,16.040000915527344,16.040000915527344,16.040000915527344,16.040000915527344,16.040000915527344,292.0
2023-03-09 10:10:00,BGCP,5.065000057220459,5.065000057220459,5.065000057220459,5.065000057220459,5.065000057220459,150.0
2023-03-09 10:10:00,BHF,54.2599983215332,54.2599983215332,54.2599983215332,54.2599983215332,54.2599983215332,107.0
2023-03-09 10:10:00,BITF,0.801800012588501,0.801800012588501,0.801800012588501,0.801800012588501,0.801800012588501,50123.0
2023-03-09 10:10:00,BPOP,64.01000213623047,64.01000213623047,64.01000213623047,63.96500015258789,63.96500015258789,992.0
2023-03-09 10:10:00,BRP,26.350000381469727,26.350000381469727,26.459999084472656,26.350000381469727,26.459999084472656,209.0
2023-03-09 10:10:00,BTBT,1.184999942779541,1.184999942779541,1.184999942779541,1.184999942779541,1.184999942779541,228.0
2023-03-09 10:10:00,BTCS,1.2100000381469727,1.2100000381469727,1.2100000381469727,1.2100000381469727,1.2100000381469727,2846.0
2023-03-09 10:10:00,BUSE,23.020000457763672,23.020000457763672,23.030000686645508,23.020000457763672,23.030000686645508,268.0
2023-03-09 10:10:00,CBSH,62.23500061035156,62.23500061035156,62.2400016784668,62.23500061035156,62.2400016784668,387.0
2023-03-09 10:10:00,CCB,43.0,43.0,43.0,43.0,43.0,101.0
2023-03-09 10:10:00,CCD,22.93000030517578,22.93000030517578,22.93000030517578,22.93000030517578,22.93000030517578,659.0
2023-03-09 10:10:00,CCNE,22.96500015258789,22.96500015258789,22.96500015258789,22.96500015258789,22.96500015258789,329.0
2023-03-09 10:10:00,CFFN,7.658599853515625,7.658599853515625,7.659999847412109,7.658599853515625,7.659999847412109,3622.0
2023-03-09 10:10:00,CG,34.64500045776367,34.64500045776367,34.66999816894531,34.64500045776367,34.665000915527344,1966.0
2023-03-09 10:10:00,CGBD,15.162199974060059,15.162199974060059,15.162199974060059,15.162199974060059,15.162199974060059,230.0
2023-03-09 10:10:00,CIFR,1.4550000429153442,1.4550000429153442,1.4550000429153442,1.4550000429153442,1.4550000429153442,300.0
2023-03-09 10:10:00,CINF,117.58000183105469,117.58000183105469,117.69999694824219,117.58000183105469,117.69999694824219,482.0
2023-03-09 10:10:00,CME,180.47000122070312,180.47000122070312,180.52999877929688,180.4149932861328,180.4499969482422,1191.0
2023-03-09 10:10:00,COLB,26.149999618530273,26.149999618530273,26.15999984741211,26.149999618530273,26.159900665283203,9685.0
2023-03-09 10:10:00,COOP,45.060001373291016,45.060001373291016,45.060001373291016,45.040000915527344,45.040000915527344,1636.0
2023-03-09 10:10:00,CSLM,10.319999694824219,10.319999694824219,10.319999694824219,10.319999694824219,10.319999694824219,600.0
2023-03-09 10:10:00,CSQ,14.15999984741211,14.15999984741211,14.199899673461914,14.15999984741211,14.199899673461914,1614.0
2023-03-09 10:10:00,CSWC,18.639999389648438,18.639999389648438,18.645000457763672,18.639999389648438,18.645000457763672,414.0
2023-03-09 10:10:00,CVBF,22.34000015258789,22.34000015258789,22.350000381469727,22.34000015258789,22.34000015258789,3561.0
2023-03-09 10:10:00,DCOM,29.850000381469727,29.850000381469727,29.850000381469727,29.850000381469727,29.850000381469727,595.0
2023-03-09 10:10:00,DWAC,14.210000038146973,14.210000038146973,14.210000038146973,14.210000038146973,14.210000038146973,113.0
2023-03-09 10:10:00,EBC,15.029999732971191,15.029999732971191,15.029999732971191,15.029999732971191,15.029999732971191,282.0
2023-03-09 10:10:00,EHTH,9.329999923706055,9.329999923706055,9.329999923706055,9.329999923706055,9.329999923706055,142.0
2023-03-09 10:10:00,EWBC,71.18000030517578,71.18000030517578,71.22000122070312,71.18000030517578,71.18000030517578,1232.0
2023-03-09 10:10:00,FANH,8.1899995803833,8.1899995803833,8.1899995803833,8.1899995803833,8.1899995803833,197.0
2023-03-09 10:10:00,FBMS,29.53499984741211,29.53499984741211,29.53499984741211,29.53499984741211,29.53499984741211,535.0
2023-03-09 10:10:00,FBNC,39.42599868774414,39.42599868774414,39.42599868774414,39.42599868774414,39.42599868774414,285.0
2023-03-09 10:10:00,FEXDW,0.04039999842643738,0.04039999842643738,0.04479999840259552,0.04039999842643738,0.04479999840259552,0.0
2023-03-09 10:10:00,FFBC,22.829999923706055,22.829999923706055,22.829999923706055,22.829999923706055,22.829999923706055,269.0
2023-03-09 10:10:00,FFIC,17.780000686645508,17.780000686645508,17.780000686645508,17.75,17.75,1310.0
2023-03-09 10:10:00,FFIN,34.43360137939453,34.43360137939453,34.43360137939453,34.43360137939453,34.43360137939453,216.0
2023-03-09 10:10:00,FGBI,18.90999984741211,18.90999984741211,18.90999984741211,18.90999984741211,18.90999984741211,105.0
2023-03-09 10:10:00,FHB,24.7549991607666,24.7549991607666,24.7549991607666,24.7549991607666,24.7549991607666,415.0
2023-03-09 10:10:00,FIBK,33.17499923706055,33.17499923706055,33.17499923706055,33.150001525878906,33.165000915527344,1032.0
2023-03-09 10:10:00,FITB,32.90999984741211,32.90999984741211,32.90999984741211,32.869998931884766,32.869998931884766,5324.0
2023-03-09 10:10:00,FLIC,16.40999984741211,16.40999984741211,16.40999984741211,16.40999984741211,16.40999984741211,450.0
2023-03-09 10:10:00,FOCS,51.790000915527344,51.790000915527344,51.79499816894531,51.790000915527344,51.790000915527344,4131.0
2023-03-09 10:10:00,FULT,15.989999771118164,15.989999771118164,15.989999771118164,15.979999542236328,15.979999542236328,365.0
2023-03-09 10:10:00,FUND,8.579999923706055,8.579999923706055,8.579999923706055,8.579999923706055,8.579999923706055,200.0
2023-03-09 10:10:00,FUTU,47.099998474121094,47.099998474121094,47.16999816894531,46.970001220703125,47.060001373291016,23357.0
2023-03-09 10:10:00,GCMG,8.354999542236328,8.354999542236328,8.354999542236328,8.354999542236328,8.354999542236328,112.0
2023-03-09 10:10:00,GSHD,53.790000915527344,53.790000915527344,53.790000915527344,53.790000915527344,53.790000915527344,315.0
2023-03-09 10:10:00,HAFC,22.25,22.25,22.25,22.25,22.25,250.0
2023-03-09 10:10:00,HBAN,14.180000305175781,14.180000305175781,14.1850004196167,14.160400390625,14.164999961853027,24190.0
2023-03-09 10:10:00,HLNE,77.19999694824219,77.19999694824219,77.19999694824219,77.16999816894531,77.16999816894531,689.0
2023-03-09 10:10:00,HOPE,12.039999961853027,12.039999961853027,12.039999961853027,12.039999961853027,12.039999961853027,587.0
2023-03-09 10:10:00,HTBK,11.175000190734863,11.175000190734863,11.175000190734863,11.175000190734863,11.175000190734863,360.0
2023-03-09 10:10:00,HUT,1.4700000286102295,1.4700000286102295,1.4800000190734863,1.4700000286102295,1.4700000286102295,15449.0
2023-03-09 10:10:00,HWC,45.209999084472656,45.209999084472656,45.209999084472656,45.209999084472656,45.209999084472656,362.0
2023-03-09 10:10:00,IBKR,88.23500061035156,88.23500061035156,88.23500061035156,88.23500061035156,88.23500061035156,282.0
2023-03-09 10:10:00,INTR,2.0299999713897705,2.0299999713897705,2.0299999713897705,2.0299999713897705,2.0299999713897705,2234.0
2023-03-09 10:11:00,ACGL,69.80000305175781,69.80000305175781,69.83999633789062,69.76000213623047,69.7750015258789,3825.0
2023-03-09 10:11:00,ACT,24.190000534057617,24.190000534057617,24.190000534057617,24.190000534057617,24.190000534057617,105.0
2023-03-09 10:11:00,AMRK,28.290000915527344,28.290000915527344,28.290000915527344,28.290000915527344,28.290000915527344,942.0
2023-03-09 10:11:00,APLD,2.25,2.25,2.2699999809265137,2.25,2.2699999809265137,3258.0
2023-03-09 10:11:00,ARCC,19.19499969482422,19.19499969482422,19.20800018310547,19.190000534057617,19.206899642944336,13967.0
2023-03-09 10:11:00,ARYE,10.15999984741211,10.15999984741211,10.15999984741211,10.15999984741211,10.15999984741211,0.0
2023-03-09 10:11:00,BGCP,5.050000190734863,5.050000190734863,5.065000057220459,5.050000190734863,5.065000057220459,4421.0
2023-03-09 10:11:00,BHF,54.20000076293945,54.20000076293945,54.2599983215332,54.20000076293945,54.2599983215332,965.0
2023-03-09 10:11:00,BITF,0.8001000285148621,0.8001000285148621,0.8001000285148621,0.8001000285148621,0.8001000285148621,120.0
2023-03-09 10:11:00,BKCC,3.690000057220459,3.690000057220459,3.700000047683716,3.690000057220459,3.700000047683716,2200.0
2023-03-09 10:11:00,BMRC,27.489999771118164,27.489999771118164,27.5,27.489999771118164,27.5,370.0
2023-03-09 10:11:00,BOKF,96.2699966430664,96.2699966430664,96.29000091552734,96.2699966430664,96.29000091552734,899.0
2023-03-09 10:11:00,BPOP,63.720001220703125,63.720001220703125,63.939998626708984,63.689998626708984,63.939998626708984,10053.0
2023-03-09 10:11:00,BRKL,11.75,11.75,11.75,11.739999771118164,11.75,10884.0
2023-03-09 10:11:00,BRP,26.3799991607666,26.3799991607666,26.3799991607666,26.3799991607666,26.3799991607666,588.0
2023-03-09 10:11:00,BTBT,1.184999942779541,1.184999942779541,1.188099980354309,1.184999942779541,1.188099980354309,9080.0
2023-03-09 10:11:00,BWB,13.84000015258789,13.84000015258789,13.84000015258789,13.84000015258789,13.84000015258789,158.0
2023-03-09 10:11:00,CARE,17.094999313354492,17.094999313354492,17.139999389648438,17.094999313354492,17.139999389648438,1566.0
2023-03-09 10:11:00,CATC,72.0,72.0,72.05000305175781,71.80000305175781,72.05000305175781,785.0
2023-03-09 10:11:00,CATY,40.34000015258789,40.34000015258789,40.349998474121094,40.34000015258789,40.349998474121094,501.0
2023-03-09 10:11:00,CBAN,11.949999809265137,11.949999809265137,11.949999809265137,11.90999984741211,11.90999984741211,621.0
2023-03-09 10:11:00,CBSH,62.150001525878906,62.150001525878906,62.16999816894531,62.150001525878906,62.16999816894531,1206.0
2023-03-09 10:11:00,CCAP,15.243399620056152,15.243399620056152,15.243399620056152,15.243399620056152,15.243399620056152,111.0
2023-03-09 10:11:00,CCB,43.0,43.0,43.0,43.0,43.0,323.0
2023-03-09 10:11:00,CFB,12.699999809265137,12.699999809265137,12.699999809265137,12.699999809265137,12.699999809265137,439.0
2023-03-09 10:11:00,CFFN,7.644999980926514,7.644999980926514,7.659999847412109,7.644999980926514,7.659999847412109,1182.0
2023-03-09 10:11:00,CG,34.56999969482422,34.56999969482422,34.63999938964844,34.564998626708984,34.63999938964844,2308.0
2023-03-09 10:11:00,CGBD,15.130000114440918,15.130000114440918,15.130000114440918,15.130000114440918,15.130000114440918,140.0
2023-03-09 10:11:00,CIFR,1.440000057220459,1.440000057220459,1.4500000476837158,1.440000057220459,1.4500000476837158,2763.0
2023-03-09 10:11:00,CINF,117.24299621582031,117.24299621582031,117.58999633789062,117.24299621582031,117.58999633789062,3249.0
2023-03-09 10:11:00,CLIN,10.25,10.25,10.25,10.25,10.25,15002.0
2023-03-09 10:11:00,CME,180.46499633789062,180.46499633789062,180.5500030517578,180.4199981689453,180.50999450683594,6879.0
2023-03-09 10:11:00,CNOB,22.700000762939453,22.700000762939453,22.7450008392334,22.700000762939453,22.7450008392334,324.0
2023-03-09 10:11:00,COLB,26.059999465942383,26.059999465942383,26.139999389648438,26.05500030517578,26.139999389648438,10871.0
2023-03-09 10:11:00,CRVL,178.44000244140625,178.44000244140625,178.85000610351562,178.44000244140625,178.85000610351562,556.0
2023-03-09 10:11:00,CSTR,15.850000381469727,15.850000381469727,15.890000343322754,15.850000381469727,15.890000343322754,569.0
2023-03-09 10:11:00,CSWC,18.639999389648438,18.639999389648438,18.639999389648438,18.639999389648438,18.639999389648438,386.0
2023-03-09 10:11:00,CVBF,22.329999923706055,22.329999923706055,22.329999923706055,22.309999465942383,22.329999923706055,3061.0
2023-03-09 10:11:00,CZNC,22.149999618530273,22.149999618530273,22.149999618530273,22.149999618530273,22.149999618530273,101.0
2023-03-09 10:11:00,EBC,15.020000457763672,15.020000457763672,15.03499984741211,15.010000228881836,15.03499984741211,4531.0
2023-03-09 10:11:00,ECPG,50.7599983215332,50.7599983215332,50.7599983215332,50.7599983215332,50.7599983215332,206.0
2023-03-09 10:11:00,EGBN,40.814998626708984,40.814998626708984,40.814998626708984,40.814998626708984,40.814998626708984,300.0
2023-03-09 10:11:00,EHTH,9.300000190734863,9.300000190734863,9.300000190734863,9.300000190734863,9.300000190734863,186.0
2023-03-09 10:11:00,EWBC,71.0,71.0,71.12000274658203,71.0,71.12000274658203,3050.0
2023-03-09 10:11:00,EZPW,8.949999809265137,8.949999809265137,8.949999809265137,8.949999809265137,8.949999809265137,436.0
2023-03-09 10:11:00,FBMS,29.479999542236328,29.479999542236328,29.479999542236328,29.43000030517578,29.440000534057617,806.0
2023-03-09 10:11:00,FBNC,39.13999938964844,39.13999938964844,39.29999923706055,39.13999938964844,39.29999923706055,2036.0
2023-03-09 10:11:00,FCNCA,672.8400268554688,672.8400268554688,672.8400268554688,672.8400268554688,672.8400268554688,211.0
2023-03-09 10:11:00,FFBC,22.770000457763672,22.770000457763672,22.770000457763672,22.770000457763672,22.770000457763672,101.0
2023-03-09 10:11:00,FFIC,17.760000228881836,17.760000228881836,17.760000228881836,17.760000228881836,17.760000228881836,224.0
2023-03-09 10:11:00,FFIN,34.400001525878906,34.400001525878906,34.400001525878906,34.400001525878906,34.400001525878906,663.0
2023-03-09 10:11:00,FFWM,13.579999923706055,13.579999923706055,13.609999656677246,13.579999923706055,13.600000381469727,2625.0
2023-03-09 10:11:00,FHB,24.67099952697754,24.67099952697754,24.75,24.67099952697754,24.75,5817.0
2023-03-09 10:11:00,FIBK,33.18000030517578,33.18000030517578,33.20000076293945,33.13999938964844,33.189998626708984,1174.0
2023-03-09 10:11:00,FITB,32.86000061035156,32.86000061035156,32.91999816894531,32.81999969482422,32.91999816894531,9572.0
2023-03-09 10:11:00,FLIC,16.360000610351562,16.360000610351562,16.389999389648438,16.360000610351562,16.389999389648438,5659.0
2023-03-09 10:11:00,FNCB,7.5,7.5,7.599999904632568,7.5,7.599999904632568,6138.0
2023-03-09 10:11:00,FOCS,51.78499984741211,51.78499984741211,51.790000915527344,51.779998779296875,51.790000915527344,2063.0
2023-03-09 10:11:00,FRHC,72.94999694824219,72.94999694824219,72.94999694824219,72.94999694824219,72.94999694824219,415.0
2023-03-09 10:11:00,FULT,15.949999809265137,15.949999809265137,15.989999771118164,15.949999809265137,15.989999771118164,1955.0
2023-03-09 10:11:00,FUTU,46.900001525878906,46.900001525878906,47.099998474121094,46.900001525878906,47.08000183105469,10199.0
2023-03-09 10:11:00,GABC,36.189998626708984,36.189998626708984,36.189998626708984,36.189998626708984,36.189998626708984,237.0
2023-03-09 10:11:00,GAIN,13.890000343322754,13.890000343322754,13.906700134277344,13.859999656677246,13.899999618530273,1598.0
2023-03-09 10:11:00,GBDC,13.539999961853027,13.539999961853027,13.545000076293945,13.539999961853027,13.545000076293945,2531.0
2023-03-09 10:11:00,GGAL,12.920000076293945,12.920000076293945,12.920000076293945,12.920000076293945,12.920000076293945,250.0
2023-03-09 10:11:00,GLAD,9.981200218200684,9.981200218200684,9.981200218200684,9.981200218200684,9.981200218200684,184.0
2023-03-09 10:11:00,GOCO,18.540000915527344,18.540000915527344,18.540000915527344,18.540000915527344,18.540000915527344,559.0
2023-03-09 10:11:00,GSBC,55.1150016784668,55.1150016784668,55.1150016784668,55.1150016784668,55.1150016784668,336.0
2023-03-09 10:11:00,HAFC,22.190000534057617,22.190000534057617,22.219999313354492,22.190000534057617,22.219999313354492,511.0
2023-03-09 10:11:00,HBAN,14.164999961853027,14.164999961853027,14.1850004196167,14.140000343322754,14.1850004196167,32914.0
2023-03-09 10:11:00,HBNC,14.479999542236328,14.479999542236328,14.489999771118164,14.479999542236328,14.489999771118164,545.0
2023-03-09 10:11:00,HFWA,25.100000381469727,25.100000381469727,25.1299991607666,25.09000015258789,25.1299991607666,544.0
2023-03-09 10:11:00,HIVE,2.6600000858306885,2.6600000858306885,2.6700000762939453,2.6600000858306885,2.6700000762939453,1242.0
2023-03-09 10:11:00,HONE,12.869999885559082,12.869999885559082,12.869999885559082,12.869999885559082,12.869999885559082,1154.0
2023-03-09 10:11:00,HOPE,12.020000457763672,12.020000457763672,12.039999961853027,12.020000457763672,12.039999961853027,1404.0
2023-03-09 10:11:00,HRZN,11.999600410461426,11.999600410461426,11.999600410461426,11.999600410461426,11.999600410461426,368.0
2023-03-09 10:11:00,HTBI,27.459999084472656,27.459999084472656,27.590999603271484,27.459999084472656,27.59000015258789,3168.0
2023-03-09 10:11:00,HTLF,46.650001525878906,46.650001525878906,46.650001525878906,46.650001525878906,46.650001525878906,345.0
2023-03-09 10:11:00,HUT,1.4599000215530396,1.4599000215530396,1.4799000024795532,1.4500000476837158,1.4700000286102295,11287.0
2023-03-09 10:11:00,HWC,45.060001373291016,45.060001373291016,45.189998626708984,45.060001373291016,45.189998626708984,952.0
2023-03-09 10:11:00,IBCP,21.079999923706055,21.079999923706055,21.079999923706055,21.079999923706055,21.079999923706055,651.0
2023-03-09 10:11:00,IBKR,88.24500274658203,88.24500274658203,88.24500274658203,88.16000366210938,88.16999816894531,1284.0
2023-03-09 10:11:00,IBOC,45.83000183105469,45.83000183105469,45.834999084472656,45.83000183105469,45.834999084472656,487.0
2023-03-09 10:11:00,IBTX,53.77000045776367,53.77000045776367,53.779998779296875,53.77000045776367,53.779998779296875,1292.0
2023-03-09 10:12:00,ACGL,69.78500366210938,69.78500366210938,69.80500030517578,69.78500366210938,69.80500030517578,1190.0
2023-03-09 10:12:00,ACT,24.209999084472656,24.209999084472656,24.209999084472656,24.209999084472656,24.209999084472656,208.0
2023-03-09 10:12:00,AMAL,21.6200008392334,21.6200008392334,21.6200008392334,21.6200008392334,21.6200008392334,1050.0
2023-03-09 10:12:00,APLD,2.248500108718872,2.248500108718872,2.25,2.248500108718872,2.25,1872.0
2023-03-09 10:12:00,ARCC,19.194499969482422,19.194499969482422,19.200000762939453,19.194499969482422,19.200000762939453,1150.0
2023-03-09 10:12:00,BCBP,16.040000915527344,16.040000915527344,16.040000915527344,16.040000915527344,16.040000915527344,120.0
2023-03-09 10:12:00,BCML,19.770000457763672,19.770000457763672,19.770000457763672,19.764999389648438,19.764999389648438,345.0
2023-03-09 10:12:00,BFST,19.364999771118164,19.364999771118164,19.364999771118164,19.364999771118164,19.364999771118164,100.0
2023-03-09 10:12:00,BGCP,5.034999847412109,5.034999847412109,5.039999961853027,5.034999847412109,5.039999961853027,1697.0
2023-03-09 10:12:00,BITF,0.8001000285148621,0.8001000285148621,0.8001000285148621,0.8001000285148621,0.8001000285148621,995.0
2023-03-09 10:12:00,BPOP,63.63999938964844,63.63999938964844,63.790000915527344,63.61000061035156,63.75,24793.0
2023-03-09 10:12:00,BPRN,33.75,33.75,33.75,33.75,33.75,196.0
2023-03-09 10:12:00,BRKL,11.744999885559082,11.744999885559082,11.744999885559082,11.744999885559082,11.744999885559082,177.0
2023-03-09 10:12:00,BTBT,1.1749999523162842,1.1749999523162842,1.1799999475479126,1.1749999523162842,1.1799999475479126,20468.0
2023-03-09 10:12:00,BTCS,1.2223999500274658,1.2223999500274658,1.2223999500274658,1.2223999500274658,1.2223999500274658,104.0
2023-03-09 10:12:00,BUSE,23.0,23.0,23.0,23.0,23.0,158.0
2023-03-09 10:12:00,CASH,47.7599983215332,47.7599983215332,47.7599983215332,47.56999969482422,47.56999969482422,2547.0
2023-03-09 10:12:00,CATC,72.0,72.0,72.0,72.0,72.0,308.0
2023-03-09 10:12:00,CATY,40.290000915527344,40.290000915527344,40.290000915527344,40.290000915527344,40.290000915527344,113.0
2023-03-09 10:12:00,CBSH,62.12009811401367,62.12009811401367,62.154998779296875,62.12009811401367,62.14500045776367,2924.0
2023-03-09 10:12:00,CCAP,15.224100112915039,15.224100112915039,15.224100112915039,15.210000038146973,15.210000038146973,222.0
2023-03-09 10:12:00,CFFN,7.648900032043457,7.648900032043457,7.648900032043457,7.648900032043457,7.648900032043457,7645.0
2023-03-09 10:12:00,CG,34.56999969482422,34.56999969482422,34.57500076293945,34.52000045776367,34.564998626708984,6081.0
2023-03-09 10:12:00,CIFR,1.440000057220459,1.440000057220459,1.440000057220459,1.440000057220459,1.440000057220459,100.0
2023-03-09 10:12:00,CME,180.60189819335938,180.60189819335938,180.60189819335938,180.60189819335938,180.60189819335938,470.0
2023-03-09 10:12:00,COLB,26.049999237060547,26.049999237060547,26.065000534057617,26.049999237060547,26.065000534057617,5120.0
2023-03-09 10:12:00,COOP,45.0,45.0,45.0,45.0,45.0,468.0
2023-03-09 10:12:00,CSLM,10.319999694824219,10.319999694824219,10.319999694824219,10.319999694824219,10.319999694824219,200.0
2023-03-09 10:12:00,CSQ,14.121199607849121,14.121199607849121,14.121199607849121,14.121199607849121,14.121199607849121,112.0
2023-03-09 10:12:00,CVBF,22.309999465942383,22.309999465942383,22.309999465942383,22.309999465942383,22.309999465942383,221.0
2023-03-09 10:12:00,DWAC,14.21090030670166,14.21090030670166,14.21090030670166,14.199999809265137,14.199999809265137,511.0
2023-03-09 10:12:00,EBC,15.0,15.0,15.010000228881836,15.0,15.0,478.0
2023-03-09 10:12:00,EBMT,17.479900360107422,17.479900360107422,17.479900360107422,17.479900360107422,17.479900360107422,76.0
2023-03-09 10:12:00,EHTH,9.300000190734863,9.300000190734863,9.300000190734863,9.270000457763672,9.281499862670898,7002.0
2023-03-09 10:12:00,EWBC,70.91000366210938,70.91000366210938,70.95999908447266,70.91000366210938,70.94999694824219,1548.0
2023-03-09 10:12:00,EZPW,8.932499885559082,8.932499885559082,8.9350004196167,8.932499885559082,8.9350004196167,400.0
2023-03-09 10:12:00,FBMS,29.344999313354492,29.344999313354492,29.344999313354492,29.344999313354492,29.344999313354492,230.0
2023-03-09 10:12:00,FCFS,88.19499969482422,88.19499969482422,88.26000213623047,88.19499969482422,88.26000213623047,258.0
2023-03-09 10:12:00,FFBC,22.799999237060547,22.799999237060547,22.799999237060547,22.790000915527344,22.790000915527344,972.0
2023-03-09 10:12:00,FFWM,13.569999694824219,13.569999694824219,13.574999809265137,13.569999694824219,13.574999809265137,848.0
2023-03-09 10:12:00,FHB,24.65999984741211,24.65999984741211,24.690000534057617,24.65999984741211,24.690000534057617,1175.0
2023-03-09 10:12:00,FIBK,33.15999984741211,33.15999984741211,33.17499923706055,33.15999984741211,33.16999816894531,687.0
2023-03-09 10:12:00,FITB,32.849998474121094,32.849998474121094,32.86000061035156,32.84000015258789,32.86000061035156,4336.0
2023-03-09 10:12:00,FLIC,16.350000381469727,16.350000381469727,16.350000381469727,16.350000381469727,16.350000381469727,522.0
2023-03-09 10:12:00,FOCS,51.779998779296875,51.779998779296875,51.78499984741211,51.779998779296875,51.78499984741211,1242.0
2023-03-09 10:12:00,FRHC,72.91000366210938,72.91000366210938,72.91000366210938,72.91000366210938,72.91000366210938,210.0
2023-03-09 10:12:00,FRST,11.226699829101562,11.226699829101562,11.229900360107422,11.223999977111816,11.229900360107422,592.0
2023-03-09 10:12:00,FULT,15.960000038146973,15.960000038146973,15.960000038146973,15.954999923706055,15.960000038146973,1111.0
2023-03-09 10:12:00,FUTU,46.869998931884766,46.869998931884766,46.93000030517578,46.790000915527344,46.900001525878906,24656.0
2023-03-09 10:12:00,GABC,36.13999938964844,36.13999938964844,36.13999938964844,36.13999938964844,36.13999938964844,122.0
2023-03-09 10:12:00,GAIN,13.890000343322754,13.890000343322754,13.890000343322754,13.890000343322754,13.890000343322754,135.0
2023-03-09 10:12:00,GGAL,12.879300117492676,12.879300117492676,12.879300117492676,12.879300117492676,12.879300117492676,100.0
2023-03-09 10:12:00,GLRE,10.220000267028809,10.220000267028809,10.229999542236328,10.1899995803833,10.210000038146973,2161.0
2023-03-09 10:12:00,GREE,0.44850000739097595,0.44850000739097595,0.44850000739097595,0.44850000739097595,0.44850000739097595,120.0
2023-03-09 10:12:00,GSHD,53.78499984741211,53.78499984741211,53.78499984741211,53.78499984741211,53.78499984741211,653.0
2023-03-09 10:12:00,HBAN,14.164999961853027,14.164999961853027,14.170000076293945,14.15999984741211,14.164999961853027,7516.0
2023-03-09 10:12:00,HBANM,22.8174991607666,22.8174991607666,22.8174991607666,22.8174991607666,22.8174991607666,4000.0
2023-03-09 10:12:00,HGBL,2.5016000270843506,2.5016000270843506,2.5016000270843506,2.5016000270843506,2.5016000270843506,225.0
2023-03-09 10:12:00,HIVE,2.6484999656677246,2.6484999656677246,2.6484999656677246,2.6401000022888184,2.6401000022888184,216.0
2023-03-09 10:12:00,HRZN,11.970000267028809,11.970000267028809,11.970000267028809,11.970000267028809,11.970000267028809,264.0
2023-03-09 10:12:00,HUT,1.4599000215530396,1.4599000215530396,1.4600000381469727,1.4557000398635864,1.4599000215530396,15339.0
2023-03-09 10:12:00,HWC,45.03499984741211,45.03499984741211,45.08000183105469,45.03499984741211,45.040000915527344,1106.0
2023-03-09 10:12:00,IBOC,45.79499816894531,45.79499816894531,45.79499816894531,45.79499816894531,45.79499816894531,152.0
2023-03-09 10:13:00,ACGL,69.83999633789062,69.83999633789062,69.8499984741211,69.76000213623047,69.7699966430664,4130.0
2023-03-09 10:13:00,AGBA,2.2249999046325684,2.2249999046325684,2.2249999046325684,2.2249999046325684,2.2249999046325684,200.0
2023-03-09 10:13:00,APLD,2.240799903869629,2.240799903869629,2.240799903869629,2.240799903869629,2.240799903869629,100.0
2023-03-09 10:13:00,ARCC,19.187000274658203,19.187000274658203,19.200000762939453,19.187000274658203,19.197500228881836,4468.0
2023-03-09 10:13:00,AUB,37.439998626708984,37.439998626708984,37.48500061035156,37.400001525878906,37.47999954223633,2622.0
2023-03-09 10:13:00,BANR,59.380001068115234,59.380001068115234,59.540000915527344,59.369998931884766,59.540000915527344,539.0
2023-03-09 10:13:00,BFST,19.375,19.375,19.375,19.364999771118164,19.364999771118164,205.0
2023-03-09 10:13:00,BGCP,5.034999847412109,5.034999847412109,5.039999961853027,5.034999847412109,5.034999847412109,4015.0
2023-03-09 10:13:00,BHF,54.08000183105469,54.08000183105469,54.13999938964844,54.08000183105469,54.13999938964844,662.0
2023-03-09 10:13:00,BHFAM,16.649999618530273,16.649999618530273,16.649999618530273,16.649999618530273,16.649999618530273,100.0
2023-03-09 10:13:00,BITF,0.800000011920929,0.800000011920929,0.8119999766349792,0.800000011920929,0.8011999726295471,6184.0
2023-03-09 10:13:00,BKCC,3.700000047683716,3.700000047683716,3.700000047683716,3.700000047683716,3.700000047683716,504.0
2023-03-09 10:13:00,BLFY,11.779999732971191,11.779999732971191,11.779999732971191,11.779999732971191,11.779999732971191,206.0
2023-03-09 10:13:00,BPOP,63.654998779296875,63.654998779296875,63.689998626708984,63.56999969482422,63.650001525878906,21311.0
2023-03-09 10:13:00,BRKL,11.722000122070312,11.722000122070312,11.729999542236328,11.722000122070312,11.729999542236328,500.0
2023-03-09 10:13:00,BRP,26.3700008392334,26.3700008392334,26.3700008392334,26.3700008392334,26.3700008392334,122.0
2023-03-09 10:13:00,BSRR,19.5,19.5,19.510000228881836,19.5,19.510000228881836,884.0
2023-03-09 10:13:00,BTBT,1.173699975013733,1.173699975013733,1.173699975013733,1.1699999570846558,1.1699999570846558,826.0
2023-03-09 10:13:00,BUSE,22.950000762939453,22.950000762939453,23.0,22.950000762939453,23.0,1034.0
2023-03-09 10:13:00,CACC,447.3949890136719,447.3949890136719,447.3949890136719,447.3949890136719,447.3949890136719,125.0
2023-03-09 10:13:00,CARE,17.09000015258789,17.09000015258789,17.09000015258789,17.09000015258789,17.09000015258789,369.0
2023-03-09 10:13:00,CASH,47.70000076293945,47.70000076293945,47.70000076293945,47.70000076293945,47.70000076293945,438.0
2023-03-09 10:13:00,CATY,40.279998779296875,40.279998779296875,40.279998779296875,40.279998779296875,40.279998779296875,397.0
2023-03-09 10:13:00,CBNK,19.200000762939453,19.200000762939453,19.200000762939453,19.200000762939453,19.200000762939453,1080.0
2023-03-09 10:13:00,CBSH,62.189998626708984,62.189998626708984,62.189998626708984,62.154998779296875,62.154998779296875,2089.0
2023-03-09 10:13:00,CCAP,15.199999809265137,15.199999809265137,15.199999809265137,15.199999809265137,15.199999809265137,696.0
2023-03-09 10:13:00,CCD,22.940000534057617,22.940000534057617,22.940000534057617,22.899999618530273,22.899999618530273,1314.0
2023-03-09 10:13:00,CFFN,7.650000095367432,7.650000095367432,7.650000095367432,7.644999980926514,7.650000095367432,1076.0
2023-03-09 10:13:00,CG,34.525001525878906,34.525001525878906,34.560001373291016,34.525001525878906,34.560001373291016,2099.0
2023-03-09 10:13:00,CGBD,15.135000228881836,15.135000228881836,15.135000228881836,15.135000228881836,15.135000228881836,220.0
2023-03-09 10:13:00,CHI,11.964300155639648,11.964300155639648,11.964300155639648,11.964300155639648,11.964300155639648,1232.0
2023-03-09 10:13:00,CIFR,1.440000057220459,1.440000057220459,1.4479999542236328,1.440000057220459,1.4479999542236328,1200.0
2023-03-09 10:13:00,CINF,117.0459976196289,117.0459976196289,117.12000274658203,117.0459976196289,117.1050033569336,420.0
2023-03-09 10:13:00,CME,180.5500030517578,180.5500030517578,180.57000732421875,180.44000244140625,180.52999877929688,3457.0
2023-03-09 10:13:00,CNOB,22.639999389648438,22.639999389648438,22.670000076293945,22.6299991607666,22.670000076293945,801.0
2023-03-09 10:13:00,COLB,26.049999237060547,26.049999237060547,26.049999237060547,26.040000915527344,26.049999237060547,2339.0
2023-03-09 10:13:00,COOP,44.959999084472656,44.959999084472656,44.959999084472656,44.959999084472656,44.959999084472656,335.0
2023-03-09 10:13:00,CSLM,10.319999694824219,10.319999694824219,10.319999694824219,10.319999694824219,10.319999694824219,400.0
2023-03-09 10:13:00,CSWC,18.604999542236328,18.604999542236328,18.6200008392334,18.604999542236328,18.6200008392334,490.0
2023-03-09 10:13:00,CVBF,22.270000457763672,22.270000457763672,22.290000915527344,22.260000228881836,22.280000686645508,4124.0
2023-03-09 10:13:00,CVCY,24.635000228881836,24.635000228881836,24.635000228881836,24.635000228881836,24.635000228881836,146.0
2023-03-09 10:13:00,DCOM,29.760000228881836,29.760000228881836,29.760000228881836,29.65999984741211,29.709999084472656,2526.0
2023-03-09 10:13:00,DWAC,14.155500411987305,14.155500411987305,14.199999809265137,14.155500411987305,14.199999809265137,2112.0
2023-03-09 10:13:00,EBC,15.010000228881836,15.010000228881836,15.010000228881836,15.0,15.0,3193.0
2023-03-09 10:13:00,EFSC,52.40999984741211,52.40999984741211,52.41999816894531,52.40999984741211,52.41999816894531,762.0
2023-03-09 10:13:00,EQBK,28.934999465942383,28.934999465942383,28.950000762939453,28.829999923706055,28.829999923706055,2893.0
2023-03-09 10:13:00,ESGR,230.64999389648438,230.64999389648438,230.64999389648438,230.64999389648438,230.64999389648438,152.0
2023-03-09 10:13:00,EWBC,70.69999694824219,70.69999694824219,70.86000061035156,70.69999694824219,70.86000061035156,1941.0
2023-03-09 10:13:00,EZPW,8.9350004196167,8.9350004196167,8.9350004196167,8.9350004196167,8.9350004196167,100.0
2023-03-09 10:13:00,FBNC,39.119998931884766,39.119998931884766,39.119998931884766,39.119998931884766,39.119998931884766,834.0
2023-03-09 10:13:00,FCRD,4.679999828338623,4.679999828338623,4.679999828338623,4.679999828338623,4.679999828338623,187.0
2023-03-09 10:13:00,FDUS,20.520000457763672,20.520000457763672,20.520000457763672,20.520000457763672,20.520000457763672,239.0
2023-03-09 10:13:00,FFBC,22.799999237060547,22.799999237060547,22.799999237060547,22.790000915527344,22.790000915527344,556.0
2023-03-09 10:13:00,FFIC,17.760000228881836,17.760000228881836,17.760000228881836,17.760000228881836,17.760000228881836,637.0
2023-03-09 10:13:00,FFWM,13.5600004196167,13.5600004196167,13.5600004196167,13.545000076293945,13.545000076293945,502.0
2023-03-09 10:13:00,FIBK,33.102500915527344,33.102500915527344,33.150001525878906,33.099998474121094,33.150001525878906,2310.0
2023-03-09 10:13:00,FITB,32.834999084472656,32.834999084472656,32.84000015258789,32.814998626708984,32.84000015258789,4595.0
2023-03-09 10:13:00,FMNB,13.369999885559082,13.369999885559082,13.369999885559082,13.369999885559082,13.369999885559082,1544.0
2023-03-09 10:13:00,FNCB,7.519999980926514,7.519999980926514,7.554999828338623,7.519999980926514,7.554999828338623,465.0
2023-03-09 10:13:00,FOCS,51.779998779296875,51.779998779296875,51.779998779296875,51.77000045776367,51.779998779296875,12473.0
2023-03-09 10:13:00,FULT,15.9399995803833,15.9399995803833,15.949999809265137,15.9399995803833,15.949999809265137,1134.0
2023-03-09 10:13:00,FUTU,46.88999938964844,46.88999938964844,46.939998626708984,46.810001373291016,46.93000030517578,2132.0
2023-03-09 10:13:00,GAIN,13.880000114440918,13.880000114440918,13.880000114440918,13.880000114440918,13.880000114440918,146.0
2023-03-09 10:13:00,GBDC,13.529999732971191,13.529999732971191,13.539999961853027,13.529999732971191,13.539999961853027,1466.0
2023-03-09 10:13:00,GECC,9.5,9.5,9.529999732971191,9.5,9.529999732971191,1079.0
2023-03-09 10:13:00,GGAL,12.899999618530273,12.899999618530273,12.899999618530273,12.899999618530273,12.899999618530273,194.0
2023-03-09 10:13:00,GLAD,9.989899635314941,9.989899635314941,9.989899635314941,9.989899635314941,9.989899635314941,153.0
2023-03-09 10:13:00,GOCO,18.4950008392334,18.4950008392334,18.4950008392334,18.4950008392334,18.4950008392334,350.0
2023-03-09 10:13:00,GREE,0.44839999079704285,0.44839999079704285,0.44839999079704285,0.44839999079704285,0.44839999079704285,1905.0
2023-03-09 10:13:00,HBAN,14.164999961853027,14.164999961853027,14.164999961853027,14.149999618530273,14.15999984741211,20643.0
2023-03-09 10:13:00,HBNC,14.454999923706055,14.454999923706055,14.460000038146973,14.454999923706055,14.460000038146973,238.0
2023-03-09 10:13:00,HFWA,25.049999237060547,25.049999237060547,25.049999237060547,25.030000686645508,25.030000686645508,1441.0
2023-03-09 10:13:00,HOPE,12.010000228881836,12.010000228881836,12.010000228881836,12.010000228881836,12.010000228881836,571.0
2023-03-09 10:13:00,HRZN,11.973600387573242,11.973600387573242,11.973600387573242,11.973600387573242,11.973600387573242,214.0
2023-03-09 10:13:00,HTBK,11.15999984741211,11.15999984741211,11.170000076293945,11.15999984741211,11.15999984741211,1066.0
2023-03-09 10:13:00,HUT,1.4550000429153442,1.4550000429153442,1.4550000429153442,1.4541000127792358,1.4541000127792358,1101.0
2023-03-09 10:13:00,HWC,45.04999923706055,45.04999923706055,45.064998626708984,45.04999923706055,45.064998626708984,342.0
2023-03-09 10:13:00,IBKR,88.11000061035156,88.11000061035156,88.30000305175781,88.11000061035156,88.19000244140625,7872.0
2023-03-09 10:14:00,ACGL,69.83719635009766,69.83719635009766,69.84500122070312,69.83719635009766,69.83999633789062,1877.0
2023-03-09 10:14:00,ACT,24.09000015258789,24.09000015258789,24.190000534057617,24.09000015258789,24.190000534057617,828.0
2023-03-09 10:14:00,ALRS,19.15999984741211,19.15999984741211,19.15999984741211,19.15999984741211,19.15999984741211,203.0
2023-03-09 10:14:00,APLD,2.234999895095825,2.234999895095825,2.2407000064849854,2.234999895095825,2.2407000064849854,664.0
2023-03-09 10:14:00,ARCC,19.189899444580078,19.189899444580078,19.19499969482422,19.184999465942383,19.189899444580078,10070.0
2023-03-09 10:14:00,AUB,37.435001373291016,37.435001373291016,37.435001373291016,37.435001373291016,37.435001373291016,551.0
2023-03-09 10:14:00,BANR,59.279998779296875,59.279998779296875,59.279998779296875,59.279998779296875,59.279998779296875,690.0
2023-03-09 10:14:00,BGCP,5.034999847412109,5.034999847412109,5.034999847412109,5.034999847412109,5.034999847412109,974.0
2023-03-09 10:14:00,BITF,0.8059499859809875,0.8059499859809875,0.8059499859809875,0.800000011920929,0.8001000285148621,31075.0
2023-03-09 10:14:00,BPOP,63.619998931884766,63.619998931884766,63.65999984741211,63.4900016784668,63.65999984741211,3344.0
2023-03-09 10:14:00,BRKL,11.729999542236328,11.729999542236328,11.729999542236328,11.729999542236328,11.729999542236328,546.0
2023-03-09 10:14:00,BRP,26.350000381469727,26.350000381469727,26.350000381469727,26.350000381469727,26.350000381469727,121.0
2023-03-09 10:14:00,BSRR,19.459999084472656,19.459999084472656,19.459999084472656,19.459999084472656,19.459999084472656,164.0
2023-03-09 10:14:00,BTBT,1.159999966621399,1.159999966621399,1.1699999570846558,1.159999966621399,1.1699999570846558,6885.0
2023-03-09 10:14:00,CACC,445.0,445.0,445.0,445.0,445.0,600.0
2023-03-09 10:14:00,CATY,40.30500030517578,40.30500030517578,40.30500030517578,40.30500030517578,40.30500030517578,681.0
2023-03-09 10:14:00,CCD,22.920000076293945,22.920000076293945,22.920000076293945,22.920000076293945,22.920000076293945,225.0
2023-03-09 10:14:00,CG,34.54999923706055,34.54999923706055,34.54999923706055,34.5099983215332,34.529998779296875,4715.0
2023-03-09 10:14:00,CGBD,15.135000228881836,15.135000228881836,15.135000228881836,15.135000228881836,15.135000228881836,2019.0
2023-03-09 10:14:00,CIFR,1.4450000524520874,1.4450000524520874,1.4450000524520874,1.4450000524520874,1.4450000524520874,100.0
2023-03-09 10:14:00,CINF,117.04100036621094,117.04100036621094,117.04100036621094,117.04100036621094,117.04100036621094,232.0
2023-03-09 10:14:00,CME,180.47999572753906,180.47999572753906,180.5,180.47500610351562,180.47500610351562,474.0
2023-03-09 10:14:00,CNOB,22.639999389648438,22.639999389648438,22.639999389648438,22.639999389648438,22.639999389648438,102.0
2023-03-09 10:14:00,COLB,26.014999389648438,26.014999389648438,26.045000076293945,25.989999771118164,26.045000076293945,13444.0
2023-03-09 10:14:00,CSQ,14.125,14.125,14.125,14.120599746704102,14.120599746704102,676.0
2023-03-09 10:14:00,CSTR,15.835000038146973,15.835000038146973,15.835000038146973,15.835000038146973,15.835000038146973,595.0
2023-03-09 10:14:00,CSWC,18.59000015258789,18.59000015258789,18.591699600219727,18.59000015258789,18.59000015258789,629.0
2023-03-09 10:14:00,CTBI,40.84000015258789,40.84000015258789,40.84000015258789,40.84000015258789,40.84000015258789,355.0
2023-03-09 10:14:00,CVBF,22.200000762939453,22.200000762939453,22.26099967956543,22.200000762939453,22.26099967956543,6564.0
2023-03-09 10:14:00,DCOM,29.719999313354492,29.719999313354492,29.719999313354492,29.719999313354492,29.719999313354492,133.0
2023-03-09 10:14:00,EBC,15.009099960327148,15.009099960327148,15.015000343322754,15.009099960327148,15.010000228881836,2192.0
2023-03-09 10:14:00,EWBC,70.69000244140625,70.69000244140625,70.69000244140625,70.63999938964844,70.63999938964844,500.0
2023-03-09 10:14:00,EZPW,8.9350004196167,8.9350004196167,8.9399995803833,8.9350004196167,8.9350004196167,400.0
2023-03-09 10:14:00,FANH,8.199999809265137,8.199999809265137,8.199999809265137,8.199999809265137,8.199999809265137,415.0
2023-03-09 10:14:00,FBNC,39.060001373291016,39.060001373291016,39.060001373291016,39.060001373291016,39.060001373291016,780.0
2023-03-09 10:14:00,FCFS,88.19000244140625,88.19000244140625,88.19000244140625,88.19000244140625,88.19000244140625,107.0
2023-03-09 10:14:00,FCNCA,670.0,670.0,670.8900146484375,670.0,670.8900146484375,1918.0
2023-03-09 10:14:00,FCRD,4.679999828338623,4.679999828338623,4.679999828338623,4.679999828338623,4.679999828338623,100.0
2023-03-09 10:14:00,FFBC,22.850000381469727,22.850000381469727,22.850000381469727,22.809999465942383,22.809999465942383,3057.0
2023-03-09 10:14:00,FFIC,17.75,17.75,17.75,17.739999771118164,17.739999771118164,236.0
2023-03-09 10:14:00,FFIN,34.310001373291016,34.310001373291016,34.34000015258789,34.310001373291016,34.34000015258789,745.0
2023-03-09 10:14:00,FHB,24.610000610351562,24.610000610351562,24.6299991607666,24.610000610351562,24.6299991607666,591.0
2023-03-09 10:14:00,FIBK,33.099998474121094,33.099998474121094,33.099998474121094,33.099998474121094,33.099998474121094,105.0
2023-03-09 10:14:00,FITB,32.83000183105469,32.83000183105469,32.84000015258789,32.82500076293945,32.83000183105469,2930.0
2023-03-09 10:14:00,FMNB,13.345000267028809,13.345000267028809,13.345000267028809,13.345000267028809,13.345000267028809,178.0
2023-03-09 10:14:00,FOCS,51.775001525878906,51.775001525878906,51.775001525878906,51.775001525878906,51.775001525878906,211.0
2023-03-09 10:14:00,FULT,15.949999809265137,15.949999809265137,15.954999923706055,15.9399995803833,15.949999809265137,951.0
2023-03-09 10:14:00,FUND,8.579999923706055,8.579999923706055,8.579999923706055,8.579999923706055,8.579999923706055,600.0
2023-03-09 10:14:00,FUTU,46.900001525878906,46.900001525878906,46.939998626708984,46.88999938964844,46.88999938964844,960.0
2023-03-09 10:14:00,GABC,36.084999084472656,36.084999084472656,36.084999084472656,36.084999084472656,36.084999084472656,255.0
2023-03-09 10:14:00,GBDC,13.53499984741211,13.53499984741211,13.53499984741211,13.53499984741211,13.53499984741211,441.0
2023-03-09 10:14:00,GREE,0.4480000138282776,0.4480000138282776,0.4481000006198883,0.4480000138282776,0.4481000006198883,323.0
2023-03-09 10:14:00,GROW,2.684999942779541,2.684999942779541,2.684999942779541,2.684999942779541,2.684999942779541,345.0
2023-03-09 10:14:00,GSHD,53.650001525878906,53.650001525878906,53.650001525878906,53.650001525878906,53.650001525878906,816.0
2023-03-09 10:14:00,HBAN,14.154999732971191,14.154999732971191,14.170000076293945,14.154999732971191,14.164999961853027,25270.0
2023-03-09 10:14:00,HBANM,22.894399642944336,22.894399642944336,22.894399642944336,22.809999465942383,22.809999465942383,984.0
2023-03-09 10:14:00,HBNC,14.405599594116211,14.405599594116211,14.430000305175781,14.404199600219727,14.425100326538086,2316.0
2023-03-09 10:14:00,HFWA,25.0,25.0,25.0,24.959999084472656,24.979999542236328,488.0
2023-03-09 10:14:00,HIFS,268.5299987792969,268.5299987792969,268.5400085449219,268.0,268.5,814.0
2023-03-09 10:14:00,HIVE,2.640000104904175,2.640000104904175,2.640000104904175,2.640000104904175,2.640000104904175,1504.0
2023-03-09 10:14:00,HMST,22.719999313354492,22.719999313354492,22.799999237060547,22.719999313354492,22.799999237060547,593.0
2023-03-09 10:14:00,HONE,12.850000381469727,12.850000381469727,12.859999656677246,12.850000381469727,12.859999656677246,241.0
2023-03-09 10:14:00,HOPE,12.015000343322754,12.015000343322754,12.020000457763672,12.015000343322754,12.020000457763672,1635.0
2023-03-09 10:14:00,HRZN,11.975000381469727,11.975000381469727,11.975000381469727,11.970000267028809,11.970000267028809,434.0
2023-03-09 10:14:00,HTBK,11.149999618530273,11.149999618530273,11.149999618530273,11.149999618530273,11.149999618530273,149.0
2023-03-09 10:14:00,HUT,1.4599000215530396,1.4599000215530396,1.4599000215530396,1.4599000215530396,1.4599000215530396,300.0
2023-03-09 10:14:00,HWC,45.064998626708984,45.064998626708984,45.064998626708984,45.03499984741211,45.03499984741211,365.0
2023-03-09 10:14:00,IBKR,88.19000244140625,88.19000244140625,88.19000244140625,88.12000274658203,88.12000274658203,1363.0
2023-03-09 10:14:00,INDB,73.5199966430664,73.5199966430664,73.5199966430664,73.5199966430664,73.5199966430664,565.0
2023-03-09 10:15:00,ACGL,69.87000274658203,69.87000274658203,69.87000274658203,69.83000183105469,69.83000183105469,2627.0
2023-03-09 10:15:00,ALRS,19.04800033569336,19.04800033569336,19.04800033569336,19.04800033569336,19.04800033569336,470.0
2023-03-09 10:15:00,AMSF,51.4900016784668,51.4900016784668,51.4900016784668,51.47999954223633,51.47999954223633,1045.0
2023-03-09 10:15:00,ARCC,19.189899444580078,19.189899444580078,19.189899444580078,19.18000030517578,19.18000030517578,3555.0
2023-03-09 10:15:00,BFST,19.375,19.375,19.375,19.350000381469727,19.350000381469727,335.0
2023-03-09 10:15:00,BGCP,5.034999847412109,5.034999847412109,5.034999847412109,5.03000020980835,5.034999847412109,839.0
2023-03-09 10:15:00,BHF,54.130001068115234,54.130001068115234,54.130001068115234,54.130001068115234,54.130001068115234,177.0
2023-03-09 10:15:00,BITF,0.8119000196456909,0.8119000196456909,0.8119000196456909,0.800000011920929,0.800000011920929,3864.0
2023-03-09 10:15:00,BMRC,27.399999618530273,27.399999618530273,27.399999618530273,27.399999618530273,27.399999618530273,303.0
2023-03-09 10:15:00,BPOP,63.61000061035156,63.61000061035156,63.65999984741211,63.560001373291016,63.619998931884766,3191.0
2023-03-09 10:15:00,BRP,26.360000610351562,26.360000610351562,26.360000610351562,26.360000610351562,26.360000610351562,260.0
2023-03-09 10:15:00,BTBT,1.1660000085830688,1.1660000085830688,1.1660000085830688,1.1660000085830688,1.1660000085830688,107.0
2023-03-09 10:15:00,CASH,47.59000015258789,47.59000015258789,47.709999084472656,47.56999969482422,47.709999084472656,14325.0
2023-03-09 10:15:00,CCAP,15.180000305175781,15.180000305175781,15.199999809265137,15.180000305175781,15.199999809265137,2573.0
2023-03-09 10:15:00,CCD,22.899999618530273,22.899999618530273,22.93000030517578,22.899999618530273,22.90719985961914,1536.0
2023-03-09 10:15:00,CCNE,22.989999771118164,22.989999771118164,23.0,22.989999771118164,23.0,248.0
2023-03-09 10:15:00,CG,34.529998779296875,34.529998779296875,34.540000915527344,34.529998779296875,34.540000915527344,1358.0
2023-03-09 10:15:00,CGBD,15.100000381469727,15.100000381469727,15.119999885559082,15.100000381469727,15.119999885559082,1366.0
2023-03-09 10:15:00,CHY,12.335000038146973,12.335000038146973,12.335000038146973,12.335000038146973,12.335000038146973,876.0
2023-03-09 10:15:00,CIFR,1.4450000524520874,1.4450000524520874,1.4450000524520874,1.4450000524520874,1.4450000524520874,200.0
2023-03-09 10:15:00,CME,180.6999969482422,180.6999969482422,180.6999969482422,180.42999267578125,180.44000244140625,5842.0
2023-03-09 10:15:00,CNOB,22.6299991607666,22.6299991607666,22.663999557495117,22.610000610351562,22.6299991607666,2500.0
2023-03-09 10:15:00,COLB,26.020000457763672,26.020000457763672,26.024999618530273,26.020000457763672,26.020000457763672,1571.0
2023-03-09 10:15:00,COOP,44.900001525878906,44.900001525878906,44.95000076293945,44.900001525878906,44.95000076293945,1506.0
2023-03-09 10:15:00,CSLM,10.319999694824219,10.319999694824219,10.319999694824219,10.319999694824219,10.319999694824219,600.0
2023-03-09 10:15:00,CVBF,22.18000030517578,22.18000030517578,22.18000030517578,22.18000030517578,22.18000030517578,570.0
2023-03-09 10:15:00,CZNC,22.149999618530273,22.149999618530273,22.149999618530273,22.149999618530273,22.149999618530273,300.0
2023-03-09 10:15:00,DWAC,14.23840045928955,14.23840045928955,14.23840045928955,14.23840045928955,14.23840045928955,181.0
2023-03-09 10:15:00,ECPG,50.599998474121094,50.599998474121094,50.599998474121094,50.599998474121094,50.599998474121094,215.0
2023-03-09 10:15:00,EGBN,40.59000015258789,40.59000015258789,40.689998626708984,40.59000015258789,40.689998626708984,1709.0
2023-03-09 10:15:00,EHTH,9.239999771118164,9.239999771118164,9.279999732971191,9.239999771118164,9.279999732971191,1648.0
2023-03-09 10:15:00,EWBC,70.73999786376953,70.73999786376953,70.7699966430664,70.72000122070312,70.72000122070312,1357.0
2023-03-09 10:15:00,EZPW,8.9350004196167,8.9350004196167,8.9350004196167,8.930000305175781,8.9350004196167,946.0
2023-03-09 10:15:00,FBIZ,34.08000183105469,34.08000183105469,34.08000183105469,34.08000183105469,34.08000183105469,116.0
2023-03-09 10:15:00,FCFS,88.15499877929688,88.15499877929688,88.15499877929688,88.15499877929688,88.15499877929688,613.0
2023-03-09 10:15:00,FCRD,4.679999828338623,4.679999828338623,4.699999809265137,4.679999828338623,4.679999828338623,7983.0
2023-03-09 10:15:00,FFBC,22.850000381469727,22.850000381469727,22.850000381469727,22.849899291992188,22.849899291992188,1396.0
2023-03-09 10:15:00,FFWM,13.5600004196167,13.5600004196167,13.5600004196167,13.545000076293945,13.545000076293945,657.0
2023-03-09 10:15:00,FHB,24.56999969482422,24.56999969482422,24.59000015258789,24.56999969482422,24.59000015258789,1164.0
2023-03-09 10:15:00,FIBK,33.11000061035156,33.11000061035156,33.11539840698242,33.10499954223633,33.10499954223633,1487.0
2023-03-09 10:15:00,FITB,32.79999923706055,32.79999923706055,32.849998474121094,32.79999923706055,32.81999969482422,15327.0
2023-03-09 10:15:00,FMNB,13.350000381469727,13.350000381469727,13.350000381469727,13.350000381469727,13.350000381469727,301.0
2023-03-09 10:15:00,FOCS,51.775001525878906,51.775001525878906,51.779998779296875,51.77000045776367,51.77000045776367,3253.0
2023-03-09 10:15:00,FULT,15.9399995803833,15.9399995803833,15.949999809265137,15.9399995803833,15.949999809265137,1251.0
2023-03-09 10:15:00,FUTU,47.099998474121094,47.099998474121094,47.13999938964844,46.95000076293945,46.95000076293945,2968.0
2023-03-09 10:15:00,GAIN,13.90999984741211,13.90999984741211,13.90999984741211,13.889900207519531,13.890000343322754,1457.0
2023-03-09 10:15:00,GECC,9.489999771118164,9.489999771118164,9.489999771118164,9.489999771118164,9.489999771118164,978.0
2023-03-09 10:15:00,GENQW,0.09000000357627869,0.09000000357627869,0.10000000149011612,0.09000000357627869,0.09950000047683716,0.0
2023-03-09 10:15:00,GFGDW,0.10000000149011612,0.10000000149011612,0.10000000149011612,0.10000000149011612,0.10000000149011612,0.0
2023-03-09 10:15:00,GGAL,12.869999885559082,12.869999885559082,12.880000114440918,12.869999885559082,12.880000114440918,625.0
2023-03-09 10:15:00,GREE,0.4472000002861023,0.4472000002861023,0.4472000002861023,0.4472000002861023,0.4472000002861023,247.0
2023-03-09 10:15:00,GSHD,53.584999084472656,53.584999084472656,53.584999084472656,53.584999084472656,53.584999084472656,349.0
2023-03-09 10:15:00,HAFC,22.219999313354492,22.219999313354492,22.219999313354492,22.165000915527344,22.165000915527344,508.0
2023-03-09 10:15:00,HBAN,14.135000228881836,14.135000228881836,14.170000076293945,14.130000114440918,14.154999732971191,246586.0
2023-03-09 10:15:00,HBANP,19.25,19.25,19.25,19.25,19.25,184.0
2023-03-09 10:15:00,HBNC,14.420000076293945,14.420000076293945,14.430000305175781,14.420000076293945,14.430000305175781,582.0
2023-03-09 10:15:00,HMST,22.719999313354492,22.719999313354492,22.719999313354492,22.719999313354492,22.719999313354492,299.0
2023-03-09 10:15:00,HOPE,12.010000228881836,12.010000228881836,12.010000228881836,12.010000228881836,12.010000228881836,203.0
2023-03-09 10:15:00,HRZN,11.989999771118164,11.989999771118164,11.99120044708252,11.989999771118164,11.989999771118164,1934.0
2023-03-09 10:15:00,HUT,1.4599000215530396,1.4599000215530396,1.4599000215530396,1.4500000476837158,1.4500999450683594,3000.0
2023-03-09 10:15:00,HWC,45.064998626708984,45.064998626708984,45.064998626708984,45.064998626708984,45.064998626708984,501.0
2023-03-09 10:15:00,IBKR,88.08999633789062,88.08999633789062,88.08999633789062,88.08999633789062,88.08999633789062,353.0
2023-03-09 10:15:00,IBOC,45.810001373291016,45.810001373291016,45.810001373291016,45.810001373291016,45.810001373291016,389.0
2023-03-09 10:16:00,ABCB,43.599998474121094,43.599998474121094,43.599998474121094,43.599998474121094,43.599998474121094,155.0
2023-03-09 10:16:00,ACGL,69.8550033569336,69.8550033569336,69.87000274658203,69.8550033569336,69.87000274658203,944.0
2023-03-09 10:16:00,ARCC,19.179899215698242,19.179899215698242,19.18000030517578,19.1781005859375,19.18000030517578,3727.0
2023-03-09 10:16:00,BCBP,16.040000915527344,16.040000915527344,16.040000915527344,16.040000915527344,16.040000915527344,882.0
2023-03-09 10:16:00,BFST,19.350000381469727,19.350000381469727,19.350000381469727,19.350000381469727,19.350000381469727,371.0
2023-03-09 10:16:00,BGCP,5.034999847412109,5.034999847412109,5.034999847412109,5.034999847412109,5.034999847412109,561.0
2023-03-09 10:16:00,BITF,0.7936000227928162,0.7936000227928162,0.800000011920929,0.7936000227928162,0.800000011920929,30023.0
2023-03-09 10:16:00,BMRC,27.309999465942383,27.309999465942383,27.309999465942383,27.309999465942383,27.309999465942383,216.0
2023-03-09 10:16:00,BPOP,63.5,63.5,63.560001373291016,63.43000030517578,63.560001373291016,3552.0
2023-03-09 10:16:00,BPRN,33.70000076293945,33.70000076293945,33.70000076293945,33.70000076293945,33.70000076293945,110.0
2023-03-09 10:16:00,BRKL,11.711799621582031,11.711799621582031,11.711799621582031,11.711799621582031,11.711799621582031,510.0
2023-03-09 10:16:00,BTBT,1.1649999618530273,1.1649999618530273,1.1693999767303467,1.1649999618530273,1.1693999767303467,3227.0
2023-03-09 10:16:00,BWB,13.859999656677246,13.859999656677246,13.859999656677246,13.859999656677246,13.859999656677246,100.0
2023-03-09 10:16:00,CACC,444.80999755859375,444.80999755859375,444.80999755859375,444.67999267578125,444.67999267578125,678.0
2023-03-09 10:16:00,CARE,17.049999237060547,17.049999237060547,17.049999237060547,17.049999237060547,17.049999237060547,411.0
2023-03-09 10:16:00,CASH,47.599998474121094,47.599998474121094,47.619998931884766,47.59000015258789,47.599998474121094,2596.0
2023-03-09 10:16:00,CATC,72.0,72.0,72.0,72.0,72.0,258.0
2023-03-09 10:16:00,CATY,40.23500061035156,40.23500061035156,40.2400016784668,40.220001220703125,40.2400016784668,381.0
2023-03-09 10:16:00,CBSH,62.130001068115234,62.130001068115234,62.130001068115234,62.130001068115234,62.130001068115234,307.0
2023-03-09 10:16:00,CCAP,15.149999618530273,15.149999618530273,15.210000038146973,15.149999618530273,15.199999809265137,7098.0
2023-03-09 10:16:00,CCB,43.0099983215332,43.0099983215332,43.099998474121094,42.9900016784668,43.0,2223.0
2023-03-09 10:16:00,CG,34.52000045776367,34.52000045776367,34.540000915527344,34.5099983215332,34.540000915527344,1633.0
2023-03-09 10:16:00,CGBD,15.090100288391113,15.090100288391113,15.090100288391113,15.090100288391113,15.090100288391113,246.0
2023-03-09 10:16:00,CHEAU,10.510000228881836,10.510000228881836,10.510000228881836,10.510000228881836,10.510000228881836,100.0
2023-03-09 10:16:00,CINF,117.18000030517578,117.18000030517578,117.23999786376953,117.14409637451172,117.14409637451172,1013.0
2023-03-09 10:16:00,CME,180.64019775390625,180.64019775390625,180.6999969482422,180.64019775390625,180.69000244140625,1902.0
2023-03-09 10:16:00,COLB,25.899999618530273,25.899999618530273,26.0,25.889999389648438,26.0,23537.0
2023-03-09 10:16:00,COOP,44.77000045776367,44.77000045776367,44.88999938964844,44.77000045776367,44.88999938964844,1183.0
2023-03-09 10:16:00,CSLM,10.319999694824219,10.319999694824219,10.319999694824219,10.319999694824219,10.319999694824219,300.0
2023-03-09 10:16:00,CSWC,18.559999465942383,18.559999465942383,18.56999969482422,18.549999237060547,18.56999969482422,1610.0
2023-03-09 10:16:00,CVBF,22.18000030517578,22.18000030517578,22.209999084472656,22.18000030517578,22.18000030517578,7261.0
2023-03-09 10:16:00,CZNC,22.174999237060547,22.174999237060547,22.174999237060547,22.174999237060547,22.174999237060547,100.0
2023-03-09 10:16:00,EBC,14.979999542236328,14.979999542236328,15.005000114440918,14.979999542236328,15.0,2097.0
2023-03-09 10:16:00,EGBN,40.70000076293945,40.70000076293945,40.72520065307617,40.59000015258789,40.59000015258789,10708.0
2023-03-09 10:16:00,EHTH,9.270000457763672,9.270000457763672,9.279999732971191,9.220000267028809,9.220000267028809,6745.0
2023-03-09 10:16:00,EWBC,70.74500274658203,70.74500274658203,70.78500366210938,70.73500061035156,70.7699966430664,1676.0
2023-03-09 10:16:00,EZPW,8.931300163269043,8.931300163269043,8.931300163269043,8.931300163269043,8.931300163269043,438.0
2023-03-09 10:16:00,FCRD,4.670000076293945,4.670000076293945,4.670000076293945,4.670000076293945,4.670000076293945,100.0
2023-03-09 10:16:00,FFBC,22.799999237060547,22.799999237060547,22.809999465942383,22.799999237060547,22.809999465942383,495.0
2023-03-09 10:16:00,FFIN,34.27000045776367,34.27000045776367,34.27000045776367,34.27000045776367,34.27000045776367,115.0
2023-03-09 10:16:00,FFWM,13.539999961853027,13.539999961853027,13.539999961853027,13.529999732971191,13.539999961853027,1354.0
2023-03-09 10:16:00,FGBI,18.899999618530273,18.899999618530273,18.899999618530273,18.899999618530273,18.899999618530273,101.0
2023-03-09 10:16:00,FHB,24.520000457763672,24.520000457763672,24.559999465942383,24.520000457763672,24.559999465942383,1274.0
2023-03-09 10:16:00,FIBK,33.099998474121094,33.099998474121094,33.099998474121094,33.09000015258789,33.09000015258789,900.0
2023-03-09 10:16:00,FISI,23.649999618530273,23.649999618530273,23.649999618530273,23.649999618530273,23.649999618530273,527.0
2023-03-09 10:16:00,FITB,32.77000045776367,32.77000045776367,32.83000183105469,32.77000045776367,32.810001373291016,14302.0
2023-03-09 10:16:00,FMNB,13.350000381469727,13.350000381469727,13.350000381469727,13.350000381469727,13.350000381469727,475.0
2023-03-09 10:16:00,FOCS,51.775001525878906,51.775001525878906,51.775001525878906,51.77000045776367,51.77000045776367,3032.0
2023-03-09 10:16:00,FRBK,1.8049999475479126,1.8049999475479126,1.809999942779541,1.8049999475479126,1.809999942779541,211.0
2023-03-09 10:16:00,FRHC,72.80000305175781,72.80000305175781,72.80000305175781,72.80000305175781,72.80000305175781,201.0
2023-03-09 10:16:00,FULT,15.930000305175781,15.930000305175781,15.9399995803833,15.930000305175781,15.9399995803833,459.0
2023-03-09 10:16:00,FUND,8.579999923706055,8.579999923706055,8.579999923706055,8.579999923706055,8.579999923706055,100.0
2023-03-09 10:16:00,FUTU,47.209999084472656,47.209999084472656,47.2599983215332,47.13010025024414,47.150001525878906,2263.0
2023-03-09 10:16:00,GABC,36.03499984741211,36.03499984741211,36.03499984741211,36.03499984741211,36.03499984741211,101.0
2023-03-09 10:16:00,GBDC,13.524999618530273,13.524999618530273,13.529999732971191,13.520000457763672,13.529999732971191,1022.0
2023-03-09 10:16:00,GGAL,12.829999923706055,12.829999923706055,12.866999626159668,12.829999923706055,12.866999626159668,657.0
2023-03-09 10:16:00,GLAD,9.979999542236328,9.979999542236328,9.979999542236328,9.970000267028809,9.970000267028809,536.0
2023-03-09 10:16:00,GLRE,10.210000038146973,10.210000038146973,10.220000267028809,10.210000038146973,10.220000267028809,556.0
2023-03-09 10:16:00,GSHD,53.44499969482422,53.44499969482422,53.4900016784668,53.44499969482422,53.4900016784668,497.0
2023-03-09 10:16:00,HAFC,22.15999984741211,22.15999984741211,22.18000030517578,22.15999984741211,22.18000030517578,788.0
2023-03-09 10:16:00,HBAN,14.109999656677246,14.109999656677246,14.140000343322754,14.109999656677246,14.135000228881836,39325.0
2023-03-09 10:16:00,HOPE,12.0,12.0,12.005000114440918,12.0,12.0,3142.0
2023-03-09 10:16:00,HTBK,11.119999885559082,11.119999885559082,11.119999885559082,11.119999885559082,11.119999885559082,132.0
2023-03-09 10:16:00,HTLF,46.529998779296875,46.529998779296875,46.529998779296875,46.529998779296875,46.529998779296875,443.0
2023-03-09 10:16:00,HUT,1.4510999917984009,1.4510999917984009,1.4594999551773071,1.4500000476837158,1.4594999551773071,4297.0
2023-03-09 10:16:00,HWC,44.959999084472656,44.959999084472656,44.959999084472656,44.959999084472656,44.959999084472656,645.0
2023-03-09 10:16:00,IBKR,88.22000122070312,88.22000122070312,88.29000091552734,88.16999816894531,88.19000244140625,3818.0
2023-03-09 10:16:00,IBOC,45.65999984741211,45.65999984741211,45.7400016784668,45.65999984741211,45.7400016784668,1115.0
2023-03-09 10:16:00,INDB,73.51000213623047,73.51000213623047,73.51000213623047,73.51000213623047,73.51000213623047,561.0
2023-03-09 10:16:00,INTR,2.0199999809265137,2.0199999809265137,2.0299999713897705,2.0199999809265137,2.0299999713897705,905.0
2023-03-09 10:17:00,ABCB,43.5,43.5,43.5,43.5,43.5,294.0
2023-03-09 10:17:00,ACGL,69.82499694824219,69.82499694824219,69.87000274658203,69.80999755859375,69.87000274658203,4637.0
2023-03-09 10:17:00,AMRK,28.229999542236328,28.229999542236328,28.229999542236328,28.229999542236328,28.229999542236328,175.0
2023-03-09 10:17:00,APLD,2.234999895095825,2.234999895095825,2.234999895095825,2.234999895095825,2.234999895095825,100.0
2023-03-09 10:17:00,ARCC,19.157400131225586,19.157400131225586,19.178800582885742,19.157400131225586,19.174999237060547,6736.0
2023-03-09 10:17:00,AUB,37.345001220703125,37.345001220703125,37.38999938964844,37.310001373291016,37.349998474121094,3237.0
2023-03-09 10:17:00,BANF,86.25,86.25,86.25,86.1500015258789,86.1500015258789,400.0
2023-03-09 10:17:00,BFST,19.295000076293945,19.295000076293945,19.299999237060547,19.295000076293945,19.299999237060547,451.0
2023-03-09 10:17:00,BGCP,5.025000095367432,5.025000095367432,5.038599967956543,5.025000095367432,5.034999847412109,2931.0
2023-03-09 10:17:00,BHF,54.064998626708984,54.064998626708984,54.064998626708984,54.04999923706055,54.04999923706055,578.0
2023-03-09 10:17:00,BITF,0.7975000143051147,0.7975000143051147,0.7975000143051147,0.7940629720687866,0.7940629720687866,15743.0
2023-03-09 10:17:00,BLFY,11.779999732971191,11.779999732971191,11.779999732971191,11.779999732971191,11.779999732971191,959.0
2023-03-09 10:17:00,BOKF,95.86499786376953,95.86499786376953,95.86499786376953,95.81999969482422,95.81999969482422,275.0
2023-03-09 10:17:00,BPOP,63.5099983215332,63.5099983215332,63.5099983215332,63.439998626708984,63.4900016784668,10455.0
2023-03-09 10:17:00,BPRN,33.66999816894531,33.66999816894531,33.66999816894531,33.66999816894531,33.66999816894531,358.0
2023-03-09 10:17:00,BRKL,11.699999809265137,11.699999809265137,11.710000038146973,11.699999809265137,11.710000038146973,10536.0
2023-03-09 10:17:00,BRP,26.309999465942383,26.309999465942383,26.350000381469727,26.309999465942383,26.350000381469727,954.0
2023-03-09 10:17:00,CARE,17.030000686645508,17.030000686645508,17.030000686645508,17.030000686645508,17.030000686645508,146.0
2023-03-09 10:17:00,CASH,47.59000015258789,47.59000015258789,47.685001373291016,47.58000183105469,47.599998474121094,17660.0
2023-03-09 10:17:00,CATY,40.209999084472656,40.209999084472656,40.220001220703125,40.19499969482422,40.220001220703125,858.0
2023-03-09 10:17:00,CBSH,62.0099983215332,62.0099983215332,62.0099983215332,62.0099983215332,62.0099983215332,290.0
2023-03-09 10:17:00,CCD,22.917200088500977,22.917200088500977,22.93000030517578,22.903900146484375,22.903900146484375,1258.0
2023-03-09 10:17:00,CFFN,7.635000228881836,7.635000228881836,7.635000228881836,7.635000228881836,7.635000228881836,116.0
2023-03-09 10:17:00,CG,34.45000076293945,34.45000076293945,34.52000045776367,34.44499969482422,34.52000045776367,2661.0
2023-03-09 10:17:00,CGBD,15.09000015258789,15.09000015258789,15.100000381469727,15.09000015258789,15.09000015258789,2008.0
2023-03-09 10:17:00,CGO,9.890000343322754,9.890000343322754,9.890000343322754,9.890000343322754,9.890000343322754,102.0
2023-03-09 10:17:00,CHCO,92.0999984741211,92.0999984741211,92.25,92.08999633789062,92.25,2260.0
2023-03-09 10:17:00,CHI,11.949999809265137,11.949999809265137,11.949999809265137,11.949999809265137,11.949999809265137,300.0
2023-03-09 10:17:00,CIFR,1.4149999618530273,1.4149999618530273,1.440000057220459,1.409999966621399,1.440000057220459,6854.0
2023-03-09 10:17:00,CINF,117.01000213623047,117.01000213623047,117.05999755859375,117.01000213623047,117.05999755859375,769.0
2023-03-09 10:17:00,CIVB,20.6299991607666,20.6299991607666,20.6299991607666,20.6299991607666,20.6299991607666,107.0
2023-03-09 10:17:00,CME,180.82000732421875,180.82000732421875,180.8699951171875,180.66000366210938,180.7100067138672,8276.0
2023-03-09 10:17:00,CNOB,22.6200008392334,22.6200008392334,22.6200008392334,22.6200008392334,22.6200008392334,336.0
2023-03-09 10:17:00,COLB,25.94499969482422,25.94499969482422,25.94499969482422,25.899999618530273,25.899999618530273,9745.0
2023-03-09 10:17:00,COOP,44.79999923706055,44.79999923706055,44.79999923706055,44.79999923706055,44.79999923706055,245.0
2023-03-09 10:17:00,CSWC,18.559999465942383,18.559999465942383,18.559999465942383,18.559999465942383,18.559999465942383,498.0
2023-03-09 10:17:00,CUBA,3.930000066757202,3.930000066757202,3.930000066757202,3.930000066757202,3.930000066757202,500.0
2023-03-09 10:17:00,CVBF,22.18000030517578,22.18000030517578,22.190000534057617,22.18000030517578,22.18000030517578,3362.0
2023-03-09 10:17:00,CZNC,22.174999237060547,22.174999237060547,22.174999237060547,22.174999237060547,22.174999237060547,205.0
2023-03-09 10:17:00,DCOM,29.75,29.75,29.75,29.75,29.75,223.0
2023-03-09 10:17:00,DWAC,14.195500373840332,14.195500373840332,14.195500373840332,14.195500373840332,14.195500373840332,624.0
2023-03-09 10:17:00,EBC,14.960000038146973,14.960000038146973,14.975000381469727,14.949999809265137,14.970000267028809,5683.0
2023-03-09 10:17:00,ECPG,50.45500183105469,50.45500183105469,50.45500183105469,50.45500183105469,50.45500183105469,162.0
2023-03-09 10:17:00,EGBN,40.75,40.75,40.7599983215332,40.709999084472656,40.709999084472656,1417.0
2023-03-09 10:17:00,EHTH,9.16100025177002,9.16100025177002,9.289999961853027,9.16100025177002,9.289999961853027,8480.0
2023-03-09 10:17:00,EQBK,28.899999618530273,28.899999618530273,28.899999618530273,28.899999618530273,28.899999618530273,201.0
2023-03-09 10:17:00,EWBC,70.66999816894531,70.66999816894531,70.80999755859375,70.66999816894531,70.7300033569336,2085.0
2023-03-09 10:17:00,EZPW,8.930000305175781,8.930000305175781,8.930000305175781,8.930000305175781,8.930000305175781,724.0
2023-03-09 10:17:00,FBMS,29.219999313354492,29.219999313354492,29.260000228881836,29.219999313354492,29.260000228881836,1339.0
2023-03-09 10:17:00,FBNC,39.000099182128906,39.000099182128906,39.000099182128906,38.91999816894531,39.0,1069.0
2023-03-09 10:17:00,FCNCA,669.0,669.0,670.0,669.0,670.0,805.0
2023-03-09 10:17:00,FDUS,20.485000610351562,20.485000610351562,20.485000610351562,20.430099487304688,20.430099487304688,383.0
2023-03-09 10:17:00,FFBC,22.799999237060547,22.799999237060547,22.799999237060547,22.770000457763672,22.770000457763672,610.0
2023-03-09 10:17:00,FFIC,17.729999542236328,17.729999542236328,17.729999542236328,17.719999313354492,17.719999313354492,420.0
2023-03-09 10:17:00,FFIN,34.23500061035156,34.23500061035156,34.25,34.23500061035156,34.25,745.0
2023-03-09 10:17:00,FFWM,13.510000228881836,13.510000228881836,13.524999618530273,13.510000228881836,13.524999618530273,1260.0
2023-03-09 10:17:00,FHB,24.549999237060547,24.549999237060547,24.549999237060547,24.489999771118164,24.5,3912.0
2023-03-09 10:17:00,FIBK,33.060001373291016,33.060001373291016,33.099998474121094,33.060001373291016,33.099998474121094,1493.0
2023-03-09 10:17:00,FITB,32.7599983215332,32.7599983215332,32.81999969482422,32.72999954223633,32.77000045776367,35308.0
2023-03-09 10:17:00,FLIC,16.360000610351562,16.360000610351562,16.360000610351562,16.360000610351562,16.360000610351562,463.0
2023-03-09 10:17:00,FNWB,13.8100004196167,13.8100004196167,13.8100004196167,13.8100004196167,13.8100004196167,0.0
2023-03-09 10:17:00,FOCS,51.77000045776367,51.77000045776367,51.779998779296875,51.76499938964844,51.77000045776367,7955.0
2023-03-09 10:17:00,FRBK,1.809999942779541,1.809999942779541,1.809999942779541,1.809999942779541,1.809999942779541,132.0
2023-03-09 10:17:00,FRHC,72.5999984741211,72.5999984741211,72.61000061035156,72.5999984741211,72.61000061035156,2327.0
2023-03-09 10:17:00,FRME,37.959999084472656,37.959999084472656,38.119998931884766,37.95000076293945,38.119998931884766,2325.0
2023-03-09 10:17:00,FULT,15.899999618530273,15.899999618530273,15.920000076293945,15.890000343322754,15.920000076293945,55754.0
2023-03-09 10:17:00,FUND,8.569999694824219,8.569999694824219,8.569999694824219,8.569999694824219,8.569999694824219,200.0
2023-03-09 10:17:00,FUTU,47.0,47.0,47.220001220703125,47.0,47.220001220703125,9622.0
2023-03-09 10:17:00,FVCB,13.539999961853027,13.539999961853027,13.539999961853027,13.539999961853027,13.539999961853027,194.0
2023-03-09 10:17:00,GBDC,13.520000457763672,13.520000457763672,13.520000457763672,13.520000457763672,13.520000457763672,573.0
2023-03-09 10:17:00,GCMG,8.359999656677246,8.359999656677246,8.359999656677246,8.356399536132812,8.356399536132812,503.0
2023-03-09 10:17:00,GLAD,9.979999542236328,9.979999542236328,9.979999542236328,9.979999542236328,9.979999542236328,564.0
2023-03-09 10:17:00,GREE,0.445499986410141,0.445499986410141,0.445499986410141,0.445499986410141,0.445499986410141,454.0
2023-03-09 10:17:00,HALL,11.179300308227539,11.179300308227539,11.179300308227539,11.179300308227539,11.179300308227539,251.0
2023-03-09 10:17:00,HBAN,14.104999542236328,14.104999542236328,14.119999885559082,14.100000381469727,14.104999542236328,57571.0
2023-03-09 10:17:00,HBNC,14.399999618530273,14.399999618530273,14.399999618530273,14.399999618530273,14.399999618530273,171.0
2023-03-09 10:17:00,HIVE,2.630000114440918,2.630000114440918,2.640000104904175,2.630000114440918,2.640000104904175,2732.0
2023-03-09 10:17:00,HLNE,77.01000213623047,77.01000213623047,77.04000091552734,77.01000213623047,77.0199966430664,1383.0
2023-03-09 10:17:00,HONE,12.850000381469727,12.850000381469727,12.859999656677246,12.84000015258789,12.84000015258789,2037.0
2023-03-09 10:17:00,HOPE,12.0,12.0,12.00100040435791,12.0,12.0,5973.0
2023-03-09 10:17:00,HRZN,11.999500274658203,11.999500274658203,12.0,11.999500274658203,12.0,1432.0
2023-03-09 10:17:00,HTBK,11.119999885559082,11.119999885559082,11.119999885559082,11.119999885559082,11.119999885559082,153.0
2023-03-09 10:17:00,HTLF,46.439998626708984,46.439998626708984,46.439998626708984,46.439998626708984,46.439998626708984,396.0
2023-03-09 10:17:00,HUT,1.440500020980835,1.440500020980835,1.4500000476837158,1.4404000043869019,1.4500000476837158,55358.0
2023-03-09 10:17:00,HWC,44.88999938964844,44.88999938964844,44.88999938964844,44.81999969482422,44.849998474121094,1055.0
2023-03-09 10:17:00,IBCP,20.90999984741211,20.90999984741211,20.989999771118164,20.90999984741211,20.989999771118164,1023.0
2023-03-09 10:17:00,IBKR,88.2750015258789,88.2750015258789,88.27999877929688,88.22000122070312,88.22000122070312,1254.0
2023-03-09 10:17:00,IBTX,53.40999984741211,53.40999984741211,53.40999984741211,53.380001068115234,53.400001525878906,732.0
2023-03-09 10:17:00,INDB,73.26000213623047,73.26000213623047,73.45999908447266,73.26000213623047,73.37999725341797,906.0
2023-03-09 10:18:00,ABCB,43.57500076293945,43.57500076293945,43.58000183105469,43.48500061035156,43.52000045776367,2992.0
2023-03-09 10:18:00,ACGL,69.87999725341797,69.87999725341797,69.87999725341797,69.83999633789062,69.83999633789062,977.0
2023-03-09 10:18:00,ANZU,9.9399995803833,9.9399995803833,9.9399995803833,9.9399995803833,9.9399995803833,100.0
2023-03-09 10:18:00,APLD,2.2249999046325684,2.2249999046325684,2.2300000190734863,2.2249999046325684,2.2300000190734863,707.0
2023-03-09 10:18:00,ARCC,19.15999984741211,19.15999984741211,19.170000076293945,19.15169906616211,19.15169906616211,5962.0
2023-03-09 10:18:00,ASRV,3.9800000190734863,3.9800000190734863,3.9800000190734863,3.9700000286102295,3.9700000286102295,0.0
2023-03-09 10:18:00,BANF,86.24500274658203,86.24500274658203,86.25,86.24500274658203,86.25,238.0
2023-03-09 10:18:00,BGCP,5.045000076293945,5.045000076293945,5.045000076293945,5.03000020980835,5.03000020980835,7225.0
2023-03-09 10:18:00,BHF,54.09000015258789,54.09000015258789,54.09000015258789,54.09000015258789,54.09000015258789,311.0
2023-03-09 10:18:00,BHFAM,16.670000076293945,16.670000076293945,16.670000076293945,16.649999618530273,16.649999618530273,350.0
2023-03-09 10:18:00,BITF,0.7936000227928162,0.7936000227928162,0.800000011920929,0.7936000227928162,0.7937999963760376,1577.0
2023-03-09 10:18:00,BKCC,3.690000057220459,3.690000057220459,3.6900999546051025,3.690000057220459,3.6900999546051025,1421.0
2023-03-09 10:18:00,BMRC,27.190000534057617,27.190000534057617,27.198299407958984,27.190000534057617,27.198299407958984,512.0
2023-03-09 10:18:00,BPOP,63.540000915527344,63.540000915527344,63.619998931884766,63.52000045776367,63.529998779296875,1715.0
2023-03-09 10:18:00,BRKL,11.704999923706055,11.704999923706055,11.710000038146973,11.698699951171875,11.699999809265137,1858.0
2023-03-09 10:18:00,BYFC,1.3294999599456787,1.3294999599456787,1.3294999599456787,1.3294999599456787,1.3294999599456787,158.0
2023-03-09 10:18:00,CASH,47.57500076293945,47.57500076293945,47.59000015258789,47.57500076293945,47.59000015258789,783.0
2023-03-09 10:18:00,CATC,71.98999786376953,71.98999786376953,71.98999786376953,71.98999786376953,71.98999786376953,213.0
2023-03-09 10:18:00,CATY,40.220001220703125,40.220001220703125,40.220001220703125,40.220001220703125,40.220001220703125,408.0
2023-03-09 10:18:00,CCD,22.940000534057617,22.940000534057617,22.940000534057617,22.922000885009766,22.93000030517578,1829.0
2023-03-09 10:18:00,CFFN,7.630000114440918,7.630000114440918,7.630000114440918,7.630000114440918,7.630000114440918,2245.0
2023-03-09 10:18:00,CG,34.47999954223633,34.47999954223633,34.4900016784668,34.459999084472656,34.459999084472656,4628.0
2023-03-09 10:18:00,CGBD,15.09000015258789,15.09000015258789,15.095000267028809,15.09000015258789,15.09000015258789,1101.0
2023-03-09 10:18:00,CHEAU,10.510000228881836,10.510000228881836,10.510000228881836,10.510000228881836,10.510000228881836,100.0
2023-03-09 10:18:00,CHI,11.9399995803833,11.9399995803833,11.9399995803833,11.9399995803833,11.9399995803833,2005.0
2023-03-09 10:18:00,CIFR,1.4249999523162842,1.4249999523162842,1.4299999475479126,1.4149999618530273,1.4149999618530273,5786.0
2023-03-09 10:18:00,CINF,116.92500305175781,116.92500305175781,116.92500305175781,116.92500305175781,116.92500305175781,428.0
2023-03-09 10:18:00,CME,180.72000122070312,180.72000122070312,180.77999877929688,180.5800018310547,180.77499389648438,3261.0
2023-03-09 10:18:00,COLB,25.94499969482422,25.94499969482422,25.950000762939453,25.93000030517578,25.940000534057617,3420.0
2023-03-09 10:18:00,COOP,44.779998779296875,44.779998779296875,44.79499816894531,44.779998779296875,44.79499816894531,725.0
2023-03-09 10:18:00,CRVL,178.83999633789062,178.83999633789062,178.83999633789062,178.83999633789062,178.83999633789062,446.0
2023-03-09 10:18:00,CSLM,10.319999694824219,10.319999694824219,10.319999694824219,10.319999694824219,10.319999694824219,400.0
2023-03-09 10:18:00,CSWC,18.559999465942383,18.559999465942383,18.559999465942383,18.559999465942383,18.559999465942383,230.0
2023-03-09 10:18:00,CVBF,22.184999465942383,22.184999465942383,22.190000534057617,22.18000030517578,22.18000030517578,1000.0
2023-03-09 10:18:00,DCOM,29.75,29.75,29.75,29.75,29.75,731.0
2023-03-09 10:18:00,DWAC,14.22189998626709,14.22189998626709,14.22189998626709,14.22189998626709,14.22189998626709,689.0
2023-03-09 10:18:00,EBC,14.949999809265137,14.949999809265137,14.960000038146973,14.949999809265137,14.960000038146973,1202.0
2023-03-09 10:18:00,ECPG,50.59000015258789,50.59000015258789,50.59000015258789,50.59000015258789,50.59000015258789,205.0
2023-03-09 10:18:00,EGBN,40.79999923706055,40.79999923706055,40.79999923706055,40.79999923706055,40.79999923706055,219.0
2023-03-09 10:18:00,EQBK,28.94499969482422,28.94499969482422,28.94499969482422,28.94499969482422,28.94499969482422,155.0
2023-03-09 10:18:00,EWBC,70.7300033569336,70.7300033569336,70.7300033569336,70.7300033569336,70.7300033569336,279.0
2023-03-09 10:18:00,EZPW,8.930000305175781,8.930000305175781,8.9350004196167,8.920000076293945,8.920000076293945,1676.0
2023-03-09 10:18:00,FCRD,4.659999847412109,4.659999847412109,4.659999847412109,4.659999847412109,4.659999847412109,100.0
2023-03-09 10:18:00,FEXDW,0.03999999910593033,0.03999999910593033,0.03999999910593033,0.035999998450279236,0.035999998450279236,1100.0
2023-03-09 10:18:00,FFBC,22.799999237060547,22.799999237060547,22.799999237060547,22.799999237060547,22.799999237060547,388.0
2023-03-09 10:18:00,FFWM,13.520000457763672,13.520000457763672,13.520000457763672,13.520000457763672,13.520000457763672,539.0
2023-03-09 10:18:00,FHB,24.549999237060547,24.549999237060547,24.549999237060547,24.549999237060547,24.549999237060547,4732.0
2023-03-09 10:18:00,FIBK,33.11000061035156,33.11000061035156,33.11000061035156,33.06999969482422,33.06999969482422,2214.0
2023-03-09 10:18:00,FITB,32.790000915527344,32.790000915527344,32.790000915527344,32.7599983215332,32.7599983215332,10855.0
2023-03-09 10:18:00,FLIC,16.350000381469727,16.350000381469727,16.357099533081055,16.350000381469727,16.357099533081055,4434.0
2023-03-09 10:18:00,FOCS,51.779998779296875,51.779998779296875,51.779998779296875,51.7599983215332,51.76499938964844,7165.0
2023-03-09 10:18:00,FRBA,13.010000228881836,13.010000228881836,13.010000228881836,13.010000228881836,13.010000228881836,454.0
2023-03-09 10:18:00,FRBK,1.8049999475479126,1.8049999475479126,1.8049999475479126,1.8049999475479126,1.8049999475479126,120.0
2023-03-09 10:18:00,FRHC,72.68499755859375,72.68499755859375,72.68499755859375,72.68499755859375,72.68499755859375,122.0
2023-03-09 10:18:00,FRON,10.1850004196167,10.1850004196167,10.1850004196167,10.1850004196167,10.1850004196167,1425.0
2023-03-09 10:18:00,FRST,11.210000038146973,11.210000038146973,11.215900421142578,11.210000038146973,11.210000038146973,1391.0
2023-03-09 10:18:00,FULT,15.890000343322754,15.890000343322754,15.899999618530273,15.890000343322754,15.890000343322754,917.0
2023-03-09 10:18:00,FUTU,47.0,47.0,47.029998779296875,46.93009948730469,46.97999954223633,2149.0
2023-03-09 10:18:00,GABC,36.154998779296875,36.154998779296875,36.154998779296875,36.154998779296875,36.154998779296875,220.0
2023-03-09 10:18:00,GBDC,13.520000457763672,13.520000457763672,13.520000457763672,13.520000457763672,13.520000457763672,481.0
2023-03-09 10:18:00,GLAD,9.975000381469727,9.975000381469727,9.975000381469727,9.975000381469727,9.975000381469727,127.0
2023-03-09 10:18:00,HBAN,14.119999885559082,14.119999885559082,14.125,14.100000381469727,14.100000381469727,20295.0
2023-03-09 10:18:00,HBCP,36.245201110839844,36.245201110839844,36.25,36.245201110839844,36.25,935.0
2023-03-09 10:18:00,HBNC,14.40999984741211,14.40999984741211,14.40999984741211,14.40999984741211,14.40999984741211,725.0
2023-03-09 10:18:00,HIVE,2.630000114440918,2.630000114440918,2.630000114440918,2.625,2.625,836.0
2023-03-09 10:18:00,HMST,22.75,22.75,22.75,22.75,22.75,1112.0
2023-03-09 10:18:00,HONE,12.880000114440918,12.880000114440918,12.880000114440918,12.850000381469727,12.850000381469727,1237.0
2023-03-09 10:18:00,HWC,44.85499954223633,44.85499954223633,44.85499954223633,44.85499954223633,44.85499954223633,200.0
2023-03-09 10:18:00,IBKR,88.45999908447266,88.45999908447266,88.5,88.2750015258789,88.2750015258789,2135.0
2023-03-09 10:18:00,IBOC,45.68000030517578,45.68000030517578,45.68000030517578,45.68000030517578,45.68000030517578,222.0
2023-03-09 10:19:00,ABCB,43.63999938964844,43.63999938964844,43.63999938964844,43.56999969482422,43.56999969482422,811.0
2023-03-09 10:19:00,ACGL,69.80999755859375,69.80999755859375,69.87000274658203,69.80999755859375,69.87000274658203,4010.0
2023-03-09 10:19:00,ACT,23.9950008392334,23.9950008392334,24.03499984741211,23.9950008392334,24.03499984741211,613.0
2023-03-09 10:19:00,AMRK,28.219999313354492,28.219999313354492,28.219999313354492,28.15999984741211,28.15999984741211,654.0
2023-03-09 10:19:00,APLD,2.2249999046325684,2.2249999046325684,2.2249999046325684,2.2249999046325684,2.2249999046325684,100.0
2023-03-09 10:19:00,ARCC,19.160900115966797,19.160900115966797,19.165000915527344,19.15999984741211,19.15999984741211,1176.0
2023-03-09 10:19:00,ASRV,3.9800000190734863,3.9800000190734863,3.9800000190734863,3.9800000190734863,3.9800000190734863,353.0
2023-03-09 10:19:00,BGCP,5.045000076293945,5.045000076293945,5.045000076293945,5.045000076293945,5.045000076293945,525.0
2023-03-09 10:19:00,BHF,54.029998779296875,54.029998779296875,54.029998779296875,54.0099983215332,54.0099983215332,856.0
2023-03-09 10:19:00,BITF,0.7903000116348267,0.7903000116348267,0.7935000061988831,0.7903000116348267,0.7935000061988831,5830.0
2023-03-09 10:19:00,BKCC,3.690000057220459,3.690000057220459,3.690000057220459,3.690000057220459,3.690000057220459,236.0
2023-03-09 10:19:00,BMRC,27.200000762939453,27.200000762939453,27.200000762939453,27.200000762939453,27.200000762939453,550.0
2023-03-09 10:19:00,BOCNU,10.449999809265137,10.449999809265137,10.45009994506836,10.449999809265137,10.449999809265137,600.0
2023-03-09 10:19:00,BPOP,63.599998474121094,63.599998474121094,63.599998474121094,63.584999084472656,63.59000015258789,1304.0
2023-03-09 10:19:00,BRKL,11.699999809265137,11.699999809265137,11.699999809265137,11.699999809265137,11.699999809265137,643.0
2023-03-09 10:19:00,BRP,26.229999542236328,26.229999542236328,26.229999542236328,26.229999542236328,26.229999542236328,100.0
2023-03-09 10:19:00,BTBT,1.159999966621399,1.159999966621399,1.1606999635696411,1.159999966621399,1.159999966621399,472.0
2023-03-09 10:19:00,BWB,13.869999885559082,13.869999885559082,13.869999885559082,13.869999885559082,13.869999885559082,133.0
2023-03-09 10:19:00,CBSH,62.04999923706055,62.04999923706055,62.05500030517578,62.04999923706055,62.05500030517578,294.0
2023-03-09 10:19:00,CCD,22.920000076293945,22.920000076293945,22.920000076293945,22.90999984741211,22.918899536132812,1002.0
2023-03-09 10:19:00,CFB,12.675000190734863,12.675000190734863,12.6899995803833,12.65999984741211,12.6899995803833,620.0
2023-03-09 10:19:00,CFFN,7.635000228881836,7.635000228881836,7.635000228881836,7.635000228881836,7.635000228881836,301.0
2023-03-09 10:19:00,CG,34.48270034790039,34.48270034790039,34.4900016784668,34.474998474121094,34.474998474121094,1563.0
2023-03-09 10:19:00,CGBD,15.09000015258789,15.09000015258789,15.095000267028809,15.09000015258789,15.09000015258789,4300.0
2023-03-09 10:19:00,CHY,12.300000190734863,12.300000190734863,12.319999694824219,12.300000190734863,12.319999694824219,1100.0
2023-03-09 10:19:00,CIFR,1.4211000204086304,1.4211000204086304,1.4259999990463257,1.4211000204086304,1.4259999990463257,437.0
2023-03-09 10:19:00,CINF,116.98500061035156,116.98500061035156,116.98500061035156,116.98500061035156,116.98500061035156,132.0
2023-03-09 10:19:00,CLST,12.869999885559082,12.869999885559082,12.869999885559082,12.869999885559082,12.869999885559082,0.0
2023-03-09 10:19:00,CME,180.3000030517578,180.3000030517578,180.52000427246094,180.3000030517578,180.52000427246094,1050.0
2023-03-09 10:19:00,COLB,25.969999313354492,25.969999313354492,26.0,25.934999465942383,25.940000534057617,12387.0
2023-03-09 10:19:00,COOP,44.869998931884766,44.869998931884766,44.88999938964844,44.790000915527344,44.790000915527344,1553.0
2023-03-09 10:19:00,CSWC,18.559999465942383,18.559999465942383,18.559999465942383,18.559999465942383,18.559999465942383,108.0
2023-03-09 10:19:00,DCOM,29.7450008392334,29.7450008392334,29.75,29.719999313354492,29.719999313354492,2634.0
2023-03-09 10:19:00,DWAC,14.171299934387207,14.171299934387207,14.171299934387207,14.170000076293945,14.170999526977539,721.0
2023-03-09 10:19:00,EBC,14.949999809265137,14.949999809265137,14.949999809265137,14.949999809265137,14.949999809265137,1084.0
2023-03-09 10:19:00,ECPG,50.54499816894531,50.54499816894531,50.54499816894531,50.54499816894531,50.54499816894531,239.0
2023-03-09 10:19:00,EGBN,40.96500015258789,40.96500015258789,40.969398498535156,40.849998474121094,40.849998474121094,5877.0
2023-03-09 10:19:00,EHTH,9.187899589538574,9.187899589538574,9.187899589538574,9.15999984741211,9.172100067138672,533.0
2023-03-09 10:19:00,ENTFW,0.05999999865889549,0.05999999865889549,0.05999999865889549,0.054999999701976776,0.059999000281095505,0.0
2023-03-09 10:19:00,EQBK,28.899999618530273,28.899999618530273,28.899999618530273,28.899999618530273,28.899999618530273,208.0
2023-03-09 10:19:00,EWBC,70.69999694824219,70.69999694824219,70.69999694824219,70.69999694824219,70.69999694824219,408.0
2023-03-09 10:19:00,FCRD,4.670000076293945,4.670000076293945,4.670000076293945,4.660099983215332,4.660099983215332,11600.0
2023-03-09 10:19:00,FFBC,22.799999237060547,22.799999237060547,22.799999237060547,22.780000686645508,22.780000686645508,973.0
2023-03-09 10:19:00,FHB,24.56999969482422,24.56999969482422,24.56999969482422,24.56999969482422,24.56999969482422,254.0
2023-03-09 10:19:00,FIBK,33.09000015258789,33.09000015258789,33.11000061035156,33.09000015258789,33.099998474121094,1097.0
2023-03-09 10:19:00,FITB,32.779998779296875,32.779998779296875,32.79999923706055,32.7599983215332,32.779998779296875,8418.0
2023-03-09 10:19:00,FLIC,16.350000381469727,16.350000381469727,16.3700008392334,16.350000381469727,16.360000610351562,1579.0
2023-03-09 10:19:00,FOCS,51.78499984741211,51.78499984741211,51.790000915527344,51.779998779296875,51.779998779296875,13585.0
2023-03-09 10:19:00,FRBK,1.8049999475479126,1.8049999475479126,1.8049999475479126,1.8049999475479126,1.8049999475479126,101.0
2023-03-09 10:19:00,FRHC,72.5,72.5,72.5,72.5,72.5,370.0
2023-03-09 10:19:00,FRME,37.939998626708984,37.939998626708984,37.939998626708984,37.939998626708984,37.939998626708984,315.0
2023-03-09 10:19:00,FSBC,25.81999969482422,25.81999969482422,25.81999969482422,25.81999969482422,25.81999969482422,510.0
2023-03-09 10:19:00,FULT,15.880000114440918,15.880000114440918,15.890000343322754,15.869999885559082,15.890000343322754,3315.0
2023-03-09 10:19:00,FUTU,46.86000061035156,46.86000061035156,47.0,46.84000015258789,47.0,4785.0
2023-03-09 10:19:00,GBDC,13.524999618530273,13.524999618530273,13.524999618530273,13.524999618530273,13.524999618530273,322.0
2023-03-09 10:19:00,GCMG,8.319999694824219,8.319999694824219,8.319999694824219,8.319999694824219,8.319999694824219,101.0
2023-03-09 10:19:00,GGAL,12.805000305175781,12.805000305175781,12.805000305175781,12.805000305175781,12.805000305175781,189.0
2023-03-09 10:19:00,GLBZ,7.999899864196777,7.999899864196777,8.0,7.999899864196777,8.0,1559.0
2023-03-09 10:19:00,GLRE,10.234999656677246,10.234999656677246,10.234999656677246,10.234999656677246,10.234999656677246,111.0
2023-03-09 10:19:00,HBAN,14.125,14.125,14.130000114440918,14.109999656677246,14.119999885559082,37293.0
2023-03-09 10:19:00,HIFS,267.79998779296875,267.79998779296875,267.79998779296875,266.0,266.0,331.0
2023-03-09 10:19:00,HOPE,12.010000228881836,12.010000228881836,12.010000228881836,12.010000228881836,12.010000228881836,671.0
2023-03-09 10:19:00,HRZN,11.99899959564209,11.99899959564209,11.99899959564209,11.99899959564209,11.99899959564209,921.0
2023-03-09 10:19:00,HUT,1.4550000429153442,1.4550000429153442,1.4550000429153442,1.4450000524520874,1.4450000524520874,57665.0
2023-03-09 10:19:00,HWC,44.88999938964844,44.88999938964844,44.88999938964844,44.81999969482422,44.81999969482422,1343.0
2023-03-09 10:19:00,IBKR,88.44499969482422,88.44499969482422,88.5,88.44499969482422,88.5,1006.0
2023-03-09 10:19:00,IBOC,45.625,45.625,45.63999938964844,45.61000061035156,45.61000061035156,2158.0
2023-03-09 10:19:00,ICMB,3.9600000381469727,3.9600000381469727,3.9600000381469727,3.9600000381469727,3.9600000381469727,155.0
2023-03-09 10:19:00,INDB,73.30000305175781,73.30000305175781,73.30000305175781,73.30000305175781,73.30000305175781,688.0
2023-03-09 10:20:00,ABCB,43.650001525878906,43.650001525878906,43.650001525878906,43.63999938964844,43.63999938964844,907.0
2023-03-09 10:20:00,ACGL,69.8499984741211,69.8499984741211,69.8499984741211,69.80000305175781,69.80000305175781,2373.0
2023-03-09 10:20:00,APLD,2.2300000190734863,2.2300000190734863,2.2300000190734863,2.2300000190734863,2.2300000190734863,1084.0
2023-03-09 10:20:00,ARCC,19.17009925842285,19.17009925842285,19.17009925842285,19.165000915527344,19.165000915527344,1568.0
2023-03-09 10:20:00,AUB,37.33000183105469,37.33000183105469,37.400001525878906,37.33000183105469,37.369998931884766,3173.0
2023-03-09 10:20:00,BCML,19.770000457763672,19.770000457763672,19.770000457763672,19.770000457763672,19.770000457763672,125.0
2023-03-09 10:20:00,BGCP,5.04010009765625,5.04010009765625,5.04010009765625,5.04010009765625,5.04010009765625,1201.0
2023-03-09 10:20:00,BHF,54.11000061035156,54.11000061035156,54.11000061035156,54.11000061035156,54.11000061035156,469.0
2023-03-09 10:20:00,BHFAM,16.649999618530273,16.649999618530273,16.649999618530273,16.649999618530273,16.649999618530273,100.0
2023-03-09 10:20:00,BITF,0.7903000116348267,0.7903000116348267,0.7903000116348267,0.7903000116348267,0.7903000116348267,2191.0
2023-03-09 10:20:00,BPOP,63.630001068115234,63.630001068115234,63.63999938964844,63.474998474121094,63.529998779296875,11471.0
2023-03-09 10:20:00,BRKL,11.710000038146973,11.710000038146973,11.710000038146973,11.710000038146973,11.710000038146973,1246.0
2023-03-09 10:20:00,BRP,26.309999465942383,26.309999465942383,26.309999465942383,26.309999465942383,26.309999465942383,372.0
2023-03-09 10:20:00,BTBT,1.1691999435424805,1.1691999435424805,1.1691999435424805,1.160099983215332,1.160099983215332,6922.0
2023-03-09 10:20:00,CASH,47.689998626708984,47.689998626708984,47.689998626708984,47.685001373291016,47.685001373291016,788.0
2023-03-09 10:20:00,CATY,40.27000045776367,40.27000045776367,40.27000045776367,40.25,40.25,889.0
2023-03-09 10:20:00,CBSH,62.125,62.125,62.125,62.04999923706055,62.04999923706055,1356.0
2023-03-09 10:20:00,CCNE,22.889999389648438,22.889999389648438,22.899999618530273,22.889999389648438,22.889999389648438,554.0
2023-03-09 10:20:00,CFFN,7.644999980926514,7.644999980926514,7.644999980926514,7.632500171661377,7.639999866485596,2676.0
2023-03-09 10:20:00,CG,34.5099983215332,34.5099983215332,34.5099983215332,34.47999954223633,34.47999954223633,1352.0
2023-03-09 10:20:00,CGBD,15.09000015258789,15.09000015258789,15.09000015258789,15.09000015258789,15.09000015258789,2703.0
2023-03-09 10:20:00,CHCO,92.1500015258789,92.1500015258789,92.19000244140625,92.08999633789062,92.08999633789062,917.0
2023-03-09 10:20:00,CIFR,1.4259999990463257,1.4259999990463257,1.4259999990463257,1.4259999990463257,1.4259999990463257,807.0
2023-03-09 10:20:00,CINF,116.93000030517578,116.93000030517578,117.06999969482422,116.77999877929688,116.97000122070312,3512.0
2023-03-09 10:20:00,CLBK,19.934999465942383,19.934999465942383,19.934999465942383,19.934999465942383,19.934999465942383,267.0
2023-03-09 10:20:00,CME,180.41000366210938,180.41000366210938,180.41000366210938,180.39999389648438,180.39999389648438,907.0
2023-03-09 10:20:00,CNOB,22.579999923706055,22.579999923706055,22.579999923706055,22.579999923706055,22.579999923706055,100.0
2023-03-09 10:20:00,COLB,26.024999618530273,26.024999618530273,26.024999618530273,25.975000381469727,25.975000381469727,10165.0
2023-03-09 10:20:00,COOP,44.86000061035156,44.86000061035156,44.91999816894531,44.86000061035156,44.86000061035156,1469.0
2023-03-09 10:20:00,CSLM,10.319999694824219,10.319999694824219,10.319999694824219,10.319999694824219,10.319999694824219,500.0
2023-03-09 10:20:00,CSWC,18.55699920654297,18.55699920654297,18.565000534057617,18.55699920654297,18.565000534057617,793.0
2023-03-09 10:20:00,CVBF,22.200000762939453,22.200000762939453,22.209999084472656,22.18000030517578,22.190000534057617,1234.0
2023-03-09 10:20:00,CZNC,22.180500030517578,22.180500030517578,22.180500030517578,22.180500030517578,22.180500030517578,1125.0
2023-03-09 10:20:00,DCOM,29.75,29.75,29.760000228881836,29.729999542236328,29.75,2606.0
2023-03-09 10:20:00,DCOMP,20.299999237060547,20.299999237060547,20.299999237060547,20.299999237060547,20.299999237060547,150.0
2023-03-09 10:20:00,DGICA,15.039999961853027,15.039999961853027,15.039999961853027,15.039999961853027,15.039999961853027,1222.0
2023-03-09 10:20:00,DWAC,14.170000076293945,14.170000076293945,14.170000076293945,14.170000076293945,14.170000076293945,150.0
2023-03-09 10:20:00,EBC,14.979999542236328,14.979999542236328,14.979999542236328,14.949999809265137,14.949999809265137,4426.0
2023-03-09 10:20:00,EGBN,40.970001220703125,40.970001220703125,40.97999954223633,40.95000076293945,40.97999954223633,807.0
2023-03-09 10:20:00,EQBK,28.895000457763672,28.895000457763672,28.895000457763672,28.895000457763672,28.895000457763672,101.0
2023-03-09 10:20:00,ERIE,234.0399932861328,234.0399932861328,234.0399932861328,234.0399932861328,234.0399932861328,335.0
2023-03-09 10:20:00,EWBC,70.77999877929688,70.77999877929688,70.77999877929688,70.62000274658203,70.62999725341797,2264.0
2023-03-09 10:20:00,EZPW,8.9399995803833,8.9399995803833,8.9399995803833,8.930000305175781,8.9399995803833,509.0
2023-03-09 10:20:00,FCFS,88.18000030517578,88.18000030517578,88.18000030517578,88.18000030517578,88.18000030517578,203.0
2023-03-09 10:20:00,FCRD,4.659999847412109,4.659999847412109,4.659999847412109,4.659999847412109,4.659999847412109,100.0
2023-03-09 10:20:00,FFBC,22.81999969482422,22.81999969482422,22.81999969482422,22.81999969482422,22.81999969482422,124.0
2023-03-09 10:20:00,FFIC,17.739999771118164,17.739999771118164,17.7450008392334,17.729999542236328,17.7450008392334,1532.0
2023-03-09 10:20:00,FFIN,34.27000045776367,34.27000045776367,34.279998779296875,34.209999084472656,34.209999084472656,1559.0
2023-03-09 10:20:00,FFWM,13.515000343322754,13.515000343322754,13.515000343322754,13.515000343322754,13.515000343322754,100.0
2023-03-09 10:20:00,FHB,24.559999465942383,24.559999465942383,24.559999465942383,24.55500030517578,24.559999465942383,5181.0
2023-03-09 10:20:00,FIBK,33.119998931884766,33.119998931884766,33.119998931884766,33.10499954223633,33.10499954223633,1138.0
2023-03-09 10:20:00,FITB,32.849998474121094,32.849998474121094,32.849998474121094,32.779998779296875,32.779998779296875,9058.0
2023-03-09 10:20:00,FOCS,51.78499984741211,51.78499984741211,51.790000915527344,51.779998779296875,51.779998779296875,2828.0
2023-03-09 10:20:00,FRME,38.0,38.0,38.0,38.0,38.0,194.0
2023-03-09 10:20:00,FRST,11.216699600219727,11.216699600219727,11.216699600219727,11.210000038146973,11.210000038146973,825.0
2023-03-09 10:20:00,FULT,15.899999618530273,15.899999618530273,15.899999618530273,15.869999885559082,15.869999885559082,1179.0
2023-03-09 10:20:00,FUTU,46.810001373291016,46.810001373291016,46.86000061035156,46.7400016784668,46.86000061035156,3687.0
2023-03-09 10:20:00,GABC,36.09000015258789,36.09000015258789,36.11000061035156,36.09000015258789,36.11000061035156,346.0
2023-03-09 10:20:00,GAMCU,10.180000305175781,10.180000305175781,10.180000305175781,9.943699836730957,10.10319995880127,0.0
2023-03-09 10:20:00,GGAL,12.805000305175781,12.805000305175781,12.805000305175781,12.805000305175781,12.805000305175781,131.0
2023-03-09 10:20:00,GLAD,9.970499992370605,9.970499992370605,9.970499992370605,9.970000267028809,9.970000267028809,607.0
2023-03-09 10:20:00,HBAN,14.145000457763672,14.145000457763672,14.14799976348877,14.125,14.125,22419.0
2023-03-09 10:20:00,HOPE,12.029999732971191,12.029999732971191,12.029999732971191,12.010000228881836,12.010000228881836,1711.0
2023-03-09 10:20:00,HTBK,11.109999656677246,11.109999656677246,11.114999771118164,11.109999656677246,11.109999656677246,1024.0
2023-03-09 10:20:00,HTLF,46.459999084472656,46.459999084472656,46.459999084472656,46.459999084472656,46.459999084472656,484.0
2023-03-09 10:20:00,HUT,1.4500000476837158,1.4500000476837158,1.4598000049591064,1.4500000476837158,1.4559999704360962,2309.0
2023-03-09 10:20:00,HWC,44.900001525878906,44.900001525878906,44.900001525878906,44.849998474121094,44.880001068115234,1397.0
2023-03-09 10:20:00,IBKR,88.48500061035156,88.48500061035156,88.51499938964844,88.44000244140625,88.44000244140625,5485.0
2023-03-09 10:20:00,IBOC,45.66999816894531,45.66999816894531,45.66999816894531,45.66999816894531,45.66999816894531,122.0
2023-03-09 10:20:00,INDB,73.37999725341797,73.37999725341797,73.37999725341797,73.33000183105469,73.33000183105469,3043.0
2023-03-09 10:21:00,ACGL,69.83999633789062,69.83999633789062,69.84500122070312,69.80000305175781,69.83000183105469,2568.0
2023-03-09 10:21:00,ACT,24.06999969482422,24.06999969482422,24.06999969482422,24.040000915527344,24.040000915527344,1584.0
2023-03-09 10:21:00,AMTB,26.25,26.25,26.25,26.25,26.25,261.0
2023-03-09 10:21:00,APLD,2.2370998859405518,2.2370998859405518,2.2370998859405518,2.2370998859405518,2.2370998859405518,1000.0
2023-03-09 10:21:00,ARBK,1.5149999856948853,1.5149999856948853,1.5149999856948853,1.5,1.5,491.0
2023-03-09 10:21:00,ARCC,19.165000915527344,19.165000915527344,19.170000076293945,19.15999984741211,19.170000076293945,2551.0
2023-03-09 10:21:00,ASCBW,0.03500000014901161,0.03500000014901161,0.03500000014901161,0.03500000014901161,0.03500000014901161,33499.0
2023-03-09 10:21:00,AUB,37.33000183105469,37.33000183105469,37.33000183105469,37.31999969482422,37.31999969482422,577.0
2023-03-09 10:21:00,BGCP,5.045000076293945,5.045000076293945,5.045000076293945,5.045000076293945,5.045000076293945,595.0
2023-03-09 10:21:00,BHF,54.029998779296875,54.029998779296875,54.029998779296875,54.029998779296875,54.029998779296875,265.0
2023-03-09 10:21:00,BHFAM,16.784299850463867,16.784299850463867,16.784299850463867,16.784299850463867,16.784299850463867,640.0
2023-03-09 10:21:00,BKCC,3.690000057220459,3.690000057220459,3.6900999546051025,3.690000057220459,3.6900999546051025,1645.0
2023-03-09 10:21:00,BOKF,96.08999633789062,96.08999633789062,96.08999633789062,96.01000213623047,96.01000213623047,1238.0
2023-03-09 10:21:00,BPOP,63.7400016784668,63.7400016784668,63.779998779296875,63.619998931884766,63.619998931884766,6260.0
2023-03-09 10:21:00,CATY,40.2400016784668,40.2400016784668,40.2400016784668,40.2400016784668,40.2400016784668,589.0
2023-03-09 10:21:00,CBSH,62.099998474121094,62.099998474121094,62.099998474121094,62.099998474121094,62.099998474121094,392.0
2023-03-09 10:21:00,CCAP,15.149999618530273,15.149999618530273,15.149999618530273,15.149999618530273,15.149999618530273,194.0
2023-03-09 10:21:00,CFFN,7.644999980926514,7.644999980926514,7.644999980926514,7.644999980926514,7.644999980926514,276.0
2023-03-09 10:21:00,CG,34.5099983215332,34.5099983215332,34.5099983215332,34.505001068115234,34.5099983215332,1875.0
2023-03-09 10:21:00,CGBD,15.09000015258789,15.09000015258789,15.095000267028809,15.09000015258789,15.09000015258789,2506.0
2023-03-09 10:21:00,CHY,12.3149995803833,12.3149995803833,12.319999694824219,12.3100004196167,12.319999694824219,1300.0
2023-03-09 10:21:00,CIFR,1.4249999523162842,1.4249999523162842,1.4249999523162842,1.4249999523162842,1.4249999523162842,200.0
2023-03-09 10:21:00,CINF,117.0999984741211,117.0999984741211,117.0999984741211,117.0999984741211,117.0999984741211,530.0
2023-03-09 10:21:00,CLBK,19.90999984741211,19.90999984741211,19.90999984741211,19.90999984741211,19.90999984741211,1368.0
2023-03-09 10:21:00,COLB,25.989999771118164,25.989999771118164,26.045000076293945,25.989999771118164,26.040000915527344,1601.0
2023-03-09 10:21:00,COOP,45.060001373291016,45.060001373291016,45.060001373291016,44.790000915527344,44.88999938964844,11312.0
2023-03-09 10:21:00,CSLM,10.319999694824219,10.319999694824219,10.319999694824219,10.319999694824219,10.319999694824219,200.0
2023-03-09 10:21:00,CSWC,18.559999465942383,18.559999465942383,18.559999465942383,18.559999465942383,18.559999465942383,321.0
2023-03-09 10:21:00,CVBF,22.216699600219727,22.216699600219727,22.216699600219727,22.20199966430664,22.209999084472656,1169.0
2023-03-09 10:21:00,DWAC,14.160699844360352,14.160699844360352,14.160699844360352,14.160699844360352,14.160699844360352,216.0
2023-03-09 10:21:00,EBC,14.979999542236328,14.979999542236328,14.979999542236328,14.979999542236328,14.979999542236328,558.0
2023-03-09 10:21:00,ECPG,50.5,50.5,50.54999923706055,50.5,50.54999923706055,1182.0
2023-03-09 10:21:00,EHTH,9.180000305175781,9.180000305175781,9.180000305175781,9.180000305175781,9.180000305175781,401.0
2023-03-09 10:21:00,EQBK,28.690000534057617,28.690000534057617,28.895000457763672,28.5,28.895000457763672,9536.0
2023-03-09 10:21:00,ESGR,228.86000061035156,228.86000061035156,228.86000061035156,228.86000061035156,228.86000061035156,553.0
2023-03-09 10:21:00,EWBC,70.73500061035156,70.73500061035156,70.80500030517578,70.73500061035156,70.80000305175781,1000.0
2023-03-09 10:21:00,EZPW,8.944999694824219,8.944999694824219,8.944999694824219,8.944999694824219,8.944999694824219,101.0
2023-03-09 10:21:00,FCFS,88.1500015258789,88.1500015258789,88.16000366210938,88.1500015258789,88.16000366210938,565.0
2023-03-09 10:21:00,FCNCA,671.239990234375,671.239990234375,671.239990234375,670.6799926757812,670.6799926757812,1132.0
2023-03-09 10:21:00,FFBC,22.799999237060547,22.799999237060547,22.815000534057617,22.799999237060547,22.809999465942383,819.0
2023-03-09 10:21:00,FFIC,17.739999771118164,17.739999771118164,17.739999771118164,17.735000610351562,17.735000610351562,427.0
2023-03-09 10:21:00,FFIN,34.30500030517578,34.30500030517578,34.30500030517578,34.30500030517578,34.30500030517578,145.0
2023-03-09 10:21:00,FFWM,13.529999732971191,13.529999732971191,13.529999732971191,13.529999732971191,13.529999732971191,701.0
2023-03-09 10:21:00,FHB,24.520000457763672,24.520000457763672,24.549999237060547,24.520000457763672,24.549999237060547,3709.0
2023-03-09 10:21:00,FIBK,33.130001068115234,33.130001068115234,33.13999938964844,33.130001068115234,33.13999938964844,761.0
2023-03-09 10:21:00,FITB,32.86000061035156,32.86000061035156,32.8650016784668,32.83000183105469,32.84000015258789,4548.0
2023-03-09 10:21:00,FLIC,16.350000381469727,16.350000381469727,16.360000610351562,16.350000381469727,16.360000610351562,220.0
2023-03-09 10:21:00,FOCS,51.790000915527344,51.790000915527344,51.790000915527344,51.779998779296875,51.779998779296875,988.0
2023-03-09 10:21:00,FRBK,1.8049999475479126,1.8049999475479126,1.809999942779541,1.8049999475479126,1.809999942779541,384.0
2023-03-09 10:21:00,FRME,38.06999969482422,38.06999969482422,38.06999969482422,38.06999969482422,38.06999969482422,736.0
2023-03-09 10:21:00,FRST,11.210000038146973,11.210000038146973,11.215299606323242,11.210000038146973,11.215299606323242,901.0
2023-03-09 10:21:00,FULT,15.890000343322754,15.890000343322754,15.899999618530273,15.890000343322754,15.899999618530273,1323.0
2023-03-09 10:21:00,FUTU,46.81999969482422,46.81999969482422,46.869998931884766,46.790000915527344,46.8380012512207,3103.0
2023-03-09 10:21:00,GAIN,13.882399559020996,13.882399559020996,13.882399559020996,13.882399559020996,13.882399559020996,592.0
2023-03-09 10:21:00,GBDC,13.520000457763672,13.520000457763672,13.520000457763672,13.520000457763672,13.520000457763672,353.0
2023-03-09 10:21:00,GGAL,12.819999694824219,12.819999694824219,12.82800006866455,12.795000076293945,12.82800006866455,1122.0
2023-03-09 10:21:00,GLAD,9.970000267028809,9.970000267028809,9.970000267028809,9.970000267028809,9.970000267028809,107.0
2023-03-09 10:21:00,HAFC,22.170000076293945,22.170000076293945,22.170000076293945,22.170000076293945,22.170000076293945,605.0
2023-03-09 10:21:00,HBAN,14.149999618530273,14.149999618530273,14.149999618530273,14.140000343322754,14.140000343322754,20316.0
2023-03-09 10:21:00,HBANP,19.229999542236328,19.229999542236328,19.295000076293945,19.229999542236328,19.295000076293945,500.0
2023-03-09 10:21:00,HTBI,27.520000457763672,27.520000457763672,27.520000457763672,27.479999542236328,27.479999542236328,899.0
2023-03-09 10:21:00,HTBK,11.109999656677246,11.109999656677246,11.109999656677246,11.109999656677246,11.109999656677246,264.0
2023-03-09 10:21:00,HUT,1.440000057220459,1.440000057220459,1.4562000036239624,1.440000057220459,1.4562000036239624,15817.0
2023-03-09 10:21:00,HWC,44.93000030517578,44.93000030517578,44.93000030517578,44.93000030517578,44.93000030517578,402.0
2023-03-09 10:21:00,IBKR,88.47000122070312,88.47000122070312,88.5199966430664,88.47000122070312,88.5199966430664,868.0
2023-03-09 10:21:00,IBOC,45.790000915527344,45.790000915527344,45.790000915527344,45.7400016784668,45.7400016784668,478.0
2023-03-09 10:22:00,ACGL,69.83000183105469,69.83000183105469,69.83000183105469,69.83000183105469,69.83000183105469,463.0
2023-03-09 10:22:00,APLD,2.234999895095825,2.234999895095825,2.234999895095825,2.234999895095825,2.234999895095825,210.0
2023-03-09 10:22:00,ARCC,19.16819953918457,19.16819953918457,19.16819953918457,19.15999984741211,19.165000915527344,11921.0
2023-03-09 10:22:00,ATLO,23.96500015258789,23.96500015258789,23.96500015258789,23.96500015258789,23.96500015258789,0.0
2023-03-09 10:22:00,BFC,76.76000213623047,76.76000213623047,76.76000213623047,76.76000213623047,76.76000213623047,801.0
2023-03-09 10:22:00,BGCP,5.045000076293945,5.045000076293945,5.045000076293945,5.045000076293945,5.045000076293945,651.0
2023-03-09 10:22:00,BITF,0.7925000190734863,0.7925000190734863,0.7925999760627747,0.7903000116348267,0.7903000116348267,4188.0
2023-03-09 10:22:00,BMRC,27.120100021362305,27.120100021362305,27.270000457763672,27.120100021362305,27.270000457763672,649.0
2023-03-09 10:22:00,BOCNU,10.460000038146973,10.460000038146973,10.460000038146973,10.460000038146973,10.460000038146973,150.0
2023-03-09 10:22:00,BOKF,96.11000061035156,96.11000061035156,96.2300033569336,96.11000061035156,96.20999908447266,866.0
2023-03-09 10:22:00,BPOP,63.709999084472656,63.709999084472656,63.77840042114258,63.70000076293945,63.75,3243.0
2023-03-09 10:22:00,BRKL,11.699999809265137,11.699999809265137,11.699999809265137,11.699999809265137,11.699999809265137,180.0
2023-03-09 10:22:00,BTBT,1.1680999994277954,1.1680999994277954,1.1689000129699707,1.159999966621399,1.159999966621399,1597.0
2023-03-09 10:22:00,BWB,14.0,14.0,14.0,13.850000381469727,13.859999656677246,12420.0
2023-03-09 10:22:00,CALB,25.40999984741211,25.40999984741211,25.40999984741211,25.40999984741211,25.40999984741211,341.0
2023-03-09 10:22:00,CFFN,7.644999980926514,7.644999980926514,7.644999980926514,7.639999866485596,7.639999866485596,603.0
2023-03-09 10:22:00,CG,34.53499984741211,34.53499984741211,34.540000915527344,34.505001068115234,34.52000045776367,2636.0
2023-03-09 10:22:00,CGBD,15.09000015258789,15.09000015258789,15.09000015258789,15.069999694824219,15.079999923706055,3716.0
2023-03-09 10:22:00,CGO,9.875,9.875,9.88129997253418,9.850000381469727,9.88129997253418,1349.0
2023-03-09 10:22:00,CHCO,92.30000305175781,92.30000305175781,92.30000305175781,92.30000305175781,92.30000305175781,943.0
2023-03-09 10:22:00,CHY,12.310099601745605,12.310099601745605,12.310099601745605,12.310099601745605,12.310099601745605,199.0
2023-03-09 10:22:00,CIFR,1.4249999523162842,1.4249999523162842,1.4291000366210938,1.4249999523162842,1.4291000366210938,351.0
2023-03-09 10:22:00,CLBK,19.895000457763672,19.895000457763672,19.895000457763672,19.895000457763672,19.895000457763672,203.0
2023-03-09 10:22:00,CME,180.6699981689453,180.6699981689453,180.6699981689453,180.4199981689453,180.4199981689453,1811.0
2023-03-09 10:22:00,CNOB,22.59000015258789,22.59000015258789,22.59000015258789,22.59000015258789,22.59000015258789,316.0
2023-03-09 10:22:00,COLB,26.030000686645508,26.030000686645508,26.030000686645508,26.0,26.010000228881836,3316.0
2023-03-09 10:22:00,COOP,45.09000015258789,45.09000015258789,45.09000015258789,45.09000015258789,45.09000015258789,739.0
2023-03-09 10:22:00,CSWC,18.549999237060547,18.549999237060547,18.559999465942383,18.549999237060547,18.559999465942383,437.0
2023-03-09 10:22:00,CTBI,40.81999969482422,40.81999969482422,40.81999969482422,40.81999969482422,40.81999969482422,172.0
2023-03-09 10:22:00,CVBF,22.21500015258789,22.21500015258789,22.229999542236328,22.21500015258789,22.229999542236328,995.0
2023-03-09 10:22:00,DCOM,29.7450008392334,29.7450008392334,29.7450008392334,29.7450008392334,29.7450008392334,127.0
2023-03-09 10:22:00,DTOC,10.199999809265137,10.199999809265137,10.199999809265137,10.199999809265137,10.199999809265137,50000.0
2023-03-09 10:22:00,DWAC,14.181599617004395,14.181599617004395,14.181599617004395,14.181599617004395,14.181599617004395,135.0
2023-03-09 10:22:00,EBC,14.975600242614746,14.975600242614746,14.975600242614746,14.975600242614746,14.975600242614746,1008.0
2023-03-09 10:22:00,EBTC,35.290000915527344,35.290000915527344,35.290000915527344,35.290000915527344,35.290000915527344,0.0
2023-03-09 10:22:00,EGBN,41.040000915527344,41.040000915527344,41.040000915527344,41.040000915527344,41.040000915527344,213.0
2023-03-09 10:22:00,EZPW,8.944999694824219,8.944999694824219,8.944999694824219,8.944999694824219,8.944999694824219,133.0
2023-03-09 10:22:00,FCNCA,671.75,671.75,671.75,671.75,671.75,444.0
2023-03-09 10:22:00,FCRD,4.659999847412109,4.659999847412109,4.659999847412109,4.659999847412109,4.659999847412109,100.0
2023-03-09 10:22:00,FDUS,20.475299835205078,20.475299835205078,20.475299835205078,20.475299835205078,20.475299835205078,159.0
2023-03-09 10:22:00,FFIN,34.29499816894531,34.29499816894531,34.29499816894531,34.29499816894531,34.29499816894531,184.0
2023-03-09 10:22:00,FFWM,13.510000228881836,13.510000228881836,13.510000228881836,13.510000228881836,13.510000228881836,100.0
2023-03-09 10:22:00,FHB,24.52899932861328,24.52899932861328,24.530000686645508,24.520000457763672,24.520000457763672,780.0
2023-03-09 10:22:00,FIBK,33.150001525878906,33.150001525878906,33.150001525878906,33.1349983215332,33.13999938964844,1526.0
2023-03-09 10:22:00,FITB,32.86000061035156,32.86000061035156,32.880001068115234,32.849998474121094,32.869998931884766,2846.0
2023-03-09 10:22:00,FOCS,51.779998779296875,51.779998779296875,51.78499984741211,51.779998779296875,51.779998779296875,619.0
2023-03-09 10:22:00,FRBK,1.8049999475479126,1.8049999475479126,1.8049999475479126,1.8049999475479126,1.8049999475479126,101.0
2023-03-09 10:22:00,FRST,11.220000267028809,11.220000267028809,11.220000267028809,11.220000267028809,11.220000267028809,452.0
2023-03-09 10:22:00,FULT,15.880000114440918,15.880000114440918,15.890000343322754,15.880000114440918,15.890000343322754,1359.0
2023-03-09 10:22:00,FUTU,46.869998931884766,46.869998931884766,46.88999938964844,46.779998779296875,46.88999938964844,3733.0
2023-03-09 10:22:00,GBDC,13.524999618530273,13.524999618530273,13.524999618530273,13.524999618530273,13.524999618530273,210.0
2023-03-09 10:22:00,GCMG,8.33899974822998,8.33899974822998,8.33899974822998,8.33899974822998,8.33899974822998,257.0
2023-03-09 10:22:00,GFGDW,0.09000000357627869,0.09000000357627869,0.09000000357627869,0.09000000357627869,0.09000000357627869,336415.0
2023-03-09 10:22:00,GLAD,9.970000267028809,9.970000267028809,9.970000267028809,9.970000267028809,9.970000267028809,825.0
2023-03-09 10:22:00,GLRE,10.079999923706055,10.079999923706055,10.210000038146973,10.079999923706055,10.210000038146973,5540.0
2023-03-09 10:22:00,HBAN,14.141599655151367,14.141599655151367,14.149999618530273,14.140000343322754,14.149999618530273,18471.0
2023-03-09 10:22:00,HFWA,24.989999771118164,24.989999771118164,24.989999771118164,24.989999771118164,24.989999771118164,559.0
2023-03-09 10:22:00,HLNE,77.12000274658203,77.12000274658203,77.12000274658203,77.12000274658203,77.12000274658203,261.0
2023-03-09 10:22:00,HONE,12.869999885559082,12.869999885559082,12.879899978637695,12.869999885559082,12.875,602.0
2023-03-09 10:22:00,HTBI,27.520000457763672,27.520000457763672,27.520000457763672,27.5,27.5,642.0
2023-03-09 10:22:00,HUT,1.4450000524520874,1.4450000524520874,1.4450000524520874,1.4450000524520874,1.4450000524520874,100.0
2023-03-09 10:22:00,HWC,45.0,45.0,45.0,44.915000915527344,44.915000915527344,5641.0
2023-03-09 10:22:00,IBKR,88.47000122070312,88.47000122070312,88.47000122070312,88.47000122070312,88.47000122070312,319.0
2023-03-09 10:22:00,IBOC,45.790000915527344,45.790000915527344,45.79999923706055,45.77000045776367,45.77000045776367,699.0
2023-03-09 10:22:00,IBTX,53.56999969482422,53.56999969482422,53.56999969482422,53.459999084472656,53.459999084472656,1205.0
2023-03-09 10:23:00,ABCB,43.685001373291016,43.685001373291016,43.685001373291016,43.685001373291016,43.685001373291016,295.0
2023-03-09 10:23:00,ACGL,69.76000213623047,69.76000213623047,69.83000183105469,69.75,69.81999969482422,10225.0
2023-03-09 10:23:00,ACT,24.110000610351562,24.110000610351562,24.110000610351562,24.06999969482422,24.06999969482422,1072.0
2023-03-09 10:23:00,AMAL,21.6200008392334,21.6200008392334,21.6200008392334,21.6200008392334,21.6200008392334,532.0
2023-03-09 10:23:00,ARCC,19.165000915527344,19.165000915527344,19.166099548339844,19.15999984741211,19.15999984741211,3667.0
2023-03-09 10:23:00,AUB,37.36000061035156,37.36000061035156,37.369998931884766,37.36000061035156,37.36000061035156,976.0
2023-03-09 10:23:00,BANF,86.44999694824219,86.44999694824219,86.44999694824219,86.4000015258789,86.4000015258789,637.0
2023-03-09 10:23:00,BANR,59.310001373291016,59.310001373291016,59.310001373291016,59.2599983215332,59.2599983215332,1096.0
2023-03-09 10:23:00,BGCP,5.054999828338623,5.054999828338623,5.054999828338623,5.045000076293945,5.045000076293945,2053.0
2023-03-09 10:23:00,BHF,54.130001068115234,54.130001068115234,54.130001068115234,54.130001068115234,54.130001068115234,292.0
2023-03-09 10:23:00,BHFAN,19.25,19.25,19.25,19.25,19.25,487.0
2023-03-09 10:23:00,BITF,0.8033000230789185,0.8033000230789185,0.8033000230789185,0.7900999784469604,0.7914999723434448,7428.0
2023-03-09 10:23:00,BMRC,27.204999923706055,27.204999923706055,27.280000686645508,27.200000762939453,27.20009994506836,2608.0
2023-03-09 10:23:00,BPOP,63.685001373291016,63.685001373291016,63.70000076293945,63.685001373291016,63.685001373291016,2465.0
2023-03-09 10:23:00,BRKL,11.710000038146973,11.710000038146973,11.710000038146973,11.699999809265137,11.699999809265137,1464.0
2023-03-09 10:23:00,BRP,26.3799991607666,26.3799991607666,26.399999618530273,26.270000457763672,26.389999389648438,1378.0
2023-03-09 10:23:00,BWB,13.979999542236328,13.979999542236328,13.979999542236328,13.979999542236328,13.979999542236328,100.0
2023-03-09 10:23:00,BWFG,28.30500030517578,28.30500030517578,28.450000762939453,28.30500030517578,28.450000762939453,771.0
2023-03-09 10:23:00,CBSH,62.150001525878906,62.150001525878906,62.150001525878906,62.119998931884766,62.119998931884766,520.0
2023-03-09 10:23:00,CCAP,15.109999656677246,15.109999656677246,15.140000343322754,15.109999656677246,15.140000343322754,1750.0
2023-03-09 10:23:00,CCNE,22.8700008392334,22.8700008392334,22.8700008392334,22.8700008392334,22.8700008392334,433.0
2023-03-09 10:23:00,CFFN,7.650000095367432,7.650000095367432,7.650000095367432,7.650000095367432,7.650000095367432,814.0
2023-03-09 10:23:00,CG,34.560001373291016,34.560001373291016,34.560001373291016,34.540000915527344,34.540000915527344,2286.0
2023-03-09 10:23:00,CGBD,15.09000015258789,15.09000015258789,15.09000015258789,15.069999694824219,15.074999809265137,1870.0
2023-03-09 10:23:00,CHCO,92.43000030517578,92.43000030517578,92.43000030517578,92.41000366210938,92.41000366210938,248.0
2023-03-09 10:23:00,CIFR,1.4249999523162842,1.4249999523162842,1.4270000457763672,1.4199999570846558,1.4270000457763672,6621.0
2023-03-09 10:23:00,CME,180.66000366210938,180.66000366210938,180.74000549316406,180.66000366210938,180.7100067138672,957.0
2023-03-09 10:23:00,CNOB,22.639999389648438,22.639999389648438,22.639999389648438,22.639999389648438,22.639999389648438,100.0
2023-03-09 10:23:00,COLB,26.0,26.0,26.020000457763672,26.0,26.020000457763672,2809.0
2023-03-09 10:23:00,CSLM,10.319999694824219,10.319999694824219,10.319999694824219,10.319999694824219,10.319999694824219,400.0
2023-03-09 10:23:00,CSQ,14.100000381469727,14.100000381469727,14.104999542236328,14.090100288391113,14.104999542236328,486.0
2023-03-09 10:23:00,CVBF,22.219999313354492,22.219999313354492,22.219999313354492,22.209999084472656,22.219999313354492,1077.0
2023-03-09 10:23:00,CWBC,15.0,15.0,15.020000457763672,15.0,15.010000228881836,3779.0
2023-03-09 10:23:00,DCOM,29.799999237060547,29.799999237060547,29.799999237060547,29.780000686645508,29.780000686645508,1028.0
2023-03-09 10:23:00,DHHC,10.5,10.5,10.70009994506836,10.5,10.70009994506836,618.0
2023-03-09 10:23:00,EBC,14.984299659729004,14.984299659729004,14.984299659729004,14.970000267028809,14.970000267028809,1198.0
2023-03-09 10:23:00,EGBN,41.02000045776367,41.02000045776367,41.02000045776367,41.02000045776367,41.02000045776367,663.0
2023-03-09 10:23:00,EHTH,9.130000114440918,9.130000114440918,9.15999984741211,9.09000015258789,9.15999984741211,16880.0
2023-03-09 10:23:00,EWBC,70.9000015258789,70.9000015258789,70.9000015258789,70.86000061035156,70.86000061035156,1464.0
2023-03-09 10:23:00,FBNC,39.1150016784668,39.1150016784668,39.1150016784668,39.099998474121094,39.099998474121094,1662.0
2023-03-09 10:23:00,FCRD,4.660099983215332,4.660099983215332,4.679999828338623,4.659999847412109,4.679999828338623,17242.0
2023-03-09 10:23:00,FFIN,34.31999969482422,34.31999969482422,34.31999969482422,34.31999969482422,34.31999969482422,795.0
2023-03-09 10:23:00,FHB,24.559999465942383,24.559999465942383,24.559999465942383,24.524999618530273,24.524999618530273,1345.0
2023-03-09 10:23:00,FIBK,33.15999984741211,33.15999984741211,33.15999984741211,33.14500045776367,33.14500045776367,5034.0
2023-03-09 10:23:00,FITB,32.900001525878906,32.900001525878906,32.900001525878906,32.86000061035156,32.86000061035156,4954.0
2023-03-09 10:23:00,FLIC,16.360000610351562,16.360000610351562,16.360000610351562,16.360000610351562,16.360000610351562,222.0
2023-03-09 10:23:00,FMNB,13.350000381469727,13.350000381469727,13.350000381469727,13.350000381469727,13.350000381469727,136.0
2023-03-09 10:23:00,FOCS,51.78499984741211,51.78499984741211,51.78499984741211,51.78499984741211,51.78499984741211,375.0
2023-03-09 10:23:00,FRME,38.085899353027344,38.085899353027344,38.085899353027344,38.085899353027344,38.085899353027344,600.0
2023-03-09 10:23:00,FULT,15.899999618530273,15.899999618530273,15.899999618530273,15.899999618530273,15.899999618530273,288.0
2023-03-09 10:23:00,FUTU,46.8849983215332,46.8849983215332,46.90999984741211,46.84000015258789,46.88999938964844,4233.0
2023-03-09 10:23:00,GBDC,13.524999618530273,13.524999618530273,13.524999618530273,13.524999618530273,13.524999618530273,235.0
2023-03-09 10:23:00,GLAD,9.979999542236328,9.979999542236328,9.979999542236328,9.979999542236328,9.979999542236328,457.0
2023-03-09 10:23:00,GOCO,18.18000030517578,18.18000030517578,18.200000762939453,18.18000030517578,18.200000762939453,1855.0
2023-03-09 10:23:00,GSHD,53.32500076293945,53.32500076293945,53.32500076293945,53.25,53.25,262.0
2023-03-09 10:23:00,HBAN,14.145000457763672,14.145000457763672,14.15250015258789,14.135000228881836,14.149999618530273,103102.0
2023-03-09 10:23:00,HFWA,24.989999771118164,24.989999771118164,24.989999771118164,24.989999771118164,24.989999771118164,573.0
2023-03-09 10:23:00,HIVE,2.630000114440918,2.630000114440918,2.630000114440918,2.630000114440918,2.630000114440918,473.0
2023-03-09 10:23:00,HLNE,76.69999694824219,76.69999694824219,76.94999694824219,76.69999694824219,76.94999694824219,1173.0
2023-03-09 10:23:00,HMST,22.739999771118164,22.739999771118164,22.739999771118164,22.739999771118164,22.739999771118164,277.0
2023-03-09 10:23:00,HONE,12.859999656677246,12.859999656677246,12.869999885559082,12.859999656677246,12.869999885559082,773.0
2023-03-09 10:23:00,HOPE,12.039999961853027,12.039999961853027,12.039999961853027,12.039999961853027,12.039999961853027,391.0
2023-03-09 10:23:00,HRZN,11.970000267028809,11.970000267028809,11.970000267028809,11.970000267028809,11.970000267028809,437.0
2023-03-09 10:23:00,HUT,1.4400999546051025,1.4400999546051025,1.4493999481201172,1.4400999546051025,1.4450000524520874,1410.0
2023-03-09 10:23:00,HWC,45.0,45.0,45.040000915527344,45.0,45.040000915527344,706.0
2023-03-09 10:23:00,IBKR,88.41999816894531,88.41999816894531,88.44499969482422,88.36000061035156,88.37000274658203,3201.0
2023-03-09 10:23:00,IBOC,45.83000183105469,45.83000183105469,45.834999084472656,45.83000183105469,45.834999084472656,449.0
2023-03-09 10:23:00,IBTX,53.599998474121094,53.599998474121094,53.599998474121094,53.599998474121094,53.599998474121094,251.0
2023-03-09 10:24:00,ACGL,69.72000122070312,69.72000122070312,69.76499938964844,69.70500183105469,69.76499938964844,6960.0
2023-03-09 10:24:00,ACGLN,19.152999877929688,19.152999877929688,19.152999877929688,19.152999877929688,19.152999877929688,546.0
2023-03-09 10:24:00,ACGLO,22.668399810791016,22.668399810791016,22.66939926147461,22.649999618530273,22.649999618530273,383.0
2023-03-09 10:24:00,AMAL,21.649999618530273,21.649999618530273,21.649999618530273,21.649999618530273,21.649999618530273,184.0
2023-03-09 10:24:00,ANZU,9.944999694824219,9.944999694824219,9.944999694824219,9.944999694824219,9.944999694824219,200.0
2023-03-09 10:24:00,ARCC,19.16200065612793,19.16200065612793,19.170000076293945,19.161300659179688,19.161300659179688,11474.0
2023-03-09 10:24:00,AUB,37.400001525878906,37.400001525878906,37.404998779296875,37.38999938964844,37.38999938964844,1125.0
2023-03-09 10:24:00,BCML,19.770000457763672,19.770000457763672,19.770000457763672,19.770000457763672,19.770000457763672,123.0
2023-03-09 10:24:00,BGCP,5.059999942779541,5.059999942779541,5.059999942779541,5.059999942779541,5.059999942779541,600.0
2023-03-09 10:24:00,BITF,0.7902010083198547,0.7902010083198547,0.7902010083198547,0.7902010083198547,0.7902010083198547,254.0
2023-03-09 10:24:00,BMRC,27.129600524902344,27.129600524902344,27.129600524902344,27.129600524902344,27.129600524902344,361.0
2023-03-09 10:24:00,BPOP,63.61000061035156,63.61000061035156,63.70000076293945,63.61000061035156,63.68000030517578,5525.0
2023-03-09 10:24:00,BRKL,11.720000267028809,11.720000267028809,11.739999771118164,11.710000038146973,11.71500015258789,11754.0
2023-03-09 10:24:00,BTBT,1.159999966621399,1.159999966621399,1.159999966621399,1.159999966621399,1.159999966621399,100.0
2023-03-09 10:24:00,CATY,40.244998931884766,40.244998931884766,40.244998931884766,40.244998931884766,40.244998931884766,1596.0
2023-03-09 10:24:00,CBSH,62.150001525878906,62.150001525878906,62.150001525878906,62.150001525878906,62.150001525878906,476.0
2023-03-09 10:24:00,CCAP,15.100000381469727,15.100000381469727,15.109999656677246,15.100000381469727,15.109999656677246,1706.0
2023-03-09 10:24:00,CCNE,22.809999465942383,22.809999465942383,22.829999923706055,22.809999465942383,22.829999923706055,324.0
2023-03-09 10:24:00,CG,34.52000045776367,34.52000045776367,34.560001373291016,34.5099983215332,34.560001373291016,4387.0
2023-03-09 10:24:00,CGBD,15.079999923706055,15.079999923706055,15.079999923706055,15.079999923706055,15.079999923706055,698.0
2023-03-09 10:24:00,CINF,117.11000061035156,117.11000061035156,117.11000061035156,117.11000061035156,117.11000061035156,213.0
2023-03-09 10:24:00,CME,180.6750030517578,180.6750030517578,180.67999267578125,180.6750030517578,180.67999267578125,980.0
2023-03-09 10:24:00,COLB,26.05500030517578,26.05500030517578,26.05500030517578,25.9950008392334,26.010000228881836,5172.0
2023-03-09 10:24:00,COOP,44.970001220703125,44.970001220703125,44.97999954223633,44.970001220703125,44.97999954223633,530.0
2023-03-09 10:24:00,CSQ,14.090100288391113,14.090100288391113,14.090100288391113,14.090100288391113,14.090100288391113,323.0
2023-03-09 10:24:00,CSWC,18.569900512695312,18.569900512695312,18.569900512695312,18.559999465942383,18.559999465942383,689.0
2023-03-09 10:24:00,CVBF,22.209999084472656,22.209999084472656,22.21299934387207,22.209999084472656,22.209999084472656,548.0
2023-03-09 10:24:00,EBC,14.979999542236328,14.979999542236328,14.979999542236328,14.979999542236328,14.979999542236328,673.0
2023-03-09 10:24:00,ERIE,233.66000366210938,233.66000366210938,233.88999938964844,233.66000366210938,233.88999938964844,356.0
2023-03-09 10:24:00,EWBC,70.80000305175781,70.80000305175781,70.9000015258789,70.80000305175781,70.9000015258789,2338.0
2023-03-09 10:24:00,EZPW,8.944999694824219,8.944999694824219,8.949999809265137,8.944999694824219,8.949999809265137,460.0
2023-03-09 10:24:00,FBNC,39.1349983215332,39.1349983215332,39.1349983215332,39.1349983215332,39.1349983215332,130.0
2023-03-09 10:24:00,FCNCA,673.4600219726562,673.4600219726562,673.4600219726562,673.4000244140625,673.4299926757812,480.0
2023-03-09 10:24:00,FCRD,4.619999885559082,4.619999885559082,4.660099983215332,4.619999885559082,4.659999847412109,7468.0
2023-03-09 10:24:00,FDUS,20.459999084472656,20.459999084472656,20.459999084472656,20.459999084472656,20.459999084472656,111.0
2023-03-09 10:24:00,FFBC,22.81999969482422,22.81999969482422,22.81999969482422,22.809999465942383,22.809999465942383,368.0
2023-03-09 10:24:00,FFIC,17.739999771118164,17.739999771118164,17.75,17.739999771118164,17.75,750.0
2023-03-09 10:24:00,FFWM,13.510000228881836,13.510000228881836,13.510000228881836,13.510000228881836,13.510000228881836,257.0
2023-03-09 10:24:00,FHB,24.510000228881836,24.510000228881836,24.549999237060547,24.510000228881836,24.549999237060547,2208.0
2023-03-09 10:24:00,FIBK,33.150001525878906,33.150001525878906,33.15999984741211,33.13999938964844,33.15999984741211,1488.0
2023-03-09 10:24:00,FITB,32.880001068115234,32.880001068115234,32.904998779296875,32.869998931884766,32.900001525878906,16674.0
2023-03-09 10:24:00,FITBI,25.20680046081543,25.20680046081543,25.20680046081543,25.20680046081543,25.20680046081543,175.0
2023-03-09 10:24:00,FITBO,22.540000915527344,22.540000915527344,22.540000915527344,22.540000915527344,22.540000915527344,0.0
2023-03-09 10:24:00,FMNB,13.345000267028809,13.345000267028809,13.345000267028809,13.345000267028809,13.345000267028809,552.0
2023-03-09 10:24:00,FOCS,51.78499984741211,51.78499984741211,51.78499984741211,51.779998779296875,51.78499984741211,553.0
2023-03-09 10:24:00,FRBK,1.8049999475479126,1.8049999475479126,1.8049999475479126,1.8049999475479126,1.8049999475479126,131.0
2023-03-09 10:24:00,FRST,11.23550033569336,11.23550033569336,11.23550033569336,11.23550033569336,11.23550033569336,300.0
2023-03-09 10:24:00,FULT,15.899999618530273,15.899999618530273,15.899999618530273,15.899999618530273,15.899999618530273,603.0
2023-03-09 10:24:00,FUTU,46.72999954223633,46.72999954223633,46.8849983215332,46.70000076293945,46.8849983215332,9966.0
2023-03-09 10:24:00,GBDC,13.51200008392334,13.51200008392334,13.524999618530273,13.510000228881836,13.520000457763672,8057.0
2023-03-09 10:24:00,GGAL,12.857999801635742,12.857999801635742,12.857999801635742,12.800000190734863,12.819999694824219,2598.0
2023-03-09 10:24:00,HBAN,14.140000343322754,14.140000343322754,14.149999618530273,14.135000228881836,14.149999618530273,23624.0
2023-03-09 10:24:00,HBANP,19.316999435424805,19.316999435424805,19.316999435424805,19.316999435424805,19.316999435424805,420.0
2023-03-09 10:24:00,HFWA,24.959999084472656,24.959999084472656,24.959999084472656,24.959999084472656,24.959999084472656,177.0
2023-03-09 10:24:00,HIVE,2.629300117492676,2.629300117492676,2.6382999420166016,2.629300117492676,2.6382999420166016,712.0
2023-03-09 10:24:00,HONE,12.84000015258789,12.84000015258789,12.850000381469727,12.84000015258789,12.850000381469727,400.0
2023-03-09 10:24:00,HOPE,12.050000190734863,12.050000190734863,12.055000305175781,12.050000190734863,12.055000305175781,719.0
2023-03-09 10:24:00,HUT,1.4450000524520874,1.4450000524520874,1.4500000476837158,1.44159996509552,1.4424999952316284,6600.0
2023-03-09 10:24:00,HWC,44.95000076293945,44.95000076293945,45.0,44.95000076293945,45.0,7158.0
2023-03-09 10:24:00,IBKR,88.4749984741211,88.4749984741211,88.55999755859375,88.38500213623047,88.44000244140625,8039.0
2023-03-09 10:24:00,IBOC,45.834999084472656,45.834999084472656,45.834999084472656,45.83000183105469,45.83000183105469,794.0
2023-03-09 10:25:00,ABCB,43.65999984741211,43.65999984741211,43.65999984741211,43.65999984741211,43.65999984741211,373.0
2023-03-09 10:25:00,ACGL,69.68000030517578,69.68000030517578,69.71499633789062,69.66999816894531,69.71499633789062,3922.0
2023-03-09 10:25:00,ACT,24.1299991607666,24.1299991607666,24.1299991607666,24.110000610351562,24.110000610351562,215.0
2023-03-09 10:25:00,ALRS,19.020000457763672,19.020000457763672,19.020000457763672,19.020000457763672,19.020000457763672,105.0
2023-03-09 10:25:00,AMRK,28.239999771118164,28.239999771118164,28.239999771118164,28.174999237060547,28.174999237060547,550.0
2023-03-09 10:25:00,APLD,2.234999895095825,2.234999895095825,2.234999895095825,2.234999895095825,2.234999895095825,144.0
2023-03-09 10:25:00,ARCC,19.165000915527344,19.165000915527344,19.169599533081055,19.15999984741211,19.165000915527344,3531.0
2023-03-09 10:25:00,BANR,59.380001068115234,59.380001068115234,59.380001068115234,59.380001068115234,59.380001068115234,284.0
2023-03-09 10:25:00,BANX,18.649999618530273,18.649999618530273,18.649999618530273,18.649999618530273,18.649999618530273,0.0
2023-03-09 10:25:00,BCML,19.649999618530273,19.649999618530273,19.670000076293945,19.649999618530273,19.670000076293945,1848.0
2023-03-09 10:25:00,BGCP,5.054999828338623,5.054999828338623,5.054999828338623,5.054999828338623,5.054999828338623,1550.0
2023-03-09 10:25:00,BHF,54.0099983215332,54.0099983215332,54.04999923706055,54.0099983215332,54.04999923706055,1398.0
2023-03-09 10:25:00,BITF,0.7900000214576721,0.7900000214576721,0.791100025177002,0.7900000214576721,0.7910000085830688,16065.0
2023-03-09 10:25:00,BPOP,63.6349983215332,63.6349983215332,63.6349983215332,63.619998931884766,63.619998931884766,635.0
2023-03-09 10:25:00,BRKL,11.710000038146973,11.710000038146973,11.710000038146973,11.710000038146973,11.710000038146973,423.0
2023-03-09 10:25:00,BTBT,1.1649999618530273,1.1649999618530273,1.1649999618530273,1.159999966621399,1.159999966621399,7420.0
2023-03-09 10:25:00,BTCS,1.2019000053405762,1.2019000053405762,1.2019000053405762,1.2019000053405762,1.2019000053405762,2441.0
2023-03-09 10:25:00,CASH,47.70000076293945,47.70000076293945,47.70000076293945,47.70000076293945,47.70000076293945,497.0
2023-03-09 10:25:00,CBSH,62.11000061035156,62.11000061035156,62.11000061035156,62.09000015258789,62.11000061035156,1853.0
2023-03-09 10:25:00,CFFN,7.644999980926514,7.644999980926514,7.650000095367432,7.644999980926514,7.650000095367432,1743.0
2023-03-09 10:25:00,CG,34.54499816894531,34.54499816894531,34.54499816894531,34.53499984741211,34.53499984741211,1750.0
2023-03-09 10:25:00,CGBD,15.09000015258789,15.09000015258789,15.09000015258789,15.079999923706055,15.079999923706055,1093.0
2023-03-09 10:25:00,CINF,117.125,117.125,117.125,117.09829711914062,117.09829711914062,1002.0
2023-03-09 10:25:00,CLBK,19.850000381469727,19.850000381469727,19.889999389648438,19.850000381469727,19.889999389648438,1145.0
2023-03-09 10:25:00,CME,180.5500030517578,180.5500030517578,180.80499267578125,180.5,180.72000122070312,4788.0
2023-03-09 10:25:00,CNOB,22.6200008392334,22.6200008392334,22.6200008392334,22.6200008392334,22.6200008392334,346.0
2023-03-09 10:25:00,COLB,26.040000915527344,26.040000915527344,26.049999237060547,26.0049991607666,26.049999237060547,34012.0
2023-03-09 10:25:00,COOP,44.9900016784668,44.9900016784668,44.9900016784668,44.91999816894531,44.959999084472656,4035.0
2023-03-09 10:25:00,CSLM,10.319999694824219,10.319999694824219,10.319999694824219,10.319999694824219,10.319999694824219,600.0
2023-03-09 10:25:00,CVBF,22.200000762939453,22.200000762939453,22.209999084472656,22.200000762939453,22.200000762939453,1227.0
2023-03-09 10:25:00,CVCY,24.65999984741211,24.65999984741211,24.65999984741211,24.65999984741211,24.65999984741211,161.0
2023-03-09 10:25:00,DWAC,14.166000366210938,14.166000366210938,14.166000366210938,14.166000366210938,14.166000366210938,140.0
2023-03-09 10:25:00,EBC,14.979999542236328,14.979999542236328,14.979999542236328,14.979999542236328,14.979999542236328,1189.0
2023-03-09 10:25:00,EZPW,8.944999694824219,8.944999694824219,8.944999694824219,8.944999694824219,8.944999694824219,114.0
2023-03-09 10:25:00,FANH,8.140000343322754,8.140000343322754,8.15999984741211,8.130000114440918,8.15999984741211,526.0
2023-03-09 10:25:00,FBMS,29.059999465942383,29.059999465942383,29.15999984741211,29.059999465942383,29.15999984741211,1848.0
2023-03-09 10:25:00,FCFS,88.09500122070312,88.09500122070312,88.09500122070312,88.09500122070312,88.09500122070312,965.0
2023-03-09 10:25:00,FCRD,4.622700214385986,4.622700214385986,4.639999866485596,4.622000217437744,4.639999866485596,880.0
2023-03-09 10:25:00,FDUS,20.448999404907227,20.448999404907227,20.448999404907227,20.448999404907227,20.448999404907227,150.0
2023-03-09 10:25:00,FFIN,34.31999969482422,34.31999969482422,34.31999969482422,34.284000396728516,34.284000396728516,773.0
2023-03-09 10:25:00,FFWM,13.414999961853027,13.414999961853027,13.510000228881836,13.40999984741211,13.510000228881836,36005.0
2023-03-09 10:25:00,FHB,24.549999237060547,24.549999237060547,24.549999237060547,24.479999542236328,24.479999542236328,5472.0
2023-03-09 10:25:00,FIBK,33.154998779296875,33.154998779296875,33.154998779296875,33.13999938964844,33.14500045776367,2787.0
2023-03-09 10:25:00,FITB,32.880001068115234,32.880001068115234,32.88999938964844,32.86000061035156,32.880001068115234,7617.0
2023-03-09 10:25:00,FITBI,25.204999923706055,25.204999923706055,25.204999923706055,25.200000762939453,25.200000762939453,617.0
2023-03-09 10:25:00,FITBO,22.540000915527344,22.540000915527344,22.540000915527344,22.520000457763672,22.520000457763672,538.0
2023-03-09 10:25:00,FLIC,16.364999771118164,16.364999771118164,16.379899978637695,16.364999771118164,16.379899978637695,200.0
2023-03-09 10:25:00,FOCS,51.78499984741211,51.78499984741211,51.790000915527344,51.779998779296875,51.790000915527344,2377.0
2023-03-09 10:25:00,FRST,11.225000381469727,11.225000381469727,11.225000381469727,11.225000381469727,11.225000381469727,373.0
2023-03-09 10:25:00,FSFG,19.530000686645508,19.530000686645508,19.530000686645508,19.530000686645508,19.530000686645508,0.0
2023-03-09 10:25:00,FULT,15.899999618530273,15.899999618530273,15.899999618530273,15.899999618530273,15.899999618530273,711.0
2023-03-09 10:25:00,FUTU,46.95000076293945,46.95000076293945,46.95000076293945,46.712100982666016,46.712100982666016,4875.0
2023-03-09 10:25:00,GBDC,13.510000228881836,13.510000228881836,13.515000343322754,13.510000228881836,13.515000343322754,2927.0
2023-03-09 10:25:00,GGAL,12.824999809265137,12.824999809265137,12.875,12.824999809265137,12.864999771118164,1603.0
2023-03-09 10:25:00,GLRE,10.069999694824219,10.069999694824219,10.090299606323242,10.069999694824219,10.09000015258789,2154.0
2023-03-09 10:25:00,GOCO,18.079999923706055,18.079999923706055,18.209999084472656,18.079999923706055,18.209999084472656,573.0
2023-03-09 10:25:00,GSHD,53.15999984741211,53.15999984741211,53.15999984741211,53.15999984741211,53.15999984741211,539.0
2023-03-09 10:25:00,HBAN,14.145000457763672,14.145000457763672,14.145000457763672,14.130000114440918,14.130000114440918,12977.0
2023-03-09 10:25:00,HBANP,19.295000076293945,19.295000076293945,19.295000076293945,19.295000076293945,19.295000076293945,914.0
2023-03-09 10:25:00,HBNC,14.4399995803833,14.4399995803833,14.4399995803833,14.430000305175781,14.430000305175781,643.0
2023-03-09 10:25:00,HBT,22.1200008392334,22.1200008392334,22.1200008392334,22.1200008392334,22.1200008392334,135.0
2023-03-09 10:25:00,HGBL,2.5,2.5,2.505000114440918,2.5,2.505000114440918,1680.0
2023-03-09 10:25:00,HIVE,2.630000114440918,2.630000114440918,2.630000114440918,2.630000114440918,2.630000114440918,900.0
2023-03-09 10:25:00,HLNE,76.6697006225586,76.6697006225586,76.6697006225586,76.6697006225586,76.6697006225586,601.0
2023-03-09 10:25:00,HONE,12.84000015258789,12.84000015258789,12.84000015258789,12.829999923706055,12.829999923706055,548.0
2023-03-09 10:25:00,HRZN,12.0,12.0,12.0,11.970000267028809,11.970000267028809,964.0
2023-03-09 10:25:00,HUT,1.4438999891281128,1.4438999891281128,1.4450000524520874,1.440000057220459,1.4426000118255615,1457.0
2023-03-09 10:25:00,HWC,44.93000030517578,44.93000030517578,44.93000030517578,44.93000030517578,44.93000030517578,665.0
2023-03-09 10:25:00,IBKR,88.5999984741211,88.5999984741211,88.5999984741211,88.36000061035156,88.43000030517578,9551.0
2023-03-09 10:25:00,IBOC,45.834999084472656,45.834999084472656,45.834999084472656,45.834999084472656,45.834999084472656,651.0
2023-03-09 10:26:00,ACGL,69.66999816894531,69.66999816894531,69.66999816894531,69.62000274658203,69.65499877929688,3882.0
2023-03-09 10:26:00,ACGLN,19.17729949951172,19.17729949951172,19.17729949951172,19.17729949951172,19.17729949951172,1388.0
2023-03-09 10:26:00,ACGLO,22.614099502563477,22.614099502563477,22.614099502563477,22.614099502563477,22.614099502563477,581.0
2023-03-09 10:26:00,ACT,24.15999984741211,24.15999984741211,24.15999984741211,24.1200008392334,24.1200008392334,730.0
2023-03-09 10:26:00,AMAL,21.56999969482422,21.56999969482422,21.56999969482422,21.56999969482422,21.56999969482422,209.0
2023-03-09 10:26:00,ARCC,19.149999618530273,19.149999618530273,19.167200088500977,19.149999618530273,19.167200088500977,7576.0
2023-03-09 10:26:00,AUB,37.38999938964844,37.38999938964844,37.38999938964844,37.369998931884766,37.37699890136719,2745.0
2023-03-09 10:26:00,BCML,19.649999618530273,19.649999618530273,19.649999618530273,19.649999618530273,19.649999618530273,876.0
2023-03-09 10:26:00,BGCP,5.050000190734863,5.050000190734863,5.059999942779541,5.050000190734863,5.0507001876831055,13935.0
2023-03-09 10:26:00,BHF,53.95000076293945,53.95000076293945,54.0099983215332,53.95000076293945,54.0099983215332,2739.0
2023-03-09 10:26:00,BHFAM,16.649999618530273,16.649999618530273,16.649999618530273,16.649999618530273,16.649999618530273,300.0
2023-03-09 10:26:00,BITF,0.7967000007629395,0.7967000007629395,0.7967000007629395,0.7967000007629395,0.7967000007629395,210.0
2023-03-09 10:26:00,BLFY,11.770000457763672,11.770000457763672,11.770000457763672,11.770000457763672,11.770000457763672,192.0
2023-03-09 10:26:00,BMRC,27.139999389648438,27.139999389648438,27.139999389648438,27.139999389648438,27.139999389648438,226.0
2023-03-09 10:26:00,BPOP,63.65999984741211,63.65999984741211,63.70000076293945,63.65999984741211,63.70000076293945,871.0
2023-03-09 10:26:00,BRKL,11.699999809265137,11.699999809265137,11.699999809265137,11.6899995803833,11.6899995803833,903.0
2023-03-09 10:26:00,BSVN,28.200000762939453,28.200000762939453,28.229999542236328,28.200000762939453,28.219999313354492,621.0
2023-03-09 10:26:00,BTBT,1.159999966621399,1.159999966621399,1.159999966621399,1.159999966621399,1.159999966621399,478.0
2023-03-09 10:26:00,BUSE,22.895000457763672,22.895000457763672,22.895000457763672,22.895000457763672,22.895000457763672,341.0
2023-03-09 10:26:00,BWB,13.899999618530273,13.899999618530273,13.954999923706055,13.899999618530273,13.954999923706055,977.0
2023-03-09 10:26:00,CBAN,11.899999618530273,11.899999618530273,11.90999984741211,11.899999618530273,11.90999984741211,714.0
2023-03-09 10:26:00,CBSH,62.09040069580078,62.09040069580078,62.09040069580078,62.09040069580078,62.09040069580078,468.0
2023-03-09 10:26:00,CCB,43.0099983215332,43.0099983215332,43.02000045776367,43.0,43.02000045776367,541.0
2023-03-09 10:26:00,CCBG,33.939998626708984,33.939998626708984,33.939998626708984,33.939998626708984,33.939998626708984,108.0
2023-03-09 10:26:00,CG,34.53499984741211,34.53499984741211,34.560001373291016,34.53499984741211,34.54999923706055,3034.0
2023-03-09 10:26:00,CGBD,15.069999694824219,15.069999694824219,15.069999694824219,15.069999694824219,15.069999694824219,820.0
2023-03-09 10:26:00,CHY,12.324999809265137,12.324999809265137,12.324999809265137,12.324999809265137,12.324999809265137,542.0
2023-03-09 10:26:00,CIFR,1.4249999523162842,1.4249999523162842,1.4249999523162842,1.4249999523162842,1.4249999523162842,102.0
2023-03-09 10:26:00,CLST,12.869999885559082,12.869999885559082,12.869999885559082,12.869999885559082,12.869999885559082,102.0
2023-03-09 10:26:00,CME,180.5500030517578,180.5500030517578,180.55999755859375,180.50999450683594,180.50999450683594,981.0
2023-03-09 10:26:00,CNOB,22.59000015258789,22.59000015258789,22.59000015258789,22.59000015258789,22.59000015258789,181.0
2023-03-09 10:26:00,COLB,26.020000457763672,26.020000457763672,26.05500030517578,26.0049991607666,26.040000915527344,29888.0
2023-03-09 10:26:00,COOP,44.93000030517578,44.93000030517578,44.93000030517578,44.93000030517578,44.93000030517578,947.0
2023-03-09 10:26:00,CSLM,10.319999694824219,10.319999694824219,10.319999694824219,10.319999694824219,10.319999694824219,200.0
2023-03-09 10:26:00,CSWC,18.549999237060547,18.549999237060547,18.559999465942383,18.549999237060547,18.559999465942383,4611.0
2023-03-09 10:26:00,CULL,11.899999618530273,11.899999618530273,11.899999618530273,11.899999618530273,11.899999618530273,0.0
2023-03-09 10:26:00,CVBF,22.18000030517578,22.18000030517578,22.18000030517578,22.18000030517578,22.18000030517578,614.0
2023-03-09 10:26:00,DNAD,10.204999923706055,10.204999923706055,10.204999923706055,10.204999923706055,10.204999923706055,100.0
2023-03-09 10:26:00,DWAC,14.160099983215332,14.160099983215332,14.160099983215332,14.160099983215332,14.160099983215332,141.0
2023-03-09 10:26:00,EBC,14.984999656677246,14.984999656677246,14.984999656677246,14.979999542236328,14.979999542236328,290.0
2023-03-09 10:26:00,ECPG,50.599998474121094,50.599998474121094,50.599998474121094,50.45000076293945,50.45000076293945,924.0
2023-03-09 10:26:00,EFSC,52.025001525878906,52.025001525878906,52.029998779296875,52.025001525878906,52.029998779296875,356.0
2023-03-09 10:26:00,ERIE,233.99000549316406,233.99000549316406,233.99000549316406,233.99000549316406,233.99000549316406,136.0
2023-03-09 10:26:00,EWBC,70.72000122070312,70.72000122070312,70.7699966430664,70.72000122070312,70.7699966430664,725.0
2023-03-09 10:26:00,EZPW,8.9399995803833,8.9399995803833,8.944999694824219,8.9399995803833,8.944999694824219,302.0
2023-03-09 10:26:00,FANH,8.044400215148926,8.044400215148926,8.149999618530273,8.044400215148926,8.104999542236328,1220.0
2023-03-09 10:26:00,FBMS,29.084999084472656,29.084999084472656,29.1200008392334,29.079999923706055,29.079999923706055,1084.0
2023-03-09 10:26:00,FBNC,39.06010055541992,39.06010055541992,39.130001068115234,39.06010055541992,39.130001068115234,287.0
2023-03-09 10:26:00,FCRD,4.630000114440918,4.630000114440918,4.630000114440918,4.630000114440918,4.630000114440918,100.0
2023-03-09 10:26:00,FFBC,22.790000915527344,22.790000915527344,22.790000915527344,22.780000686645508,22.790000915527344,1011.0
2023-03-09 10:26:00,FFIN,34.31999969482422,34.31999969482422,34.34000015258789,34.31999969482422,34.34000015258789,315.0
2023-03-09 10:26:00,FFWM,13.430000305175781,13.430000305175781,13.430000305175781,13.400799751281738,13.400799751281738,1524.0
2023-03-09 10:26:00,FHB,24.489999771118164,24.489999771118164,24.5049991607666,24.489999771118164,24.5049991607666,623.0
2023-03-09 10:26:00,FIBK,33.150001525878906,33.150001525878906,33.150001525878906,33.13999938964844,33.150001525878906,2660.0
2023-03-09 10:26:00,FITB,32.869998931884766,32.869998931884766,32.880001068115234,32.86000061035156,32.880001068115234,9426.0
2023-03-09 10:26:00,FLIC,16.3799991607666,16.3799991607666,16.3799991607666,16.3799991607666,16.3799991607666,552.0
2023-03-09 10:26:00,FMBH,28.610000610351562,28.610000610351562,28.610000610351562,28.610000610351562,28.610000610351562,654.0
2023-03-09 10:26:00,FNCB,7.510000228881836,7.510000228881836,7.510000228881836,7.510000228881836,7.510000228881836,253.0
2023-03-09 10:26:00,FOCS,51.78499984741211,51.78499984741211,51.790000915527344,51.78499984741211,51.78499984741211,1888.0
2023-03-09 10:26:00,FRBK,1.8049999475479126,1.8049999475479126,1.8049999475479126,1.8049999475479126,1.8049999475479126,201.0
2023-03-09 10:26:00,FULT,15.890000343322754,15.890000343322754,15.890000343322754,15.885000228881836,15.890000343322754,1070.0
2023-03-09 10:26:00,FUND,8.5649995803833,8.5649995803833,8.5649995803833,8.5649995803833,8.5649995803833,100.0
2023-03-09 10:26:00,FUTU,46.779998779296875,46.779998779296875,46.849998474121094,46.73500061035156,46.849998474121094,2915.0
2023-03-09 10:26:00,GABC,36.0099983215332,36.0099983215332,36.0099983215332,36.0099983215332,36.0099983215332,274.0
2023-03-09 10:26:00,GCMG,8.336000442504883,8.336000442504883,8.336000442504883,8.331999778747559,8.331999778747559,1223.0
2023-03-09 10:26:00,GGAL,12.833999633789062,12.833999633789062,12.839500427246094,12.833999633789062,12.839500427246094,456.0
2023-03-09 10:26:00,GLRE,10.069999694824219,10.069999694824219,10.069999694824219,10.069999694824219,10.069999694824219,503.0
2023-03-09 10:26:00,GREE,0.446399986743927,0.446399986743927,0.446399986743927,0.446399986743927,0.446399986743927,4400.0
2023-03-09 10:26:00,HBAN,14.132499694824219,14.132499694824219,14.140000343322754,14.130000114440918,14.140000343322754,14948.0
2023-03-09 10:26:00,HBANP,19.209999084472656,19.209999084472656,19.209999084472656,19.209999084472656,19.209999084472656,240.0
2023-03-09 10:26:00,HBNC,14.430000305175781,14.430000305175781,14.430000305175781,14.430000305175781,14.430000305175781,393.0
2023-03-09 10:26:00,HBT,22.1299991607666,22.1299991607666,22.1299991607666,22.1299991607666,22.1299991607666,163.0
2023-03-09 10:26:00,HFWA,24.93000030517578,24.93000030517578,24.979999542236328,24.90999984741211,24.920000076293945,1904.0
2023-03-09 10:26:00,HGBL,2.5,2.5,2.5,2.5,2.5,200.0
2023-03-09 10:26:00,HIVE,2.630000114440918,2.630000114440918,2.630000114440918,2.630000114440918,2.630000114440918,12692.0
2023-03-09 10:26:00,HLNE,76.54000091552734,76.54000091552734,76.6500015258789,76.54000091552734,76.6500015258789,1289.0
2023-03-09 10:26:00,HOPE,12.029999732971191,12.029999732971191,12.03499984741211,12.029999732971191,12.03499984741211,2058.0
2023-03-09 10:26:00,HTBK,11.100000381469727,11.100000381469727,11.100000381469727,11.100000381469727,11.100000381469727,697.0
2023-03-09 10:26:00,HTLF,46.42499923706055,46.42499923706055,46.42499923706055,46.42499923706055,46.42499923706055,114.0
2023-03-09 10:26:00,HUT,1.4484000205993652,1.4484000205993652,1.4484000205993652,1.4484000205993652,1.4484000205993652,508.0
2023-03-09 10:26:00,HWC,44.900001525878906,44.900001525878906,44.900001525878906,44.880001068115234,44.880001068115234,1223.0
2023-03-09 10:26:00,IBKR,88.53079986572266,88.53079986572266,88.61000061035156,88.48999786376953,88.57499694824219,7612.0
2023-03-09 10:26:00,IBOC,45.73500061035156,45.73500061035156,45.790000915527344,45.73500061035156,45.790000915527344,1064.0
2023-03-09 10:26:00,IBTX,53.560001373291016,53.560001373291016,53.560001373291016,53.560001373291016,53.560001373291016,618.0
2023-03-09 10:27:00,ABCB,43.65999984741211,43.65999984741211,43.689998626708984,43.65999984741211,43.689998626708984,737.0
2023-03-09 10:27:00,ACGL,69.73999786376953,69.73999786376953,69.7699966430664,69.69000244140625,69.69000244140625,2891.0
2023-03-09 10:27:00,AMAL,21.579999923706055,21.579999923706055,21.579999923706055,21.579999923706055,21.579999923706055,680.0
2023-03-09 10:27:00,AMRK,28.239999771118164,28.239999771118164,28.239999771118164,28.239999771118164,28.239999771118164,745.0
2023-03-09 10:27:00,ARCC,19.149999618530273,19.149999618530273,19.159900665283203,19.149999618530273,19.159099578857422,8054.0
2023-03-09 10:27:00,ATAK,10.289999961853027,10.289999961853027,10.289999961853027,10.289999961853027,10.289999961853027,0.0
2023-03-09 10:27:00,AUB,37.47999954223633,37.47999954223633,37.47999954223633,37.400001525878906,37.400001525878906,2212.0
2023-03-09 10:27:00,BGCP,5.059999942779541,5.059999942779541,5.059999942779541,5.050000190734863,5.050000190734863,2433.0
2023-03-09 10:27:00,BHF,53.95000076293945,53.95000076293945,53.95000076293945,53.939998626708984,53.939998626708984,370.0
2023-03-09 10:27:00,BHFAP,24.877899169921875,24.877899169921875,24.877899169921875,24.877899169921875,24.877899169921875,400.0
2023-03-09 10:27:00,BITF,0.7900000214576721,0.7900000214576721,0.7980999946594238,0.7900000214576721,0.7972570061683655,7996.0
2023-03-09 10:27:00,BPOP,63.599998474121094,63.599998474121094,63.599998474121094,63.599998474121094,63.599998474121094,320.0
2023-03-09 10:27:00,BRKL,11.725000381469727,11.725000381469727,11.725000381469727,11.710000038146973,11.710000038146973,6193.0
2023-03-09 10:27:00,CBAN,11.9399995803833,11.9399995803833,11.96500015258789,11.930000305175781,11.930000305175781,3500.0
2023-03-09 10:27:00,CBSH,62.0797004699707,62.0797004699707,62.099998474121094,62.0797004699707,62.099998474121094,973.0
2023-03-09 10:27:00,CCAP,15.100000381469727,15.100000381469727,15.100000381469727,15.100000381469727,15.100000381469727,958.0
2023-03-09 10:27:00,CCD,22.920000076293945,22.920000076293945,22.920000076293945,22.920000076293945,22.920000076293945,450.0
2023-03-09 10:27:00,CCNE,22.799999237060547,22.799999237060547,22.799999237060547,22.799999237060547,22.799999237060547,100.0
2023-03-09 10:27:00,CG,34.529998779296875,34.529998779296875,34.540000915527344,34.529998779296875,34.529998779296875,2353.0
2023-03-09 10:27:00,CGBD,15.09000015258789,15.09000015258789,15.09000015258789,15.09000015258789,15.09000015258789,1570.0
2023-03-09 10:27:00,CHI,11.940400123596191,11.940400123596191,11.940400123596191,11.940400123596191,11.940400123596191,3911.0
2023-03-09 10:27:00,CHY,12.310199737548828,12.310199737548828,12.310199737548828,12.3100004196167,12.310199737548828,3902.0
2023-03-09 10:27:00,CIFR,1.429900050163269,1.429900050163269,1.4299999475479126,1.429900050163269,1.4299999475479126,250.0
2023-03-09 10:27:00,CINF,117.2750015258789,117.2750015258789,117.3499984741211,117.1050033569336,117.1050033569336,1875.0
2023-03-09 10:27:00,CIVB,20.7450008392334,20.7450008392334,20.7450008392334,20.7450008392334,20.7450008392334,163.0
2023-03-09 10:27:00,CME,180.61500549316406,180.61500549316406,180.61500549316406,180.55999755859375,180.55999755859375,428.0
2023-03-09 10:27:00,COLB,26.040000915527344,26.040000915527344,26.045000076293945,26.024999618530273,26.024999618530273,2893.0
2023-03-09 10:27:00,COOP,44.869998931884766,44.869998931884766,44.869998931884766,44.869998931884766,44.869998931884766,110.0
2023-03-09 10:27:00,CSQ,14.0802001953125,14.0802001953125,14.0802001953125,14.0802001953125,14.0802001953125,1090.0
2023-03-09 10:27:00,CSWC,18.552499771118164,18.552499771118164,18.552499771118164,18.552499771118164,18.552499771118164,343.0
2023-03-09 10:27:00,CVCY,24.4950008392334,24.4950008392334,24.611000061035156,24.4950008392334,24.611000061035156,802.0
2023-03-09 10:27:00,CZFS,81.47429656982422,81.47429656982422,81.47429656982422,81.47429656982422,81.47429656982422,0.0
2023-03-09 10:27:00,DWAC,14.15999984741211,14.15999984741211,14.15999984741211,14.15999984741211,14.15999984741211,1499.0
2023-03-09 10:27:00,EBC,15.0,15.0,15.0,14.989999771118164,14.989999771118164,1443.0
2023-03-09 10:27:00,EFSC,52.0,52.0,52.005001068115234,52.0,52.005001068115234,2798.0
2023-03-09 10:27:00,EGBN,41.130001068115234,41.130001068115234,41.13999938964844,41.060001373291016,41.060001373291016,1865.0
2023-03-09 10:27:00,ERIE,233.99000549316406,233.99000549316406,233.99000549316406,233.99000549316406,233.99000549316406,766.0
2023-03-09 10:27:00,EWBC,70.89559936523438,70.89559936523438,70.9000015258789,70.76000213623047,70.76000213623047,3422.0
2023-03-09 10:27:00,EZPW,8.940400123596191,8.940400123596191,8.949999809265137,8.940400123596191,8.944999694824219,1345.0
2023-03-09 10:27:00,FBIZ,34.060001373291016,34.060001373291016,34.060001373291016,34.060001373291016,34.060001373291016,175.0
2023-03-09 10:27:00,FBMS,29.06999969482422,29.06999969482422,29.079999923706055,29.06999969482422,29.079999923706055,713.0
2023-03-09 10:27:00,FCNCA,675.3900146484375,675.3900146484375,675.3900146484375,675.3900146484375,675.3900146484375,208.0
2023-03-09 10:27:00,FFIN,34.369998931884766,34.369998931884766,34.369998931884766,34.369998931884766,34.369998931884766,102.0
2023-03-09 10:27:00,FFWM,13.449999809265137,13.449999809265137,13.449999809265137,13.427000045776367,13.427000045776367,1231.0
2023-03-09 10:27:00,FHB,24.489999771118164,24.489999771118164,24.520000457763672,24.489999771118164,24.489999771118164,3062.0
2023-03-09 10:27:00,FIBK,33.13999938964844,33.13999938964844,33.15999984741211,33.13999938964844,33.154998779296875,1738.0
2023-03-09 10:27:00,FITB,32.939998626708984,32.939998626708984,32.939998626708984,32.880001068115234,32.880001068115234,5726.0
2023-03-09 10:27:00,FOCS,51.790000915527344,51.790000915527344,51.790000915527344,51.779998779296875,51.779998779296875,2886.0
2023-03-09 10:27:00,FRST,11.222999572753906,11.222999572753906,11.229999542236328,11.222999572753906,11.229999542236328,577.0
2023-03-09 10:27:00,FULT,15.899999618530273,15.899999618530273,15.899999618530273,15.899999618530273,15.899999618530273,540.0
2023-03-09 10:27:00,FUTU,46.869998931884766,46.869998931884766,46.869998931884766,46.77000045776367,46.77000045776367,2126.0
2023-03-09 10:27:00,GABC,35.900001525878906,35.900001525878906,36.0,35.900001525878906,36.0,1932.0
2023-03-09 10:27:00,GENQW,0.09459999948740005,0.09459999948740005,0.0989999994635582,0.09459999948740005,0.0989999994635582,200.0
2023-03-09 10:27:00,GGAA,10.949999809265137,10.949999809265137,10.949999809265137,10.949999809265137,10.949999809265137,227.0
2023-03-09 10:27:00,GLAD,9.979999542236328,9.979999542236328,9.979999542236328,9.979999542236328,9.979999542236328,116.0
2023-03-09 10:27:00,GLRE,10.039999961853027,10.039999961853027,10.0649995803833,10.039999961853027,10.0649995803833,840.0
2023-03-09 10:27:00,GNTY,29.709999084472656,29.709999084472656,29.709999084472656,29.690000534057617,29.690000534057617,541.0
2023-03-09 10:27:00,HBAN,14.145000457763672,14.145000457763672,14.149999618530273,14.140000343322754,14.145000457763672,116852.0
2023-03-09 10:27:00,HBT,22.125,22.125,22.125,22.125,22.125,315.0
2023-03-09 10:27:00,HLNE,76.59390258789062,76.59390258789062,76.59390258789062,76.59390258789062,76.59390258789062,670.0
2023-03-09 10:27:00,HOPE,12.029999732971191,12.029999732971191,12.03499984741211,12.029999732971191,12.029999732971191,1168.0
2023-03-09 10:27:00,HTBK,11.09000015258789,11.09000015258789,11.09000015258789,11.09000015258789,11.09000015258789,796.0
2023-03-09 10:27:00,HUT,1.4499000310897827,1.4499000310897827,1.4500000476837158,1.440000057220459,1.4408999681472778,11243.0
2023-03-09 10:27:00,HWC,44.93000030517578,44.93000030517578,44.93000030517578,44.91999816894531,44.91999816894531,835.0
2023-03-09 10:27:00,IBKR,88.63500213623047,88.63500213623047,88.63500213623047,88.56500244140625,88.56500244140625,2160.0
2023-03-09 10:27:00,IBOC,45.814998626708984,45.814998626708984,45.814998626708984,45.79499816894531,45.79499816894531,9368.0
2023-03-09 10:27:00,IGIC,8.354999542236328,8.354999542236328,8.354999542236328,8.354999542236328,8.354999542236328,100.0
2023-03-09 10:28:00,ACGL,69.80000305175781,69.80000305175781,69.80000305175781,69.69000244140625,69.72000122070312,9385.0
2023-03-09 10:28:00,ARCC,19.145000457763672,19.145000457763672,19.155000686645508,19.142200469970703,19.155000686645508,25113.0
2023-03-09 10:28:00,AUB,37.47999954223633,37.47999954223633,37.47999954223633,37.47999954223633,37.47999954223633,573.0
2023-03-09 10:28:00,BANR,59.375,59.375,59.375,59.375,59.375,498.0
2023-03-09 10:28:00,BGCP,5.065000057220459,5.065000057220459,5.065000057220459,5.059999942779541,5.059999942779541,1735.0
2023-03-09 10:28:00,BHF,54.0,54.0,54.0,54.0,54.0,852.0
2023-03-09 10:28:00,BITF,0.792900025844574,0.792900025844574,0.792900025844574,0.792900025844574,0.792900025844574,4900.0
2023-03-09 10:28:00,BMRC,27.149999618530273,27.149999618530273,27.149999618530273,27.149999618530273,27.149999618530273,130.0
2023-03-09 10:28:00,BOKF,96.44999694824219,96.44999694824219,96.44999694824219,96.37000274658203,96.37000274658203,202.0
2023-03-09 10:28:00,BPOP,63.56999969482422,63.56999969482422,63.665000915527344,63.52000045776367,63.665000915527344,1652.0
2023-03-09 10:28:00,BRKL,11.729999542236328,11.729999542236328,11.729999542236328,11.729999542236328,11.729999542236328,730.0
2023-03-09 10:28:00,CARV,4.5,4.5,4.5,4.5,4.5,514.0
2023-03-09 10:28:00,CBNK,19.149999618530273,19.149999618530273,19.149999618530273,19.149999618530273,19.149999618530273,138.0
2023-03-09 10:28:00,CCAP,15.09000015258789,15.09000015258789,15.119799613952637,15.09000015258789,15.119799613952637,956.0
2023-03-09 10:28:00,CCD,22.929899215698242,22.929899215698242,22.940000534057617,22.929899215698242,22.93000030517578,1540.0
2023-03-09 10:28:00,CCNE,22.829999923706055,22.829999923706055,22.850000381469727,22.829999923706055,22.84000015258789,618.0
2023-03-09 10:28:00,CFFN,7.644999980926514,7.644999980926514,7.650000095367432,7.644999980926514,7.650000095367432,208.0
2023-03-09 10:28:00,CG,34.529998779296875,34.529998779296875,34.54869842529297,34.525001525878906,34.525001525878906,2576.0
2023-03-09 10:28:00,CGBD,15.087300300598145,15.087300300598145,15.087300300598145,15.086299896240234,15.086299896240234,451.0
2023-03-09 10:28:00,CHI,11.942999839782715,11.942999839782715,11.942999839782715,11.942999839782715,11.942999839782715,1031.0
2023-03-09 10:28:00,CHY,12.300000190734863,12.300000190734863,12.3100004196167,12.300000190734863,12.3100004196167,882.0
2023-03-09 10:28:00,CIFR,1.4249999523162842,1.4249999523162842,1.4249999523162842,1.4249999523162842,1.4249999523162842,204.0
2023-03-09 10:28:00,CINF,117.32749938964844,117.32749938964844,117.32749938964844,117.32749938964844,117.32749938964844,233.0
2023-03-09 10:28:00,CME,180.41000366210938,180.41000366210938,180.61000061035156,180.41000366210938,180.61000061035156,2471.0
2023-03-09 10:28:00,COLB,26.030000686645508,26.030000686645508,26.049999237060547,26.014999389648438,26.045000076293945,8013.0
2023-03-09 10:28:00,COOP,44.939998626708984,44.939998626708984,44.939998626708984,44.869998931884766,44.869998931884766,3136.0
2023-03-09 10:28:00,CSLM,10.319999694824219,10.319999694824219,10.319999694824219,10.319999694824219,10.319999694824219,400.0
2023-03-09 10:28:00,CVBF,22.18000030517578,22.18000030517578,22.190000534057617,22.18000030517578,22.18199920654297,1275.0
2023-03-09 10:28:00,CWBC,14.979999542236328,14.979999542236328,15.0,14.979999542236328,15.0,1129.0
2023-03-09 10:28:00,DCOM,29.78499984741211,29.78499984741211,29.78499984741211,29.78499984741211,29.78499984741211,217.0
2023-03-09 10:28:00,DWAC,14.149999618530273,14.149999618530273,14.149999618530273,14.149999618530273,14.149999618530273,929.0
2023-03-09 10:28:00,EBC,15.010000228881836,15.010000228881836,15.010000228881836,15.0,15.0,1239.0
2023-03-09 10:28:00,EFSC,52.09000015258789,52.09000015258789,52.09000015258789,52.08000183105469,52.08000183105469,523.0
2023-03-09 10:28:00,EGBN,41.13999938964844,41.13999938964844,41.13999938964844,41.13999938964844,41.13999938964844,462.0
2023-03-09 10:28:00,EWBC,70.87000274658203,70.87000274658203,71.04000091552734,70.8125,70.94000244140625,7738.0
2023-03-09 10:28:00,FBMS,28.93000030517578,28.93000030517578,28.989999771118164,28.93000030517578,28.989999771118164,491.0
2023-03-09 10:28:00,FCNCA,674.8699951171875,674.8699951171875,675.3900146484375,674.8699951171875,675.3900146484375,760.0
2023-03-09 10:28:00,FCRD,4.643599987030029,4.643599987030029,4.643599987030029,4.643599987030029,4.643599987030029,146.0
2023-03-09 10:28:00,FFIN,34.31999969482422,34.31999969482422,34.349998474121094,34.31999969482422,34.349998474121094,1930.0
2023-03-09 10:28:00,FFWM,13.454999923706055,13.454999923706055,13.454999923706055,13.454999923706055,13.454999923706055,703.0
2023-03-09 10:28:00,FHB,24.520000457763672,24.520000457763672,24.520000457763672,24.489999771118164,24.489999771118164,4408.0
2023-03-09 10:28:00,FIBK,33.131900787353516,33.131900787353516,33.131900787353516,33.131900787353516,33.131900787353516,269.0
2023-03-09 10:28:00,FITB,32.9900016784668,32.9900016784668,32.994998931884766,32.94990158081055,32.94990158081055,16460.0
2023-03-09 10:28:00,FOCS,51.790000915527344,51.790000915527344,51.790000915527344,51.779998779296875,51.779998779296875,396.0
2023-03-09 10:28:00,FRHC,72.80000305175781,72.80000305175781,72.80000305175781,72.77999877929688,72.77999877929688,224.0
2023-03-09 10:28:00,FULT,15.90999984741211,15.90999984741211,15.90999984741211,15.90999984741211,15.90999984741211,1862.0
2023-03-09 10:28:00,FUTU,46.939998626708984,46.939998626708984,47.0,46.869998931884766,46.869998931884766,5521.0
2023-03-09 10:28:00,GBDC,13.510100364685059,13.510100364685059,13.515000343322754,13.510100364685059,13.515000343322754,2741.0
2023-03-09 10:28:00,GENQW,0.08500000089406967,0.08500000089406967,0.09000000357627869,0.08500000089406967,0.09000000357627869,3082.0
2023-03-09 10:28:00,GGAL,12.8100004196167,12.8100004196167,12.840999603271484,12.8100004196167,12.840999603271484,319.0
2023-03-09 10:28:00,GLRE,10.074999809265137,10.074999809265137,10.09000015258789,10.074999809265137,10.09000015258789,200.0
2023-03-09 10:28:00,GOCO,18.190000534057617,18.190000534057617,18.190000534057617,18.040000915527344,18.059999465942383,553.0
2023-03-09 10:28:00,GSHD,53.130001068115234,53.130001068115234,53.130001068115234,53.130001068115234,53.130001068115234,552.0
2023-03-09 10:28:00,HAFC,22.170000076293945,22.170000076293945,22.18000030517578,22.170000076293945,22.18000030517578,468.0
2023-03-09 10:28:00,HBAN,14.145000457763672,14.145000457763672,14.149999618530273,14.140000343322754,14.145000457763672,96750.0
2023-03-09 10:28:00,HBNC,14.460000038146973,14.460000038146973,14.460000038146973,14.444999694824219,14.444999694824219,1485.0
2023-03-09 10:28:00,HOPE,12.024999618530273,12.024999618530273,12.024999618530273,12.024999618530273,12.024999618530273,864.0
2023-03-09 10:28:00,HTBK,11.09000015258789,11.09000015258789,11.09000015258789,11.09000015258789,11.09000015258789,401.0
2023-03-09 10:28:00,HTLF,46.36000061035156,46.36000061035156,46.36000061035156,46.36000061035156,46.36000061035156,230.0
2023-03-09 10:28:00,HUT,1.4450000524520874,1.4450000524520874,1.4459999799728394,1.4450000524520874,1.4459999799728394,3708.0
2023-03-09 10:28:00,HWC,44.970001220703125,44.970001220703125,44.970001220703125,44.95000076293945,44.95000076293945,430.0
2023-03-09 10:28:00,IBKR,88.87000274658203,88.87000274658203,88.87000274658203,88.66999816894531,88.66999816894531,4925.0
2023-03-09 10:28:00,IBOC,45.93000030517578,45.93000030517578,45.935001373291016,45.91999816894531,45.91999816894531,636.0
2023-03-09 10:29:00,ACGL,69.76000213623047,69.76000213623047,69.77999877929688,69.75,69.77999877929688,1615.0
2023-03-09 10:29:00,ACQR,10.208499908447266,10.208499908447266,10.208499908447266,10.208499908447266,10.208499908447266,100.0
2023-03-09 10:29:00,ARCC,19.149900436401367,19.149900436401367,19.149999618530273,19.139999389648438,19.1466007232666,12232.0
2023-03-09 10:29:00,AUB,37.47999954223633,37.47999954223633,37.505001068115234,37.47999954223633,37.505001068115234,5942.0
2023-03-09 10:29:00,BCBP,16.139999389648438,16.139999389648438,16.139999389648438,16.06999969482422,16.06999969482422,2223.0
2023-03-09 10:29:00,BGCP,5.074999809265137,5.074999809265137,5.074999809265137,5.065000057220459,5.065000057220459,3008.0
2023-03-09 10:29:00,BHF,54.040000915527344,54.040000915527344,54.040000915527344,53.98500061035156,53.98500061035156,1453.0
2023-03-09 10:29:00,BITF,0.7990000247955322,0.7990000247955322,0.7990000247955322,0.7900000214576721,0.7928000092506409,14233.0
2023-03-09 10:29:00,BLFY,11.779999732971191,11.779999732971191,11.789999961853027,11.779999732971191,11.779999732971191,2036.0
2023-03-09 10:29:00,BNNRU,10.210000038146973,10.210000038146973,10.210000038146973,10.210000038146973,10.210000038146973,0.0
2023-03-09 10:29:00,BOKF,96.44999694824219,96.44999694824219,96.44999694824219,96.44999694824219,96.44999694824219,251.0
2023-03-09 10:29:00,BPOP,63.52000045776367,63.52000045776367,63.68000030517578,63.52000045776367,63.60499954223633,2442.0
2023-03-09 10:29:00,BRKL,11.739999771118164,11.739999771118164,11.739999771118164,11.739999771118164,11.739999771118164,1197.0
2023-03-09 10:29:00,BTBT,1.1649999618530273,1.1649999618530273,1.1649999618530273,1.1649999618530273,1.1649999618530273,109.0
2023-03-09 10:29:00,BWB,13.890000343322754,13.890000343322754,13.890000343322754,13.890000343322754,13.890000343322754,226.0
2023-03-09 10:29:00,CACC,444.6000061035156,444.6000061035156,444.6000061035156,444.6000061035156,444.6000061035156,1034.0
2023-03-09 10:29:00,CASH,47.8849983215332,47.8849983215332,47.8849983215332,47.77000045776367,47.77000045776367,534.0
2023-03-09 10:29:00,CATC,71.91000366210938,71.91000366210938,71.91000366210938,71.91000366210938,71.91000366210938,197.0
2023-03-09 10:29:00,CCAP,15.109999656677246,15.109999656677246,15.109999656677246,15.074999809265137,15.074999809265137,1823.0
2023-03-09 10:29:00,CG,34.54999923706055,34.54999923706055,34.54999923706055,34.540000915527344,34.540000915527344,3035.0
2023-03-09 10:29:00,CHY,12.300000190734863,12.300000190734863,12.300000190734863,12.289999961853027,12.300000190734863,1329.0
2023-03-09 10:29:00,CIFR,1.4210000038146973,1.4210000038146973,1.4299999475479126,1.4210000038146973,1.4299999475479126,3400.0
2023-03-09 10:29:00,CINF,117.4000015258789,117.4000015258789,117.4000015258789,117.33999633789062,117.38999938964844,1270.0
2023-03-09 10:29:00,CME,180.8000030517578,180.8000030517578,180.8000030517578,180.35000610351562,180.4199981689453,3480.0
2023-03-09 10:29:00,CNOB,22.59000015258789,22.59000015258789,22.59000015258789,22.59000015258789,22.59000015258789,134.0
2023-03-09 10:29:00,COLB,26.02750015258789,26.02750015258789,26.049999237060547,26.020000457763672,26.020000457763672,9833.0
2023-03-09 10:29:00,COOP,44.939998626708984,44.939998626708984,44.939998626708984,44.939998626708984,44.939998626708984,100.0
2023-03-09 10:29:00,CSLM,10.319999694824219,10.319999694824219,10.319999694824219,10.319999694824219,10.319999694824219,600.0
2023-03-09 10:29:00,CSWC,18.53510093688965,18.53510093688965,18.549999237060547,18.530000686645508,18.549999237060547,2273.0
2023-03-09 10:29:00,CVBF,22.229999542236328,22.229999542236328,22.229999542236328,22.184999465942383,22.184999465942383,3344.0
2023-03-09 10:29:00,CZNC,22.15999984741211,22.15999984741211,22.15999984741211,22.15999984741211,22.15999984741211,101.0
2023-03-09 10:29:00,DALS,10.180000305175781,10.180000305175781,10.25,10.109999656677246,10.109999656677246,0.0
2023-03-09 10:29:00,DWAC,14.149999618530273,14.149999618530273,14.149999618530273,14.149900436401367,14.149900436401367,821.0
2023-03-09 10:29:00,EBC,15.029999732971191,15.029999732971191,15.029999732971191,15.020000457763672,15.020000457763672,2185.0
2023-03-09 10:29:00,ECPG,50.43000030517578,50.43000030517578,50.47999954223633,50.43000030517578,50.47999954223633,728.0
2023-03-09 10:29:00,EFSC,52.189998626708984,52.189998626708984,52.189998626708984,52.1150016784668,52.1150016784668,547.0
2023-03-09 10:29:00,EGBN,41.125,41.125,41.150001525878906,41.125,41.150001525878906,200.0
2023-03-09 10:29:00,ESGRP,23.389999389648438,23.389999389648438,23.389999389648438,23.389999389648438,23.389999389648438,160.0
2023-03-09 10:29:00,FBNC,39.16999816894531,39.16999816894531,39.16999816894531,39.16999816894531,39.16999816894531,225.0
2023-03-09 10:29:00,FCRD,4.699999809265137,4.699999809265137,4.699999809265137,4.630000114440918,4.630000114440918,5337.0
2023-03-09 10:29:00,FFIC,17.75,17.75,17.760000228881836,17.75,17.760000228881836,604.0
2023-03-09 10:29:00,FFIN,34.38999938964844,34.38999938964844,34.38999938964844,34.38999938964844,34.38999938964844,341.0
2023-03-09 10:29:00,FHB,24.510000228881836,24.510000228881836,24.510000228881836,24.510000228881836,24.510000228881836,300.0
2023-03-09 10:29:00,FIBK,33.150001525878906,33.150001525878906,33.150001525878906,33.150001525878906,33.150001525878906,301.0
2023-03-09 10:29:00,FITB,32.98500061035156,32.98500061035156,32.9900016784668,32.959999084472656,32.98500061035156,10026.0
2023-03-09 10:29:00,FMNB,13.34000015258789,13.34000015258789,13.34000015258789,13.34000015258789,13.34000015258789,913.0
2023-03-09 10:29:00,FNWB,13.9975004196167,13.9975004196167,14.005000114440918,13.987500190734863,14.005000114440918,2112.0
2023-03-09 10:29:00,FOCS,51.790000915527344,51.790000915527344,51.790000915527344,51.78499984741211,51.790000915527344,512.0
2023-03-09 10:29:00,FRBK,1.8049999475479126,1.8049999475479126,1.8049999475479126,1.8049999475479126,1.8049999475479126,215.0
2023-03-09 10:29:00,FRHC,73.31939697265625,73.31939697265625,73.31939697265625,72.9800033569336,72.9800033569336,4476.0
2023-03-09 10:29:00,FULT,15.90999984741211,15.90999984741211,15.90999984741211,15.90999984741211,15.90999984741211,528.0
2023-03-09 10:29:00,FUTU,47.02000045776367,47.02000045776367,47.02000045776367,46.939998626708984,46.939998626708984,693.0
2023-03-09 10:29:00,HBAN,14.154999732971191,14.154999732971191,14.15999984741211,14.140000343322754,14.145000457763672,44825.0
2023-03-09 10:29:00,HBNC,14.470000267028809,14.470000267028809,14.470000267028809,14.4399995803833,14.46500015258789,2072.0
2023-03-09 10:29:00,HIVE,2.640000104904175,2.640000104904175,2.640000104904175,2.640000104904175,2.640000104904175,248.0
2023-03-09 10:29:00,HONE,12.84000015258789,12.84000015258789,12.84000015258789,12.84000015258789,12.84000015258789,544.0
2023-03-09 10:29:00,HUT,1.4515000581741333,1.4515000581741333,1.4549000263214111,1.4483000040054321,1.4483000040054321,21917.0
2023-03-09 10:29:00,HWC,44.97999954223633,44.97999954223633,44.97999954223633,44.93000030517578,44.93000030517578,500.0
2023-03-09 10:29:00,IBKR,88.66999816894531,88.66999816894531,88.86000061035156,88.66999816894531,88.84500122070312,11801.0
2023-03-09 10:29:00,IBTX,53.58000183105469,53.58000183105469,53.58000183105469,53.58000183105469,53.58000183105469,200.0
2023-03-09 10:29:00,IGIC,8.279999732971191,8.279999732971191,8.350000381469727,8.279999732971191,8.34000015258789,3120.0
2023-03-09 10:29:00,INTR,2.018899917602539,2.018899917602539,2.018899917602539,2.018899917602539,2.018899917602539,500.0
2023-03-09 10:30:00,AAME,2.359999895095825,2.359999895095825,2.359999895095825,2.359999895095825,2.359999895095825,409.0
2023-03-09 10:30:00,ACGL,69.79000091552734,69.79000091552734,69.80000305175781,69.76000213623047,69.76000213623047,3129.0
2023-03-09 10:30:00,APLD,2.234999895095825,2.234999895095825,2.234999895095825,2.234999895095825,2.234999895095825,231.0
2023-03-09 10:30:00,ARCC,19.170000076293945,19.170000076293945,19.170000076293945,19.149999618530273,19.149999618530273,30362.0
2023-03-09 10:30:00,AUB,37.47999954223633,37.47999954223633,37.47999954223633,37.47999954223633,37.47999954223633,491.0
2023-03-09 10:30:00,BHF,54.04999923706055,54.04999923706055,54.06999969482422,54.029998779296875,54.029998779296875,1207.0
2023-03-09 10:30:00,BIOS,10.404999732971191,10.404999732971191,10.404999732971191,10.404999732971191,10.404999732971191,40000.0
2023-03-09 10:30:00,BIOSW,0.07999999821186066,0.07999999821186066,0.07999999821186066,0.07999999821186066,0.07999999821186066,0.0
2023-03-09 10:30:00,BITF,0.7917010188102722,0.7917010188102722,0.7917010188102722,0.7917010188102722,0.7917010188102722,1100.0
2023-03-09 10:30:00,BKCC,3.690000057220459,3.690000057220459,3.6910998821258545,3.690000057220459,3.6900999546051025,1605.0
2023-03-09 10:30:00,BMRC,27.145000457763672,27.145000457763672,27.227800369262695,27.145000457763672,27.199899673461914,993.0
2023-03-09 10:30:00,BOKF,96.5199966430664,96.5199966430664,96.5199966430664,96.5199966430664,96.5199966430664,209.0
2023-03-09 10:30:00,BPOP,63.55500030517578,63.55500030517578,63.61000061035156,63.529998779296875,63.56999969482422,1578.0
2023-03-09 10:30:00,BRKL,11.760000228881836,11.760000228881836,11.765000343322754,11.760000228881836,11.760000228881836,1023.0
2023-03-09 10:30:00,BSVN,28.110000610351562,28.110000610351562,28.110000610351562,28.110000610351562,28.110000610351562,203.0
2023-03-09 10:30:00,BTBT,1.1649999618530273,1.1649999618530273,1.1699999570846558,1.1649999618530273,1.1699999570846558,1568.0
2023-03-09 10:30:00,BWB,13.885000228881836,13.885000228881836,13.890000343322754,13.885000228881836,13.890000343322754,1040.0
2023-03-09 10:30:00,CACC,446.42999267578125,446.42999267578125,446.42999267578125,446.42999267578125,446.42999267578125,369.0
2023-03-09 10:30:00,CASH,47.8849983215332,47.8849983215332,47.8849983215332,47.8849983215332,47.8849983215332,259.0
2023-03-09 10:30:00,CATC,72.02999877929688,72.02999877929688,72.02999877929688,71.93000030517578,71.93000030517578,535.0
2023-03-09 10:30:00,CCNE,22.790599822998047,22.790599822998047,22.790599822998047,22.790599822998047,22.790599822998047,1121.0
2023-03-09 10:30:00,CFB,12.670000076293945,12.670000076293945,12.680000305175781,12.670000076293945,12.680000305175781,248.0
2023-03-09 10:30:00,CFFN,7.659999847412109,7.659999847412109,7.659999847412109,7.650000095367432,7.650000095367432,848.0
2023-03-09 10:30:00,CG,34.58000183105469,34.58000183105469,34.58000183105469,34.56999969482422,34.57500076293945,2481.0
2023-03-09 10:30:00,CHEAU,10.510000228881836,10.510000228881836,10.510000228881836,10.510000228881836,10.510000228881836,100.0
2023-03-09 10:30:00,CIFR,1.4210000038146973,1.4210000038146973,1.427299976348877,1.4210000038146973,1.4249999523162842,2417.0
2023-03-09 10:30:00,CINF,117.33000183105469,117.33000183105469,117.33000183105469,117.2699966430664,117.31999969482422,2233.0
2023-03-09 10:30:00,CLBK,19.81999969482422,19.81999969482422,19.81999969482422,19.81999969482422,19.81999969482422,782.0
2023-03-09 10:30:00,CME,180.7899932861328,180.7899932861328,180.7899932861328,180.7050018310547,180.7050018310547,378.0
2023-03-09 10:30:00,COLB,26.09000015258789,26.09000015258789,26.110000610351562,26.040000915527344,26.040000915527344,9759.0
2023-03-09 10:30:00,COOP,44.92499923706055,44.92499923706055,44.939998626708984,44.875,44.875,677.0
2023-03-09 10:30:00,CSWC,18.549999237060547,18.549999237060547,18.549999237060547,18.549999237060547,18.549999237060547,3153.0
2023-03-09 10:30:00,CVBF,22.200000762939453,22.200000762939453,22.229999542236328,22.19499969482422,22.229999542236328,2557.0
2023-03-09 10:30:00,DALS,10.180000305175781,10.180000305175781,10.390000343322754,10.15999984741211,10.184700012207031,5900.0
2023-03-09 10:30:00,DTOC,10.199999809265137,10.199999809265137,10.199999809265137,10.199999809265137,10.199999809265137,300.0
2023-03-09 10:30:00,DWAC,14.180000305175781,14.180000305175781,14.180000305175781,14.149999618530273,14.149999618530273,1543.0
2023-03-09 10:30:00,EBC,15.03499984741211,15.03499984741211,15.050000190734863,15.03499984741211,15.039999961853027,2704.0
2023-03-09 10:30:00,EBTC,35.29499816894531,35.29499816894531,35.29499816894531,35.29499816894531,35.29499816894531,254.0
2023-03-09 10:30:00,EFSC,52.31999969482422,52.31999969482422,52.31999969482422,52.22999954223633,52.22999954223633,545.0
2023-03-09 10:30:00,EGBN,41.15999984741211,41.15999984741211,41.15999984741211,41.15999984741211,41.15999984741211,401.0
2023-03-09 10:30:00,EHTH,9.229999542236328,9.229999542236328,9.229999542236328,9.130000114440918,9.130000114440918,2906.0
2023-03-09 10:30:00,ESGRP,23.389999389648438,23.389999389648438,23.389999389648438,23.389999389648438,23.389999389648438,111.0
2023-03-09 10:30:00,EWBC,70.97000122070312,70.97000122070312,70.97000122070312,70.94000244140625,70.95999908447266,1024.0
2023-03-09 10:30:00,EZPW,8.942500114440918,8.942500114440918,8.944999694824219,8.942500114440918,8.944999694824219,328.0
2023-03-09 10:30:00,FBNC,39.1150016784668,39.1150016784668,39.1150016784668,39.1150016784668,39.1150016784668,161.0
2023-03-09 10:30:00,FCFS,88.19000244140625,88.19000244140625,88.19000244140625,88.19000244140625,88.19000244140625,464.0
2023-03-09 10:30:00,FCNCA,672.5999755859375,672.5999755859375,672.5999755859375,672.5999755859375,672.5999755859375,287.0
2023-03-09 10:30:00,FFBC,22.799999237060547,22.799999237060547,22.809999465942383,22.799999237060547,22.809999465942383,746.0
2023-03-09 10:30:00,FFIN,34.400001525878906,34.400001525878906,34.400001525878906,34.400001525878906,34.400001525878906,433.0
2023-03-09 10:30:00,FFWM,13.475000381469727,13.475000381469727,13.475000381469727,13.470000267028809,13.470000267028809,687.0
2023-03-09 10:30:00,FHB,24.4950008392334,24.4950008392334,24.5,24.489999771118164,24.5,1877.0
2023-03-09 10:30:00,FIBK,33.17499923706055,33.17499923706055,33.17499923706055,33.150001525878906,33.150001525878906,944.0
2023-03-09 10:30:00,FITB,33.00450134277344,33.00450134277344,33.0099983215332,32.97999954223633,32.9900016784668,5198.0
2023-03-09 10:30:00,FLIC,16.375,16.375,16.375,16.375,16.375,129.0
2023-03-09 10:30:00,FNWB,13.9399995803833,13.9399995803833,13.9399995803833,13.819999694824219,13.9399995803833,1764.0
2023-03-09 10:30:00,FOCS,51.790000915527344,51.790000915527344,51.790000915527344,51.779998779296875,51.790000915527344,2080.0
2023-03-09 10:30:00,FRME,38.03499984741211,38.03499984741211,38.03499984741211,38.03499984741211,38.03499984741211,226.0
2023-03-09 10:30:00,FULT,15.930000305175781,15.930000305175781,15.930000305175781,15.930000305175781,15.930000305175781,136.0
2023-03-09 10:30:00,FUTU,47.13999938964844,47.13999938964844,47.17499923706055,47.08000183105469,47.08000183105469,1767.0
2023-03-09 10:30:00,GECC,9.520000457763672,9.520000457763672,9.520000457763672,9.520000457763672,9.520000457763672,101.0
2023-03-09 10:30:00,GGAL,12.819999694824219,12.819999694824219,12.819999694824219,12.819999694824219,12.819999694824219,108.0
2023-03-09 10:30:00,GHIX,10.050000190734863,10.050000190734863,10.050000190734863,10.045000076293945,10.050000190734863,0.0
2023-03-09 10:30:00,GLAD,9.979999542236328,9.979999542236328,9.979999542236328,9.979999542236328,9.979999542236328,793.0
2023-03-09 10:30:00,GSHD,53.13999938964844,53.13999938964844,53.13999938964844,53.119998931884766,53.119998931884766,905.0
2023-03-09 10:30:00,HAFC,22.190000534057617,22.190000534057617,22.190000534057617,22.190000534057617,22.190000534057617,451.0
2023-03-09 10:30:00,HAIAW,0.10000000149011612,0.10000000149011612,0.10000000149011612,0.10000000149011612,0.10000000149011612,0.0
2023-03-09 10:30:00,HBAN,14.175000190734863,14.175000190734863,14.180000305175781,14.154999732971191,14.15999984741211,24770.0
2023-03-09 10:30:00,HBNC,14.515000343322754,14.515000343322754,14.515000343322754,14.449999809265137,14.449999809265137,2434.0
2023-03-09 10:30:00,HCMA,10.420000076293945,10.420000076293945,10.420000076293945,10.420000076293945,10.420000076293945,0.0
2023-03-09 10:30:00,HFWA,24.950000762939453,24.950000762939453,24.950000762939453,24.950000762939453,24.950000762939453,241.0
2023-03-09 10:30:00,HGBL,2.4844000339508057,2.4844000339508057,2.4844000339508057,2.4844000339508057,2.4844000339508057,200.0
2023-03-09 10:30:00,HIVE,2.6549999713897705,2.6549999713897705,2.6549999713897705,2.6549999713897705,2.6549999713897705,1001.0
2023-03-09 10:30:00,HLNE,76.76000213623047,76.76000213623047,76.76000213623047,76.68000030517578,76.72000122070312,677.0
2023-03-09 10:30:00,HMST,22.832000732421875,22.832000732421875,22.832000732421875,22.780000686645508,22.780000686645508,315.0
2023-03-09 10:30:00,HOPE,12.029999732971191,12.029999732971191,12.029999732971191,12.029999732971191,12.029999732971191,370.0
2023-03-09 10:30:00,HUT,1.4600000381469727,1.4600000381469727,1.4699000120162964,1.4550000429153442,1.4550000429153442,21031.0
2023-03-09 10:30:00,HWC,44.970001220703125,44.970001220703125,45.0,44.970001220703125,44.970001220703125,744.0
2023-03-09 10:30:00,HWEL,10.109999656677246,10.109999656677246,10.109999656677246,10.100000381469727,10.100000381469727,3553.0
2023-03-09 10:30:00,IBKR,88.69999694824219,88.69999694824219,88.7699966430664,88.58000183105469,88.61000061035156,8047.0
2023-03-09 10:30:00,INDB,73.48500061035156,73.48500061035156,73.48500061035156,73.48500061035156,73.48500061035156,333.0
2023-03-09 10:31:00,ABCB,43.68000030517578,43.68000030517578,43.68000030517578,43.68000030517578,43.68000030517578,290.0
2023-03-09 10:31:00,ACGL,69.88999938964844,69.88999938964844,69.88999938964844,69.80999755859375,69.80999755859375,1587.0
2023-03-09 10:31:00,ANZU,9.9399995803833,9.9399995803833,9.9399995803833,9.9399995803833,9.9399995803833,200.0
2023-03-09 10:31:00,APLD,2.240000009536743,2.240000009536743,2.240000009536743,2.240000009536743,2.240000009536743,1222.0
2023-03-09 10:31:00,ARCC,19.18000030517578,19.18000030517578,19.18000030517578,19.15999984741211,19.15999984741211,27648.0
2023-03-09 10:31:00,AUB,37.41999816894531,37.41999816894531,37.52000045776367,37.41999816894531,37.52000045776367,11744.0
2023-03-09 10:31:00,BGCP,5.070000171661377,5.070000171661377,5.070000171661377,5.070000171661377,5.070000171661377,731.0
2023-03-09 10:31:00,BHF,54.04999923706055,54.04999923706055,54.04999923706055,54.04999923706055,54.04999923706055,101.0
2023-03-09 10:31:00,BITF,0.7990000247955322,0.7990000247955322,0.7990000247955322,0.7990000247955322,0.7990000247955322,127.0
2023-03-09 10:31:00,BMRC,27.100000381469727,27.100000381469727,27.189899444580078,27.100000381469727,27.189899444580078,417.0
2023-03-09 10:31:00,BPOP,63.54499816894531,63.54499816894531,63.619998931884766,63.5,63.59000015258789,3314.0
2023-03-09 10:31:00,BTBT,1.1699999570846558,1.1699999570846558,1.1699999570846558,1.1619999408721924,1.1649999618530273,1085.0
2023-03-09 10:31:00,CAC,39.41999816894531,39.41999816894531,39.41999816894531,39.41999816894531,39.41999816894531,302.0
2023-03-09 10:31:00,CBSH,62.15999984741211,62.15999984741211,62.15999984741211,62.15999984741211,62.15999984741211,993.0
2023-03-09 10:31:00,CCD,22.93000030517578,22.93000030517578,22.93000030517578,22.93000030517578,22.93000030517578,300.0
2023-03-09 10:31:00,CCNE,22.790000915527344,22.790000915527344,22.790000915527344,22.790000915527344,22.790000915527344,437.0
2023-03-09 10:31:00,CG,34.59000015258789,34.59000015258789,34.59000015258789,34.564998626708984,34.56999969482422,820.0
2023-03-09 10:31:00,CGBD,15.079999923706055,15.079999923706055,15.079999923706055,15.069999694824219,15.069999694824219,600.0
2023-03-09 10:31:00,CIFR,1.4249999523162842,1.4249999523162842,1.4294999837875366,1.4210000038146973,1.4294999837875366,526.0
2023-03-09 10:31:00,CIIG,10.3100004196167,10.3100004196167,10.3100004196167,10.3100004196167,10.3100004196167,0.0
2023-03-09 10:31:00,CME,180.85000610351562,180.85000610351562,180.9199981689453,180.73500061035156,180.73500061035156,1510.0
2023-03-09 10:31:00,COLB,26.149999618530273,26.149999618530273,26.15999984741211,26.114999771118164,26.1200008392334,13616.0
2023-03-09 10:31:00,COOP,44.9900016784668,44.9900016784668,44.9900016784668,44.9900016784668,44.9900016784668,683.0
2023-03-09 10:31:00,CSLM,10.319999694824219,10.319999694824219,10.319999694824219,10.319999694824219,10.319999694824219,200.0
2023-03-09 10:31:00,CSQ,14.100000381469727,14.100000381469727,14.100000381469727,14.100000381469727,14.100000381469727,258.0
2023-03-09 10:31:00,CVBF,22.190000534057617,22.190000534057617,22.190000534057617,22.190000534057617,22.190000534057617,842.0
2023-03-09 10:31:00,CVCY,24.6200008392334,24.6200008392334,24.6200008392334,24.6200008392334,24.6200008392334,202.0
2023-03-09 10:31:00,DALS,10.369999885559082,10.369999885559082,10.380000114440918,10.140000343322754,10.184599876403809,7929.0
2023-03-09 10:31:00,DTOC,10.199999809265137,10.199999809265137,10.199999809265137,10.199999809265137,10.199999809265137,100.0
2023-03-09 10:31:00,DWAC,14.180000305175781,14.180000305175781,14.180000305175781,14.180000305175781,14.180000305175781,979.0
2023-03-09 10:31:00,EBC,15.024999618530273,15.024999618530273,15.029999732971191,15.024999618530273,15.029999732971191,1489.0
2023-03-09 10:31:00,EFSC,52.16999816894531,52.16999816894531,52.31999969482422,52.16999816894531,52.31999969482422,2587.0
2023-03-09 10:31:00,EGBN,41.290000915527344,41.290000915527344,41.290000915527344,41.22999954223633,41.22999954223633,562.0
2023-03-09 10:31:00,EHTH,9.239999771118164,9.239999771118164,9.239999771118164,9.239999771118164,9.239999771118164,434.0
2023-03-09 10:31:00,EWBC,70.94499969482422,70.94499969482422,70.94499969482422,70.94499969482422,70.94499969482422,126.0
2023-03-09 10:31:00,EZPW,8.944999694824219,8.944999694824219,8.944999694824219,8.942500114440918,8.944999694824219,863.0
2023-03-09 10:31:00,FFWM,13.5,13.5,13.5,13.484999656677246,13.484999656677246,1335.0
2023-03-09 10:31:00,FHB,24.5,24.5,24.5,24.5,24.5,7276.0
2023-03-09 10:31:00,FIBK,33.17499923706055,33.17499923706055,33.17499923706055,33.150001525878906,33.150001525878906,1118.0
2023-03-09 10:31:00,FITB,32.994998931884766,32.994998931884766,33.0,32.96500015258789,33.0,6885.0
2023-03-09 10:31:00,FITBI,25.219999313354492,25.219999313354492,25.219999313354492,25.219999313354492,25.219999313354492,2098.0
2023-03-09 10:31:00,FLIC,16.360000610351562,16.360000610351562,16.360000610351562,16.360000610351562,16.360000610351562,218.0
2023-03-09 10:31:00,FOCS,51.779998779296875,51.779998779296875,51.78499984741211,51.779998779296875,51.78499984741211,315.0
2023-03-09 10:31:00,FRBK,1.7999999523162842,1.7999999523162842,1.8049999475479126,1.7999999523162842,1.8049999475479126,2616.0
2023-03-09 10:31:00,FULT,15.9350004196167,15.9350004196167,15.9350004196167,15.930000305175781,15.930000305175781,980.0
2023-03-09 10:31:00,FUTU,47.11000061035156,47.11000061035156,47.150001525878906,47.07500076293945,47.11000061035156,13394.0
2023-03-09 10:31:00,GBDC,13.506099700927734,13.506099700927734,13.510000228881836,13.506099700927734,13.510000228881836,1768.0
2023-03-09 10:31:00,GCBC,55.18299865722656,55.18299865722656,55.18299865722656,55.18299865722656,55.18299865722656,245.0
2023-03-09 10:31:00,GECC,9.5,9.5,9.5,9.5,9.5,400.0
2023-03-09 10:31:00,GLBZ,8.0,8.0,8.0,7.999899864196777,8.0,2448.0
2023-03-09 10:31:00,GLRE,10.09000015258789,10.09000015258789,10.09000015258789,10.09000015258789,10.09000015258789,100.0
2023-03-09 10:31:00,GRCY,10.930000305175781,10.930000305175781,10.930000305175781,10.920000076293945,10.920000076293945,11.0
2023-03-09 10:31:00,GREE,0.4428499937057495,0.4428499937057495,0.4428499937057495,0.4428499937057495,0.4428499937057495,141.0
2023-03-09 10:31:00,HALL,11.199999809265137,11.199999809265137,11.199999809265137,11.1899995803833,11.1899995803833,433.0
2023-03-09 10:31:00,HBAN,14.1850004196167,14.1850004196167,14.1899995803833,14.170000076293945,14.175000190734863,24282.0
2023-03-09 10:31:00,HBNC,14.510000228881836,14.510000228881836,14.510000228881836,14.510000228881836,14.510000228881836,186.0
2023-03-09 10:31:00,HCMA,10.420000076293945,10.420000076293945,10.420000076293945,10.420000076293945,10.420000076293945,164849.0
2023-03-09 10:31:00,HGBL,2.5099000930786133,2.5099000930786133,2.5099000930786133,2.485300064086914,2.485300064086914,600.0
2023-03-09 10:31:00,HIVE,2.6600000858306885,2.6600000858306885,2.6600000858306885,2.6600000858306885,2.6600000858306885,150.0
2023-03-09 10:31:00,HLNE,76.80999755859375,76.80999755859375,76.9000015258789,76.76499938964844,76.76499938964844,925.0
2023-03-09 10:31:00,HOPE,12.029999732971191,12.029999732971191,12.029999732971191,12.029999732971191,12.029999732971191,646.0
2023-03-09 10:31:00,HTBK,11.079999923706055,11.079999923706055,11.079999923706055,11.079999923706055,11.079999923706055,493.0
2023-03-09 10:31:00,HUT,1.4600000381469727,1.4600000381469727,1.4700000286102295,1.4500999450683594,1.4600000381469727,51629.0
2023-03-09 10:31:00,IBKR,88.55999755859375,88.55999755859375,88.5999984741211,88.45999908447266,88.5999984741211,3024.0
2023-03-09 10:31:00,IBOC,45.869998931884766,45.869998931884766,45.880001068115234,45.869998931884766,45.880001068115234,450.0
2023-03-09 10:32:00,ACGL,69.8499984741211,69.8499984741211,69.9000015258789,69.8499984741211,69.88500213623047,3372.0
2023-03-09 10:32:00,ACQR,10.204999923706055,10.204999923706055,10.210000038146973,10.204999923706055,10.210000038146973,4400.0
2023-03-09 10:32:00,APLD,2.25,2.25,2.25,2.25,2.25,105.0
2023-03-09 10:32:00,ARCC,19.18000030517578,19.18000030517578,19.18000030517578,19.177600860595703,19.179800033569336,1573.0
2023-03-09 10:32:00,AUB,37.45500183105469,37.45500183105469,37.47999954223633,37.42499923706055,37.42499923706055,2212.0
2023-03-09 10:32:00,BANF,86.3550033569336,86.3550033569336,86.3550033569336,86.3550033569336,86.3550033569336,379.0
2023-03-09 10:32:00,BANX,18.866600036621094,18.866600036621094,18.866600036621094,18.866600036621094,18.866600036621094,633.0
2023-03-09 10:32:00,BCBP,16.140600204467773,16.140600204467773,16.140600204467773,16.140600204467773,16.140600204467773,313.0
2023-03-09 10:32:00,BHF,54.10499954223633,54.10499954223633,54.10499954223633,54.10499954223633,54.10499954223633,205.0
2023-03-09 10:32:00,BIOS,10.399999618530273,10.399999618530273,10.399999618530273,10.399999618530273,10.399999618530273,30300.0
2023-03-09 10:32:00,BITF,0.8016999959945679,0.8016999959945679,0.8016999959945679,0.7989000082015991,0.7989000082015991,2848.0
2023-03-09 10:32:00,BMRC,27.100000381469727,27.100000381469727,27.100000381469727,27.100000381469727,27.100000381469727,204.0
2023-03-09 10:32:00,BPOP,63.505001068115234,63.505001068115234,63.54499816894531,63.47999954223633,63.54499816894531,1801.0
2023-03-09 10:32:00,BTBT,1.1799999475479126,1.1799999475479126,1.1799999475479126,1.1699999570846558,1.1699999570846558,6083.0
2023-03-09 10:32:00,CASH,47.83000183105469,47.83000183105469,47.83000183105469,47.79499816894531,47.79999923706055,892.0
2023-03-09 10:32:00,CCD,22.940000534057617,22.940000534057617,22.940000534057617,22.93400001525879,22.93400001525879,398.0
2023-03-09 10:32:00,CCNE,22.809999465942383,22.809999465942383,22.809999465942383,22.809999465942383,22.809999465942383,205.0
2023-03-09 10:32:00,CFFN,7.659999847412109,7.659999847412109,7.659999847412109,7.659999847412109,7.659999847412109,300.0
2023-03-09 10:32:00,CG,34.56999969482422,34.56999969482422,34.595001220703125,34.564998626708984,34.595001220703125,2321.0
2023-03-09 10:32:00,CGBD,15.07759952545166,15.07759952545166,15.07759952545166,15.07759952545166,15.07759952545166,134.0
2023-03-09 10:32:00,CHY,12.3100004196167,12.3100004196167,12.3100004196167,12.3100004196167,12.3100004196167,700.0
2023-03-09 10:32:00,CIFR,1.4387999773025513,1.4387999773025513,1.4387999773025513,1.4200999736785889,1.4287999868392944,5996.0
2023-03-09 10:32:00,CLBK,19.84000015258789,19.84000015258789,19.84000015258789,19.84000015258789,19.84000015258789,636.0
2023-03-09 10:32:00,CME,180.9149932861328,180.9149932861328,180.9149932861328,180.9149932861328,180.9149932861328,134.0
2023-03-09 10:32:00,COLB,26.100000381469727,26.100000381469727,26.184999465942383,26.100000381469727,26.170000076293945,17313.0
2023-03-09 10:32:00,COOP,44.970001220703125,44.970001220703125,44.970001220703125,44.970001220703125,44.970001220703125,361.0
2023-03-09 10:32:00,CSQ,14.100000381469727,14.100000381469727,14.100000381469727,14.09000015258789,14.09000015258789,1013.0
2023-03-09 10:32:00,CSWC,18.57110023498535,18.57110023498535,18.57110023498535,18.57110023498535,18.57110023498535,231.0
2023-03-09 10:32:00,CVBF,22.200000762939453,22.200000762939453,22.200000762939453,22.200000762939453,22.200000762939453,107.0
2023-03-09 10:32:00,DALS,10.180000305175781,10.180000305175781,10.300000190734863,10.180000305175781,10.229999542236328,2132.0
2023-03-09 10:32:00,DCOM,29.774999618530273,29.774999618530273,29.774999618530273,29.774999618530273,29.774999618530273,318.0
2023-03-09 10:32:00,DWAC,14.180000305175781,14.180000305175781,14.180000305175781,14.180000305175781,14.180000305175781,118.0
2023-03-09 10:32:00,EBC,15.039999961853027,15.039999961853027,15.039999961853027,15.039999961853027,15.039999961853027,833.0
2023-03-09 10:32:00,ECPG,50.77000045776367,50.77000045776367,50.77000045776367,50.56999969482422,50.58000183105469,1671.0
2023-03-09 10:32:00,EFSC,52.22999954223633,52.22999954223633,52.22999954223633,52.22999954223633,52.22999954223633,843.0
2023-03-09 10:32:00,EGBN,41.150001525878906,41.150001525878906,41.25,41.150001525878906,41.25,1950.0
2023-03-09 10:32:00,EWBC,70.83000183105469,70.83000183105469,70.97000122070312,70.81939697265625,70.9000015258789,4435.0
2023-03-09 10:32:00,FBMS,28.93000030517578,28.93000030517578,28.93000030517578,28.93000030517578,28.93000030517578,355.0
2023-03-09 10:32:00,FCFS,88.23999786376953,88.23999786376953,88.25,88.2300033569336,88.2300033569336,861.0
2023-03-09 10:32:00,FIBK,33.17499923706055,33.17499923706055,33.185001373291016,33.17499923706055,33.185001373291016,316.0
2023-03-09 10:32:00,FITB,32.98500061035156,32.98500061035156,33.01499938964844,32.98500061035156,33.0,7374.0
2023-03-09 10:32:00,FLIC,16.360000610351562,16.360000610351562,16.360000610351562,16.360000610351562,16.360000610351562,480.0
2023-03-09 10:32:00,FNLC,29.0,29.0,29.0,28.700000762939453,28.700000762939453,834.0
2023-03-09 10:32:00,FOCS,51.790000915527344,51.790000915527344,51.790000915527344,51.78499984741211,51.78499984741211,541.0
2023-03-09 10:32:00,FRME,38.09000015258789,38.09000015258789,38.09000015258789,38.09000015258789,38.09000015258789,597.0
2023-03-09 10:32:00,FULT,15.9399995803833,15.9399995803833,15.9399995803833,15.9399995803833,15.9399995803833,949.0
2023-03-09 10:32:00,FUTU,47.20000076293945,47.20000076293945,47.25630187988281,47.150001525878906,47.150001525878906,8030.0
2023-03-09 10:32:00,GBDC,13.510000228881836,13.510000228881836,13.510000228881836,13.510000228881836,13.510000228881836,1094.0
2023-03-09 10:32:00,GECC,9.5600004196167,9.5600004196167,9.5600004196167,9.5600004196167,9.5600004196167,1102.0
2023-03-09 10:32:00,GGAL,12.849300384521484,12.849300384521484,12.849300384521484,12.842000007629395,12.842000007629395,387.0
2023-03-09 10:32:00,GLRE,10.095000267028809,10.095000267028809,10.095000267028809,10.09000015258789,10.09000015258789,508.0
2023-03-09 10:32:00,GNTY,29.690000534057617,29.690000534057617,29.690000534057617,29.690000534057617,29.690000534057617,242.0
2023-03-09 10:32:00,GREE,0.4454990029335022,0.4454990029335022,0.4454990029335022,0.4454990029335022,0.4454990029335022,1133.0
2023-03-09 10:32:00,HAFC,22.18000030517578,22.18000030517578,22.18000030517578,22.18000030517578,22.18000030517578,485.0
2023-03-09 10:32:00,HBAN,14.1850004196167,14.1850004196167,14.1899995803833,14.180000305175781,14.1850004196167,26809.0
2023-03-09 10:32:00,HFWA,24.979999542236328,24.979999542236328,24.979999542236328,24.979999542236328,24.979999542236328,273.0
2023-03-09 10:32:00,HIVE,2.6500000953674316,2.6500000953674316,2.6500000953674316,2.6500000953674316,2.6500000953674316,141.0
2023-03-09 10:32:00,HMPT,1.8799999952316284,1.8799999952316284,1.9199999570846558,1.8799999952316284,1.9199999570846558,3524.0
2023-03-09 10:32:00,HMST,22.81999969482422,22.81999969482422,22.81999969482422,22.809999465942383,22.809999465942383,386.0
2023-03-09 10:32:00,HUT,1.4700000286102295,1.4700000286102295,1.4700000286102295,1.4600000381469727,1.4600000381469727,12655.0
2023-03-09 10:32:00,HWC,44.970001220703125,44.970001220703125,45.0099983215332,44.970001220703125,45.0099983215332,427.0
2023-03-09 10:32:00,IBCP,20.979999542236328,20.979999542236328,20.979999542236328,20.979999542236328,20.979999542236328,114.0
2023-03-09 10:32:00,IBKR,88.75499725341797,88.75499725341797,88.75499725341797,88.5999984741211,88.5999984741211,1123.0
2023-03-09 10:32:00,IBOC,45.88999938964844,45.88999938964844,45.88999938964844,45.88999938964844,45.88999938964844,302.0
2023-03-09 10:32:00,INTR,2.010200023651123,2.010200023651123,2.010200023651123,2.009999990463257,2.009999990463257,2323.0
2023-03-09 10:33:00,ACGL,69.80000305175781,69.80000305175781,69.83999633789062,69.79000091552734,69.83999633789062,1604.0
2023-03-09 10:33:00,ALRS,19.020000457763672,19.020000457763672,19.020000457763672,19.020000457763672,19.020000457763672,330.0
2023-03-09 10:33:00,ARCC,19.18000030517578,19.18000030517578,19.18000030517578,19.170000076293945,19.174999237060547,3668.0
2023-03-09 10:33:00,BGCP,5.074999809265137,5.074999809265137,5.077499866485596,5.074999809265137,5.077499866485596,1431.0
2023-03-09 10:33:00,BHF,53.970001220703125,53.970001220703125,54.060001373291016,53.96500015258789,54.060001373291016,2146.0
2023-03-09 10:33:00,BIOS,10.404999732971191,10.404999732971191,10.404999732971191,10.404999732971191,10.404999732971191,11424.0
2023-03-09 10:33:00,BITF,0.8025500178337097,0.8025500178337097,0.8025500178337097,0.8025500178337097,0.8025500178337097,1055.0
2023-03-09 10:33:00,BMRC,27.100000381469727,27.100000381469727,27.100000381469727,27.100000381469727,27.100000381469727,612.0
2023-03-09 10:33:00,BPOP,63.430301666259766,63.430301666259766,63.56999969482422,63.41999816894531,63.505001068115234,38815.0
2023-03-09 10:33:00,BRKL,11.760000228881836,11.760000228881836,11.760000228881836,11.760000228881836,11.760000228881836,327.0
2023-03-09 10:33:00,BSRR,19.510000228881836,19.510000228881836,19.53499984741211,19.489999771118164,19.489999771118164,2028.0
2023-03-09 10:33:00,CARV,4.46999979019165,4.46999979019165,4.46999979019165,4.46999979019165,4.46999979019165,600.0
2023-03-09 10:33:00,CASH,47.70000076293945,47.70000076293945,47.77000045776367,47.65999984741211,47.77000045776367,2665.0
2023-03-09 10:33:00,CATY,40.28519821166992,40.28519821166992,40.28519821166992,40.25,40.25,476.0
2023-03-09 10:33:00,CFFN,7.65500020980835,7.65500020980835,7.655300140380859,7.65500020980835,7.655300140380859,543.0
2023-03-09 10:33:00,CG,34.599998474121094,34.599998474121094,34.599998474121094,34.599998474121094,34.599998474121094,466.0
2023-03-09 10:33:00,CHEAU,10.510000228881836,10.510000228881836,10.510000228881836,10.510000228881836,10.510000228881836,100.0
2023-03-09 10:33:00,CHY,12.3100004196167,12.3100004196167,12.3100004196167,12.3100004196167,12.3100004196167,300.0
2023-03-09 10:33:00,CIFR,1.434999942779541,1.434999942779541,1.4394999742507935,1.430999994277954,1.430999994277954,2588.0
2023-03-09 10:33:00,CINF,117.36499786376953,117.36499786376953,117.36499786376953,117.36499786376953,117.36499786376953,130.0
2023-03-09 10:33:00,CME,180.8000030517578,180.8000030517578,180.85499572753906,180.74000549316406,180.85499572753906,1992.0
2023-03-09 10:33:00,COLB,26.06999969482422,26.06999969482422,26.09000015258789,26.06999969482422,26.09000015258789,8627.0
2023-03-09 10:33:00,COOP,45.029998779296875,45.029998779296875,45.040000915527344,44.994998931884766,44.994998931884766,1058.0
2023-03-09 10:33:00,CSLM,10.319999694824219,10.319999694824219,10.319999694824219,10.319999694824219,10.319999694824219,400.0
2023-03-09 10:33:00,CSQ,14.129799842834473,14.129799842834473,14.129799842834473,14.119999885559082,14.119999885559082,655.0
2023-03-09 10:33:00,CVBF,22.200000762939453,22.200000762939453,22.200000762939453,22.190000534057617,22.190000534057617,1894.0
2023-03-09 10:33:00,DALS,10.140000343322754,10.140000343322754,10.170499801635742,10.140000343322754,10.170000076293945,1010.0
2023-03-09 10:33:00,DTOC,10.199999809265137,10.199999809265137,10.199999809265137,10.199999809265137,10.199999809265137,100.0
2023-03-09 10:33:00,DWAC,14.211999893188477,14.211999893188477,14.211999893188477,14.211999893188477,14.211999893188477,277.0
2023-03-09 10:33:00,EBC,15.039799690246582,15.039799690246582,15.039999961853027,15.039799690246582,15.039999961853027,1441.0
2023-03-09 10:33:00,EFSC,52.0,52.0,52.0,51.95000076293945,52.0,1166.0
2023-03-09 10:33:00,EGBN,41.150001525878906,41.150001525878906,41.16999816894531,41.150001525878906,41.16999816894531,574.0
2023-03-09 10:33:00,EWBC,70.81729888916016,70.81729888916016,70.81999969482422,70.72000122070312,70.79000091552734,3053.0
2023-03-09 10:33:00,FANH,8.1850004196167,8.1850004196167,8.1850004196167,8.1850004196167,8.1850004196167,567.0
2023-03-09 10:33:00,FBNC,39.13399887084961,39.13399887084961,39.13399887084961,39.13399887084961,39.13399887084961,320.0
2023-03-09 10:33:00,FCNCA,673.9099731445312,673.9099731445312,673.9099731445312,673.9099731445312,673.9099731445312,1460.0
2023-03-09 10:33:00,FCNCO,21.879899978637695,21.879899978637695,21.879899978637695,21.879899978637695,21.879899978637695,390.0
2023-03-09 10:33:00,FFIC,17.739999771118164,17.739999771118164,17.739999771118164,17.739999771118164,17.739999771118164,652.0
2023-03-09 10:33:00,FFIN,34.3650016784668,34.3650016784668,34.380001068115234,34.3650016784668,34.380001068115234,339.0
2023-03-09 10:33:00,FFWM,13.5,13.5,13.510000228881836,13.5,13.510000228881836,243.0
2023-03-09 10:33:00,FIBK,33.18000030517578,33.18000030517578,33.18000030517578,33.165000915527344,33.16999816894531,465.0
2023-03-09 10:33:00,FITB,32.959999084472656,32.959999084472656,32.97999954223633,32.91999816894531,32.97999954223633,16082.0
2023-03-09 10:33:00,FOCS,51.779998779296875,51.779998779296875,51.779998779296875,51.779998779296875,51.779998779296875,150.0
2023-03-09 10:33:00,FRBK,1.7999999523162842,1.7999999523162842,1.7999999523162842,1.7999999523162842,1.7999999523162842,100.0
2023-03-09 10:33:00,FULT,15.9399995803833,15.9399995803833,15.9399995803833,15.930000305175781,15.9399995803833,1987.0
2023-03-09 10:33:00,FUTU,47.150001525878906,47.150001525878906,47.2400016784668,47.119998931884766,47.2400016784668,4894.0
2023-03-09 10:33:00,GBDC,13.510100364685059,13.510100364685059,13.515000343322754,13.510100364685059,13.515000343322754,500.0
2023-03-09 10:33:00,GLAD,9.988300323486328,9.988300323486328,9.988300323486328,9.988300323486328,9.988300323486328,682.0
2023-03-09 10:33:00,GLRE,10.109999656677246,10.109999656677246,10.109999656677246,10.109999656677246,10.109999656677246,200.0
2023-03-09 10:33:00,GSBC,55.099998474121094,55.099998474121094,55.099998474121094,55.099998474121094,55.099998474121094,171.0
2023-03-09 10:33:00,HBAN,14.175000190734863,14.175000190734863,14.1850004196167,14.15999984741211,14.1850004196167,50859.0
2023-03-09 10:33:00,HBNC,14.479999542236328,14.479999542236328,14.479999542236328,14.479999542236328,14.479999542236328,604.0
2023-03-09 10:33:00,HLNE,76.5999984741211,76.5999984741211,76.66999816894531,76.55000305175781,76.66999816894531,4548.0
2023-03-09 10:33:00,HONE,12.84000015258789,12.84000015258789,12.84000015258789,12.84000015258789,12.84000015258789,587.0
2023-03-09 10:33:00,HOPE,12.024999618530273,12.024999618530273,12.024999618530273,12.024999618530273,12.024999618530273,125.0
2023-03-09 10:33:00,HTLF,46.369998931884766,46.369998931884766,46.369998931884766,46.369998931884766,46.369998931884766,302.0
2023-03-09 10:33:00,HUT,1.4700000286102295,1.4700000286102295,1.4700000286102295,1.4600000381469727,1.4600000381469727,12700.0
2023-03-09 10:33:00,HWC,44.959999084472656,44.959999084472656,45.0,44.959999084472656,44.959999084472656,11942.0
2023-03-09 10:33:00,IBKR,88.73999786376953,88.73999786376953,88.75,88.6449966430664,88.75,1542.0
2023-03-09 10:33:00,ICMB,3.994999885559082,3.994999885559082,3.994999885559082,3.994999885559082,3.994999885559082,151.0
2023-03-09 10:33:00,INTR,2.0199999809265137,2.0199999809265137,2.0199999809265137,2.0199999809265137,2.0199999809265137,1212.0
2023-03-09 10:34:00,ACGL,69.86000061035156,69.86000061035156,69.86000061035156,69.79000091552734,69.80999755859375,3083.0
2023-03-09 10:34:00,AIHS,0.8849999904632568,0.8849999904632568,0.8849999904632568,0.8730000257492065,0.8849999904632568,10172.0
2023-03-09 10:34:00,ARCC,19.199600219726562,19.199600219726562,19.200000762939453,19.18000030517578,19.18000030517578,20531.0
2023-03-09 10:34:00,BCBP,16.165000915527344,16.165000915527344,16.165000915527344,16.165000915527344,16.165000915527344,238.0
2023-03-09 10:34:00,BGCP,5.074999809265137,5.074999809265137,5.077499866485596,5.070000171661377,5.074999809265137,1855.0
2023-03-09 10:34:00,BHF,54.06999969482422,54.06999969482422,54.06999969482422,54.0,54.0,2875.0
2023-03-09 10:34:00,BMRC,27.0,27.0,27.05500030517578,27.0,27.049999237060547,800.0
2023-03-09 10:34:00,BOKF,96.75,96.75,96.75,96.75,96.75,403.0
2023-03-09 10:34:00,BPOP,63.2599983215332,63.2599983215332,63.279998779296875,63.25,63.279998779296875,1600.0
2023-03-09 10:34:00,BTBT,1.184999942779541,1.184999942779541,1.184999942779541,1.1749999523162842,1.1749999523162842,1832.0
2023-03-09 10:34:00,BYFC,1.340000033378601,1.340000033378601,1.340000033378601,1.340000033378601,1.340000033378601,328.0
2023-03-09 10:34:00,CACC,446.989990234375,446.989990234375,446.989990234375,446.989990234375,446.989990234375,777.0
2023-03-09 10:34:00,CASH,47.790000915527344,47.790000915527344,47.79999923706055,47.7599983215332,47.7599983215332,368.0
2023-03-09 10:34:00,CATC,72.16999816894531,72.16999816894531,72.16999816894531,72.16999816894531,72.16999816894531,175.0
2023-03-09 10:34:00,CCD,22.95989990234375,22.95989990234375,22.959999084472656,22.950000762939453,22.950000762939453,1825.0
2023-03-09 10:34:00,CFFN,7.659999847412109,7.659999847412109,7.659999847412109,7.659999847412109,7.659999847412109,244.0
2023-03-09 10:34:00,CG,34.619998931884766,34.619998931884766,34.619998931884766,34.61389923095703,34.619998931884766,2943.0
2023-03-09 10:34:00,CGBD,15.079899787902832,15.079899787902832,15.079899787902832,15.079899787902832,15.079899787902832,100.0
2023-03-09 10:34:00,CHI,11.977999687194824,11.977999687194824,11.977999687194824,11.977999687194824,11.977999687194824,200.0
2023-03-09 10:34:00,CIFR,1.434999942779541,1.434999942779541,1.440000057220459,1.4299999475479126,1.434999942779541,1109.0
2023-03-09 10:34:00,CLBK,19.8799991607666,19.8799991607666,19.8799991607666,19.8799991607666,19.8799991607666,568.0
2023-03-09 10:34:00,CME,180.85000610351562,180.85000610351562,180.85000610351562,180.85000610351562,180.85000610351562,208.0
2023-03-09 10:34:00,COLB,26.104999542236328,26.104999542236328,26.104999542236328,26.059999465942383,26.06999969482422,6159.0
2023-03-09 10:34:00,COOP,45.025001525878906,45.025001525878906,45.04999923706055,45.025001525878906,45.04999923706055,2740.0
2023-03-09 10:34:00,CRVL,180.00999450683594,180.00999450683594,180.00999450683594,179.97000122070312,179.97000122070312,576.0
2023-03-09 10:34:00,CSLM,10.319999694824219,10.319999694824219,10.319999694824219,10.319999694824219,10.319999694824219,700.0
2023-03-09 10:34:00,CSWC,18.579999923706055,18.579999923706055,18.579999923706055,18.579999923706055,18.579999923706055,137.0
2023-03-09 10:34:00,CTBI,40.70000076293945,40.70000076293945,40.70000076293945,40.70000076293945,40.70000076293945,763.0
2023-03-09 10:34:00,CVBF,22.239999771118164,22.239999771118164,22.239999771118164,22.209999084472656,22.209999084472656,905.0
2023-03-09 10:34:00,DTOC,10.199999809265137,10.199999809265137,10.199999809265137,10.199999809265137,10.199999809265137,130.0
2023-03-09 10:34:00,EBC,15.03499984741211,15.03499984741211,15.03499984741211,15.03499984741211,15.03499984741211,361.0
2023-03-09 10:34:00,ECPG,50.70249938964844,50.70249938964844,50.70249938964844,50.70249938964844,50.70249938964844,337.0
2023-03-09 10:34:00,EWBC,70.79000091552734,70.79000091552734,70.80000305175781,70.77999877929688,70.80000305175781,630.0
2023-03-09 10:34:00,EZPW,8.944999694824219,8.944999694824219,8.944999694824219,8.944999694824219,8.944999694824219,212.0
2023-03-09 10:34:00,FCFS,88.23999786376953,88.23999786376953,88.23999786376953,88.23999786376953,88.23999786376953,511.0
2023-03-09 10:34:00,FCRD,4.630000114440918,4.630000114440918,4.630000114440918,4.630000114440918,4.630000114440918,100.0
2023-03-09 10:34:00,FFBC,22.81999969482422,22.81999969482422,22.81999969482422,22.809999465942383,22.809999465942383,298.0
2023-03-09 10:34:00,FFIC,17.739999771118164,17.739999771118164,17.739999771118164,17.739999771118164,17.739999771118164,151.0
2023-03-09 10:34:00,FFIN,34.38999938964844,34.38999938964844,34.40999984741211,34.38999938964844,34.40999984741211,634.0
2023-03-09 10:34:00,FFWM,13.489999771118164,13.489999771118164,13.510000228881836,13.489999771118164,13.5,3696.0
2023-03-09 10:34:00,FHB,24.55500030517578,24.55500030517578,24.55500030517578,24.549999237060547,24.549999237060547,597.0
2023-03-09 10:34:00,FITB,32.98500061035156,32.98500061035156,32.9900016784668,32.959999084472656,32.959999084472656,9997.0
2023-03-09 10:34:00,FOCS,51.790000915527344,51.790000915527344,51.790000915527344,51.779998779296875,51.779998779296875,749.0
2023-03-09 10:34:00,FRBK,1.8049999475479126,1.8049999475479126,1.8049999475479126,1.8049999475479126,1.8049999475479126,206.0
2023-03-09 10:34:00,FULT,15.960000038146973,15.960000038146973,15.960000038146973,15.954999923706055,15.954999923706055,946.0
2023-03-09 10:34:00,FUTU,47.150001525878906,47.150001525878906,47.150001525878906,47.150001525878906,47.150001525878906,470.0
2023-03-09 10:34:00,GBDC,13.524999618530273,13.524999618530273,13.524999618530273,13.510100364685059,13.510100364685059,1159.0
2023-03-09 10:34:00,GCMG,8.380000114440918,8.380000114440918,8.380000114440918,8.380000114440918,8.380000114440918,302.0
2023-03-09 10:34:00,GECC,9.556500434875488,9.556500434875488,9.556500434875488,9.5,9.5,2560.0
2023-03-09 10:34:00,GGAL,12.829999923706055,12.829999923706055,12.829999923706055,12.829999923706055,12.829999923706055,100.0
2023-03-09 10:34:00,GLRE,10.109999656677246,10.109999656677246,10.109999656677246,10.109999656677246,10.109999656677246,121.0
2023-03-09 10:34:00,GROW,2.6772000789642334,2.6772000789642334,2.6772000789642334,2.6772000789642334,2.6772000789642334,343.0
2023-03-09 10:34:00,HAIAW,0.10000000149011612,0.10000000149011612,0.10000000149011612,0.10000000149011612,0.10000000149011612,150.0
2023-03-09 10:34:00,HBAN,14.194999694824219,14.194999694824219,14.194999694824219,14.175000190734863,14.175000190734863,15146.0
2023-03-09 10:34:00,HFWA,24.90999984741211,24.90999984741211,24.950000762939453,24.8799991607666,24.950000762939453,1947.0
2023-03-09 10:34:00,HOPE,12.039999961853027,12.039999961853027,12.039999961853027,12.024999618530273,12.024999618530273,1986.0
2023-03-09 10:34:00,HRZN,12.010000228881836,12.010000228881836,12.010000228881836,12.010000228881836,12.010000228881836,602.0
2023-03-09 10:34:00,HTBK,11.119999885559082,11.119999885559082,11.119999885559082,11.109999656677246,11.109999656677246,731.0
2023-03-09 10:34:00,HUIZ,1.3538999557495117,1.3538999557495117,1.3538999557495117,1.3538999557495117,1.3538999557495117,510.0
2023-03-09 10:34:00,HUT,1.4601000547409058,1.4601000547409058,1.4700000286102295,1.4601000547409058,1.4699000120162964,4940.0
2023-03-09 10:34:00,HWC,44.974998474121094,44.974998474121094,44.974998474121094,44.974998474121094,44.974998474121094,574.0
2023-03-09 10:34:00,IBCP,20.970399856567383,20.970399856567383,20.970399856567383,20.970399856567383,20.970399856567383,564.0
2023-03-09 10:34:00,IBKR,88.68000030517578,88.68000030517578,88.68000030517578,88.68000030517578,88.68000030517578,641.0
2023-03-09 10:34:00,INTR,2.0199999809265137,2.0199999809265137,2.0199999809265137,2.0199999809265137,2.0199999809265137,300.0
2023-03-09 10:35:00,ABCB,43.72999954223633,43.72999954223633,43.72999954223633,43.720001220703125,43.720001220703125,487.0
2023-03-09 10:35:00,ACGL,69.8499984741211,69.8499984741211,69.87000274658203,69.83000183105469,69.8499984741211,1321.0
2023-03-09 10:35:00,AMRK,28.31999969482422,28.31999969482422,28.31999969482422,28.31999969482422,28.31999969482422,180.0
2023-03-09 10:35:00,AMSF,51.439998626708984,51.439998626708984,51.439998626708984,51.439998626708984,51.439998626708984,126.0
2023-03-09 10:35:00,APLD,2.259999990463257,2.259999990463257,2.259999990463257,2.25,2.25,3965.0
2023-03-09 10:35:00,ARBK,1.5490000247955322,1.5490000247955322,1.5490000247955322,1.5490000247955322,1.5490000247955322,383.0
2023-03-09 10:35:00,ARCC,19.190000534057617,19.190000534057617,19.200000762939453,19.190000534057617,19.199399948120117,2204.0
2023-03-09 10:35:00,AUB,37.525001525878906,37.525001525878906,37.525001525878906,37.459999084472656,37.459999084472656,2632.0
2023-03-09 10:35:00,BANR,59.369998931884766,59.369998931884766,59.369998931884766,59.369998931884766,59.369998931884766,204.0
2023-03-09 10:35:00,BFST,19.25,19.25,19.280000686645508,19.25,19.280000686645508,1418.0
2023-03-09 10:35:00,BGCP,5.085000038146973,5.085000038146973,5.085000038146973,5.079800128936768,5.079800128936768,4168.0
2023-03-09 10:35:00,BHF,54.15999984741211,54.15999984741211,54.15999984741211,54.15999984741211,54.15999984741211,447.0
2023-03-09 10:35:00,BMRC,26.954999923706055,26.954999923706055,27.02750015258789,26.954999923706055,26.985000610351562,2836.0
2023-03-09 10:35:00,BOKF,96.75,96.75,96.75,96.73999786376953,96.73999786376953,1107.0
2023-03-09 10:35:00,BPOP,63.150001525878906,63.150001525878906,63.22999954223633,63.150001525878906,63.22999954223633,1983.0
2023-03-09 10:35:00,BRKL,11.760000228881836,11.760000228881836,11.760000228881836,11.755000114440918,11.755000114440918,857.0
2023-03-09 10:35:00,BRP,26.43000030517578,26.43000030517578,26.43000030517578,26.334999084472656,26.389999389648438,1805.0
2023-03-09 10:35:00,BSRR,19.510000228881836,19.510000228881836,19.510000228881836,19.510000228881836,19.510000228881836,100.0
2023-03-09 10:35:00,BTBT,1.184999942779541,1.184999942779541,1.184999942779541,1.184999942779541,1.184999942779541,100.0
2023-03-09 10:35:00,CARE,16.969999313354492,16.969999313354492,17.014999389648438,16.969999313354492,17.0,1855.0
2023-03-09 10:35:00,CATC,71.93000030517578,71.93000030517578,71.93000030517578,71.93000030517578,71.93000030517578,131.0
2023-03-09 10:35:00,CATY,40.34000015258789,40.34000015258789,40.34000015258789,40.310001373291016,40.310001373291016,891.0
2023-03-09 10:35:00,CBSH,62.189998626708984,62.189998626708984,62.189998626708984,62.189998626708984,62.189998626708984,453.0
2023-03-09 10:35:00,CCAP,15.108200073242188,15.108200073242188,15.108200073242188,15.108200073242188,15.108200073242188,600.0
2023-03-09 10:35:00,CCD,22.959999084472656,22.959999084472656,22.959999084472656,22.959999084472656,22.959999084472656,183.0
2023-03-09 10:35:00,CFFN,7.659999847412109,7.659999847412109,7.664999961853027,7.659999847412109,7.659999847412109,1115.0
2023-03-09 10:35:00,CG,34.67499923706055,34.67499923706055,34.68000030517578,34.625,34.625,7766.0
2023-03-09 10:35:00,CHCO,92.43000030517578,92.43000030517578,92.43000030517578,92.41999816894531,92.41999816894531,250.0
2023-03-09 10:35:00,CIFR,1.440000057220459,1.440000057220459,1.440000057220459,1.4313000440597534,1.4313000440597534,2712.0
2023-03-09 10:35:00,CINF,117.5199966430664,117.5199966430664,117.5199966430664,117.3499984741211,117.3499984741211,1398.0
2023-03-09 10:35:00,CME,180.8350067138672,180.8350067138672,180.8350067138672,180.77000427246094,180.80499267578125,2105.0
2023-03-09 10:35:00,COLB,26.149999618530273,26.149999618530273,26.15999984741211,26.125,26.125,4210.0
2023-03-09 10:35:00,COOP,45.09000015258789,45.09000015258789,45.09000015258789,45.04999923706055,45.04999923706055,716.0
2023-03-09 10:35:00,CSWC,18.600000381469727,18.600000381469727,18.600000381469727,18.59950065612793,18.600000381469727,2391.0
2023-03-09 10:35:00,CVBF,22.209999084472656,22.209999084472656,22.25,22.209999084472656,22.25,13829.0
2023-03-09 10:35:00,CZNC,22.15999984741211,22.15999984741211,22.15999984741211,22.15999984741211,22.15999984741211,283.0
2023-03-09 10:35:00,DCOM,29.780000686645508,29.780000686645508,29.780000686645508,29.780000686645508,29.780000686645508,576.0
2023-03-09 10:35:00,EBC,15.050000190734863,15.050000190734863,15.055000305175781,15.029999732971191,15.029999732971191,1682.0
2023-03-09 10:35:00,EFSC,51.900001525878906,51.900001525878906,51.900001525878906,51.900001525878906,51.900001525878906,200.0
2023-03-09 10:35:00,EWBC,70.88999938964844,70.88999938964844,70.9124984741211,70.87000274658203,70.87000274658203,2556.0
2023-03-09 10:35:00,EZPW,8.960000038146973,8.960000038146973,8.970000267028809,8.949999809265137,8.949999809265137,2563.0
2023-03-09 10:35:00,FBMS,29.06999969482422,29.06999969482422,29.110000610351562,29.020000457763672,29.020000457763672,2281.0
2023-03-09 10:35:00,FBNC,39.130001068115234,39.130001068115234,39.130001068115234,39.130001068115234,39.130001068115234,312.0
2023-03-09 10:35:00,FFIC,17.770000457763672,17.770000457763672,17.770000457763672,17.739999771118164,17.739999771118164,5454.0
2023-03-09 10:35:00,FFWM,13.489999771118164,13.489999771118164,13.5,13.489999771118164,13.5,1219.0
2023-03-09 10:35:00,FHB,24.575000762939453,24.575000762939453,24.575000762939453,24.575000762939453,24.575000762939453,452.0
2023-03-09 10:35:00,FIBK,33.20000076293945,33.20000076293945,33.20000076293945,33.19499969482422,33.19499969482422,843.0
2023-03-09 10:35:00,FITB,33.025001525878906,33.025001525878906,33.03499984741211,32.98500061035156,32.9900016784668,7646.0
2023-03-09 10:35:00,FITBO,22.5,22.5,22.5,22.5,22.5,347.0
2023-03-09 10:35:00,FOCS,51.790000915527344,51.790000915527344,51.790000915527344,51.779998779296875,51.790000915527344,903.0
2023-03-09 10:35:00,FULT,15.979999542236328,15.979999542236328,15.979999542236328,15.970000267028809,15.970000267028809,1660.0
2023-03-09 10:35:00,FUTU,47.17499923706055,47.17499923706055,47.25,47.150001525878906,47.150001525878906,8478.0
2023-03-09 10:35:00,GAIN,13.90999984741211,13.90999984741211,13.90999984741211,13.901900291442871,13.901900291442871,519.0
2023-03-09 10:35:00,GBDC,13.529999732971191,13.529999732971191,13.529999732971191,13.529999732971191,13.529999732971191,953.0
2023-03-09 10:35:00,GCMG,8.390000343322754,8.390000343322754,8.390000343322754,8.390000343322754,8.390000343322754,105.0
2023-03-09 10:35:00,GGAL,12.829999923706055,12.829999923706055,12.829999923706055,12.829999923706055,12.829999923706055,104.0
2023-03-09 10:35:00,GLRE,10.130000114440918,10.130000114440918,10.130000114440918,10.119999885559082,10.119999885559082,1204.0
2023-03-09 10:35:00,GSBC,54.8849983215332,54.8849983215332,54.8849983215332,54.8849983215332,54.8849983215332,232.0
2023-03-09 10:35:00,HAFC,22.174999237060547,22.174999237060547,22.174999237060547,22.174999237060547,22.174999237060547,292.0
2023-03-09 10:35:00,HBAN,14.220000267028809,14.220000267028809,14.220000267028809,14.194999694824219,14.199999809265137,19542.0
2023-03-09 10:35:00,HFWA,24.959999084472656,24.959999084472656,24.959999084472656,24.959999084472656,24.959999084472656,119.0
2023-03-09 10:35:00,HMPT,1.899999976158142,1.899999976158142,1.899999976158142,1.8899999856948853,1.8899999856948853,2007.0
2023-03-09 10:35:00,HMST,22.850000381469727,22.850000381469727,22.850000381469727,22.850000381469727,22.850000381469727,125.0
2023-03-09 10:35:00,HONE,12.850000381469727,12.850000381469727,12.850000381469727,12.850000381469727,12.850000381469727,300.0
2023-03-09 10:35:00,HOPE,12.050000190734863,12.050000190734863,12.055000305175781,12.039999961853027,12.039999961853027,3515.0
2023-03-09 10:35:00,HRZN,12.020000457763672,12.020000457763672,12.020000457763672,12.020000457763672,12.020000457763672,211.0
2023-03-09 10:35:00,HTBK,11.119999885559082,11.119999885559082,11.119999885559082,11.119999885559082,11.119999885559082,347.0
2023-03-09 10:35:00,HTLF,46.36000061035156,46.36000061035156,46.4900016784668,46.36000061035156,46.459999084472656,1778.0
2023-03-09 10:35:00,HWC,45.029998779296875,45.029998779296875,45.029998779296875,44.97999954223633,45.02000045776367,1358.0
2023-03-09 10:35:00,IBTX,53.63999938964844,53.63999938964844,53.63999938964844,53.63999938964844,53.63999938964844,239.0
2023-03-09 10:35:00,ICMB,4.036099910736084,4.036099910736084,4.036099910736084,4.036099910736084,4.036099910736084,262.0
2023-03-09 10:35:00,INDB,73.625,73.625,73.6500015258789,73.5999984741211,73.5999984741211,800.0
2023-03-09 10:35:00,INTR,2.0199999809265137,2.0199999809265137,2.0199999809265137,2.0199999809265137,2.0199999809265137,100.0
2023-03-09 10:36:00,ACGL,69.91000366210938,69.91000366210938,69.91000366210938,69.83999633789062,69.8499984741211,3438.0
2023-03-09 10:36:00,AMSF,51.599998474121094,51.599998474121094,51.599998474121094,51.599998474121094,51.599998474121094,118.0
2023-03-09 10:36:00,APLD,2.265000104904175,2.265000104904175,2.265000104904175,2.259999990463257,2.259999990463257,368.0
2023-03-09 10:36:00,ARCC,19.19930076599121,19.19930076599121,19.200000762939453,19.19499969482422,19.200000762939453,2240.0
2023-03-09 10:36:00,AUB,37.525001525878906,37.525001525878906,37.525001525878906,37.47999954223633,37.47999954223633,1679.0
2023-03-09 10:36:00,BGCP,5.085000038146973,5.085000038146973,5.090000152587891,5.085000038146973,5.085000038146973,2822.0
2023-03-09 10:36:00,BMRC,27.0049991607666,27.0049991607666,27.0049991607666,27.0,27.0,2642.0
2023-03-09 10:36:00,BOKF,96.75,96.75,96.75,96.75,96.75,1249.0
2023-03-09 10:36:00,BPOP,62.89500045776367,62.89500045776367,63.16999816894531,62.89500045776367,63.130001068115234,4280.0
2023-03-09 10:36:00,BRKL,11.760000228881836,11.760000228881836,11.760000228881836,11.760000228881836,11.760000228881836,622.0
2023-03-09 10:36:00,BTBT,1.1799999475479126,1.1799999475479126,1.1799999475479126,1.1799999475479126,1.1799999475479126,3908.0
2023-03-09 10:36:00,BTWN,10.04990005493164,10.04990005493164,10.04990005493164,10.04990005493164,10.04990005493164,259.0
2023-03-09 10:36:00,CARE,16.90999984741211,16.90999984741211,16.90999984741211,16.90999984741211,16.90999984741211,228.0
2023-03-09 10:36:00,CATY,40.310001373291016,40.310001373291016,40.310001373291016,40.310001373291016,40.310001373291016,620.0
2023-03-09 10:36:00,CBSH,62.220001220703125,62.220001220703125,62.220001220703125,62.189998626708984,62.21500015258789,1796.0
2023-03-09 10:36:00,CCAP,15.100000381469727,15.100000381469727,15.100000381469727,15.100000381469727,15.100000381469727,199.0
2023-03-09 10:36:00,CFFN,7.654600143432617,7.654600143432617,7.664999961853027,7.654600143432617,7.664999961853027,3312.0
2023-03-09 10:36:00,CG,34.66999816894531,34.66999816894531,34.66999816894531,34.66999816894531,34.66999816894531,464.0
2023-03-09 10:36:00,CME,180.7899932861328,180.7899932861328,180.82789611816406,180.78500366210938,180.82789611816406,2067.0
2023-03-09 10:36:00,COLB,26.1299991607666,26.1299991607666,26.139999389648438,26.125,26.139999389648438,4642.0
2023-03-09 10:36:00,COOP,45.16999816894531,45.16999816894531,45.20000076293945,45.13999938964844,45.150001525878906,1332.0
2023-03-09 10:36:00,CPSS,10.734999656677246,10.734999656677246,10.739999771118164,10.550000190734863,10.550000190734863,930.0
2023-03-09 10:36:00,CSWC,18.594999313354492,18.594999313354492,18.600099563598633,18.594999313354492,18.600099563598633,827.0
2023-03-09 10:36:00,CVBF,22.190000534057617,22.190000534057617,22.209999084472656,22.190000534057617,22.209999084472656,3884.0
2023-03-09 10:36:00,DCOM,29.81999969482422,29.81999969482422,29.81999969482422,29.81999969482422,29.81999969482422,504.0
2023-03-09 10:36:00,DWAC,14.194299697875977,14.194299697875977,14.194299697875977,14.194299697875977,14.194299697875977,247.0
2023-03-09 10:36:00,EBC,15.039999961853027,15.039999961853027,15.039999961853027,15.039999961853027,15.039999961853027,1369.0
2023-03-09 10:36:00,EFSC,51.900001525878906,51.900001525878906,51.900001525878906,51.900001525878906,51.900001525878906,265.0
2023-03-09 10:36:00,EGBN,41.15999984741211,41.15999984741211,41.19499969482422,41.1349983215332,41.19499969482422,1187.0
2023-03-09 10:36:00,EQBK,28.65999984741211,28.65999984741211,28.65999984741211,28.65999984741211,28.65999984741211,115.0
2023-03-09 10:36:00,EWBC,70.72000122070312,70.72000122070312,70.8499984741211,70.72000122070312,70.8499984741211,2010.0
2023-03-09 10:36:00,EZPW,8.960000038146973,8.960000038146973,8.96500015258789,8.960000038146973,8.960000038146973,2843.0
2023-03-09 10:36:00,FBNC,38.959999084472656,38.959999084472656,39.08000183105469,38.959999084472656,39.08000183105469,2486.0
2023-03-09 10:36:00,FCFS,88.20999908447266,88.20999908447266,88.20999908447266,88.20999908447266,88.20999908447266,569.0
2023-03-09 10:36:00,FCNCA,674.7550048828125,674.7550048828125,675.0,674.7550048828125,675.0,480.0
2023-03-09 10:36:00,FCRD,4.664999961853027,4.664999961853027,4.664999961853027,4.664999961853027,4.664999961853027,4005.0
2023-03-09 10:36:00,FFIC,17.75,17.75,17.760000228881836,17.75,17.760000228881836,232.0
2023-03-09 10:36:00,FFIN,34.41999816894531,34.41999816894531,34.43000030517578,34.41999816894531,34.43000030517578,371.0
2023-03-09 10:36:00,FFWM,13.475000381469727,13.475000381469727,13.475000381469727,13.470000267028809,13.470000267028809,283.0
2023-03-09 10:36:00,FHB,24.540000915527344,24.540000915527344,24.549999237060547,24.520000457763672,24.549999237060547,3720.0
2023-03-09 10:36:00,FIBK,33.23500061035156,33.23500061035156,33.23500061035156,33.20000076293945,33.209999084472656,2645.0
2023-03-09 10:36:00,FITB,33.02000045776367,33.02000045776367,33.04499816894531,32.994998931884766,33.04499816894531,5909.0
2023-03-09 10:36:00,FOCS,51.790000915527344,51.790000915527344,51.790000915527344,51.78499984741211,51.78499984741211,1622.0
2023-03-09 10:36:00,FULT,15.960000038146973,15.960000038146973,15.970000267028809,15.960000038146973,15.970000267028809,1874.0
2023-03-09 10:36:00,FUTU,47.05500030517578,47.05500030517578,47.13999938964844,47.02000045776367,47.125,3101.0
2023-03-09 10:36:00,GABC,35.994998931884766,35.994998931884766,36.040000915527344,35.974998474121094,36.02000045776367,538.0
2023-03-09 10:36:00,GCMG,8.420000076293945,8.420000076293945,8.430000305175781,8.420000076293945,8.420000076293945,327.0
2023-03-09 10:36:00,GGAL,12.847999572753906,12.847999572753906,12.847999572753906,12.8100004196167,12.839799880981445,3897.0
2023-03-09 10:36:00,GLRE,10.109999656677246,10.109999656677246,10.127799987792969,10.109999656677246,10.127799987792969,800.0
2023-03-09 10:36:00,GSHD,53.20000076293945,53.20000076293945,53.20000076293945,53.20000076293945,53.20000076293945,574.0
2023-03-09 10:36:00,HAFC,22.18000030517578,22.18000030517578,22.18000030517578,22.18000030517578,22.18000030517578,117.0
2023-03-09 10:36:00,HBAN,14.219400405883789,14.219400405883789,14.220000267028809,14.199999809265137,14.21500015258789,117112.0
2023-03-09 10:36:00,HBNC,14.460000038146973,14.460000038146973,14.460000038146973,14.460000038146973,14.460000038146973,639.0
2023-03-09 10:36:00,HFWA,24.959999084472656,24.959999084472656,24.959999084472656,24.950000762939453,24.950000762939453,206.0
2023-03-09 10:36:00,HGBL,2.450000047683716,2.450000047683716,2.450000047683716,2.450000047683716,2.450000047683716,200.0
2023-03-09 10:36:00,HIVE,2.6549999713897705,2.6549999713897705,2.6549999713897705,2.6549999713897705,2.6549999713897705,502.0
2023-03-09 10:36:00,HMST,22.81999969482422,22.81999969482422,22.81999969482422,22.81999969482422,22.81999969482422,322.0
2023-03-09 10:36:00,HONE,12.84000015258789,12.84000015258789,12.850000381469727,12.84000015258789,12.850000381469727,1034.0
2023-03-09 10:36:00,HOPE,12.0649995803833,12.0649995803833,12.0649995803833,12.050000190734863,12.050000190734863,3496.0
2023-03-09 10:36:00,HRZN,12.058600425720215,12.058600425720215,12.058600425720215,12.058600425720215,12.058600425720215,141.0
2023-03-09 10:36:00,HTBK,11.119999885559082,11.119999885559082,11.119999885559082,11.119999885559082,11.119999885559082,373.0
2023-03-09 10:36:00,HUT,1.4600000381469727,1.4600000381469727,1.465000033378601,1.4550000429153442,1.4602999687194824,59570.0
2023-03-09 10:36:00,HWC,44.95000076293945,44.95000076293945,45.04999923706055,44.95000076293945,45.04999923706055,1777.0
2023-03-09 10:36:00,HWEL,10.100000381469727,10.100000381469727,10.100000381469727,10.100000381469727,10.100000381469727,1200.0
2023-03-09 10:36:00,IBKR,88.6500015258789,88.6500015258789,88.6500015258789,88.6500015258789,88.6500015258789,174.0
2023-03-09 10:36:00,IBTX,53.709999084472656,53.709999084472656,53.709999084472656,53.66999816894531,53.66999816894531,785.0
2023-03-09 10:36:00,INDB,73.73999786376953,73.73999786376953,73.73999786376953,73.73999786376953,73.73999786376953,606.0
2023-03-09 10:36:00,INTR,2.0199999809265137,2.0199999809265137,2.0199999809265137,2.0199999809265137,2.0199999809265137,400.0
2023-03-09 10:37:00,ABCB,43.66999816894531,43.66999816894531,43.68000030517578,43.66999816894531,43.68000030517578,977.0
2023-03-09 10:37:00,ACGL,69.91999816894531,69.91999816894531,69.91999816894531,69.90499877929688,69.91000366210938,832.0
2023-03-09 10:37:00,AMAL,21.600000381469727,21.600000381469727,21.600000381469727,21.59000015258789,21.59000015258789,925.0
2023-03-09 10:37:00,AMRK,28.350000381469727,28.350000381469727,28.350000381469727,28.31999969482422,28.31999969482422,379.0
2023-03-09 10:37:00,APLD,2.259999990463257,2.259999990463257,2.259999990463257,2.25,2.259999990463257,2443.0
2023-03-09 10:37:00,ARCC,19.19499969482422,19.19499969482422,19.200000762939453,19.190000534057617,19.200000762939453,7429.0
2023-03-09 10:37:00,BCBP,16.149999618530273,16.149999618530273,16.15999984741211,16.149999618530273,16.15999984741211,387.0
2023-03-09 10:37:00,BGCP,5.079999923706055,5.079999923706055,5.079999923706055,5.079999923706055,5.079999923706055,458.0
2023-03-09 10:37:00,BITF,0.8025000095367432,0.8025000095367432,0.8026000261306763,0.8025000095367432,0.8026000261306763,569.0
2023-03-09 10:37:00,BMRC,26.93000030517578,26.93000030517578,27.010000228881836,26.93000030517578,27.0,5285.0
2023-03-09 10:37:00,BOKF,96.77999877929688,96.77999877929688,96.77999877929688,96.7300033569336,96.75,1787.0
2023-03-09 10:37:00,BPOP,62.720001220703125,62.720001220703125,62.83000183105469,62.720001220703125,62.77000045776367,13905.0
2023-03-09 10:37:00,BRKL,11.739999771118164,11.739999771118164,11.75,11.739999771118164,11.75,1550.0
2023-03-09 10:37:00,BSRR,19.510000228881836,19.510000228881836,19.510000228881836,19.510000228881836,19.510000228881836,300.0
2023-03-09 10:37:00,BTBT,1.1799999475479126,1.1799999475479126,1.1799999475479126,1.1799999475479126,1.1799999475479126,113.0
2023-03-09 10:37:00,BUSE,22.889999389648438,22.889999389648438,22.889999389648438,22.889999389648438,22.889999389648438,136.0
2023-03-09 10:37:00,CASH,47.82500076293945,47.82500076293945,47.82500076293945,47.82500076293945,47.82500076293945,100.0
2023-03-09 10:37:00,CBSH,62.13999938964844,62.13999938964844,62.13999938964844,62.13999938964844,62.13999938964844,714.0
2023-03-09 10:37:00,CCAP,15.100000381469727,15.100000381469727,15.100000381469727,15.100000381469727,15.100000381469727,200.0
2023-03-09 10:37:00,CFFN,7.650000095367432,7.650000095367432,7.65500020980835,7.650000095367432,7.65500020980835,1504.0
2023-03-09 10:37:00,CG,34.66999816894531,34.66999816894531,34.68000030517578,34.66999816894531,34.68000030517578,1037.0
2023-03-09 10:37:00,CGBD,15.09000015258789,15.09000015258789,15.100000381469727,15.079400062561035,15.079400062561035,5117.0
2023-03-09 10:37:00,CHI,11.989899635314941,11.989899635314941,11.989899635314941,11.982000350952148,11.982000350952148,900.0
2023-03-09 10:37:00,CHW,6.084199905395508,6.084199905395508,6.084199905395508,6.084199905395508,6.084199905395508,1724.0
2023-03-09 10:37:00,CHY,12.300000190734863,12.300000190734863,12.310099601745605,12.300000190734863,12.3100004196167,2570.0
2023-03-09 10:37:00,CIZN,15.600000381469727,15.600000381469727,15.600000381469727,15.600000381469727,15.600000381469727,211.0
2023-03-09 10:37:00,CME,180.92999267578125,180.92999267578125,180.92999267578125,180.6300048828125,180.7899932861328,11851.0
2023-03-09 10:37:00,CNOB,22.56999969482422,22.56999969482422,22.56999969482422,22.56999969482422,22.56999969482422,505.0
2023-03-09 10:37:00,COLB,26.079999923706055,26.079999923706055,26.139999389648438,26.079999923706055,26.1200008392334,2694.0
2023-03-09 10:37:00,COOP,45.150001525878906,45.150001525878906,45.150001525878906,45.150001525878906,45.150001525878906,150.0
2023-03-09 10:37:00,EBC,15.029999732971191,15.029999732971191,15.029999732971191,15.029999732971191,15.029999732971191,521.0
2023-03-09 10:37:00,EHTH,9.29990005493164,9.29990005493164,9.300000190734863,9.270000457763672,9.270000457763672,1581.0
2023-03-09 10:37:00,EWBC,70.72000122070312,70.72000122070312,70.81999969482422,70.69000244140625,70.81999969482422,996.0
2023-03-09 10:37:00,EZPW,8.949999809265137,8.949999809265137,8.954999923706055,8.949999809265137,8.954999923706055,242.0
2023-03-09 10:37:00,FBMS,29.0,29.0,29.0,28.989999771118164,28.989999771118164,250.0
2023-03-09 10:37:00,FCRD,4.643499851226807,4.643499851226807,4.643499851226807,4.643499851226807,4.643499851226807,5351.0
2023-03-09 10:37:00,FFIC,17.75,17.75,17.75,17.75,17.75,154.0
2023-03-09 10:37:00,FFIN,34.36000061035156,34.36000061035156,34.36000061035156,34.36000061035156,34.36000061035156,351.0
2023-03-09 10:37:00,FFWM,13.470000267028809,13.470000267028809,13.479999542236328,13.460000038146973,13.460000038146973,2491.0
2023-03-09 10:37:00,FHB,24.520000457763672,24.520000457763672,24.540000915527344,24.520000457763672,24.540000915527344,405.0
2023-03-09 10:37:00,FIBK,33.20000076293945,33.20000076293945,33.22999954223633,33.20000076293945,33.22999954223633,1187.0
2023-03-09 10:37:00,FITB,33.0099983215332,33.0099983215332,33.03499984741211,33.0,33.02000045776367,10800.0
2023-03-09 10:37:00,FMNB,13.34000015258789,13.34000015258789,13.34000015258789,13.34000015258789,13.34000015258789,103.0
2023-03-09 10:37:00,FNLC,28.81999969482422,28.81999969482422,28.81999969482422,28.81999969482422,28.81999969482422,102.0
2023-03-09 10:37:00,FOCS,51.79499816894531,51.79499816894531,51.79499816894531,51.779998779296875,51.790000915527344,20261.0
2023-03-09 10:37:00,FULT,15.950599670410156,15.950599670410156,15.960000038146973,15.950599670410156,15.960000038146973,611.0
2023-03-09 10:37:00,FUTU,47.040000915527344,47.040000915527344,47.040000915527344,47.040000915527344,47.040000915527344,271.0
2023-03-09 10:37:00,GABC,35.9900016784668,35.9900016784668,35.9900016784668,35.9900016784668,35.9900016784668,560.0
2023-03-09 10:37:00,GBDC,13.551199913024902,13.551199913024902,13.551199913024902,13.534000396728516,13.534000396728516,5330.0
2023-03-09 10:37:00,GCMG,8.4399995803833,8.4399995803833,8.4399995803833,8.4399995803833,8.4399995803833,145.0
2023-03-09 10:37:00,GGAL,12.795000076293945,12.795000076293945,12.819999694824219,12.795000076293945,12.819999694824219,2789.0
2023-03-09 10:37:00,HAFC,22.15999984741211,22.15999984741211,22.15999984741211,22.15999984741211,22.15999984741211,433.0
2023-03-09 10:37:00,HBAN,14.199999809265137,14.199999809265137,14.220000267028809,14.1899995803833,14.220000267028809,127285.0
2023-03-09 10:37:00,HIVE,2.6500000953674316,2.6500000953674316,2.6510000228881836,2.6500000953674316,2.6510000228881836,1594.0
2023-03-09 10:37:00,HMST,22.844999313354492,22.844999313354492,22.844999313354492,22.844999313354492,22.844999313354492,138.0
2023-03-09 10:37:00,HOPE,12.0649995803833,12.0649995803833,12.0649995803833,12.0600004196167,12.0649995803833,3531.0
2023-03-09 10:37:00,HTBK,11.09000015258789,11.09000015258789,11.100000381469727,11.09000015258789,11.100000381469727,527.0
2023-03-09 10:37:00,HTLF,46.349998474121094,46.349998474121094,46.369998931884766,46.349998474121094,46.369998931884766,791.0
2023-03-09 10:37:00,HUT,1.4550000429153442,1.4550000429153442,1.4696999788284302,1.4500000476837158,1.4601000547409058,15986.0
2023-03-09 10:37:00,IBKR,88.76000213623047,88.76000213623047,88.76000213623047,88.66020202636719,88.66020202636719,956.0
2023-03-09 10:37:00,IGIC,8.335000038146973,8.335000038146973,8.335000038146973,8.335000038146973,8.335000038146973,100.0
2023-03-09 10:37:00,INTR,2.0199999809265137,2.0199999809265137,2.0199999809265137,2.0199999809265137,2.0199999809265137,500.0
2023-03-09 10:38:00,ACGL,69.91999816894531,69.91999816894531,69.94499969482422,69.91999816894531,69.93000030517578,2059.0
2023-03-09 10:38:00,AMAL,21.58639907836914,21.58639907836914,21.58639907836914,21.58639907836914,21.58639907836914,349.0
2023-03-09 10:38:00,ARCC,19.209999084472656,19.209999084472656,19.209999084472656,19.19499969482422,19.200000762939453,6455.0
2023-03-09 10:38:00,AROW,29.0049991607666,29.0049991607666,29.0049991607666,28.9950008392334,28.9950008392334,1858.0
2023-03-09 10:38:00,AUB,37.56999969482422,37.56999969482422,37.56999969482422,37.51499938964844,37.51499938964844,1811.0
2023-03-09 10:38:00,BGCP,5.09499979019165,5.09499979019165,5.09499979019165,5.079999923706055,5.087500095367432,25370.0
2023-03-09 10:38:00,BOKF,96.9000015258789,96.9000015258789,96.9000015258789,96.88999938964844,96.88999938964844,730.0
2023-03-09 10:38:00,BPOP,62.41999816894531,62.41999816894531,62.70000076293945,62.41999816894531,62.66999816894531,4777.0
2023-03-09 10:38:00,BRIV,10.125,10.125,10.125,10.125,10.125,0.0
2023-03-09 10:38:00,BRKL,11.75,11.75,11.75,11.75,11.75,376.0
2023-03-09 10:38:00,BUSE,22.850000381469727,22.850000381469727,22.90999984741211,22.850000381469727,22.90999984741211,1010.0
2023-03-09 10:38:00,CASH,47.80500030517578,47.80500030517578,47.83000183105469,47.72999954223633,47.779998779296875,16279.0
2023-03-09 10:38:00,CBRG,10.399999618530273,10.399999618530273,10.399999618530273,10.399999618530273,10.399999618530273,1.0
2023-03-09 10:38:00,CBSH,62.25,62.25,62.25,62.25,62.25,100.0
2023-03-09 10:38:00,CCAP,15.050000190734863,15.050000190734863,15.100000381469727,15.050000190734863,15.100000381469727,1548.0
2023-03-09 10:38:00,CCBG,34.11000061035156,34.11000061035156,34.11000061035156,34.11000061035156,34.11000061035156,145.0
2023-03-09 10:38:00,CG,34.68000030517578,34.68000030517578,34.68000030517578,34.67499923706055,34.67499923706055,2278.0
2023-03-09 10:38:00,CGBD,15.09000015258789,15.09000015258789,15.09000015258789,15.09000015258789,15.09000015258789,4600.0
2023-03-09 10:38:00,CHI,11.970000267028809,11.970000267028809,11.970000267028809,11.970000267028809,11.970000267028809,175.0
2023-03-09 10:38:00,CIFR,1.4600000381469727,1.4600000381469727,1.4600000381469727,1.4600000381469727,1.4600000381469727,214.0
2023-03-09 10:38:00,CINF,117.6500015258789,117.6500015258789,117.6500015258789,117.6500015258789,117.6500015258789,951.0
2023-03-09 10:38:00,CME,180.9149932861328,180.9149932861328,180.92999267578125,180.91160583496094,180.92999267578125,969.0
2023-03-09 10:38:00,CNOB,22.46500015258789,22.46500015258789,22.559999465942383,22.46500015258789,22.549999237060547,1003.0
2023-03-09 10:38:00,COLB,26.1200008392334,26.1200008392334,26.1299991607666,26.084999084472656,26.084999084472656,8011.0
2023-03-09 10:38:00,COOP,45.220001220703125,45.220001220703125,45.220001220703125,45.154998779296875,45.154998779296875,221.0
2023-03-09 10:38:00,CSQ,14.119999885559082,14.119999885559082,14.149999618530273,14.119999885559082,14.140000343322754,2216.0
2023-03-09 10:38:00,CSWC,18.600000381469727,18.600000381469727,18.600000381469727,18.600000381469727,18.600000381469727,220.0
2023-03-09 10:38:00,CVBF,22.19499969482422,22.19499969482422,22.19499969482422,22.19499969482422,22.19499969482422,147.0
2023-03-09 10:38:00,CVCY,24.690000534057617,24.690000534057617,24.690000534057617,24.690000534057617,24.690000534057617,394.0
2023-03-09 10:38:00,DWAC,14.170000076293945,14.170000076293945,14.170000076293945,14.170000076293945,14.170000076293945,105.0
2023-03-09 10:38:00,EBC,15.029999732971191,15.029999732971191,15.03499984741211,15.020000457763672,15.020000457763672,3569.0
2023-03-09 10:38:00,EFSC,51.880001068115234,51.880001068115234,51.880001068115234,51.880001068115234,51.880001068115234,429.0
2023-03-09 10:38:00,EHTH,9.3100004196167,9.3100004196167,9.3100004196167,9.300000190734863,9.300000190734863,397.0
2023-03-09 10:38:00,EWBC,70.75,70.75,70.75,70.75,70.75,331.0
2023-03-09 10:38:00,FCRD,4.630000114440918,4.630000114440918,4.670000076293945,4.630000114440918,4.670000076293945,20579.0
2023-03-09 10:38:00,FFBC,22.819000244140625,22.819000244140625,22.819000244140625,22.819000244140625,22.819000244140625,796.0
2023-03-09 10:38:00,FFIC,17.739999771118164,17.739999771118164,17.739999771118164,17.739999771118164,17.739999771118164,371.0
2023-03-09 10:38:00,FFIN,34.349998474121094,34.349998474121094,34.349998474121094,34.349998474121094,34.349998474121094,382.0
2023-03-09 10:38:00,FHB,24.565000534057617,24.565000534057617,24.565000534057617,24.549999237060547,24.549999237060547,1086.0
2023-03-09 10:38:00,FIBK,33.220001220703125,33.220001220703125,33.2400016784668,33.220001220703125,33.2400016784668,687.0
2023-03-09 10:38:00,FITB,33.0,33.0,33.04499816894531,33.0,33.02000045776367,3736.0
2023-03-09 10:38:00,FMNB,13.34000015258789,13.34000015258789,13.34000015258789,13.34000015258789,13.34000015258789,121.0
2023-03-09 10:38:00,FOCS,51.79499816894531,51.79499816894531,51.79499816894531,51.790000915527344,51.79499816894531,3254.0
2023-03-09 10:38:00,FRBK,1.7999999523162842,1.7999999523162842,1.7999999523162842,1.7999999523162842,1.7999999523162842,368.0
2023-03-09 10:38:00,FRHC,73.22840118408203,73.22840118408203,73.22840118408203,73.20999908447266,73.20999908447266,388.0
2023-03-09 10:38:00,FTPAU,10.149999618530273,10.149999618530273,10.149999618530273,10.149999618530273,10.149999618530273,0.0
2023-03-09 10:38:00,FULT,15.975000381469727,15.975000381469727,15.979999542236328,15.949999809265137,15.960000038146973,1946.0
2023-03-09 10:38:00,FUTU,47.084999084472656,47.084999084472656,47.084999084472656,47.04999923706055,47.06999969482422,6440.0
2023-03-09 10:38:00,GBDC,13.5600004196167,13.5600004196167,13.5600004196167,13.550100326538086,13.550100326538086,3640.0
2023-03-09 10:38:00,GECC,9.479999542236328,9.479999542236328,9.5,9.479999542236328,9.5,1907.0
2023-03-09 10:38:00,GLAD,9.984999656677246,9.984999656677246,9.984999656677246,9.984999656677246,9.984999656677246,150.0
2023-03-09 10:38:00,GOCO,18.574199676513672,18.574199676513672,18.574199676513672,18.574199676513672,18.574199676513672,313.0
2023-03-09 10:38:00,GSHD,53.060001373291016,53.060001373291016,53.060001373291016,53.060001373291016,53.060001373291016,123.0
2023-03-09 10:38:00,HAFC,22.200000762939453,22.200000762939453,22.229999542236328,22.179899215698242,22.18000030517578,3385.0
2023-03-09 10:38:00,HBAN,14.204999923706055,14.204999923706055,14.225000381469727,14.1899995803833,14.204999923706055,172795.0
2023-03-09 10:38:00,HFWA,24.959999084472656,24.959999084472656,24.959999084472656,24.940000534057617,24.940000534057617,210.0
2023-03-09 10:38:00,HONE,12.84000015258789,12.84000015258789,12.84000015258789,12.84000015258789,12.84000015258789,116.0
2023-03-09 10:38:00,HOPE,12.074999809265137,12.074999809265137,12.074999809265137,12.069999694824219,12.069999694824219,926.0
2023-03-09 10:38:00,HUT,1.4550000429153442,1.4550000429153442,1.4550000429153442,1.4500000476837158,1.4500000476837158,1428.0
2023-03-09 10:38:00,HWC,44.93000030517578,44.93000030517578,44.93000030517578,44.93000030517578,44.93000030517578,119.0
2023-03-09 10:38:00,IBKR,88.95500183105469,88.95500183105469,88.95500183105469,88.66999816894531,88.66999816894531,4138.0
2023-03-09 10:38:00,IBTX,53.650001525878906,53.650001525878906,53.650001525878906,53.650001525878906,53.650001525878906,141.0
2023-03-09 10:38:00,INTR,2.0199999809265137,2.0199999809265137,2.0199999809265137,2.0199999809265137,2.0199999809265137,100.0
2023-03-09 10:39:00,ABCB,43.72999954223633,43.72999954223633,43.72999954223633,43.72999954223633,43.72999954223633,429.0
2023-03-09 10:39:00,ACGL,69.9000015258789,69.9000015258789,69.91999816894531,69.9000015258789,69.91999816894531,1808.0
2023-03-09 10:39:00,AMSF,51.439998626708984,51.439998626708984,51.599998474121094,51.439998626708984,51.599998474121094,2213.0
2023-03-09 10:39:00,ARCC,19.21500015258789,19.21500015258789,19.21500015258789,19.209999084472656,19.209999084472656,9739.0
2023-03-09 10:39:00,AROW,28.93000030517578,28.93000030517578,29.040000915527344,28.93000030517578,29.0,306.0
2023-03-09 10:39:00,AUB,37.4900016784668,37.4900016784668,37.56999969482422,37.4900016784668,37.4900016784668,4439.0
2023-03-09 10:39:00,BANR,59.5,59.5,59.5,59.5,59.5,123.0
2023-03-09 10:39:00,BGCP,5.090000152587891,5.090000152587891,5.090000152587891,5.090000152587891,5.090000152587891,110.0
2023-03-09 10:39:00,BHF,54.13999938964844,54.13999938964844,54.15999984741211,54.13999938964844,54.15999984741211,1208.0
2023-03-09 10:39:00,BITF,0.8023999929428101,0.8023999929428101,0.8023999929428101,0.8023999929428101,0.8023999929428101,220.0
2023-03-09 10:39:00,BLFY,11.750100135803223,11.750100135803223,11.750100135803223,11.750100135803223,11.750100135803223,328.0
2023-03-09 10:39:00,BOKF,96.9000015258789,96.9000015258789,96.91000366210938,96.9000015258789,96.91000366210938,1299.0
2023-03-09 10:39:00,BPOP,62.65999984741211,62.65999984741211,62.7599983215332,62.4900016784668,62.4900016784668,3537.0
2023-03-09 10:39:00,BRKL,11.75,11.75,11.760000228881836,11.75,11.760000228881836,1025.0
2023-03-09 10:39:00,CALB,25.377500534057617,25.377500534057617,25.377500534057617,25.377500534057617,25.377500534057617,1055.0
2023-03-09 10:39:00,CARE,16.89699935913086,16.89699935913086,16.93000030517578,16.89699935913086,16.93000030517578,1034.0
2023-03-09 10:39:00,CASH,47.83000183105469,47.83000183105469,47.83000183105469,47.82500076293945,47.82500076293945,220.0
2023-03-09 10:39:00,CATY,40.31999969482422,40.31999969482422,40.33000183105469,40.31999969482422,40.33000183105469,935.0
2023-03-09 10:39:00,CBSH,62.220001220703125,62.220001220703125,62.220001220703125,62.220001220703125,62.220001220703125,820.0
2023-03-09 10:39:00,CCAP,15.0826997756958,15.0826997756958,15.09000015258789,15.0826997756958,15.09000015258789,607.0
2023-03-09 10:39:00,CG,34.685001373291016,34.685001373291016,34.70000076293945,34.685001373291016,34.689998626708984,2541.0
2023-03-09 10:39:00,CHY,12.3149995803833,12.3149995803833,12.3149995803833,12.3149995803833,12.3149995803833,500.0
2023-03-09 10:39:00,CINF,117.5,117.5,117.55999755859375,117.5,117.55999755859375,1537.0
2023-03-09 10:39:00,CIVB,20.6200008392334,20.6200008392334,20.6200008392334,20.6200008392334,20.6200008392334,112.0
2023-03-09 10:39:00,CME,180.89999389648438,180.89999389648438,180.89999389648438,180.89999389648438,180.89999389648438,320.0
2023-03-09 10:39:00,COLB,26.139999389648438,26.139999389648438,26.15999984741211,26.125,26.125,6969.0
2023-03-09 10:39:00,COOP,45.220001220703125,45.220001220703125,45.220001220703125,45.095001220703125,45.16999816894531,561.0
2023-03-09 10:39:00,CRVL,180.19000244140625,180.19000244140625,180.38499450683594,180.17999267578125,180.38499450683594,1201.0
2023-03-09 10:39:00,CSQ,14.130000114440918,14.130000114440918,14.130000114440918,14.130000114440918,14.130000114440918,167.0
2023-03-09 10:39:00,CSWC,18.600000381469727,18.600000381469727,18.600000381469727,18.600000381469727,18.600000381469727,651.0
2023-03-09 10:39:00,CVBF,22.200000762939453,22.200000762939453,22.209999084472656,22.190000534057617,22.209999084472656,6512.0
2023-03-09 10:39:00,DWAC,14.15999984741211,14.15999984741211,14.178999900817871,14.15999984741211,14.178999900817871,630.0
2023-03-09 10:39:00,EBC,15.03499984741211,15.03499984741211,15.03499984741211,15.029999732971191,15.029999732971191,266.0
2023-03-09 10:39:00,ECPG,50.88999938964844,50.88999938964844,50.88999938964844,50.79499816894531,50.84000015258789,1528.0
2023-03-09 10:39:00,EHTH,9.279999732971191,9.279999732971191,9.279999732971191,9.279999732971191,9.279999732971191,130.0
2023-03-09 10:39:00,EWBC,70.7509994506836,70.7509994506836,70.7699966430664,70.7509994506836,70.7699966430664,1093.0
2023-03-09 10:39:00,EZPW,8.960000038146973,8.960000038146973,8.960000038146973,8.949999809265137,8.949999809265137,1191.0
2023-03-09 10:39:00,FBMS,29.110000610351562,29.110000610351562,29.110000610351562,28.989999771118164,28.989999771118164,1819.0
2023-03-09 10:39:00,FCRD,4.690000057220459,4.690000057220459,4.690000057220459,4.690000057220459,4.690000057220459,459.0
2023-03-09 10:39:00,FFIN,34.369998931884766,34.369998931884766,34.400001525878906,34.369998931884766,34.400001525878906,309.0
2023-03-09 10:39:00,FFWM,13.494999885559082,13.494999885559082,13.5,13.449999809265137,13.449999809265137,2884.0
2023-03-09 10:39:00,FIBK,33.2400016784668,33.2400016784668,33.2400016784668,33.224998474121094,33.224998474121094,758.0
2023-03-09 10:39:00,FITB,33.02000045776367,33.02000045776367,33.03499984741211,33.0099983215332,33.01499938964844,12057.0
2023-03-09 10:39:00,FMNB,13.345000267028809,13.345000267028809,13.350000381469727,13.34000015258789,13.34000015258789,992.0
2023-03-09 10:39:00,FOCS,51.79999923706055,51.79999923706055,51.79999923706055,51.790000915527344,51.79499816894531,2843.0
2023-03-09 10:39:00,FRME,38.13999938964844,38.13999938964844,38.15999984741211,38.13999938964844,38.15999984741211,542.0
2023-03-09 10:39:00,FULT,15.979999542236328,15.979999542236328,15.979999542236328,15.979999542236328,15.979999542236328,1242.0
2023-03-09 10:39:00,FUTU,47.099998474121094,47.099998474121094,47.099998474121094,47.0,47.04999923706055,5712.0
2023-03-09 10:39:00,GAIN,13.90999984741211,13.90999984741211,13.90999984741211,13.90999984741211,13.90999984741211,171.0
2023-03-09 10:39:00,GCMG,8.430000305175781,8.430000305175781,8.4399995803833,8.40999984741211,8.4399995803833,1522.0
2023-03-09 10:39:00,GGAL,12.800000190734863,12.800000190734863,12.8100004196167,12.800000190734863,12.8100004196167,613.0
2023-03-09 10:39:00,GREE,0.4401000142097473,0.4401000142097473,0.4401000142097473,0.4401000142097473,0.4401000142097473,261.0
2023-03-09 10:39:00,GSHD,53.17499923706055,53.17499923706055,53.17499923706055,53.17499923706055,53.17499923706055,204.0
2023-03-09 10:39:00,HBAN,14.220000267028809,14.220000267028809,14.220000267028809,14.210000038146973,14.210000038146973,13441.0
2023-03-09 10:39:00,HFWA,24.96500015258789,24.96500015258789,24.96500015258789,24.96500015258789,24.96500015258789,101.0
2023-03-09 10:39:00,HNVR,19.899999618530273,19.899999618530273,19.899999618530273,19.899999618530273,19.899999618530273,0.0
2023-03-09 10:39:00,HONE,12.84000015258789,12.84000015258789,12.84000015258789,12.84000015258789,12.84000015258789,401.0
2023-03-09 10:39:00,HRZN,12.031200408935547,12.031200408935547,12.031200408935547,12.010000228881836,12.010000228881836,551.0
2023-03-09 10:39:00,HTBI,27.527700424194336,27.527700424194336,27.527700424194336,27.527700424194336,27.527700424194336,100.0
2023-03-09 10:39:00,HUT,1.4550000429153442,1.4550000429153442,1.4550000429153442,1.4550000429153442,1.4550000429153442,164.0
2023-03-09 10:39:00,HWC,44.95000076293945,44.95000076293945,44.95000076293945,44.95000076293945,44.95000076293945,774.0
2023-03-09 10:39:00,IBKR,88.91500091552734,88.91500091552734,88.91999816894531,88.90499877929688,88.90499877929688,829.0
2023-03-09 10:39:00,IBOC,45.880001068115234,45.880001068115234,45.880001068115234,45.84510040283203,45.84510040283203,358.0
2023-03-09 10:39:00,IGIC,8.319999694824219,8.319999694824219,8.348999977111816,8.319999694824219,8.348999977111816,3886.0
2023-03-09 10:39:00,INDB,73.94999694824219,73.94999694824219,73.94999694824219,73.76000213623047,73.76000213623047,1830.0
2023-03-09 10:39:00,INTR,2.0199999809265137,2.0199999809265137,2.0199999809265137,2.0199999809265137,2.0199999809265137,301.0
2023-03-09 10:40:00,ACGL,69.91999816894531,69.91999816894531,69.91999816894531,69.91999816894531,69.91999816894531,113.0
2023-03-09 10:40:00,AMRK,28.329999923706055,28.329999923706055,28.34000015258789,28.329999923706055,28.34000015258789,602.0
2023-03-09 10:40:00,ARCC,19.21780014038086,19.21780014038086,19.21780014038086,19.204999923706055,19.21500015258789,9152.0
2023-03-09 10:40:00,AUB,37.505001068115234,37.505001068115234,37.5099983215332,37.4900016784668,37.5099983215332,3239.0
2023-03-09 10:40:00,BANR,59.494998931884766,59.494998931884766,59.494998931884766,59.494998931884766,59.494998931884766,110.0
2023-03-09 10:40:00,BCBP,16.10070037841797,16.10070037841797,16.15049934387207,16.10070037841797,16.149999618530273,1370.0
2023-03-09 10:40:00,BCML,19.614999771118164,19.614999771118164,19.614999771118164,19.614999771118164,19.614999771118164,242.0
2023-03-09 10:40:00,BHFAM,16.649999618530273,16.649999618530273,16.649999618530273,16.649999618530273,16.649999618530273,286.0
2023-03-09 10:40:00,BIOS,10.399999618530273,10.399999618530273,10.399999618530273,10.399999618530273,10.399999618530273,12359.0
2023-03-09 10:40:00,BITF,0.800000011920929,0.800000011920929,0.8050000071525574,0.7953000068664551,0.8023999929428101,6761.0
2023-03-09 10:40:00,BKCC,3.694999933242798,3.694999933242798,3.694999933242798,3.694999933242798,3.694999933242798,690.0
2023-03-09 10:40:00,BPOP,62.849998474121094,62.849998474121094,62.970001220703125,62.54999923706055,62.68000030517578,34486.0
2023-03-09 10:40:00,BTBT,1.1842999458312988,1.1842999458312988,1.1842999458312988,1.1842999458312988,1.1842999458312988,100.0
2023-03-09 10:40:00,BWB,13.890000343322754,13.890000343322754,13.890000343322754,13.890000343322754,13.890000343322754,158.0
2023-03-09 10:40:00,CASH,47.900001525878906,47.900001525878906,47.900001525878906,47.84000015258789,47.84000015258789,2185.0
2023-03-09 10:40:00,CATC,71.83000183105469,71.83000183105469,71.83000183105469,71.83000183105469,71.83000183105469,150.0
2023-03-09 10:40:00,CCBG,33.994998931884766,33.994998931884766,33.994998931884766,33.994998931884766,33.994998931884766,124.0
2023-03-09 10:40:00,CCD,22.940000534057617,22.940000534057617,22.969999313354492,22.940000534057617,22.969999313354492,371.0
2023-03-09 10:40:00,CFB,12.65999984741211,12.65999984741211,12.65999984741211,12.65999984741211,12.65999984741211,278.0
2023-03-09 10:40:00,CG,34.709999084472656,34.709999084472656,34.720001220703125,34.70000076293945,34.70000076293945,1869.0
2023-03-09 10:40:00,CHY,12.329999923706055,12.329999923706055,12.329999923706055,12.329999923706055,12.329999923706055,302.0
2023-03-09 10:40:00,CLBK,19.924999237060547,19.924999237060547,19.924999237060547,19.924999237060547,19.924999237060547,297.0
2023-03-09 10:40:00,CME,180.97999572753906,180.97999572753906,180.97999572753906,180.92999267578125,180.94000244140625,1668.0
2023-03-09 10:40:00,CNGLW,0.032499998807907104,0.032499998807907104,0.032499998807907104,0.032499998807907104,0.032499998807907104,41435.0
2023-03-09 10:40:00,COLB,26.1299991607666,26.1299991607666,26.15999984741211,26.110000610351562,26.139999389648438,4844.0
2023-03-09 10:40:00,CSQ,14.109999656677246,14.109999656677246,14.109999656677246,14.109999656677246,14.109999656677246,100.0
2023-03-09 10:40:00,CSWC,18.600000381469727,18.600000381469727,18.600000381469727,18.600000381469727,18.600000381469727,172.0
2023-03-09 10:40:00,CVBF,22.229999542236328,22.229999542236328,22.229999542236328,22.200000762939453,22.200000762939453,5378.0
2023-03-09 10:40:00,DWAC,14.194899559020996,14.194899559020996,14.194899559020996,14.194899559020996,14.194899559020996,127.0
2023-03-09 10:40:00,DWACW,3.059999942779541,3.059999942779541,3.059999942779541,3.059999942779541,3.059999942779541,0.0
2023-03-09 10:40:00,EBC,15.020400047302246,15.020400047302246,15.029999732971191,15.020400047302246,15.029999732971191,779.0
2023-03-09 10:40:00,EFSC,51.880001068115234,51.880001068115234,51.88999938964844,51.880001068115234,51.88999938964844,940.0
2023-03-09 10:40:00,EGBN,41.21500015258789,41.21500015258789,41.21500015258789,41.130001068115234,41.15999984741211,1201.0
2023-03-09 10:40:00,EWBC,70.72000122070312,70.72000122070312,70.7699966430664,70.72000122070312,70.7699966430664,1117.0
2023-03-09 10:40:00,EZPW,8.960000038146973,8.960000038146973,8.960000038146973,8.960000038146973,8.960000038146973,266.0
2023-03-09 10:40:00,FBIZ,34.040000915527344,34.040000915527344,34.040000915527344,34.040000915527344,34.040000915527344,125.0
2023-03-09 10:40:00,FBMS,29.1299991607666,29.1299991607666,29.1299991607666,29.09000015258789,29.09000015258789,1478.0
2023-03-09 10:40:00,FFBC,22.799999237060547,22.799999237060547,22.809999465942383,22.799999237060547,22.809999465942383,666.0
2023-03-09 10:40:00,FFIN,34.385501861572266,34.385501861572266,34.385501861572266,34.385501861572266,34.385501861572266,294.0
2023-03-09 10:40:00,FFWM,13.510000228881836,13.510000228881836,13.510000228881836,13.505000114440918,13.510000228881836,3949.0
2023-03-09 10:40:00,FGBI,18.945600509643555,18.945600509643555,18.945600509643555,18.942699432373047,18.942699432373047,2834.0
2023-03-09 10:40:00,FHB,24.579999923706055,24.579999923706055,24.579999923706055,24.56999969482422,24.579999923706055,1310.0
2023-03-09 10:40:00,FIBK,33.220001220703125,33.220001220703125,33.22999954223633,33.220001220703125,33.220001220703125,905.0
2023-03-09 10:40:00,FITB,33.01499938964844,33.01499938964844,33.040000915527344,33.0099983215332,33.02000045776367,5899.0
2023-03-09 10:40:00,FOCS,51.79499816894531,51.79499816894531,51.79499816894531,51.790000915527344,51.79499816894531,1750.0
2023-03-09 10:40:00,FRBK,1.7999999523162842,1.7999999523162842,1.8049999475479126,1.7999999523162842,1.8049999475479126,305.0
2023-03-09 10:40:00,FTPAU,10.645000457763672,10.645000457763672,10.645000457763672,10.120100021362305,10.120100021362305,350.0
2023-03-09 10:40:00,FULT,15.979999542236328,15.979999542236328,15.984999656677246,15.975000381469727,15.984999656677246,766.0
2023-03-09 10:40:00,FUTU,47.239898681640625,47.239898681640625,47.2400016784668,47.1150016784668,47.15999984741211,3057.0
2023-03-09 10:40:00,GGAL,12.804499626159668,12.804499626159668,12.804499626159668,12.804499626159668,12.804499626159668,600.0
2023-03-09 10:40:00,GLAD,9.984999656677246,9.984999656677246,9.984999656677246,9.984999656677246,9.984999656677246,174.0
2023-03-09 10:40:00,GLRE,10.130000114440918,10.130000114440918,10.130000114440918,10.130000114440918,10.130000114440918,103.0
2023-03-09 10:40:00,GXII,10.130000114440918,10.130000114440918,10.130000114440918,10.130000114440918,10.130000114440918,235.0
2023-03-09 10:40:00,HAFC,22.219999313354492,22.219999313354492,22.229999542236328,22.219999313354492,22.219999313354492,747.0
2023-03-09 10:40:00,HBAN,14.218899726867676,14.218899726867676,14.229999542236328,14.21500015258789,14.21500015258789,31008.0
2023-03-09 10:40:00,HBT,22.09000015258789,22.09000015258789,22.09000015258789,22.09000015258789,22.09000015258789,373.0
2023-03-09 10:40:00,HFWA,24.959999084472656,24.959999084472656,24.959999084472656,24.959999084472656,24.959999084472656,215.0
2023-03-09 10:40:00,HIVE,2.6500000953674316,2.6500000953674316,2.6500000953674316,2.6500000953674316,2.6500000953674316,10401.0
2023-03-09 10:40:00,HLNE,77.20999908447266,77.20999908447266,77.20999908447266,77.20999908447266,77.20999908447266,111.0
2023-03-09 10:40:00,HMST,22.847700119018555,22.847700119018555,22.847700119018555,22.847700119018555,22.847700119018555,189.0
2023-03-09 10:40:00,HOPE,12.085000038146973,12.085000038146973,12.085000038146973,12.079999923706055,12.079999923706055,1423.0
2023-03-09 10:40:00,HRZN,12.029999732971191,12.029999732971191,12.029999732971191,12.029999732971191,12.029999732971191,200.0
2023-03-09 10:40:00,HTBI,27.639999389648438,27.639999389648438,27.639999389648438,27.610000610351562,27.610000610351562,310.0
2023-03-09 10:40:00,HTBK,11.079999923706055,11.079999923706055,11.079999923706055,11.079999923706055,11.079999923706055,177.0
2023-03-09 10:40:00,HTLF,46.279998779296875,46.279998779296875,46.279998779296875,46.279998779296875,46.279998779296875,311.0
2023-03-09 10:40:00,HUT,1.4450000524520874,1.4450000524520874,1.4589999914169312,1.4450000524520874,1.4589999914169312,37190.0
2023-03-09 10:40:00,HWC,44.939998626708984,44.939998626708984,44.939998626708984,44.939998626708984,44.939998626708984,266.0
2023-03-09 10:40:00,IBKR,89.00499725341797,89.00499725341797,89.00499725341797,88.98999786376953,88.98999786376953,2582.0
2023-03-09 10:40:00,IGIC,8.300000190734863,8.300000190734863,8.3100004196167,8.300000190734863,8.3100004196167,553.0
2023-03-09 10:40:00,INDB,73.88999938964844,73.88999938964844,73.88999938964844,73.88999938964844,73.88999938964844,177.0
2023-03-09 10:40:00,INTR,2.0,2.0,2.0,2.0,2.0,200.0
2023-03-09 10:41:00,ABCB,43.720001220703125,43.720001220703125,43.720001220703125,43.709999084472656,43.709999084472656,369.0
2023-03-09 10:41:00,ACGL,69.90499877929688,69.90499877929688,69.97000122070312,69.9000015258789,69.91999816894531,3317.0
2023-03-09 10:41:00,APLD,2.25,2.25,2.259999990463257,2.244999885559082,2.25,3527.0
2023-03-09 10:41:00,ARCC,19.21500015258789,19.21500015258789,19.21940040588379,19.209999084472656,19.21500015258789,1694.0
2023-03-09 10:41:00,ASRV,3.990000009536743,3.990000009536743,3.990000009536743,3.990000009536743,3.990000009536743,1834.0
2023-03-09 10:41:00,BANF,86.2300033569336,86.2300033569336,86.2300033569336,86.2300033569336,86.2300033569336,394.0
2023-03-09 10:41:00,BANR,59.52000045776367,59.52000045776367,59.52000045776367,59.404998779296875,59.404998779296875,1130.0
2023-03-09 10:41:00,BGCP,5.090000152587891,5.090000152587891,5.090000152587891,5.090000152587891,5.090000152587891,101.0
2023-03-09 10:41:00,BITF,0.802299976348877,0.802299976348877,0.802299976348877,0.802299976348877,0.802299976348877,639.0
2023-03-09 10:41:00,BKCC,3.694999933242798,3.694999933242798,3.699899911880493,3.690000057220459,3.699899911880493,10637.0
2023-03-09 10:41:00,BOKF,96.9000015258789,96.9000015258789,96.9000015258789,96.9000015258789,96.9000015258789,1000.0
2023-03-09 10:41:00,BPOP,62.9900016784668,62.9900016784668,62.9900016784668,62.709999084472656,62.93000030517578,11324.0
2023-03-09 10:41:00,BRKL,11.760000228881836,11.760000228881836,11.760000228881836,11.755000114440918,11.755000114440918,602.0
2023-03-09 10:41:00,BRP,26.5,26.5,26.5,26.5,26.5,374.0
2023-03-09 10:41:00,BTBT,1.1799999475479126,1.1799999475479126,1.1799999475479126,1.1799999475479126,1.1799999475479126,6521.0
2023-03-09 10:41:00,BTCS,1.207200050354004,1.207200050354004,1.207200050354004,1.207200050354004,1.207200050354004,252.0
2023-03-09 10:41:00,CASH,47.915000915527344,47.915000915527344,47.91999816894531,47.900001525878906,47.900001525878906,683.0
2023-03-09 10:41:00,CBSH,62.226200103759766,62.226200103759766,62.226200103759766,62.209999084472656,62.209999084472656,799.0
2023-03-09 10:41:00,CCAP,15.079999923706055,15.079999923706055,15.079999923706055,15.079999923706055,15.079999923706055,100.0
2023-03-09 10:41:00,CG,34.71500015258789,34.71500015258789,34.71500015258789,34.7047004699707,34.7047004699707,1182.0
2023-03-09 10:41:00,CGBD,15.09000015258789,15.09000015258789,15.09000015258789,15.09000015258789,15.09000015258789,200.0
2023-03-09 10:41:00,CGO,9.869999885559082,9.869999885559082,9.869999885559082,9.869999885559082,9.869999885559082,112.0
2023-03-09 10:41:00,CIFR,1.4500000476837158,1.4500000476837158,1.4500000476837158,1.4500000476837158,1.4500000476837158,710.0
2023-03-09 10:41:00,CINF,117.47000122070312,117.47000122070312,117.66999816894531,117.47000122070312,117.52999877929688,3504.0
2023-03-09 10:41:00,CME,181.1300048828125,181.1300048828125,181.1300048828125,181.1300048828125,181.1300048828125,623.0
2023-03-09 10:41:00,CNOB,22.459999084472656,22.459999084472656,22.459999084472656,22.459999084472656,22.459999084472656,131.0
2023-03-09 10:41:00,COLB,26.100000381469727,26.100000381469727,26.15999984741211,26.09000015258789,26.1299991607666,4498.0
2023-03-09 10:41:00,COOP,45.154998779296875,45.154998779296875,45.154998779296875,45.154998779296875,45.154998779296875,326.0
2023-03-09 10:41:00,CVBF,22.209999084472656,22.209999084472656,22.209999084472656,22.209999084472656,22.209999084472656,625.0
2023-03-09 10:41:00,DWAC,14.170000076293945,14.170000076293945,14.170000076293945,14.170000076293945,14.170000076293945,244.0
2023-03-09 10:41:00,EBC,15.020000457763672,15.020000457763672,15.029999732971191,15.020000457763672,15.029999732971191,1045.0
2023-03-09 10:41:00,EGBN,41.2400016784668,41.2400016784668,41.2400016784668,41.220001220703125,41.220001220703125,956.0
2023-03-09 10:41:00,EHTH,9.280400276184082,9.280400276184082,9.300000190734863,9.279999732971191,9.300000190734863,425.0
2023-03-09 10:41:00,EQBK,28.639999389648438,28.639999389648438,28.639999389648438,28.639999389648438,28.639999389648438,267.0
2023-03-09 10:41:00,EWBC,70.69000244140625,70.69000244140625,70.72000122070312,70.69000244140625,70.72000122070312,896.0
2023-03-09 10:41:00,EZPW,8.970000267028809,8.970000267028809,8.970000267028809,8.970000267028809,8.970000267028809,100.0
2023-03-09 10:41:00,FANH,8.1899995803833,8.1899995803833,8.229999542236328,8.1899995803833,8.192000389099121,491.0
2023-03-09 10:41:00,FATP,10.460000038146973,10.460000038146973,10.460000038146973,10.460000038146973,10.460000038146973,0.0
2023-03-09 10:41:00,FBMS,29.149999618530273,29.149999618530273,29.149999618530273,29.149999618530273,29.149999618530273,214.0
2023-03-09 10:41:00,FCNCA,674.35498046875,674.35498046875,674.364990234375,674.35498046875,674.364990234375,630.0
2023-03-09 10:41:00,FCRD,4.65500020980835,4.65500020980835,4.65500020980835,4.65500020980835,4.65500020980835,286.0
2023-03-09 10:41:00,FFIN,34.380001068115234,34.380001068115234,34.380001068115234,34.380001068115234,34.380001068115234,220.0
2023-03-09 10:41:00,FFWM,13.510000228881836,13.510000228881836,13.510000228881836,13.510000228881836,13.510000228881836,112.0
2023-03-09 10:41:00,FIBK,33.20000076293945,33.20000076293945,33.220001220703125,33.20000076293945,33.220001220703125,278.0
2023-03-09 10:41:00,FITB,32.994998931884766,32.994998931884766,33.03499984741211,32.97999954223633,33.02000045776367,2735.0
2023-03-09 10:41:00,FMNB,13.335000038146973,13.335000038146973,13.34000015258789,13.335000038146973,13.34000015258789,765.0
2023-03-09 10:41:00,FOCS,51.79499816894531,51.79499816894531,51.79499816894531,51.79499816894531,51.79499816894531,319.0
2023-03-09 10:41:00,FRBK,1.8049999475479126,1.8049999475479126,1.8049999475479126,1.8049999475479126,1.8049999475479126,101.0
2023-03-09 10:41:00,FRST,11.220000267028809,11.220000267028809,11.229999542236328,11.220000267028809,11.229999542236328,438.0
2023-03-09 10:41:00,FTPAU,10.119999885559082,10.119999885559082,10.119999885559082,10.119999885559082,10.119999885559082,400.0
2023-03-09 10:41:00,FULT,15.979999542236328,15.979999542236328,15.979999542236328,15.979999542236328,15.979999542236328,1507.0
2023-03-09 10:41:00,FUTU,47.23500061035156,47.23500061035156,47.32500076293945,47.23500061035156,47.2400016784668,1940.0
2023-03-09 10:41:00,GBDC,13.555000305175781,13.555000305175781,13.555000305175781,13.550000190734863,13.555000305175781,1147.0
2023-03-09 10:41:00,GCMG,8.4399995803833,8.4399995803833,8.4399995803833,8.4399995803833,8.4399995803833,272.0
2023-03-09 10:41:00,GGAL,12.8149995803833,12.8149995803833,12.8149995803833,12.8100004196167,12.8100004196167,573.0
2023-03-09 10:41:00,GLAD,9.999899864196777,9.999899864196777,9.999899864196777,9.984999656677246,9.984999656677246,931.0
2023-03-09 10:41:00,GLRE,10.130000114440918,10.130000114440918,10.130000114440918,10.130000114440918,10.130000114440918,100.0
2023-03-09 10:41:00,GREE,0.443450003862381,0.443450003862381,0.44499900937080383,0.4399999976158142,0.44499900937080383,3275.0
2023-03-09 10:41:00,HBAN,14.208900451660156,14.208900451660156,14.225000381469727,14.199999809265137,14.21500015258789,34281.0
2023-03-09 10:41:00,HGBL,2.482100009918213,2.482100009918213,2.482100009918213,2.482100009918213,2.482100009918213,300.0
2023-03-09 10:41:00,HIVE,2.640000104904175,2.640000104904175,2.640000104904175,2.640000104904175,2.640000104904175,848.0
2023-03-09 10:41:00,HLNE,77.23500061035156,77.23500061035156,77.27999877929688,77.23500061035156,77.27999877929688,377.0
2023-03-09 10:41:00,HMST,22.799999237060547,22.799999237060547,22.799999237060547,22.799999237060547,22.799999237060547,305.0
2023-03-09 10:41:00,HOPE,12.085000038146973,12.085000038146973,12.085000038146973,12.079999923706055,12.085000038146973,2062.0
2023-03-09 10:41:00,HUT,1.448799967765808,1.448799967765808,1.4499000310897827,1.440000057220459,1.4450000524520874,3168.0
2023-03-09 10:41:00,HWC,44.93000030517578,44.93000030517578,44.939998626708984,44.915000915527344,44.915000915527344,652.0
2023-03-09 10:41:00,IBKR,88.86499786376953,88.86499786376953,88.91000366210938,88.83999633789062,88.91000366210938,731.0
2023-03-09 10:41:00,IBOC,45.83000183105469,45.83000183105469,45.83000183105469,45.83000183105469,45.83000183105469,201.0
2023-03-09 10:41:00,IBTX,53.66999816894531,53.66999816894531,53.66999816894531,53.650001525878906,53.650001525878906,951.0
2023-03-09 10:41:00,INDB,73.88999938964844,73.88999938964844,73.88999938964844,73.88999938964844,73.88999938964844,264.0
2023-03-09 10:41:00,INTR,2.0,2.0,2.0,2.0,2.0,100.0
2023-03-09 10:42:00,ABCB,43.70000076293945,43.70000076293945,43.70000076293945,43.70000076293945,43.70000076293945,210.0
2023-03-09 10:42:00,ACGL,69.98999786376953,69.98999786376953,69.98999786376953,69.8949966430664,69.8949966430664,10843.0
2023-03-09 10:42:00,ACT,24.145000457763672,24.145000457763672,24.204999923706055,24.145000457763672,24.149999618530273,414.0
2023-03-09 10:42:00,AMAL,21.579999923706055,21.579999923706055,21.579999923706055,21.579999923706055,21.579999923706055,260.0
2023-03-09 10:42:00,AMRK,28.322900772094727,28.322900772094727,28.322900772094727,28.322900772094727,28.322900772094727,672.0
2023-03-09 10:42:00,APLD,2.240000009536743,2.240000009536743,2.25,2.240000009536743,2.25,890.0
2023-03-09 10:42:00,ARBK,1.524999976158142,1.524999976158142,1.524999976158142,1.524999976158142,1.524999976158142,167.0
2023-03-09 10:42:00,ARCC,19.20989990234375,19.20989990234375,19.219999313354492,19.200000762939453,19.219999313354492,9598.0
2023-03-09 10:42:00,AROW,29.0,29.0,29.010000228881836,28.829999923706055,28.829999923706055,377.0
2023-03-09 10:42:00,AUB,37.47999954223633,37.47999954223633,37.4900016784668,37.459999084472656,37.4900016784668,5242.0
2023-03-09 10:42:00,BGCP,5.090000152587891,5.090000152587891,5.090000152587891,5.090000152587891,5.090000152587891,113.0
2023-03-09 10:42:00,BHF,54.16999816894531,54.16999816894531,54.16999816894531,54.11000061035156,54.15999984741211,2554.0
2023-03-09 10:42:00,BKCC,3.690000057220459,3.690000057220459,3.699899911880493,3.690000057220459,3.699899911880493,2131.0
2023-03-09 10:42:00,BOKF,96.9000015258789,96.9000015258789,96.9000015258789,96.88999938964844,96.88999938964844,2016.0
2023-03-09 10:42:00,BPOP,62.9900016784668,62.9900016784668,62.9900016784668,62.9900016784668,62.9900016784668,389.0
2023-03-09 10:42:00,CASH,47.91999816894531,47.91999816894531,47.91999816894531,47.91999816894531,47.91999816894531,402.0
2023-03-09 10:42:00,CATY,40.310001373291016,40.310001373291016,40.310001373291016,40.310001373291016,40.310001373291016,778.0
2023-03-09 10:42:00,CCAP,15.072799682617188,15.072799682617188,15.085000038146973,15.072799682617188,15.085000038146973,609.0
2023-03-09 10:42:00,CCNE,22.80500030517578,22.80500030517578,22.829999923706055,22.790000915527344,22.829999923706055,620.0
2023-03-09 10:42:00,CFFN,7.644999980926514,7.644999980926514,7.644999980926514,7.644999980926514,7.644999980926514,112.0
2023-03-09 10:42:00,CG,34.70000076293945,34.70000076293945,34.709999084472656,34.689998626708984,34.709999084472656,2499.0
2023-03-09 10:42:00,CGBD,15.09000015258789,15.09000015258789,15.09000015258789,15.09000015258789,15.09000015258789,100.0
2023-03-09 10:42:00,CINF,117.4749984741211,117.4749984741211,117.49500274658203,117.47000122070312,117.47000122070312,694.0
2023-03-09 10:42:00,CME,181.2899932861328,181.2899932861328,181.2899932861328,181.17999267578125,181.17999267578125,1886.0
2023-03-09 10:42:00,COLB,26.06999969482422,26.06999969482422,26.100000381469727,26.059999465942383,26.09000015258789,5592.0
2023-03-09 10:42:00,COOP,45.209999084472656,45.209999084472656,45.209999084472656,45.209999084472656,45.209999084472656,167.0
2023-03-09 10:42:00,CSQ,14.114999771118164,14.114999771118164,14.114999771118164,14.114999771118164,14.114999771118164,497.0
2023-03-09 10:42:00,CSTR,15.829999923706055,15.829999923706055,15.859999656677246,15.829999923706055,15.829999923706055,2243.0
2023-03-09 10:42:00,CSWC,18.594999313354492,18.594999313354492,18.594999313354492,18.594999313354492,18.594999313354492,200.0
2023-03-09 10:42:00,CVBF,22.209999084472656,22.209999084472656,22.21500015258789,22.200000762939453,22.209999084472656,3025.0
2023-03-09 10:42:00,DWAC,14.196100234985352,14.196100234985352,14.196100234985352,14.196100234985352,14.196100234985352,272.0
2023-03-09 10:42:00,EBC,15.020000457763672,15.020000457763672,15.020000457763672,15.010100364685059,15.020000457763672,1689.0
2023-03-09 10:42:00,ECPG,50.959999084472656,50.959999084472656,50.959999084472656,50.91999816894531,50.91999816894531,1296.0
2023-03-09 10:42:00,EGBN,41.26499938964844,41.26499938964844,41.26499938964844,41.26499938964844,41.26499938964844,301.0
2023-03-09 10:42:00,EHTH,9.270000457763672,9.270000457763672,9.274800300598145,9.260000228881836,9.274800300598145,892.0
2023-03-09 10:42:00,EWBC,70.66500091552734,70.66500091552734,70.69999694824219,70.6500015258789,70.66000366210938,2882.0
2023-03-09 10:42:00,EZPW,8.96500015258789,8.96500015258789,8.96500015258789,8.96500015258789,8.96500015258789,110.0
2023-03-09 10:42:00,FBNC,38.88999938964844,38.88999938964844,38.88999938964844,38.88999938964844,38.88999938964844,470.0
2023-03-09 10:42:00,FCFS,88.20999908447266,88.20999908447266,88.20999908447266,88.20999908447266,88.20999908447266,768.0
2023-03-09 10:42:00,FFIN,34.380001068115234,34.380001068115234,34.380001068115234,34.380001068115234,34.380001068115234,680.0
2023-03-09 10:42:00,FFWM,13.507499694824219,13.507499694824219,13.507499694824219,13.5,13.5,337.0
2023-03-09 10:42:00,FIBK,33.220001220703125,33.220001220703125,33.220001220703125,33.189998626708984,33.20000076293945,2857.0
2023-03-09 10:42:00,FITB,32.974998474121094,32.974998474121094,33.0,32.94499969482422,33.0,6362.0
2023-03-09 10:42:00,FLIC,16.350000381469727,16.350000381469727,16.350000381469727,16.350000381469727,16.350000381469727,290.0
2023-03-09 10:42:00,FOCS,51.79499816894531,51.79499816894531,51.79499816894531,51.790000915527344,51.790000915527344,1785.0
2023-03-09 10:42:00,FRBK,1.7999999523162842,1.7999999523162842,1.7999999523162842,1.7999999523162842,1.7999999523162842,301.0
2023-03-09 10:42:00,FULT,15.984999656677246,15.984999656677246,15.984999656677246,15.979999542236328,15.984999656677246,1850.0
2023-03-09 10:42:00,FUTU,47.30500030517578,47.30500030517578,47.30500030517578,47.22999954223633,47.22999954223633,408.0
2023-03-09 10:42:00,GAMCU,10.140000343322754,10.140000343322754,10.140000343322754,10.140000343322754,10.140000343322754,1200.0
2023-03-09 10:42:00,GBDC,13.550000190734863,13.550000190734863,13.555000305175781,13.550000190734863,13.550000190734863,2735.0
2023-03-09 10:42:00,GSHD,53.06999969482422,53.06999969482422,53.06999969482422,53.06999969482422,53.06999969482422,206.0
2023-03-09 10:42:00,HBAN,14.192899703979492,14.192899703979492,14.210000038146973,14.1899995803833,14.204999923706055,24309.0
2023-03-09 10:42:00,HBT,22.084999084472656,22.084999084472656,22.084999084472656,22.036699295043945,22.036699295043945,934.0
2023-03-09 10:42:00,HIVE,2.6393001079559326,2.6393001079559326,2.6393001079559326,2.6301000118255615,2.6301000118255615,856.0
2023-03-09 10:42:00,HMST,22.790000915527344,22.790000915527344,22.850000381469727,22.790000915527344,22.850000381469727,775.0
2023-03-09 10:42:00,HOPE,12.076000213623047,12.076000213623047,12.085000038146973,12.076000213623047,12.085000038146973,5765.0
2023-03-09 10:42:00,HRZN,12.010000228881836,12.010000228881836,12.010000228881836,12.010000228881836,12.010000228881836,501.0
2023-03-09 10:42:00,HTBK,11.079999923706055,11.079999923706055,11.079999923706055,11.079999923706055,11.079999923706055,377.0
2023-03-09 10:42:00,HUT,1.444000005722046,1.444000005722046,1.4500000476837158,1.444000005722046,1.4499000310897827,18150.0
2023-03-09 10:42:00,IBKR,88.82499694824219,88.82499694824219,88.88500213623047,88.82499694824219,88.88500213623047,671.0
2023-03-09 10:42:00,IBOC,45.81999969482422,45.81999969482422,45.81999969482422,45.81999969482422,45.81999969482422,351.0
2023-03-09 10:42:00,INDB,73.83999633789062,73.83999633789062,73.9000015258789,73.83000183105469,73.83000183105469,1584.0
2023-03-09 10:42:00,INTR,2.0,2.0,2.0,2.0,2.0,200.0
2023-03-09 10:43:00,ABCB,43.68000030517578,43.68000030517578,43.68000030517578,43.68000030517578,43.68000030517578,768.0
2023-03-09 10:43:00,ACGL,69.94999694824219,69.94999694824219,69.98999786376953,69.94999694824219,69.98999786376953,1775.0
2023-03-09 10:43:00,ACT,24.170000076293945,24.170000076293945,24.170000076293945,24.149999618530273,24.149999618530273,1652.0
2023-03-09 10:43:00,ARCC,19.200000762939453,19.200000762939453,19.209999084472656,19.200000762939453,19.209999084472656,1465.0
2023-03-09 10:43:00,BANR,59.54999923706055,59.54999923706055,59.560001373291016,59.54999923706055,59.560001373291016,810.0
2023-03-09 10:43:00,BFST,19.190000534057617,19.190000534057617,19.190000534057617,19.190000534057617,19.190000534057617,723.0
2023-03-09 10:43:00,BGCP,5.0929999351501465,5.0929999351501465,5.0929999351501465,5.091100215911865,5.091100215911865,1315.0
2023-03-09 10:43:00,BHF,54.09000015258789,54.09000015258789,54.15999984741211,54.09000015258789,54.15999984741211,2851.0
2023-03-09 10:43:00,BITF,0.800000011920929,0.800000011920929,0.800000011920929,0.800000011920929,0.800000011920929,500.0
2023-03-09 10:43:00,BKCC,3.694999933242798,3.694999933242798,3.694999933242798,3.694999933242798,3.694999933242798,236.0
2023-03-09 10:43:00,BMRC,26.94499969482422,26.94499969482422,26.950000762939453,26.940000534057617,26.950000762939453,1380.0
2023-03-09 10:43:00,BOKF,96.91000366210938,96.91000366210938,96.91999816894531,96.77999877929688,96.78009796142578,3871.0
2023-03-09 10:43:00,BPOP,62.790000915527344,62.790000915527344,62.974998474121094,62.790000915527344,62.974998474121094,5728.0
2023-03-09 10:43:00,BPRN,33.502498626708984,33.502498626708984,33.65999984741211,33.5,33.65999984741211,1797.0
2023-03-09 10:43:00,BRKL,11.734999656677246,11.734999656677246,11.734999656677246,11.729999542236328,11.729999542236328,913.0
2023-03-09 10:43:00,BUSE,22.850000381469727,22.850000381469727,22.850000381469727,22.850000381469727,22.850000381469727,744.0
2023-03-09 10:43:00,CAC,39.45000076293945,39.45000076293945,39.45000076293945,39.45000076293945,39.45000076293945,1392.0
2023-03-09 10:43:00,CASH,47.9900016784668,47.9900016784668,48.029998779296875,47.91999816894531,47.91999816894531,4470.0
2023-03-09 10:43:00,CATY,40.334598541259766,40.334598541259766,40.334598541259766,40.334598541259766,40.334598541259766,821.0
2023-03-09 10:43:00,CBNK,19.149999618530273,19.149999618530273,19.149999618530273,19.149999618530273,19.149999618530273,0.0
2023-03-09 10:43:00,CBSH,62.20000076293945,62.20000076293945,62.20000076293945,62.20000076293945,62.20000076293945,251.0
2023-03-09 10:43:00,CCB,43.0099983215332,43.0099983215332,43.0099983215332,43.0099983215332,43.0099983215332,359.0
2023-03-09 10:43:00,CCD,22.961000442504883,22.961000442504883,22.961000442504883,22.961000442504883,22.961000442504883,1000.0
2023-03-09 10:43:00,CCNE,22.790000915527344,22.790000915527344,22.790000915527344,22.790000915527344,22.790000915527344,166.0
2023-03-09 10:43:00,CFFN,7.644999980926514,7.644999980926514,7.644999980926514,7.644999980926514,7.644999980926514,101.0
2023-03-09 10:43:00,CG,34.720001220703125,34.720001220703125,34.720001220703125,34.720001220703125,34.720001220703125,1349.0
2023-03-09 10:43:00,CHCO,92.33000183105469,92.33000183105469,92.37000274658203,92.13999938964844,92.13999938964844,1560.0
2023-03-09 10:43:00,CLBK,19.895000457763672,19.895000457763672,19.90999984741211,19.895000457763672,19.90999984741211,1640.0
2023-03-09 10:43:00,CME,181.25,181.25,181.27000427246094,181.1999969482422,181.27000427246094,1357.0
2023-03-09 10:43:00,COLB,26.059999465942383,26.059999465942383,26.06999969482422,26.049999237060547,26.059999465942383,13435.0
2023-03-09 10:43:00,COOP,45.1349983215332,45.1349983215332,45.1349983215332,45.1349983215332,45.1349983215332,1520.0
2023-03-09 10:43:00,CSWC,18.600000381469727,18.600000381469727,18.610000610351562,18.595699310302734,18.600000381469727,1368.0
2023-03-09 10:43:00,CVBF,22.190000534057617,22.190000534057617,22.209999084472656,22.190000534057617,22.200000762939453,3190.0
2023-03-09 10:43:00,DWAC,14.175999641418457,14.175999641418457,14.175999641418457,14.175999641418457,14.175999641418457,505.0
2023-03-09 10:43:00,EBC,15.015000343322754,15.015000343322754,15.024999618530273,15.015000343322754,15.024999618530273,1237.0
2023-03-09 10:43:00,EGBN,41.2400016784668,41.2400016784668,41.2400016784668,41.2400016784668,41.2400016784668,402.0
2023-03-09 10:43:00,EHTH,9.1899995803833,9.1899995803833,9.250100135803223,9.1899995803833,9.25,3210.0
2023-03-09 10:43:00,EWBC,70.5,70.5,70.62000274658203,70.5,70.62000274658203,1652.0
2023-03-09 10:43:00,FANH,8.1899995803833,8.1899995803833,8.1899995803833,8.1899995803833,8.1899995803833,340.0
2023-03-09 10:43:00,FBIZ,34.275001525878906,34.275001525878906,34.275001525878906,34.275001525878906,34.275001525878906,130.0
2023-03-09 10:43:00,FBMS,29.149999618530273,29.149999618530273,29.149999618530273,29.149999618530273,29.149999618530273,502.0
2023-03-09 10:43:00,FBNC,38.95500183105469,38.95500183105469,38.95500183105469,38.95000076293945,38.95000076293945,564.0
2023-03-09 10:43:00,FCNCA,674.0150146484375,674.0150146484375,674.0150146484375,674.0150146484375,674.0150146484375,293.0
2023-03-09 10:43:00,FCRD,4.699999809265137,4.699999809265137,4.699999809265137,4.659999847412109,4.659999847412109,225.0
2023-03-09 10:43:00,FFIC,17.719999313354492,17.719999313354492,17.729999542236328,17.719999313354492,17.729999542236328,609.0
2023-03-09 10:43:00,FFWM,13.510000228881836,13.510000228881836,13.510000228881836,13.510000228881836,13.510000228881836,1194.0
2023-03-09 10:43:00,FHB,24.530000686645508,24.530000686645508,24.559999465942383,24.524999618530273,24.559999465942383,2918.0
2023-03-09 10:43:00,FIBK,33.20000076293945,33.20000076293945,33.20000076293945,33.20000076293945,33.20000076293945,208.0
2023-03-09 10:43:00,FITB,32.95000076293945,32.95000076293945,32.974998474121094,32.94499969482422,32.974998474121094,1305.0
2023-03-09 10:43:00,FOCS,51.779998779296875,51.779998779296875,51.790000915527344,51.779998779296875,51.790000915527344,11055.0
2023-03-09 10:43:00,FRST,11.210000038146973,11.210000038146973,11.210000038146973,11.210000038146973,11.210000038146973,931.0
2023-03-09 10:43:00,FULT,15.979999542236328,15.979999542236328,15.979999542236328,15.979999542236328,15.979999542236328,327.0
2023-03-09 10:43:00,FUTU,47.2400016784668,47.2400016784668,47.25,47.21500015258789,47.25,1913.0
2023-03-09 10:43:00,GAIN,13.910099983215332,13.910099983215332,13.910099983215332,13.910099983215332,13.910099983215332,1328.0
2023-03-09 10:43:00,GAMCU,10.140000343322754,10.140000343322754,10.140000343322754,10.140000343322754,10.140000343322754,500.0
2023-03-09 10:43:00,GGAL,12.8100004196167,12.8100004196167,12.8149995803833,12.8100004196167,12.8149995803833,326.0
2023-03-09 10:43:00,GSHD,53.040000915527344,53.040000915527344,53.04999923706055,53.040000915527344,53.04999923706055,1335.0
2023-03-09 10:43:00,HBAN,14.1850004196167,14.1850004196167,14.199999809265137,14.180000305175781,14.199999809265137,27119.0
2023-03-09 10:43:00,HFWA,24.924999237060547,24.924999237060547,24.940000534057617,24.920000076293945,24.940000534057617,778.0
2023-03-09 10:43:00,HIVE,2.630000114440918,2.630000114440918,2.6393001079559326,2.630000114440918,2.634999990463257,1245.0
2023-03-09 10:43:00,HOPE,12.074999809265137,12.074999809265137,12.074999809265137,12.074999809265137,12.074999809265137,1830.0
2023-03-09 10:43:00,HUT,1.444100022315979,1.444100022315979,1.4488999843597412,1.444100022315979,1.4450000524520874,6260.0
2023-03-09 10:43:00,HWC,44.90999984741211,44.90999984741211,44.90999984741211,44.90999984741211,44.90999984741211,332.0
2023-03-09 10:43:00,INDB,73.79000091552734,73.79000091552734,73.79000091552734,73.79000091552734,73.79000091552734,202.0
2023-03-09 10:44:00,ACGL,70.01000213623047,70.01000213623047,70.01000213623047,69.9800033569336,69.99500274658203,6744.0
2023-03-09 10:44:00,AIMBU,10.25,10.25,10.25,10.25,10.25,0.0
2023-03-09 10:44:00,APLD,2.23009991645813,2.23009991645813,2.240000009536743,2.23009991645813,2.240000009536743,450.0
2023-03-09 10:44:00,ARCC,19.190000534057617,19.190000534057617,19.204999923706055,19.190000534057617,19.204999923706055,7109.0
2023-03-09 10:44:00,AUB,37.459999084472656,37.459999084472656,37.459999084472656,37.459999084472656,37.459999084472656,5657.0
2023-03-09 10:44:00,BGCP,5.085000038146973,5.085000038146973,5.090000152587891,5.085000038146973,5.090000152587891,12835.0
2023-03-09 10:44:00,BITF,0.8064000010490417,0.8064000010490417,0.8064000010490417,0.8064000010490417,0.8064000010490417,125.0
2023-03-09 10:44:00,BPOP,62.880001068115234,62.880001068115234,62.880001068115234,62.849998474121094,62.880001068115234,3157.0
2023-03-09 10:44:00,BSRR,19.510000228881836,19.510000228881836,19.510000228881836,19.510000228881836,19.510000228881836,101.0
2023-03-09 10:44:00,BTBT,1.1720000505447388,1.1720000505447388,1.1720000505447388,1.1720000505447388,1.1720000505447388,1269.0
2023-03-09 10:44:00,CARE,16.889999389648438,16.889999389648438,16.889999389648438,16.889999389648438,16.889999389648438,649.0
2023-03-09 10:44:00,CASH,47.95000076293945,47.95000076293945,47.97999954223633,47.95000076293945,47.97999954223633,15480.0
2023-03-09 10:44:00,CBRGW,0.08500000089406967,0.08500000089406967,0.08500000089406967,0.08500000089406967,0.08500000089406967,0.0
2023-03-09 10:44:00,CBSH,62.2577018737793,62.2577018737793,62.2577018737793,62.2577018737793,62.2577018737793,271.0
2023-03-09 10:44:00,CCAP,15.069999694824219,15.069999694824219,15.069999694824219,15.069999694824219,15.069999694824219,410.0
2023-03-09 10:44:00,CFFN,7.644999980926514,7.644999980926514,7.644999980926514,7.644999980926514,7.644999980926514,1553.0
2023-03-09 10:44:00,CG,34.71500015258789,34.71500015258789,34.71500015258789,34.709999084472656,34.709999084472656,1366.0
2023-03-09 10:44:00,CGBD,15.09000015258789,15.09000015258789,15.09000015258789,15.09000015258789,15.09000015258789,3093.0
2023-03-09 10:44:00,CINF,117.5,117.5,117.5,117.5,117.5,3962.0
2023-03-09 10:44:00,CME,181.4199981689453,181.4199981689453,181.4199981689453,181.3300018310547,181.3300018310547,3362.0
2023-03-09 10:44:00,COLB,26.06999969482422,26.06999969482422,26.06999969482422,26.059999465942383,26.059999465942383,8585.0
2023-03-09 10:44:00,COOP,45.130001068115234,45.130001068115234,45.130001068115234,45.130001068115234,45.130001068115234,169.0
2023-03-09 10:44:00,CSWC,18.600000381469727,18.600000381469727,18.600000381469727,18.600000381469727,18.600000381469727,422.0
2023-03-09 10:44:00,EBC,15.020000457763672,15.020000457763672,15.020000457763672,15.020000457763672,15.020000457763672,846.0
2023-03-09 10:44:00,EFSC,51.834999084472656,51.834999084472656,51.834999084472656,51.834999084472656,51.834999084472656,996.0
2023-03-09 10:44:00,EGBN,41.20000076293945,41.20000076293945,41.20000076293945,41.20000076293945,41.20000076293945,867.0
2023-03-09 10:44:00,EHTH,9.170000076293945,9.170000076293945,9.180000305175781,9.170000076293945,9.180000305175781,1359.0
2023-03-09 10:44:00,ESQ,42.619998931884766,42.619998931884766,42.619998931884766,42.619998931884766,42.619998931884766,1110.0
2023-03-09 10:44:00,EWBC,70.5199966430664,70.5199966430664,70.55000305175781,70.51499938964844,70.51499938964844,2038.0
2023-03-09 10:44:00,EZPW,8.949999809265137,8.949999809265137,8.949999809265137,8.949999809265137,8.949999809265137,1156.0
2023-03-09 10:44:00,FBMS,29.149999618530273,29.149999618530273,29.149999618530273,29.149999618530273,29.149999618530273,102.0
2023-03-09 10:44:00,FCRD,4.699999809265137,4.699999809265137,4.699999809265137,4.699999809265137,4.699999809265137,125.0
2023-03-09 10:44:00,FFIN,34.380001068115234,34.380001068115234,34.380001068115234,34.380001068115234,34.380001068115234,922.0
2023-03-09 10:44:00,FIBK,33.154998779296875,33.154998779296875,33.15999984741211,33.154998779296875,33.15999984741211,1176.0
2023-03-09 10:44:00,FITB,32.970001220703125,32.970001220703125,32.970001220703125,32.96870040893555,32.970001220703125,4528.0
2023-03-09 10:44:00,FLIC,16.360000610351562,16.360000610351562,16.360000610351562,16.360000610351562,16.360000610351562,200.0
2023-03-09 10:44:00,FMNB,13.3100004196167,13.3100004196167,13.3100004196167,13.3100004196167,13.3100004196167,809.0
2023-03-09 10:44:00,FOCS,51.779998779296875,51.779998779296875,51.779998779296875,51.779998779296875,51.779998779296875,272.0
2023-03-09 10:44:00,FRBK,1.7999999523162842,1.7999999523162842,1.8049999475479126,1.7999999523162842,1.8049999475479126,4163.0
2023-03-09 10:44:00,FSBW,33.630001068115234,33.630001068115234,33.630001068115234,33.619998931884766,33.619998931884766,776.0
2023-03-09 10:44:00,FULT,15.970000267028809,15.970000267028809,15.970000267028809,15.970000267028809,15.970000267028809,941.0
2023-03-09 10:44:00,FUTU,47.19499969482422,47.19499969482422,47.19499969482422,47.19499969482422,47.19499969482422,2821.0
2023-03-09 10:44:00,GCMG,8.4399995803833,8.4399995803833,8.4399995803833,8.4399995803833,8.4399995803833,566.0
2023-03-09 10:44:00,GLAD,9.984999656677246,9.984999656677246,9.984999656677246,9.984999656677246,9.984999656677246,1011.0
2023-03-09 10:44:00,GLRE,10.130000114440918,10.130000114440918,10.130000114440918,10.130000114440918,10.130000114440918,100.0
2023-03-09 10:44:00,HAFC,22.18000030517578,22.18000030517578,22.18000030517578,22.18000030517578,22.18000030517578,611.0
2023-03-09 10:44:00,HBAN,14.194999694824219,14.194999694824219,14.199999809265137,14.194999694824219,14.194999694824219,20851.0
2023-03-09 10:44:00,HIVE,2.630000114440918,2.630000114440918,2.630000114440918,2.630000114440918,2.630000114440918,161.0
2023-03-09 10:44:00,HMST,22.850000381469727,22.850000381469727,22.850000381469727,22.799999237060547,22.81290054321289,2086.0
2023-03-09 10:44:00,HONE,12.829999923706055,12.829999923706055,12.829999923706055,12.829999923706055,12.829999923706055,948.0
2023-03-09 10:44:00,HRZN,11.970000267028809,11.970000267028809,11.970000267028809,11.970000267028809,11.970000267028809,2650.0
2023-03-09 10:44:00,HTLF,46.16999816894531,46.16999816894531,46.16999816894531,46.16999816894531,46.16999816894531,2936.0
2023-03-09 10:44:00,HUT,1.4463000297546387,1.4463000297546387,1.4463000297546387,1.4463000297546387,1.4463000297546387,204.0
2023-03-09 10:44:00,HWC,44.904998779296875,44.904998779296875,44.904998779296875,44.904998779296875,44.904998779296875,200.0
2023-03-09 10:44:00,IBKR,88.71499633789062,88.71499633789062,88.71499633789062,88.71499633789062,88.71499633789062,3597.0
2023-03-09 10:44:00,INDB,73.80999755859375,73.80999755859375,73.80999755859375,73.80999755859375,73.80999755859375,4924.0
2023-03-09 10:44:00,INTR,2.0,2.0,2.0,2.0,2.0,500.0
2023-03-09 10:45:00,ABCB,43.63999938964844,43.63999938964844,43.63999938964844,43.63999938964844,43.63999938964844,455.0
2023-03-09 10:45:00,ACGL,70.03500366210938,70.03500366210938,70.03500366210938,70.01020050048828,70.02290344238281,840.0
2023-03-09 10:45:00,AMAL,21.540000915527344,21.540000915527344,21.540000915527344,21.540000915527344,21.540000915527344,429.0
2023-03-09 10:45:00,ARCC,19.177400588989258,19.177400588989258,19.184999465942383,19.177400588989258,19.18000030517578,1867.0
2023-03-09 10:45:00,AUB,37.459999084472656,37.459999084472656,37.459999084472656,37.41999816894531,37.439998626708984,2059.0
2023-03-09 10:45:00,AURC,10.210000038146973,10.210000038146973,10.220000267028809,10.210000038146973,10.210000038146973,3254.0
2023-03-09 10:45:00,BANF,86.33000183105469,86.33000183105469,86.33000183105469,86.19999694824219,86.25,967.0
2023-03-09 10:45:00,BANR,59.42499923706055,59.42499923706055,59.54999923706055,59.42499923706055,59.54999923706055,1165.0
2023-03-09 10:45:00,BGCP,5.085000038146973,5.085000038146973,5.085000038146973,5.085000038146973,5.085000038146973,1041.0
2023-03-09 10:45:00,BITF,0.8001000285148621,0.8001000285148621,0.8001000285148621,0.8001000285148621,0.8001000285148621,1000.0
2023-03-09 10:45:00,BMRC,26.850000381469727,26.850000381469727,26.850000381469727,26.850000381469727,26.850000381469727,201.0
2023-03-09 10:45:00,BOKF,96.91999816894531,96.91999816894531,96.91999816894531,96.70999908447266,96.91000366210938,2819.0
2023-03-09 10:45:00,BPOP,62.86000061035156,62.86000061035156,62.880001068115234,62.81999969482422,62.84000015258789,4015.0
2023-03-09 10:45:00,BRKL,11.729999542236328,11.729999542236328,11.729999542236328,11.729999542236328,11.729999542236328,751.0
2023-03-09 10:45:00,BRP,26.290000915527344,26.290000915527344,26.389999389648438,26.290000915527344,26.389999389648438,1976.0
2023-03-09 10:45:00,BTBT,1.1749999523162842,1.1749999523162842,1.1749999523162842,1.1749999523162842,1.1749999523162842,102.0
2023-03-09 10:45:00,BUSE,22.81999969482422,22.81999969482422,22.81999969482422,22.81999969482422,22.81999969482422,263.0
2023-03-09 10:45:00,CBSH,62.15999984741211,62.15999984741211,62.189998626708984,62.15999984741211,62.189998626708984,643.0
2023-03-09 10:45:00,CCB,42.9900016784668,42.9900016784668,42.9900016784668,42.9900016784668,42.9900016784668,1037.0
2023-03-09 10:45:00,CCD,22.979900360107422,22.979900360107422,22.979900360107422,22.979900360107422,22.979900360107422,177.0
2023-03-09 10:45:00,CCNE,22.780000686645508,22.780000686645508,22.795000076293945,22.780000686645508,22.795000076293945,2436.0
2023-03-09 10:45:00,CFB,12.649999618530273,12.649999618530273,12.649999618530273,12.649999618530273,12.649999618530273,696.0
2023-03-09 10:45:00,CFFN,7.644999980926514,7.644999980926514,7.644999980926514,7.639999866485596,7.639999866485596,228.0
2023-03-09 10:45:00,CG,34.685001373291016,34.685001373291016,34.72999954223633,34.685001373291016,34.72999954223633,4990.0
2023-03-09 10:45:00,CGBD,15.119999885559082,15.119999885559082,15.130000114440918,15.09000015258789,15.09000015258789,4447.0
2023-03-09 10:45:00,CIFR,1.4500000476837158,1.4500000476837158,1.4500000476837158,1.4500000476837158,1.4500000476837158,200.0
2023-03-09 10:45:00,CINF,117.52999877929688,117.52999877929688,117.52999877929688,117.52999877929688,117.52999877929688,291.0
2023-03-09 10:45:00,CLBK,19.899999618530273,19.899999618530273,19.899999618530273,19.899999618530273,19.899999618530273,100.0
2023-03-09 10:45:00,CME,181.30499267578125,181.30499267578125,181.44000244140625,181.16000366210938,181.44000244140625,23194.0
2023-03-09 10:45:00,COLB,26.00749969482422,26.00749969482422,26.059999465942383,25.989999771118164,26.059999465942383,15320.0
2023-03-09 10:45:00,COOP,45.029998779296875,45.029998779296875,45.130001068115234,45.029998779296875,45.130001068115234,1860.0
2023-03-09 10:45:00,CSQ,14.100000381469727,14.100000381469727,14.119799613952637,14.100000381469727,14.109999656677246,5561.0
2023-03-09 10:45:00,CSWC,18.594999313354492,18.594999313354492,18.608400344848633,18.594999313354492,18.608400344848633,870.0
2023-03-09 10:45:00,DALS,10.119999885559082,10.119999885559082,10.125,10.119999885559082,10.125,200.0
2023-03-09 10:45:00,DCOM,29.739999771118164,29.739999771118164,29.780000686645508,29.739999771118164,29.780000686645508,1549.0
2023-03-09 10:45:00,DWAC,14.170100212097168,14.170100212097168,14.170100212097168,14.170100212097168,14.170100212097168,165.0
2023-03-09 10:45:00,EBC,15.020000457763672,15.020000457763672,15.020000457763672,15.010000228881836,15.020000457763672,6162.0
2023-03-09 10:45:00,ECPG,50.869998931884766,50.869998931884766,50.900001525878906,50.84000015258789,50.900001525878906,654.0
2023-03-09 10:45:00,EFSC,51.810001373291016,51.810001373291016,51.84000015258789,51.810001373291016,51.84000015258789,1219.0
2023-03-09 10:45:00,ESQ,42.619998931884766,42.619998931884766,42.619998931884766,42.619998931884766,42.619998931884766,325.0
2023-03-09 10:45:00,EWBC,70.4749984741211,70.4749984741211,70.51000213623047,70.41999816894531,70.51000213623047,3067.0
2023-03-09 10:45:00,EZPW,8.9350004196167,8.9350004196167,8.9350004196167,8.9350004196167,8.9350004196167,108.0
2023-03-09 10:45:00,FBMS,29.149999618530273,29.149999618530273,29.149999618530273,29.100000381469727,29.110000610351562,1422.0
2023-03-09 10:45:00,FBNC,38.92499923706055,38.92499923706055,38.95500183105469,38.91999816894531,38.95000076293945,1616.0
2023-03-09 10:45:00,FCFS,88.20999908447266,88.20999908447266,88.20999908447266,88.20999908447266,88.20999908447266,509.0
2023-03-09 10:45:00,FCNCA,673.2999877929688,673.2999877929688,673.2999877929688,673.2999877929688,673.2999877929688,467.0
2023-03-09 10:45:00,FDUS,20.519899368286133,20.519899368286133,20.519899368286133,20.519899368286133,20.519899368286133,980.0
2023-03-09 10:45:00,FFIC,17.701000213623047,17.701000213623047,17.71500015258789,17.700000762939453,17.71500015258789,5096.0
2023-03-09 10:45:00,FFIN,34.34000015258789,34.34000015258789,34.34000015258789,34.34000015258789,34.34000015258789,312.0
2023-03-09 10:45:00,FFWM,13.460000038146973,13.460000038146973,13.489999771118164,13.460000038146973,13.489999771118164,1333.0
2023-03-09 10:45:00,FHB,24.510000228881836,24.510000228881836,24.520000457763672,24.510000228881836,24.520000457763672,1553.0
2023-03-09 10:45:00,FIBK,33.130001068115234,33.130001068115234,33.13999938964844,33.130001068115234,33.130001068115234,1124.0
2023-03-09 10:45:00,FITB,32.970001220703125,32.970001220703125,32.97999954223633,32.939998626708984,32.970001220703125,9079.0
2023-03-09 10:45:00,FLIC,16.360000610351562,16.360000610351562,16.360000610351562,16.350000381469727,16.350000381469727,1640.0
2023-03-09 10:45:00,FOCS,51.779998779296875,51.779998779296875,51.790000915527344,51.779998779296875,51.779998779296875,1421.0
2023-03-09 10:45:00,FRBK,1.7999999523162842,1.7999999523162842,1.8049999475479126,1.7999999523162842,1.8049999475479126,300.0
2023-03-09 10:45:00,FRHC,73.43589782714844,73.43589782714844,73.43589782714844,73.43589782714844,73.43589782714844,520.0
2023-03-09 10:45:00,FRME,38.04999923706055,38.04999923706055,38.060001373291016,38.04999923706055,38.060001373291016,560.0
2023-03-09 10:45:00,FULT,15.960000038146973,15.960000038146973,15.970000267028809,15.960000038146973,15.970000267028809,2249.0
2023-03-09 10:45:00,FUTU,47.19499969482422,47.19499969482422,47.220001220703125,47.154998779296875,47.220001220703125,1666.0
2023-03-09 10:45:00,GBDC,13.539999961853027,13.539999961853027,13.545000076293945,13.539999961853027,13.545000076293945,1570.0
2023-03-09 10:45:00,GCMG,8.460000038146973,8.460000038146973,8.460000038146973,8.449999809265137,8.449999809265137,742.0
2023-03-09 10:45:00,GLAD,9.979999542236328,9.979999542236328,9.989999771118164,9.979999542236328,9.989999771118164,550.0
2023-03-09 10:45:00,GLRE,10.149999618530273,10.149999618530273,10.149999618530273,10.109999656677246,10.130000114440918,2500.0
2023-03-09 10:45:00,GREE,0.4449999928474426,0.4449999928474426,0.4449999928474426,0.4401000142097473,0.4401000142097473,732.0
2023-03-09 10:45:00,HAFC,22.18000030517578,22.18000030517578,22.18000030517578,22.18000030517578,22.18000030517578,470.0
2023-03-09 10:45:00,HBAN,14.1899995803833,14.1899995803833,14.194999694824219,14.180000305175781,14.194999694824219,52869.0
2023-03-09 10:45:00,HBNC,14.420000076293945,14.420000076293945,14.420000076293945,14.420000076293945,14.420000076293945,374.0
2023-03-09 10:45:00,HFWA,24.93000030517578,24.93000030517578,24.93000030517578,24.915000915527344,24.915000915527344,1173.0
2023-03-09 10:45:00,HIVE,2.6312999725341797,2.6312999725341797,2.6312999725341797,2.6312999725341797,2.6312999725341797,237.0
2023-03-09 10:45:00,HLNE,77.30999755859375,77.30999755859375,77.30999755859375,77.30999755859375,77.30999755859375,373.0
2023-03-09 10:45:00,HMST,22.809999465942383,22.809999465942383,22.809999465942383,22.809999465942383,22.809999465942383,100.0
2023-03-09 10:45:00,HONE,12.819999694824219,12.819999694824219,12.829999923706055,12.819999694824219,12.829999923706055,969.0
2023-03-09 10:45:00,HOPE,12.020000457763672,12.020000457763672,12.074999809265137,12.020000457763672,12.074999809265137,5889.0
2023-03-09 10:45:00,HTBI,27.700000762939453,27.700000762939453,27.700000762939453,27.700000762939453,27.700000762939453,267.0
2023-03-09 10:45:00,HTBK,11.074999809265137,11.074999809265137,11.074999809265137,11.069999694824219,11.074999809265137,1531.0
2023-03-09 10:45:00,HUT,1.448199987411499,1.448199987411499,1.448199987411499,1.440000057220459,1.4450000524520874,3271.0
2023-03-09 10:45:00,HWC,44.849998474121094,44.849998474121094,44.869998931884766,44.849998474121094,44.869998931884766,951.0
2023-03-09 10:45:00,IBKR,88.77999877929688,88.77999877929688,88.83000183105469,88.77999877929688,88.83000183105469,469.0
2023-03-09 10:45:00,IBOC,45.7599983215332,45.7599983215332,45.7599983215332,45.7599983215332,45.7599983215332,370.0
2023-03-09 10:45:00,ICMB,3.9800000190734863,3.9800000190734863,3.9800000190734863,3.9800000190734863,3.9800000190734863,153.0
2023-03-09 10:45:00,INDB,73.5199966430664,73.5199966430664,73.70999908447266,73.5199966430664,73.70999908447266,4956.0
2023-03-09 10:45:00,INTR,2.009999990463257,2.009999990463257,2.009999990463257,2.009999990463257,2.009999990463257,800.0
2023-03-09 10:46:00,ACGL,70.16999816894531,70.16999816894531,70.19000244140625,70.0,70.05000305175781,45592.0
2023-03-09 10:46:00,AMAL,21.579999923706055,21.579999923706055,21.579999923706055,21.579999923706055,21.579999923706055,281.0
2023-03-09 10:46:00,AMRK,28.344999313354492,28.344999313354492,28.344999313354492,28.344999313354492,28.344999313354492,512.0
2023-03-09 10:46:00,APLD,2.234999895095825,2.234999895095825,2.234999895095825,2.234999895095825,2.234999895095825,115.0
2023-03-09 10:46:00,ARCC,19.170000076293945,19.170000076293945,19.18000030517578,19.170000076293945,19.174999237060547,8806.0
2023-03-09 10:46:00,AUB,37.41999816894531,37.41999816894531,37.459999084472656,37.41999816894531,37.45429992675781,2089.0
2023-03-09 10:46:00,BANR,59.43000030517578,59.43000030517578,59.43000030517578,59.43000030517578,59.43000030517578,340.0
2023-03-09 10:46:00,BCML,19.700000762939453,19.700000762939453,19.700000762939453,19.700000762939453,19.700000762939453,142.0
2023-03-09 10:46:00,BGCP,5.085000038146973,5.085000038146973,5.089900016784668,5.085000038146973,5.085000038146973,6097.0
2023-03-09 10:46:00,BHF,54.040000915527344,54.040000915527344,54.040000915527344,54.040000915527344,54.040000915527344,265.0
2023-03-09 10:46:00,BITF,0.796500027179718,0.796500027179718,0.800000011920929,0.796500027179718,0.800000011920929,2510.0
2023-03-09 10:46:00,BLFY,11.779999732971191,11.779999732971191,11.779999732971191,11.779999732971191,11.779999732971191,363.0
2023-03-09 10:46:00,BMRC,26.809999465942383,26.809999465942383,26.885000228881836,26.809999465942383,26.850000381469727,15101.0
2023-03-09 10:46:00,BPOP,62.880001068115234,62.880001068115234,62.880001068115234,62.84000015258789,62.875,1222.0
2023-03-09 10:46:00,BRKL,11.710000038146973,11.710000038146973,11.710000038146973,11.710000038146973,11.710000038146973,458.0
2023-03-09 10:46:00,CBSH,62.16999816894531,62.16999816894531,62.16999816894531,62.16999816894531,62.16999816894531,1524.0
2023-03-09 10:46:00,CCNE,22.729999542236328,22.729999542236328,22.7549991607666,22.729999542236328,22.7549991607666,612.0
2023-03-09 10:46:00,CFFN,7.644999980926514,7.644999980926514,7.644999980926514,7.644999980926514,7.644999980926514,310.0
2023-03-09 10:46:00,CG,34.709999084472656,34.709999084472656,34.709999084472656,34.709999084472656,34.709999084472656,285.0
2023-03-09 10:46:00,CGBD,15.104999542236328,15.104999542236328,15.109999656677246,15.104999542236328,15.109999656677246,3598.0
2023-03-09 10:46:00,CHEAU,10.510000228881836,10.510000228881836,10.510000228881836,10.510000228881836,10.510000228881836,100.0
2023-03-09 10:46:00,CHY,12.329999923706055,12.329999923706055,12.329999923706055,12.3100004196167,12.319999694824219,4535.0
2023-03-09 10:46:00,CINF,117.54000091552734,117.54000091552734,117.54000091552734,117.54000091552734,117.54000091552734,304.0
2023-03-09 10:46:00,CME,181.0,181.0,181.25999450683594,181.0,181.25,2642.0
2023-03-09 10:46:00,COLB,26.0,26.0,26.024999618530273,25.9950008392334,26.024999618530273,1781.0
2023-03-09 10:46:00,COOP,45.029998779296875,45.029998779296875,45.029998779296875,45.029998779296875,45.029998779296875,998.0
2023-03-09 10:46:00,CSQ,14.108699798583984,14.108699798583984,14.108699798583984,14.108699798583984,14.108699798583984,101.0
2023-03-09 10:46:00,CSTR,15.869999885559082,15.869999885559082,15.869999885559082,15.869999885559082,15.869999885559082,381.0
2023-03-09 10:46:00,CSWC,18.600000381469727,18.600000381469727,18.609899520874023,18.59000015258789,18.59000015258789,1816.0
2023-03-09 10:46:00,DWAC,14.1850004196167,14.1850004196167,14.1850004196167,14.1850004196167,14.1850004196167,190.0
2023-03-09 10:46:00,EBC,15.012999534606934,15.012999534606934,15.020000457763672,15.010000228881836,15.020000457763672,725.0
2023-03-09 10:46:00,EFSC,51.875,51.875,51.875,51.875,51.875,152.0
2023-03-09 10:46:00,EGBN,41.19499969482422,41.19499969482422,41.19499969482422,41.19499969482422,41.19499969482422,217.0
2023-03-09 10:46:00,EQBK,28.6299991607666,28.6299991607666,28.639999389648438,28.6299991607666,28.639999389648438,336.0
2023-03-09 10:46:00,ERIE,234.9149932861328,234.9149932861328,234.9149932861328,234.9149932861328,234.9149932861328,161.0
2023-03-09 10:46:00,ESSA,18.770000457763672,18.770000457763672,18.8700008392334,18.770000457763672,18.860000610351562,0.0
2023-03-09 10:46:00,EWBC,70.36000061035156,70.36000061035156,70.4749984741211,70.36000061035156,70.4749984741211,2350.0
2023-03-09 10:46:00,EZPW,8.9399995803833,8.9399995803833,8.9399995803833,8.9399995803833,8.9399995803833,121.0
2023-03-09 10:46:00,FBNC,38.95000076293945,38.95000076293945,39.0,38.95000076293945,38.970001220703125,2568.0
2023-03-09 10:46:00,FCRD,4.699999809265137,4.699999809265137,4.699999809265137,4.699999809265137,4.699999809265137,125.0
2023-03-09 10:46:00,FFIC,17.690000534057617,17.690000534057617,17.700000762939453,17.690000534057617,17.700000762939453,8391.0
2023-03-09 10:46:00,FFIN,34.34000015258789,34.34000015258789,34.34000015258789,34.34000015258789,34.34000015258789,235.0
2023-03-09 10:46:00,FFWM,13.460000038146973,13.460000038146973,13.460000038146973,13.460000038146973,13.460000038146973,594.0
2023-03-09 10:46:00,FHB,24.489999771118164,24.489999771118164,24.5,24.489999771118164,24.5,540.0
2023-03-09 10:46:00,FIBK,33.1349983215332,33.1349983215332,33.1349983215332,33.130001068115234,33.1349983215332,411.0
2023-03-09 10:46:00,FITB,32.93000030517578,32.93000030517578,32.974998474121094,32.93000030517578,32.974998474121094,5321.0
2023-03-09 10:46:00,FLIC,16.360000610351562,16.360000610351562,16.360000610351562,16.354999542236328,16.354999542236328,1608.0
2023-03-09 10:46:00,FOCS,51.78499984741211,51.78499984741211,51.790000915527344,51.78499984741211,51.78499984741211,1178.0
2023-03-09 10:46:00,FRBK,1.7999999523162842,1.7999999523162842,1.8085999488830566,1.7999999523162842,1.8049999475479126,5612.0
2023-03-09 10:46:00,FULT,15.970000267028809,15.970000267028809,15.970000267028809,15.970000267028809,15.970000267028809,918.0
2023-03-09 10:46:00,FUTU,47.27000045776367,47.27000045776367,47.27000045776367,47.220001220703125,47.244998931884766,504.0
2023-03-09 10:46:00,GABC,36.04999923706055,36.04999923706055,36.04999923706055,36.04999923706055,36.04999923706055,829.0
2023-03-09 10:46:00,GBDC,13.539999961853027,13.539999961853027,13.539999961853027,13.539999961853027,13.539999961853027,2479.0
2023-03-09 10:46:00,GFGD,10.220000267028809,10.220000267028809,10.220000267028809,10.210000038146973,10.210000038146973,10165.0
2023-03-09 10:46:00,GGAL,12.817299842834473,12.817299842834473,12.817299842834473,12.81350040435791,12.81350040435791,281.0
2023-03-09 10:46:00,GLAD,9.979999542236328,9.979999542236328,9.979999542236328,9.979999542236328,9.979999542236328,201.0
2023-03-09 10:46:00,GLRE,10.130000114440918,10.130000114440918,10.130000114440918,10.130000114440918,10.130000114440918,200.0
2023-03-09 10:46:00,HBAN,14.1899995803833,14.1899995803833,14.199999809265137,14.189900398254395,14.194999694824219,27191.0
2023-03-09 10:46:00,HBNC,14.375,14.375,14.399999618530273,14.359999656677246,14.399999618530273,7994.0
2023-03-09 10:46:00,HFWA,24.94499969482422,24.94499969482422,24.94499969482422,24.94499969482422,24.94499969482422,102.0
2023-03-09 10:46:00,HMST,22.809999465942383,22.809999465942383,22.809999465942383,22.809999465942383,22.809999465942383,126.0
2023-03-09 10:46:00,HOPE,12.039999961853027,12.039999961853027,12.050000190734863,12.010100364685059,12.020000457763672,14670.0
2023-03-09 10:46:00,HUT,1.4450000524520874,1.4450000524520874,1.4483000040054321,1.4450000524520874,1.4483000040054321,902.0
2023-03-09 10:46:00,HWC,44.900001525878906,44.900001525878906,44.90999984741211,44.8650016784668,44.8650016784668,1399.0
2023-03-09 10:46:00,IBKR,88.75,88.75,88.75,88.7300033569336,88.7300033569336,771.0
2023-03-09 10:46:00,INTR,2.0199999809265137,2.0199999809265137,2.0199999809265137,2.009999990463257,2.009999990463257,2908.0
2023-03-09 10:47:00,ABCB,43.61000061035156,43.61000061035156,43.61000061035156,43.599998474121094,43.599998474121094,1576.0
2023-03-09 10:47:00,ACGL,70.2300033569336,70.2300033569336,70.2300033569336,70.13999938964844,70.17500305175781,5734.0
2023-03-09 10:47:00,AGBA,2.240000009536743,2.240000009536743,2.25,2.240000009536743,2.240000009536743,500.0
2023-03-09 10:47:00,ARCC,19.149999618530273,19.149999618530273,19.174999237060547,19.149999618530273,19.17060089111328,8813.0
2023-03-09 10:47:00,AUB,37.415000915527344,37.415000915527344,37.415000915527344,37.3849983215332,37.38999938964844,1561.0
2023-03-09 10:47:00,BANR,59.334999084472656,59.334999084472656,59.334999084472656,59.27000045776367,59.290000915527344,602.0
2023-03-09 10:47:00,BCBP,16.049999237060547,16.049999237060547,16.05340003967285,16.049999237060547,16.05340003967285,2327.0
2023-03-09 10:47:00,BGCP,5.085000038146973,5.085000038146973,5.085000038146973,5.079999923706055,5.079999923706055,781.0
2023-03-09 10:47:00,BHF,54.040000915527344,54.040000915527344,54.040000915527344,54.029998779296875,54.029998779296875,980.0
2023-03-09 10:47:00,BITF,0.800000011920929,0.800000011920929,0.800000011920929,0.800000011920929,0.800000011920929,100.0
2023-03-09 10:47:00,BKCC,3.690000057220459,3.690000057220459,3.694700002670288,3.680000066757202,3.694700002670288,6028.0
2023-03-09 10:47:00,BPOP,62.88999938964844,62.88999938964844,62.88999938964844,62.88999938964844,62.88999938964844,452.0
2023-03-09 10:47:00,BRKL,11.704999923706055,11.704999923706055,11.704999923706055,11.704999923706055,11.704999923706055,135.0
2023-03-09 10:47:00,BSRR,19.459999084472656,19.459999084472656,19.459999084472656,19.459999084472656,19.459999084472656,110.0
2023-03-09 10:47:00,BTBT,1.1700999736785889,1.1700999736785889,1.1700999736785889,1.1700999736785889,1.1700999736785889,104.0
2023-03-09 10:47:00,BWB,13.880000114440918,13.880000114440918,13.880000114440918,13.880000114440918,13.880000114440918,101.0
2023-03-09 10:47:00,CARV,4.5,4.5,4.5,4.5,4.5,409.0
2023-03-09 10:47:00,CASH,48.0099983215332,48.0099983215332,48.0099983215332,47.900001525878906,47.939998626708984,8207.0
2023-03-09 10:47:00,CBNK,19.1299991607666,19.1299991607666,19.1299991607666,19.1299991607666,19.1299991607666,4460.0
2023-03-09 10:47:00,CFFN,7.635000228881836,7.635000228881836,7.639999866485596,7.635000228881836,7.639999866485596,1441.0
2023-03-09 10:47:00,CG,34.71500015258789,34.71500015258789,34.71500015258789,34.686100006103516,34.686100006103516,1823.0
2023-03-09 10:47:00,CGBD,15.109999656677246,15.109999656677246,15.109999656677246,15.109999656677246,15.109999656677246,200.0
2023-03-09 10:47:00,CHY,12.34000015258789,12.34000015258789,12.350000381469727,12.335000038146973,12.34000015258789,10047.0
2023-03-09 10:47:00,CINF,117.62000274658203,117.62000274658203,117.62000274658203,117.62000274658203,117.62000274658203,143.0
2023-03-09 10:47:00,CLBK,19.899999618530273,19.899999618530273,19.899999618530273,19.899999618530273,19.899999618530273,669.0
2023-03-09 10:47:00,CLIN,10.25,10.25,10.25,10.25,10.25,155.0
2023-03-09 10:47:00,CME,180.97000122070312,180.97000122070312,181.0,180.97000122070312,181.0,1590.0
2023-03-09 10:47:00,CNOB,22.3799991607666,22.3799991607666,22.469999313354492,22.350000381469727,22.469999313354492,1552.0
2023-03-09 10:47:00,COLB,25.968700408935547,25.968700408935547,26.0,25.959999084472656,26.0,9473.0
2023-03-09 10:47:00,CSLM,10.3100004196167,10.3100004196167,10.3100004196167,10.3100004196167,10.3100004196167,100.0
2023-03-09 10:47:00,CSTR,15.909899711608887,15.909899711608887,15.909899711608887,15.909899711608887,15.909899711608887,419.0
2023-03-09 10:47:00,CUBA,3.9351000785827637,3.9351000785827637,3.9351000785827637,3.9351000785827637,3.9351000785827637,750.0
2023-03-09 10:47:00,CVBF,22.15999984741211,22.15999984741211,22.15999984741211,22.15999984741211,22.15999984741211,3789.0
2023-03-09 10:47:00,DALS,10.114999771118164,10.114999771118164,10.114999771118164,10.114999771118164,10.114999771118164,600.0
2023-03-09 10:47:00,DCOM,29.75,29.75,29.75,29.75,29.75,285.0
2023-03-09 10:47:00,DGICA,15.020000457763672,15.020000457763672,15.020000457763672,15.0,15.0,871.0
2023-03-09 10:47:00,DWAC,14.170100212097168,14.170100212097168,14.170100212097168,14.170000076293945,14.170000076293945,459.0
2023-03-09 10:47:00,EBC,15.0,15.0,15.010000228881836,15.0,15.010000228881836,767.0
2023-03-09 10:47:00,EQBK,28.652999877929688,28.652999877929688,28.652999877929688,28.652999877929688,28.652999877929688,157.0
2023-03-09 10:47:00,ESSA,18.760000228881836,18.760000228881836,18.799999237060547,18.760000228881836,18.799999237060547,1917.0
2023-03-09 10:47:00,EWBC,70.38749694824219,70.38749694824219,70.3949966430664,70.27999877929688,70.30000305175781,3962.0
2023-03-09 10:47:00,EZPW,8.9350004196167,8.9350004196167,8.9350004196167,8.932499885559082,8.932499885559082,393.0
2023-03-09 10:47:00,FBMS,29.149999618530273,29.149999618530273,29.149999618530273,29.110000610351562,29.110000610351562,2032.0
2023-03-09 10:47:00,FBNC,38.880001068115234,38.880001068115234,38.88999938964844,38.880001068115234,38.88999938964844,856.0
2023-03-09 10:47:00,FCNCA,672.5599975585938,672.5599975585938,672.739990234375,672.094970703125,672.1199951171875,1416.0
2023-03-09 10:47:00,FCRD,4.699999809265137,4.699999809265137,4.699999809265137,4.699999809265137,4.699999809265137,125.0
2023-03-09 10:47:00,FFBC,22.7549991607666,22.7549991607666,22.780000686645508,22.739999771118164,22.7549991607666,3660.0
2023-03-09 10:47:00,FFIC,17.670000076293945,17.670000076293945,17.670000076293945,17.670000076293945,17.670000076293945,245.0
2023-03-09 10:47:00,FFIN,34.310001373291016,34.310001373291016,34.310001373291016,34.310001373291016,34.310001373291016,495.0
2023-03-09 10:47:00,FFWM,13.449999809265137,13.449999809265137,13.449999809265137,13.4399995803833,13.4399995803833,758.0
2023-03-09 10:47:00,FHB,24.479999542236328,24.479999542236328,24.479999542236328,24.469999313354492,24.479999542236328,1465.0
2023-03-09 10:47:00,FIBK,33.12200164794922,33.12200164794922,33.12200164794922,33.1150016784668,33.119998931884766,1832.0
2023-03-09 10:47:00,FITB,32.90999984741211,32.90999984741211,32.93000030517578,32.88999938964844,32.93000030517578,6068.0
2023-03-09 10:47:00,FLIC,16.366600036621094,16.366600036621094,16.3700008392334,16.366600036621094,16.3700008392334,1263.0
2023-03-09 10:47:00,FMAO,23.899999618530273,23.899999618530273,23.899999618530273,23.860000610351562,23.860000610351562,501.0
2023-03-09 10:47:00,FNLC,28.790000915527344,28.790000915527344,28.790000915527344,28.790000915527344,28.790000915527344,314.0
2023-03-09 10:47:00,FOCS,51.790000915527344,51.790000915527344,51.790000915527344,51.779998779296875,51.779998779296875,860.0
2023-03-09 10:47:00,FRBK,1.8049999475479126,1.8049999475479126,1.8049999475479126,1.8049999475479126,1.8049999475479126,101.0
2023-03-09 10:47:00,FSBW,33.90999984741211,33.90999984741211,33.90999984741211,33.90999984741211,33.90999984741211,85.0
2023-03-09 10:47:00,FULT,15.949999809265137,15.949999809265137,15.960000038146973,15.944999694824219,15.960000038146973,2503.0
2023-03-09 10:47:00,FUTU,47.33000183105469,47.33000183105469,47.33000183105469,47.27000045776367,47.27000045776367,1282.0
2023-03-09 10:47:00,GABC,36.0432014465332,36.0432014465332,36.0432014465332,35.94499969482422,35.94499969482422,3355.0
2023-03-09 10:47:00,GBDC,13.529999732971191,13.529999732971191,13.529999732971191,13.529999732971191,13.529999732971191,423.0
2023-03-09 10:47:00,GLAD,9.979999542236328,9.979999542236328,9.979999542236328,9.979999542236328,9.979999542236328,188.0
2023-03-09 10:47:00,GLRE,10.130000114440918,10.130000114440918,10.130000114440918,10.130000114440918,10.130000114440918,101.0
2023-03-09 10:47:00,GMFIU,10.399999618530273,10.399999618530273,10.399999618530273,10.390000343322754,10.390000343322754,0.0
2023-03-09 10:47:00,GSHD,52.95009994506836,52.95009994506836,52.95009994506836,52.95009994506836,52.95009994506836,314.0
2023-03-09 10:47:00,HBAN,14.1850004196167,14.1850004196167,14.1899995803833,14.170000076293945,14.1899995803833,24578.0
2023-03-09 10:47:00,HBNC,14.359999656677246,14.359999656677246,14.369999885559082,14.350000381469727,14.350000381469727,2094.0
2023-03-09 10:47:00,HIVE,2.6393001079559326,2.6393001079559326,2.6393001079559326,2.6393001079559326,2.6393001079559326,2508.0
2023-03-09 10:47:00,HLNE,77.31999969482422,77.31999969482422,77.31999969482422,77.31999969482422,77.31999969482422,138.0
2023-03-09 10:47:00,HMST,22.780000686645508,22.780000686645508,22.780000686645508,22.760000228881836,22.760000228881836,397.0
2023-03-09 10:47:00,HONE,12.8100004196167,12.8100004196167,12.8100004196167,12.8100004196167,12.8100004196167,244.0
2023-03-09 10:47:00,HOPE,12.029999732971191,12.029999732971191,12.029999732971191,12.029999732971191,12.029999732971191,266.0
2023-03-09 10:47:00,HTBK,11.0600004196167,11.0600004196167,11.069999694824219,11.0600004196167,11.069999694824219,1919.0
2023-03-09 10:47:00,HTLF,46.150001525878906,46.150001525878906,46.150001525878906,46.150001525878906,46.150001525878906,399.0
2023-03-09 10:47:00,HUT,1.4408999681472778,1.4408999681472778,1.4499000310897827,1.440000057220459,1.4450000524520874,24370.0
2023-03-09 10:47:00,HWC,44.849998474121094,44.849998474121094,44.849998474121094,44.849998474121094,44.849998474121094,449.0
2023-03-09 10:47:00,IBKR,88.70999908447266,88.70999908447266,88.71499633789062,88.70999908447266,88.71499633789062,382.0
2023-03-09 10:47:00,IBTX,53.45000076293945,53.45000076293945,53.459999084472656,53.45000076293945,53.459999084472656,637.0
2023-03-09 10:47:00,INTR,2.009999990463257,2.009999990463257,2.0299999713897705,2.0,2.0299999713897705,25838.0
2023-03-09 10:48:00,ACGL,70.20500183105469,70.20500183105469,70.2300033569336,70.18000030517578,70.21499633789062,3549.0
2023-03-09 10:48:00,AGBA,2.2100000381469727,2.2100000381469727,2.2100000381469727,2.2100000381469727,2.2100000381469727,200.0
2023-03-09 10:48:00,AIHS,0.8759999871253967,0.8759999871253967,0.8761000037193298,0.8759999871253967,0.8761000037193298,3104.0
2023-03-09 10:48:00,AMRK,28.350000381469727,28.350000381469727,28.350000381469727,28.350000381469727,28.350000381469727,865.0
2023-03-09 10:48:00,APLD,2.234999895095825,2.234999895095825,2.234999895095825,2.2300000190734863,2.234999895095825,4840.0
2023-03-09 10:48:00,ARCC,19.165000915527344,19.165000915527344,19.165000915527344,19.147499084472656,19.147499084472656,4937.0
2023-03-09 10:48:00,AUB,37.46500015258789,37.46500015258789,37.470001220703125,37.45000076293945,37.45000076293945,1212.0
2023-03-09 10:48:00,BANR,59.334999084472656,59.334999084472656,59.334999084472656,59.334999084472656,59.334999084472656,453.0
2023-03-09 10:48:00,BGCP,5.085000038146973,5.085000038146973,5.085000038146973,5.085000038146973,5.085000038146973,1624.0
2023-03-09 10:48:00,BHF,54.040000915527344,54.040000915527344,54.06999969482422,54.040000915527344,54.06999969482422,637.0
2023-03-09 10:48:00,BHFAM,16.649999618530273,16.649999618530273,16.709999084472656,16.649999618530273,16.709999084472656,854.0
2023-03-09 10:48:00,BHFAN,19.020000457763672,19.020000457763672,19.020000457763672,19.020000457763672,19.020000457763672,329.0
2023-03-09 10:48:00,BITF,0.79830002784729,0.79830002784729,0.800000011920929,0.796500027179718,0.800000011920929,10106.0
2023-03-09 10:48:00,BMRC,26.889999389648438,26.889999389648438,26.889999389648438,26.889999389648438,26.889999389648438,121.0
2023-03-09 10:48:00,BOKF,97.11000061035156,97.11000061035156,97.1500015258789,96.9000015258789,96.9000015258789,2323.0
2023-03-09 10:48:00,BPOP,62.915000915527344,62.915000915527344,62.93000030517578,62.915000915527344,62.93000030517578,218.0
2023-03-09 10:48:00,BRKL,11.725000381469727,11.725000381469727,11.725000381469727,11.710000038146973,11.710000038146973,1015.0
2023-03-09 10:48:00,BSRR,19.489999771118164,19.489999771118164,19.489999771118164,19.469999313354492,19.469999313354492,545.0
2023-03-09 10:48:00,BTBT,1.1720000505447388,1.1720000505447388,1.1749999523162842,1.1720000505447388,1.1749999523162842,2622.0
2023-03-09 10:48:00,BUSE,22.815000534057617,22.815000534057617,22.815000534057617,22.815000534057617,22.815000534057617,579.0
2023-03-09 10:48:00,CATY,40.209999084472656,40.209999084472656,40.209999084472656,40.209999084472656,40.209999084472656,718.0
2023-03-09 10:48:00,CBSH,62.20859909057617,62.20859909057617,62.20859909057617,62.20859909057617,62.20859909057617,310.0
2023-03-09 10:48:00,CCAP,15.079999923706055,15.079999923706055,15.079999923706055,15.050000190734863,15.050000190734863,555.0
2023-03-09 10:48:00,CCD,23.0,23.0,23.010000228881836,23.0,23.010000228881836,216.0
2023-03-09 10:48:00,CCNE,22.80030059814453,22.80030059814453,22.809999465942383,22.760000228881836,22.760000228881836,1190.0
2023-03-09 10:48:00,CFBK,20.344999313354492,20.344999313354492,20.344999313354492,20.30500030517578,20.344999313354492,0.0
2023-03-09 10:48:00,CFFN,7.635000228881836,7.635000228881836,7.635000228881836,7.635000228881836,7.635000228881836,105.0
2023-03-09 10:48:00,CG,34.73540115356445,34.73540115356445,34.73540115356445,34.71500015258789,34.71500015258789,1336.0
2023-03-09 10:48:00,CGBD,15.100000381469727,15.100000381469727,15.109999656677246,15.100000381469727,15.109999656677246,404.0
2023-03-09 10:48:00,CIFR,1.4500000476837158,1.4500000476837158,1.4500000476837158,1.4500000476837158,1.4500000476837158,402.0
2023-03-09 10:48:00,CINF,117.56999969482422,117.56999969482422,117.63999938964844,117.56999969482422,117.62000274658203,962.0
2023-03-09 10:48:00,CLBK,19.920000076293945,19.920000076293945,19.920000076293945,19.920000076293945,19.920000076293945,1481.0
2023-03-09 10:48:00,CME,180.85000610351562,180.85000610351562,180.9550018310547,180.8300018310547,180.9550018310547,5242.0
2023-03-09 10:48:00,COLB,25.96430015563965,25.96430015563965,25.969999313354492,25.959999084472656,25.959999084472656,5656.0
2023-03-09 10:48:00,COOP,45.119998931884766,45.119998931884766,45.13999938964844,45.060001373291016,45.060001373291016,1829.0
2023-03-09 10:48:00,CSWC,18.600000381469727,18.600000381469727,18.600000381469727,18.579999923706055,18.579999923706055,3759.0
2023-03-09 10:48:00,CZFS,82.61000061035156,82.61000061035156,82.61000061035156,82.61000061035156,82.61000061035156,1462.0
2023-03-09 10:48:00,EBC,15.0,15.0,15.0,15.0,15.0,613.0
2023-03-09 10:48:00,ECPG,50.83000183105469,50.83000183105469,50.83000183105469,50.83000183105469,50.83000183105469,391.0
2023-03-09 10:48:00,EGBN,41.20000076293945,41.20000076293945,41.20000076293945,41.20000076293945,41.20000076293945,218.0
2023-03-09 10:48:00,EWBC,70.4000015258789,70.4000015258789,70.4000015258789,70.37999725341797,70.37999725341797,772.0
2023-03-09 10:48:00,EZPW,8.932499885559082,8.932499885559082,8.932499885559082,8.932499885559082,8.932499885559082,134.0
2023-03-09 10:48:00,FBMS,29.149999618530273,29.149999618530273,29.149999618530273,29.149999618530273,29.149999618530273,467.0
2023-03-09 10:48:00,FCRD,4.664999961853027,4.664999961853027,4.664999961853027,4.664999961853027,4.664999961853027,107.0
2023-03-09 10:48:00,FDUS,20.52239990234375,20.52239990234375,20.52239990234375,20.52239990234375,20.52239990234375,0.0
2023-03-09 10:48:00,FFIC,17.670000076293945,17.670000076293945,17.670000076293945,17.670000076293945,17.670000076293945,1117.0
2023-03-09 10:48:00,FFWM,13.444999694824219,13.444999694824219,13.460000038146973,13.444999694824219,13.460000038146973,300.0
2023-03-09 10:48:00,FHB,24.479999542236328,24.479999542236328,24.479999542236328,24.469999313354492,24.469999313354492,1654.0
2023-03-09 10:48:00,FIBK,33.1349983215332,33.1349983215332,33.1349983215332,33.130001068115234,33.130001068115234,466.0
2023-03-09 10:48:00,FISI,23.604999542236328,23.604999542236328,23.604999542236328,23.604999542236328,23.604999542236328,241.0
2023-03-09 10:48:00,FITB,32.91999816894531,32.91999816894531,32.93000030517578,32.900001525878906,32.900001525878906,4523.0
2023-03-09 10:48:00,FMIV,10.130000114440918,10.130000114440918,10.130000114440918,10.130000114440918,10.130000114440918,144.0
2023-03-09 10:48:00,FMNB,13.305000305175781,13.305000305175781,13.305000305175781,13.305000305175781,13.305000305175781,200.0
2023-03-09 10:48:00,FOCS,51.790000915527344,51.790000915527344,51.790000915527344,51.779998779296875,51.779998779296875,1235.0
2023-03-09 10:48:00,FRBK,1.7999999523162842,1.7999999523162842,1.7999999523162842,1.7999999523162842,1.7999999523162842,105.0
2023-03-09 10:48:00,FRONU,10.180000305175781,10.180000305175781,10.180000305175781,10.180000305175781,10.180000305175781,0.0
2023-03-09 10:48:00,FULT,15.959500312805176,15.959500312805176,15.959500312805176,15.949999809265137,15.949999809265137,2093.0
2023-03-09 10:48:00,FUTU,47.31999969482422,47.31999969482422,47.31999969482422,47.290000915527344,47.290000915527344,403.0
2023-03-09 10:48:00,GCMG,8.449999809265137,8.449999809265137,8.449999809265137,8.449999809265137,8.449999809265137,748.0
2023-03-09 10:48:00,GGAL,12.835000038146973,12.835000038146973,12.835000038146973,12.835000038146973,12.835000038146973,263.0
2023-03-09 10:48:00,GLRE,10.130000114440918,10.130000114440918,10.149999618530273,10.130000114440918,10.130000114440918,800.0
2023-03-09 10:48:00,HAFC,22.170000076293945,22.170000076293945,22.170000076293945,22.165000915527344,22.165000915527344,406.0
2023-03-09 10:48:00,HBAN,14.204999923706055,14.204999923706055,14.210000038146973,14.1850004196167,14.1850004196167,12276.0
2023-03-09 10:48:00,HBANP,19.209999084472656,19.209999084472656,19.227100372314453,19.209999084472656,19.227100372314453,340.0
2023-03-09 10:48:00,HBNC,14.380000114440918,14.380000114440918,14.380000114440918,14.364999771118164,14.369999885559082,2133.0
2023-03-09 10:48:00,HIVE,2.644399881362915,2.644399881362915,2.644399881362915,2.640000104904175,2.640000104904175,706.0
2023-03-09 10:48:00,HLNE,77.33000183105469,77.33000183105469,77.33000183105469,77.33000183105469,77.33000183105469,415.0
2023-03-09 10:48:00,HNVR,19.709999084472656,19.709999084472656,19.709999084472656,19.709999084472656,19.709999084472656,179.0
2023-03-09 10:48:00,HONE,12.8100004196167,12.8100004196167,12.8100004196167,12.8100004196167,12.8100004196167,715.0
2023-03-09 10:48:00,HOPE,12.020000457763672,12.020000457763672,12.020000457763672,12.020000457763672,12.020000457763672,891.0
2023-03-09 10:48:00,HTBK,11.069999694824219,11.069999694824219,11.069999694824219,11.069999694824219,11.069999694824219,810.0
2023-03-09 10:48:00,HUT,1.4450000524520874,1.4450000524520874,1.4450000524520874,1.4450000524520874,1.4450000524520874,148.0
2023-03-09 10:48:00,HWC,44.880001068115234,44.880001068115234,44.880001068115234,44.880001068115234,44.880001068115234,821.0
2023-03-09 10:48:00,IBKR,88.79000091552734,88.79000091552734,88.80000305175781,88.72000122070312,88.74500274658203,1390.0
2023-03-09 10:48:00,IBOC,45.7599983215332,45.7599983215332,45.7599983215332,45.7599983215332,45.7599983215332,115.0
2023-03-09 10:48:00,INTR,2.0199999809265137,2.0199999809265137,2.0199999809265137,2.009999990463257,2.009999990463257,14572.0
2023-03-09 10:49:00,ACBA,10.800000190734863,10.800000190734863,10.800000190734863,10.800000190734863,10.800000190734863,0.0
2023-03-09 10:49:00,ACGL,70.22000122070312,70.22000122070312,70.22000122070312,70.19999694824219,70.22000122070312,1238.0
2023-03-09 10:49:00,ARCC,19.15999984741211,19.15999984741211,19.169300079345703,19.15999984741211,19.169300079345703,2869.0
2023-03-09 10:49:00,AUB,37.45000076293945,37.45000076293945,37.45000076293945,37.439998626708984,37.45000076293945,1828.0
2023-03-09 10:49:00,BCBP,16.059999465942383,16.059999465942383,16.059999465942383,16.059900283813477,16.059900283813477,867.0
2023-03-09 10:49:00,BGCP,5.085000038146973,5.085000038146973,5.085000038146973,5.079999923706055,5.085000038146973,1203.0
2023-03-09 10:49:00,BHFAP,24.999900817871094,24.999900817871094,24.999900817871094,24.999900817871094,24.999900817871094,1000.0
2023-03-09 10:49:00,BITF,0.7991999983787537,0.7991999983787537,0.8065999746322632,0.7965009808540344,0.7968999743461609,1258.0
2023-03-09 10:49:00,BMRC,26.899999618530273,26.899999618530273,26.899999618530273,26.899999618530273,26.899999618530273,335.0
2023-03-09 10:49:00,BOKF,97.12000274658203,97.12000274658203,97.12000274658203,97.12000274658203,97.12000274658203,447.0
2023-03-09 10:49:00,BPOP,63.029998779296875,63.029998779296875,63.029998779296875,62.95000076293945,62.970001220703125,2762.0
2023-03-09 10:49:00,BRKL,11.720000267028809,11.720000267028809,11.720000267028809,11.720000267028809,11.720000267028809,228.0
2023-03-09 10:49:00,BRP,26.34000015258789,26.34000015258789,26.34000015258789,26.34000015258789,26.34000015258789,221.0
2023-03-09 10:49:00,BWB,13.821599960327148,13.821599960327148,13.854999542236328,13.821599960327148,13.854999542236328,5607.0
2023-03-09 10:49:00,CBSH,62.13999938964844,62.13999938964844,62.16999816894531,62.13999938964844,62.16999816894531,883.0
2023-03-09 10:49:00,CCAP,15.09000015258789,15.09000015258789,15.09000015258789,15.079999923706055,15.079999923706055,350.0
2023-03-09 10:49:00,CCD,23.006000518798828,23.006000518798828,23.006000518798828,23.006000518798828,23.006000518798828,300.0
2023-03-09 10:49:00,CFFN,7.635000228881836,7.635000228881836,7.639999866485596,7.635000228881836,7.6392998695373535,7759.0
2023-03-09 10:49:00,CG,34.71500015258789,34.71500015258789,34.72999954223633,34.71500015258789,34.72999954223633,2821.0
2023-03-09 10:49:00,CHW,6.090000152587891,6.090000152587891,6.099899768829346,6.090000152587891,6.099899768829346,313.0
2023-03-09 10:49:00,CME,180.7949981689453,180.7949981689453,181.05999755859375,180.7949981689453,180.9149932861328,18988.0
2023-03-09 10:49:00,COLB,25.96500015258789,25.96500015258789,25.979999542236328,25.950000762939453,25.959999084472656,4225.0
2023-03-09 10:49:00,COOP,45.16999816894531,45.16999816894531,45.16999816894531,45.16999816894531,45.16999816894531,350.0
2023-03-09 10:49:00,CSWC,18.600000381469727,18.600000381469727,18.619400024414062,18.600000381469727,18.619400024414062,401.0
2023-03-09 10:49:00,CVBF,22.18000030517578,22.18000030517578,22.18000030517578,22.18000030517578,22.18000030517578,264.0
2023-03-09 10:49:00,EBC,15.0,15.0,15.010000228881836,15.0,15.010000228881836,275.0
2023-03-09 10:49:00,EFSC,51.869998931884766,51.869998931884766,51.869998931884766,51.869998931884766,51.869998931884766,101.0
2023-03-09 10:49:00,EGBN,41.17599868774414,41.17599868774414,41.17599868774414,41.17599868774414,41.17599868774414,105.0
2023-03-09 10:49:00,EWBC,70.37999725341797,70.37999725341797,70.37999725341797,70.37999725341797,70.37999725341797,213.0
2023-03-09 10:49:00,EZPW,8.9350004196167,8.9350004196167,8.9350004196167,8.9350004196167,8.9350004196167,137.0
2023-03-09 10:49:00,FCNCA,671.6400146484375,671.6400146484375,671.6400146484375,671.2999877929688,671.2999877929688,1472.0
2023-03-09 10:49:00,FCRD,4.679999828338623,4.679999828338623,4.679999828338623,4.679999828338623,4.679999828338623,187.0
2023-03-09 10:49:00,FDUS,20.481000900268555,20.481000900268555,20.481000900268555,20.481000900268555,20.481000900268555,385.0
2023-03-09 10:49:00,FFWM,13.449999809265137,13.449999809265137,13.449999809265137,13.449999809265137,13.449999809265137,100.0
2023-03-09 10:49:00,FHB,24.489999771118164,24.489999771118164,24.4950008392334,24.489999771118164,24.4950008392334,332.0
2023-03-09 10:49:00,FIBK,33.040000915527344,33.040000915527344,33.1349983215332,33.040000915527344,33.1349983215332,3080.0
2023-03-09 10:49:00,FITB,32.92499923706055,32.92499923706055,32.939998626708984,32.915000915527344,32.939998626708984,10470.0
2023-03-09 10:49:00,FMIV,10.119999885559082,10.119999885559082,10.119999885559082,10.119999885559082,10.119999885559082,100.0
2023-03-09 10:49:00,FOCS,51.779998779296875,51.779998779296875,51.779998779296875,51.779998779296875,51.779998779296875,449.0
2023-03-09 10:49:00,FRBK,1.7999999523162842,1.7999999523162842,1.8049999475479126,1.7999999523162842,1.8049999475479126,300.0
2023-03-09 10:49:00,FRHC,73.70249938964844,73.70249938964844,73.70249938964844,73.61000061035156,73.61000061035156,523.0
2023-03-09 10:49:00,FRME,37.95000076293945,37.95000076293945,37.95000076293945,37.95000076293945,37.95000076293945,506.0
2023-03-09 10:49:00,FULT,15.949999809265137,15.949999809265137,15.949999809265137,15.949999809265137,15.949999809265137,1373.0
2023-03-09 10:49:00,FUNC,19.802600860595703,19.802600860595703,19.802600860595703,19.802600860595703,19.802600860595703,499.0
2023-03-09 10:49:00,FUTU,47.2599983215332,47.2599983215332,47.33000183105469,47.2599983215332,47.33000183105469,1007.0
2023-03-09 10:49:00,GCMG,8.4399995803833,8.4399995803833,8.449999809265137,8.4399995803833,8.449999809265137,405.0
2023-03-09 10:49:00,GGAL,12.817000389099121,12.817000389099121,12.84000015258789,12.800000190734863,12.838000297546387,1437.0
2023-03-09 10:49:00,GLRE,10.140000343322754,10.140000343322754,10.149999618530273,10.135000228881836,10.135000228881836,2031.0
2023-03-09 10:49:00,GOCO,18.25,18.25,18.299999237060547,18.190000534057617,18.200000762939453,1057.0
2023-03-09 10:49:00,HBAN,14.204999923706055,14.204999923706055,14.210000038146973,14.199700355529785,14.210000038146973,36498.0
2023-03-09 10:49:00,HFWA,24.959999084472656,24.959999084472656,24.969999313354492,24.959999084472656,24.969999313354492,404.0
2023-03-09 10:49:00,HLNE,77.20999908447266,77.20999908447266,77.33499908447266,77.20999908447266,77.33499908447266,346.0
2023-03-09 10:49:00,HOPE,12.010000228881836,12.010000228881836,12.010000228881836,12.005000114440918,12.010000228881836,922.0
2023-03-09 10:49:00,HRZN,11.959199905395508,11.959199905395508,11.960000038146973,11.949999809265137,11.960000038146973,562.0
2023-03-09 10:49:00,HUT,1.4450000524520874,1.4450000524520874,1.4450000524520874,1.4400999546051025,1.4400999546051025,1945.0
2023-03-09 10:49:00,HWC,44.95000076293945,44.95000076293945,44.95000076293945,44.93989944458008,44.93989944458008,932.0
2023-03-09 10:49:00,IBKR,88.81999969482422,88.81999969482422,88.81999969482422,88.81999969482422,88.81999969482422,357.0
2023-03-09 10:49:00,IBOC,45.720001220703125,45.720001220703125,45.720001220703125,45.720001220703125,45.720001220703125,123.0
2023-03-09 10:49:00,INTR,2.0125999450683594,2.0125999450683594,2.0199999809265137,2.0,2.0199999809265137,3342.0
2023-03-09 10:50:00,ACGL,70.2300033569336,70.2300033569336,70.23500061035156,70.22000122070312,70.2300033569336,3572.0
2023-03-09 10:50:00,ARCC,19.15999984741211,19.15999984741211,19.165000915527344,19.15999984741211,19.165000915527344,3032.0
2023-03-09 10:50:00,AUB,37.45000076293945,37.45000076293945,37.45000076293945,37.45000076293945,37.45000076293945,591.0
2023-03-09 10:50:00,BGCP,5.085000038146973,5.085000038146973,5.085000038146973,5.085000038146973,5.085000038146973,956.0
2023-03-09 10:50:00,BHF,54.029998779296875,54.029998779296875,54.029998779296875,54.029998779296875,54.029998779296875,373.0
2023-03-09 10:50:00,BHFAP,24.999900817871094,24.999900817871094,24.999900817871094,24.999900817871094,24.999900817871094,200.0
2023-03-09 10:50:00,BITF,0.796500027179718,0.796500027179718,0.796500027179718,0.796500027179718,0.796500027179718,623.0
2023-03-09 10:50:00,BMRC,26.934999465942383,26.934999465942383,26.934999465942383,26.934999465942383,26.934999465942383,832.0
2023-03-09 10:50:00,BOKF,97.0199966430664,97.0199966430664,97.05999755859375,97.0199966430664,97.05999755859375,1269.0
2023-03-09 10:50:00,BPOP,63.125,63.125,63.130001068115234,63.125,63.130001068115234,946.0
2023-03-09 10:50:00,BRKL,11.720000267028809,11.720000267028809,11.720000267028809,11.720000267028809,11.720000267028809,648.0
2023-03-09 10:50:00,BSRR,19.489999771118164,19.489999771118164,19.489999771118164,19.489999771118164,19.489999771118164,318.0
2023-03-09 10:50:00,BYFC,1.3036999702453613,1.3036999702453613,1.340000033378601,1.3036999702453613,1.340000033378601,2000.0
2023-03-09 10:50:00,CBSH,62.11000061035156,62.11000061035156,62.11000061035156,62.11000061035156,62.11000061035156,194.0
2023-03-09 10:50:00,CCB,42.9900016784668,42.9900016784668,42.9900016784668,42.9900016784668,42.9900016784668,429.0
2023-03-09 10:50:00,CCBG,33.9900016784668,33.9900016784668,33.9900016784668,33.9900016784668,33.9900016784668,285.0
2023-03-09 10:50:00,CFSB,8.699999809265137,8.699999809265137,8.699999809265137,8.699999809265137,8.699999809265137,213.0
2023-03-09 10:50:00,CG,34.71500015258789,34.71500015258789,34.720001220703125,34.709999084472656,34.709999084472656,835.0
2023-03-09 10:50:00,CHEAU,10.510000228881836,10.510000228881836,10.510000228881836,10.510000228881836,10.510000228881836,100.0
2023-03-09 10:50:00,CHW,6.090000152587891,6.090000152587891,6.090000152587891,6.090000152587891,6.090000152587891,121.0
2023-03-09 10:50:00,CINF,117.66000366210938,117.66000366210938,117.66000366210938,117.66000366210938,117.66000366210938,434.0
2023-03-09 10:50:00,CIVB,20.770000457763672,20.770000457763672,20.770000457763672,20.770000457763672,20.770000457763672,247.0
2023-03-09 10:50:00,CME,180.7100067138672,180.7100067138672,180.72999572753906,180.7100067138672,180.72999572753906,2081.0
2023-03-09 10:50:00,CNOB,22.399999618530273,22.399999618530273,22.399999618530273,22.399999618530273,22.399999618530273,182.0
2023-03-09 10:50:00,COLB,25.959999084472656,25.959999084472656,25.989999771118164,25.959999084472656,25.96500015258789,6966.0
2023-03-09 10:50:00,COOP,45.130001068115234,45.130001068115234,45.16999816894531,45.130001068115234,45.16999816894531,747.0
2023-03-09 10:50:00,CSWC,18.604999542236328,18.604999542236328,18.6200008392334,18.604999542236328,18.6200008392334,475.0
2023-03-09 10:50:00,CVBF,22.18000030517578,22.18000030517578,22.18000030517578,22.170000076293945,22.170000076293945,1164.0
2023-03-09 10:50:00,DCOM,29.75,29.75,29.75,29.739999771118164,29.739999771118164,521.0
2023-03-09 10:50:00,DWAC,14.15999984741211,14.15999984741211,14.163299560546875,14.15999984741211,14.163299560546875,305.0
2023-03-09 10:50:00,EBC,14.970000267028809,14.970000267028809,14.989999771118164,14.970000267028809,14.989999771118164,1379.0
2023-03-09 10:50:00,EFSC,51.869998931884766,51.869998931884766,51.875,51.869998931884766,51.875,3874.0
2023-03-09 10:50:00,EGBN,41.130001068115234,41.130001068115234,41.16999816894531,41.130001068115234,41.16999816894531,658.0
2023-03-09 10:50:00,EHTH,9.120499610900879,9.120499610900879,9.189399719238281,9.120499610900879,9.189399719238281,4258.0
2023-03-09 10:50:00,ERIE,235.1199951171875,235.1199951171875,235.1199951171875,235.1199951171875,235.1199951171875,729.0
2023-03-09 10:50:00,EWBC,70.33000183105469,70.33000183105469,70.4291000366211,70.33000183105469,70.38999938964844,1086.0
2023-03-09 10:50:00,EZPW,8.944999694824219,8.944999694824219,8.944999694824219,8.9399995803833,8.9399995803833,1834.0
2023-03-09 10:50:00,FCNCA,673.0900268554688,673.0900268554688,673.239990234375,672.5,673.1599731445312,956.0
2023-03-09 10:50:00,FCRD,4.659999847412109,4.659999847412109,4.659999847412109,4.659999847412109,4.659999847412109,114.0
2023-03-09 10:50:00,FFWM,13.4399995803833,13.4399995803833,13.447600364685059,13.430000305175781,13.447600364685059,532.0
2023-03-09 10:50:00,FIBK,33.040000915527344,33.040000915527344,33.040000915527344,33.029998779296875,33.029998779296875,1008.0
2023-03-09 10:50:00,FITB,32.91999816894531,32.91999816894531,32.94499969482422,32.91999816894531,32.93000030517578,9673.0
2023-03-09 10:50:00,FMIV,10.109999656677246,10.109999656677246,10.109999656677246,10.109999656677246,10.109999656677246,200.0
2023-03-09 10:50:00,FOCS,51.779998779296875,51.779998779296875,51.779998779296875,51.779998779296875,51.779998779296875,86706.0
2023-03-09 10:50:00,FRBK,1.8049999475479126,1.8049999475479126,1.8049999475479126,1.7999999523162842,1.7999999523162842,485.0
2023-03-09 10:50:00,FULT,15.949999809265137,15.949999809265137,15.949999809265137,15.949999809265137,15.949999809265137,807.0
2023-03-09 10:50:00,FUTU,46.900001525878906,46.900001525878906,47.209999084472656,46.900001525878906,47.209999084472656,20986.0
2023-03-09 10:50:00,GAIN,13.898300170898438,13.898300170898438,13.898300170898438,13.898300170898438,13.898300170898438,0.0
2023-03-09 10:50:00,GBDC,13.523900032043457,13.523900032043457,13.523900032043457,13.523900032043457,13.523900032043457,652.0
2023-03-09 10:50:00,GGAAW,0.02500000037252903,0.02500000037252903,0.02510100044310093,0.02500000037252903,0.025100000202655792,30000.0
2023-03-09 10:50:00,GNTY,29.611799240112305,29.611799240112305,29.611799240112305,29.611799240112305,29.611799240112305,307.0
2023-03-09 10:50:00,GOCO,18.579999923706055,18.579999923706055,18.579999923706055,18.389999389648438,18.389999389648438,600.0
2023-03-09 10:50:00,GXII,10.130000114440918,10.130000114440918,10.130000114440918,10.130000114440918,10.130000114440918,1277.0
2023-03-09 10:50:00,HBAN,14.199999809265137,14.199999809265137,14.20989990234375,14.199999809265137,14.199999809265137,9363.0
2023-03-09 10:50:00,HFWA,24.989999771118164,24.989999771118164,24.989999771118164,24.989999771118164,24.989999771118164,144.0
2023-03-09 10:50:00,HRZN,11.989999771118164,11.989999771118164,11.989999771118164,11.970000267028809,11.970000267028809,2004.0
2023-03-09 10:50:00,HTLF,46.095001220703125,46.095001220703125,46.095001220703125,46.095001220703125,46.095001220703125,484.0
2023-03-09 10:50:00,HUT,1.4299999475479126,1.4299999475479126,1.4400999546051025,1.4299999475479126,1.440000057220459,60172.0
2023-03-09 10:50:00,IBCP,20.975000381469727,20.975000381469727,20.975000381469727,20.975000381469727,20.975000381469727,541.0
2023-03-09 10:50:00,IBKR,88.70999908447266,88.70999908447266,88.7489013671875,88.70999908447266,88.7489013671875,337.0
2023-03-09 10:50:00,IBOC,45.720001220703125,45.720001220703125,45.720001220703125,45.720001220703125,45.720001220703125,597.0
2023-03-09 10:50:00,IGIC,8.295000076293945,8.295000076293945,8.295000076293945,8.295000076293945,8.295000076293945,1300.0
2023-03-09 10:50:00,INDB,73.38999938964844,73.38999938964844,73.41999816894531,73.38999938964844,73.38999938964844,1477.0
2023-03-09 10:50:00,INTR,2.009999990463257,2.009999990463257,2.009999990463257,2.009999990463257,2.009999990463257,100.0
2023-03-09 10:51:00,ACGL,70.22000122070312,70.22000122070312,70.23999786376953,70.21499633789062,70.23999786376953,2487.0
2023-03-09 10:51:00,AMSF,51.505001068115234,51.505001068115234,51.505001068115234,51.505001068115234,51.505001068115234,132.0
2023-03-09 10:51:00,AMTB,26.243799209594727,26.243799209594727,26.243799209594727,26.243799209594727,26.243799209594727,412.0
2023-03-09 10:51:00,APLD,2.234999895095825,2.234999895095825,2.234999895095825,2.2300000190734863,2.2302000522613525,513.0
2023-03-09 10:51:00,ARCC,19.15999984741211,19.15999984741211,19.165000915527344,19.15999984741211,19.165000915527344,1096.0
2023-03-09 10:51:00,AUB,37.40999984741211,37.40999984741211,37.435001373291016,37.40999984741211,37.41999816894531,3578.0
2023-03-09 10:51:00,BANF,86.20500183105469,86.20500183105469,86.21499633789062,86.20500183105469,86.21499633789062,361.0
2023-03-09 10:51:00,BCML,19.790000915527344,19.790000915527344,19.790000915527344,19.790000915527344,19.790000915527344,100.0
2023-03-09 10:51:00,BGCP,5.085000038146973,5.085000038146973,5.085000038146973,5.085000038146973,5.085000038146973,988.0
2023-03-09 10:51:00,BHF,54.0,54.0,54.0099983215332,54.0,54.0099983215332,399.0
2023-03-09 10:51:00,BHFAM,16.774099349975586,16.774099349975586,16.774099349975586,16.774099349975586,16.774099349975586,1500.0
2023-03-09 10:51:00,BITF,0.7964000105857849,0.7964000105857849,0.7964990139007568,0.7960000038146973,0.7960000038146973,470.0
2023-03-09 10:51:00,BOKF,97.11000061035156,97.11000061035156,97.11000061035156,97.11000061035156,97.11000061035156,332.0
2023-03-09 10:51:00,BPOP,63.130001068115234,63.130001068115234,63.19499969482422,63.119998931884766,63.125,1241.0
2023-03-09 10:51:00,BWB,13.6899995803833,13.6899995803833,13.729999542236328,13.6899995803833,13.729999542236328,483.0
2023-03-09 10:51:00,CATC,71.87999725341797,71.87999725341797,71.95999908447266,71.68000030517578,71.68000030517578,662.0
2023-03-09 10:51:00,CATY,40.190399169921875,40.190399169921875,40.190399169921875,40.190399169921875,40.190399169921875,254.0
2023-03-09 10:51:00,CBNK,19.149999618530273,19.149999618530273,19.149999618530273,19.149999618530273,19.149999618530273,440.0
2023-03-09 10:51:00,CBSH,62.099998474121094,62.099998474121094,62.099998474121094,62.099998474121094,62.099998474121094,111.0
2023-03-09 10:51:00,CCD,23.030000686645508,23.030000686645508,23.030000686645508,23.030000686645508,23.030000686645508,267.0
2023-03-09 10:51:00,CCNE,22.799999237060547,22.799999237060547,22.799999237060547,22.799999237060547,22.799999237060547,503.0
2023-03-09 10:51:00,CFFN,7.635000228881836,7.635000228881836,7.635000228881836,7.635000228881836,7.635000228881836,104.0
2023-03-09 10:51:00,CG,34.720001220703125,34.720001220703125,34.720001220703125,34.709999084472656,34.71500015258789,1658.0
2023-03-09 10:51:00,CHY,12.34000015258789,12.34000015258789,12.34000015258789,12.34000015258789,12.34000015258789,199.0
2023-03-09 10:51:00,CIFR,1.4500000476837158,1.4500000476837158,1.4500000476837158,1.4500000476837158,1.4500000476837158,300.0
2023-03-09 10:51:00,CME,180.7050018310547,180.7050018310547,180.71499633789062,180.69000244140625,180.71499633789062,4440.0
2023-03-09 10:51:00,CNGLU,10.970000267028809,10.970000267028809,10.970000267028809,10.239999771118164,10.239999771118164,0.0
2023-03-09 10:51:00,COLB,25.959999084472656,25.959999084472656,25.969999313354492,25.954999923706055,25.959999084472656,4958.0
2023-03-09 10:51:00,CPSS,10.84000015258789,10.84000015258789,10.84000015258789,10.640000343322754,10.640000343322754,338.0
2023-03-09 10:51:00,DCOM,29.739999771118164,29.739999771118164,29.739999771118164,29.739999771118164,29.739999771118164,369.0
2023-03-09 10:51:00,DWAC,14.149999618530273,14.149999618530273,14.149999618530273,14.149999618530273,14.149999618530273,679.0
2023-03-09 10:51:00,EBC,14.970000267028809,14.970000267028809,14.970000267028809,14.960000038146973,14.960000038146973,4968.0
2023-03-09 10:51:00,ECPG,50.83000183105469,50.83000183105469,50.83000183105469,50.83000183105469,50.83000183105469,734.0
2023-03-09 10:51:00,EGBN,41.099998474121094,41.099998474121094,41.099998474121094,41.099998474121094,41.099998474121094,155.0
2023-03-09 10:51:00,EWBC,70.26000213623047,70.26000213623047,70.30000305175781,70.25,70.30000305175781,1924.0
2023-03-09 10:51:00,EZPW,8.944999694824219,8.944999694824219,8.944999694824219,8.944999694824219,8.944999694824219,104.0
2023-03-09 10:51:00,FBNC,38.9099006652832,38.9099006652832,38.9099006652832,38.9099006652832,38.9099006652832,296.0
2023-03-09 10:51:00,FCFS,88.3228988647461,88.3228988647461,88.3228988647461,88.3228988647461,88.3228988647461,275.0
2023-03-09 10:51:00,FCNCA,672.9299926757812,672.9299926757812,672.9299926757812,672.9299926757812,672.9299926757812,1537.0
2023-03-09 10:51:00,FFIC,17.68000030517578,17.68000030517578,17.68000030517578,17.670000076293945,17.670000076293945,751.0
2023-03-09 10:51:00,FFWM,13.40999984741211,13.40999984741211,13.4399995803833,13.40999984741211,13.4399995803833,503.0
2023-03-09 10:51:00,FHB,24.459999084472656,24.459999084472656,24.479999542236328,24.459999084472656,24.479999542236328,715.0
2023-03-09 10:51:00,FIBK,33.029998779296875,33.029998779296875,33.029998779296875,33.029998779296875,33.029998779296875,310.0
2023-03-09 10:51:00,FITB,32.904998779296875,32.904998779296875,32.91999816894531,32.900001525878906,32.91999816894531,2142.0
2023-03-09 10:51:00,FMAO,23.920000076293945,23.920000076293945,23.920000076293945,23.920000076293945,23.920000076293945,104.0
2023-03-09 10:51:00,FOCS,51.790000915527344,51.790000915527344,51.790000915527344,51.790000915527344,51.790000915527344,2106.0
2023-03-09 10:51:00,FRHC,73.42500305175781,73.42500305175781,73.42500305175781,73.42500305175781,73.42500305175781,100.0
2023-03-09 10:51:00,FSBC,25.81999969482422,25.81999969482422,25.81999969482422,25.81999969482422,25.81999969482422,169.0
2023-03-09 10:51:00,FULT,15.930000305175781,15.930000305175781,15.9399995803833,15.930000305175781,15.9399995803833,1563.0
2023-03-09 10:51:00,FULTP,20.815000534057617,20.815000534057617,20.815000534057617,20.815000534057617,20.815000534057617,265.0
2023-03-09 10:51:00,FUTU,47.07500076293945,47.07500076293945,47.07500076293945,46.869998931884766,46.95500183105469,26764.0
2023-03-09 10:51:00,GGAL,12.800000190734863,12.800000190734863,12.800000190734863,12.789999961853027,12.800000190734863,2585.0
2023-03-09 10:51:00,GLAD,9.979999542236328,9.979999542236328,9.979999542236328,9.979999542236328,9.979999542236328,143.0
2023-03-09 10:51:00,GOCO,18.579999923706055,18.579999923706055,18.579999923706055,18.579999923706055,18.579999923706055,516.0
2023-03-09 10:51:00,GSHD,52.974998474121094,52.974998474121094,52.974998474121094,52.974998474121094,52.974998474121094,826.0
2023-03-09 10:51:00,HAFC,22.170000076293945,22.170000076293945,22.170000076293945,22.170000076293945,22.170000076293945,111.0
2023-03-09 10:51:00,HBAN,14.18529987335205,14.18529987335205,14.204999923706055,14.180000305175781,14.199999809265137,43473.0
2023-03-09 10:51:00,HFWA,24.940000534057617,24.940000534057617,24.959999084472656,24.940000534057617,24.959999084472656,301.0
2023-03-09 10:51:00,HIVE,2.640500068664551,2.640500068664551,2.640500068664551,2.640500068664551,2.640500068664551,507.0
2023-03-09 10:51:00,HONE,12.8100004196167,12.8100004196167,12.8100004196167,12.8100004196167,12.8100004196167,368.0
2023-03-09 10:51:00,HRZN,12.020000457763672,12.020000457763672,12.020000457763672,11.9891996383667,11.989999771118164,1602.0
2023-03-09 10:51:00,HUT,1.440000057220459,1.440000057220459,1.440000057220459,1.4299999475479126,1.4299999475479126,6704.0
2023-03-09 10:51:00,HWC,44.88999938964844,44.88999938964844,44.88999938964844,44.88999938964844,44.88999938964844,727.0
2023-03-09 10:51:00,IBKR,88.7249984741211,88.7249984741211,88.7249984741211,88.69999694824219,88.69999694824219,669.0
2023-03-09 10:51:00,IBTX,53.42499923706055,53.42499923706055,53.439998626708984,53.42499923706055,53.439998626708984,354.0
2023-03-09 10:51:00,INDB,73.41000366210938,73.41000366210938,73.41000366210938,73.38999938964844,73.38999938964844,329.0
2023-03-09 10:51:00,INTR,2.009999990463257,2.009999990463257,2.0199999809265137,2.009999990463257,2.009999990463257,605.0
2023-03-09 10:52:00,ABCB,43.599998474121094,43.599998474121094,43.619998931884766,43.599998474121094,43.619998931884766,1334.0
2023-03-09 10:52:00,ACGL,70.13500213623047,70.13500213623047,70.21099853515625,70.13500213623047,70.21099853515625,3530.0
2023-03-09 10:52:00,AIHS,0.8759999871253967,0.8759999871253967,0.887499988079071,0.8759999871253967,0.8759999871253967,2414.0
2023-03-09 10:52:00,AMTB,26.170000076293945,26.170000076293945,26.2549991607666,26.170000076293945,26.170000076293945,728.0
2023-03-09 10:52:00,ARCC,19.1658992767334,19.1658992767334,19.170000076293945,19.163400650024414,19.165000915527344,42618.0
2023-03-09 10:52:00,AUB,37.369998931884766,37.369998931884766,37.415000915527344,37.369998931884766,37.40999984741211,1989.0
2023-03-09 10:52:00,BANF,86.26000213623047,86.26000213623047,86.26000213623047,86.2300033569336,86.2300033569336,1107.0
2023-03-09 10:52:00,BCBP,16.040199279785156,16.040199279785156,16.049999237060547,16.040199279785156,16.049999237060547,505.0
2023-03-09 10:52:00,BGCP,5.085000038146973,5.085000038146973,5.087500095367432,5.085000038146973,5.085000038146973,788.0
2023-03-09 10:52:00,BHF,54.029998779296875,54.029998779296875,54.029998779296875,54.029998779296875,54.029998779296875,903.0
2023-03-09 10:52:00,BHFAP,25.0,25.0,25.0,25.0,25.0,200.0
2023-03-09 10:52:00,BLFY,11.789999961853027,11.789999961853027,11.789999961853027,11.789999961853027,11.789999961853027,1137.0
2023-03-09 10:52:00,BOCNU,10.460000038146973,10.460000038146973,10.460000038146973,10.460000038146973,10.460000038146973,100.0
2023-03-09 10:52:00,BOKF,97.04000091552734,97.04000091552734,97.04000091552734,97.04000091552734,97.04000091552734,319.0
2023-03-09 10:52:00,BPOP,63.119998931884766,63.119998931884766,63.1349983215332,63.119998931884766,63.1349983215332,351.0
2023-03-09 10:52:00,BRKL,11.710000038146973,11.710000038146973,11.710000038146973,11.710000038146973,11.710000038146973,1119.0
2023-03-09 10:52:00,BRP,26.270000457763672,26.270000457763672,26.270000457763672,26.270000457763672,26.270000457763672,755.0
2023-03-09 10:52:00,CATY,40.15999984741211,40.15999984741211,40.15999984741211,40.150001525878906,40.15999984741211,2211.0
2023-03-09 10:52:00,CBAN,11.899999618530273,11.899999618530273,11.899999618530273,11.899999618530273,11.899999618530273,1601.0
2023-03-09 10:52:00,CBSH,62.06999969482422,62.06999969482422,62.06999969482422,62.06999969482422,62.06999969482422,265.0
2023-03-09 10:52:00,CCAI,10.550000190734863,10.550000190734863,10.550000190734863,10.550000190734863,10.550000190734863,100.0
2023-03-09 10:52:00,CFFN,7.630000114440918,7.630000114440918,7.630000114440918,7.630000114440918,7.630000114440918,332.0
2023-03-09 10:52:00,CG,34.70500183105469,34.70500183105469,34.71500015258789,34.70500183105469,34.71500015258789,1162.0
2023-03-09 10:52:00,CHW,6.090000152587891,6.090000152587891,6.090000152587891,6.090000152587891,6.090000152587891,200.0
2023-03-09 10:52:00,CHY,12.34000015258789,12.34000015258789,12.34000015258789,12.34000015258789,12.34000015258789,210.0
2023-03-09 10:52:00,CINF,117.37999725341797,117.37999725341797,117.58999633789062,117.37999725341797,117.58999633789062,2730.0
2023-03-09 10:52:00,CLST,12.880000114440918,12.880000114440918,12.880000114440918,12.880000114440918,12.880000114440918,481.0
2023-03-09 10:52:00,CME,180.75999450683594,180.75999450683594,180.75999450683594,180.63999938964844,180.63999938964844,734.0
2023-03-09 10:52:00,COLB,25.975000381469727,25.975000381469727,25.979999542236328,25.940000534057617,25.96500015258789,12338.0
2023-03-09 10:52:00,COOP,45.130001068115234,45.130001068115234,45.130001068115234,45.130001068115234,45.130001068115234,1041.0
2023-03-09 10:52:00,CPSS,10.630000114440918,10.630000114440918,10.680000305175781,10.630000114440918,10.680000305175781,849.0
2023-03-09 10:52:00,CVBF,22.18000030517578,22.18000030517578,22.18000030517578,22.18000030517578,22.18000030517578,849.0
2023-03-09 10:52:00,CZWI,12.3100004196167,12.3100004196167,12.3100004196167,12.3100004196167,12.3100004196167,1212.0
2023-03-09 10:52:00,DWAC,14.158100128173828,14.158100128173828,14.158100128173828,14.149999618530273,14.149999618530273,316.0
2023-03-09 10:52:00,EBC,14.985199928283691,14.985199928283691,14.985199928283691,14.975000381469727,14.979999542236328,1373.0
2023-03-09 10:52:00,EHTH,9.140000343322754,9.140000343322754,9.140000343322754,9.130000114440918,9.140000343322754,980.0
2023-03-09 10:52:00,EWBC,70.16999816894531,70.16999816894531,70.23999786376953,70.16999816894531,70.23999786376953,3034.0
2023-03-09 10:52:00,EZPW,8.960000038146973,8.960000038146973,8.960000038146973,8.949999809265137,8.949999809265137,561.0
2023-03-09 10:52:00,FBMS,29.174999237060547,29.174999237060547,29.174999237060547,29.174999237060547,29.174999237060547,125.0
2023-03-09 10:52:00,FBNC,38.84000015258789,38.84000015258789,38.84000015258789,38.84000015258789,38.84000015258789,358.0
2023-03-09 10:52:00,FFBC,22.75,22.75,22.764999389648438,22.75,22.764999389648438,1726.0
2023-03-09 10:52:00,FFWM,13.399999618530273,13.399999618530273,13.399999618530273,13.399999618530273,13.399999618530273,300.0
2023-03-09 10:52:00,FHB,24.43709945678711,24.43709945678711,24.450000762939453,24.43000030517578,24.450000762939453,3771.0
2023-03-09 10:52:00,FIBK,33.04999923706055,33.04999923706055,33.04999923706055,33.01499938964844,33.01499938964844,1924.0
2023-03-09 10:52:00,FITB,32.88999938964844,32.88999938964844,32.91999816894531,32.880001068115234,32.90999984741211,7675.0
2023-03-09 10:52:00,FMNB,13.28499984741211,13.28499984741211,13.289999961853027,13.279999732971191,13.289999961853027,1247.0
2023-03-09 10:52:00,FOCS,51.779998779296875,51.779998779296875,51.790000915527344,51.779998779296875,51.790000915527344,612.0
2023-03-09 10:52:00,FRBA,12.960000038146973,12.960000038146973,12.960000038146973,12.960000038146973,12.960000038146973,212.0
2023-03-09 10:52:00,FRBK,1.7999999523162842,1.7999999523162842,1.7999999523162842,1.7999999523162842,1.7999999523162842,335.0
2023-03-09 10:52:00,FULT,15.930000305175781,15.930000305175781,15.930000305175781,15.930000305175781,15.930000305175781,1274.0
2023-03-09 10:52:00,FUTU,46.91999816894531,46.91999816894531,47.130001068115234,46.91999816894531,47.130001068115234,9283.0
2023-03-09 10:52:00,GABC,36.11000061035156,36.11000061035156,36.11000061035156,36.11000061035156,36.11000061035156,266.0
2023-03-09 10:52:00,GBDC,13.524999618530273,13.524999618530273,13.524999618530273,13.524999618530273,13.524999618530273,642.0
2023-03-09 10:52:00,GCMG,8.4350004196167,8.4350004196167,8.444999694824219,8.4350004196167,8.444999694824219,1198.0
2023-03-09 10:52:00,GGAL,12.777000427246094,12.777000427246094,12.800000190734863,12.777000427246094,12.800000190734863,1275.0
2023-03-09 10:52:00,GMFIU,10.38010025024414,10.38010025024414,10.38010025024414,10.38010025024414,10.38010025024414,100.0
2023-03-09 10:52:00,GNTY,29.850000381469727,29.850000381469727,29.850000381469727,29.850000381469727,29.850000381469727,125.0
2023-03-09 10:52:00,HAFC,22.170000076293945,22.170000076293945,22.170000076293945,22.170000076293945,22.170000076293945,609.0
2023-03-09 10:52:00,HBAN,14.190099716186523,14.190099716186523,14.194999694824219,14.1850004196167,14.1899995803833,23373.0
2023-03-09 10:52:00,HBNC,14.34000015258789,14.34000015258789,14.34000015258789,14.34000015258789,14.34000015258789,1390.0
2023-03-09 10:52:00,HIVE,2.640000104904175,2.640000104904175,2.640000104904175,2.640000104904175,2.640000104904175,549.0
2023-03-09 10:52:00,HLNE,77.2948989868164,77.2948989868164,77.2948989868164,77.2948989868164,77.2948989868164,256.0
2023-03-09 10:52:00,HOPE,12.005499839782715,12.005499839782715,12.010000228881836,12.005499839782715,12.010000228881836,1015.0
2023-03-09 10:52:00,HTBI,27.760000228881836,27.760000228881836,27.760000228881836,27.760000228881836,27.760000228881836,331.0
2023-03-09 10:52:00,HTBK,11.079999923706055,11.079999923706055,11.079999923706055,11.069999694824219,11.069999694824219,729.0
2023-03-09 10:52:00,HUT,1.4388999938964844,1.4388999938964844,1.4388999938964844,1.434999942779541,1.434999942779541,300.0
2023-03-09 10:52:00,IBKR,88.72000122070312,88.72000122070312,88.72000122070312,88.72000122070312,88.72000122070312,387.0
2023-03-09 10:52:00,INDB,73.41000366210938,73.41000366210938,73.45999908447266,73.37999725341797,73.37999725341797,1421.0
2023-03-09 10:52:00,INTR,2.009999990463257,2.009999990463257,2.009999990463257,2.009999990463257,2.009999990463257,100.0
2023-03-09 10:53:00,ABCB,43.63999938964844,43.63999938964844,43.63999938964844,43.63999938964844,43.63999938964844,656.0
2023-03-09 10:53:00,ACGL,70.19999694824219,70.19999694824219,70.20999908447266,70.13999938964844,70.1500015258789,4073.0
2023-03-09 10:53:00,AMSF,51.400001525878906,51.400001525878906,51.400001525878906,51.400001525878906,51.400001525878906,633.0
2023-03-09 10:53:00,APLD,2.234999895095825,2.234999895095825,2.2399001121520996,2.2339999675750732,2.234999895095825,5215.0
2023-03-09 10:53:00,ARCC,19.170000076293945,19.170000076293945,19.170000076293945,19.165000915527344,19.170000076293945,10974.0
2023-03-09 10:53:00,ATLC,29.393999099731445,29.393999099731445,29.393999099731445,29.393999099731445,29.393999099731445,224.0
2023-03-09 10:53:00,AUB,37.404998779296875,37.404998779296875,37.404998779296875,37.3650016784668,37.3650016784668,1237.0
2023-03-09 10:53:00,BANF,86.33999633789062,86.33999633789062,86.33999633789062,86.33999633789062,86.33999633789062,133.0
2023-03-09 10:53:00,BCML,19.510000228881836,19.510000228881836,19.510000228881836,19.510000228881836,19.510000228881836,114.0
2023-03-09 10:53:00,BGCP,5.090000152587891,5.090000152587891,5.090000152587891,5.079999923706055,5.079999923706055,2230.0
2023-03-09 10:53:00,BOKF,97.16999816894531,97.16999816894531,97.16999816894531,97.16999816894531,97.16999816894531,380.0
2023-03-09 10:53:00,BPOP,63.19499969482422,63.19499969482422,63.19499969482422,63.06999969482422,63.1150016784668,2699.0
2023-03-09 10:53:00,BRKL,11.720000267028809,11.720000267028809,11.720000267028809,11.710000038146973,11.710000038146973,601.0
2023-03-09 10:53:00,BTBT,1.1699999570846558,1.1699999570846558,1.1749999523162842,1.1699999570846558,1.1749999523162842,606.0
2023-03-09 10:53:00,CASH,48.060001373291016,48.060001373291016,48.060001373291016,48.060001373291016,48.060001373291016,108.0
2023-03-09 10:53:00,CATC,71.72000122070312,71.72000122070312,71.7300033569336,71.72000122070312,71.7300033569336,681.0
2023-03-09 10:53:00,CATY,40.189998626708984,40.189998626708984,40.189998626708984,40.17319869995117,40.17319869995117,1897.0
2023-03-09 10:53:00,CBSH,62.130001068115234,62.130001068115234,62.130001068115234,62.10499954223633,62.10499954223633,1088.0
2023-03-09 10:53:00,CCB,43.04999923706055,43.04999923706055,43.06999969482422,43.04999923706055,43.06999969482422,965.0
2023-03-09 10:53:00,CCD,23.049999237060547,23.049999237060547,23.049999237060547,23.040000915527344,23.040000915527344,1033.0
2023-03-09 10:53:00,CFFN,7.635000228881836,7.635000228881836,7.635000228881836,7.635000228881836,7.635000228881836,102.0
2023-03-09 10:53:00,CFSB,8.699999809265137,8.699999809265137,8.699999809265137,8.699999809265137,8.699999809265137,101.0
2023-03-09 10:53:00,CG,34.71500015258789,34.71500015258789,34.71500015258789,34.709999084472656,34.709999084472656,547.0
2023-03-09 10:53:00,CME,181.00999450683594,181.00999450683594,181.00999450683594,180.75999450683594,180.75999450683594,3721.0
2023-03-09 10:53:00,CNOB,22.399999618530273,22.399999618530273,22.399999618530273,22.389999389648438,22.399999618530273,1192.0
2023-03-09 10:53:00,COLB,25.989999771118164,25.989999771118164,26.0049991607666,25.975000381469727,25.975000381469727,7210.0
2023-03-09 10:53:00,CSWC,18.600000381469727,18.600000381469727,18.600000381469727,18.600000381469727,18.600000381469727,132.0
2023-03-09 10:53:00,CVBF,22.18000030517578,22.18000030517578,22.184999465942383,22.170000076293945,22.170000076293945,1006.0
2023-03-09 10:53:00,DALS,10.119500160217285,10.119500160217285,10.130000114440918,10.109999656677246,10.109999656677246,667.0
2023-03-09 10:53:00,DTOC,10.170000076293945,10.170000076293945,10.170000076293945,10.170000076293945,10.170000076293945,290.0
2023-03-09 10:53:00,DWAC,14.158100128173828,14.158100128173828,14.158100128173828,14.158100128173828,14.158100128173828,272.0
2023-03-09 10:53:00,EBC,14.989999771118164,14.989999771118164,14.989999771118164,14.989999771118164,14.989999771118164,653.0
2023-03-09 10:53:00,EFSC,51.95000076293945,51.95000076293945,51.959999084472656,51.95000076293945,51.959999084472656,840.0
2023-03-09 10:53:00,EGBN,41.09000015258789,41.09000015258789,41.09000015258789,41.09000015258789,41.09000015258789,102.0
2023-03-09 10:53:00,EHTH,9.180000305175781,9.180000305175781,9.180000305175781,9.15999984741211,9.15999984741211,881.0
2023-03-09 10:53:00,ENTFU,10.9399995803833,10.9399995803833,10.9399995803833,10.9399995803833,10.9399995803833,0.0
2023-03-09 10:53:00,EWBC,70.2249984741211,70.2249984741211,70.27999877929688,70.11000061035156,70.16000366210938,5988.0
2023-03-09 10:53:00,EZPW,8.968999862670898,8.968999862670898,8.970000267028809,8.968999862670898,8.970000267028809,201.0
2023-03-09 10:53:00,FBMS,29.100000381469727,29.100000381469727,29.149999618530273,29.09000015258789,29.149999618530273,2834.0
2023-03-09 10:53:00,FBNC,38.869998931884766,38.869998931884766,38.869998931884766,38.869998931884766,38.869998931884766,111.0
2023-03-09 10:53:00,FFBC,22.75,22.75,22.75,22.75,22.75,1012.0
2023-03-09 10:53:00,FFIC,17.639999389648438,17.639999389648438,17.649999618530273,17.639999389648438,17.649999618530273,1651.0
2023-03-09 10:53:00,FFIN,34.27000045776367,34.27000045776367,34.27000045776367,34.25,34.25,650.0
2023-03-09 10:53:00,FHB,24.420000076293945,24.420000076293945,24.43000030517578,24.405000686645508,24.43000030517578,1246.0
2023-03-09 10:53:00,FIACW,0.059300001710653305,0.059300001710653305,0.059300001710653305,0.059300001710653305,0.059300001710653305,1151.0
2023-03-09 10:53:00,FIBK,33.084999084472656,33.084999084472656,33.09000015258789,33.05500030517578,33.05500030517578,1397.0
2023-03-09 10:53:00,FITB,32.959999084472656,32.959999084472656,32.959999084472656,32.88999938964844,32.88999938964844,3319.0
2023-03-09 10:53:00,FLIC,16.360000610351562,16.360000610351562,16.360000610351562,16.360000610351562,16.360000610351562,435.0
2023-03-09 10:53:00,FMNB,13.300000190734863,13.300000190734863,13.300000190734863,13.300000190734863,13.300000190734863,1129.0
2023-03-09 10:53:00,FOCS,51.779998779296875,51.779998779296875,51.790000915527344,51.779998779296875,51.790000915527344,1190.0
2023-03-09 10:53:00,FRHC,73.80580139160156,73.80580139160156,73.80580139160156,73.80580139160156,73.80580139160156,183.0
2023-03-09 10:53:00,FULT,15.949999809265137,15.949999809265137,15.949999809265137,15.930000305175781,15.930000305175781,2736.0
2023-03-09 10:53:00,FUTU,47.029998779296875,47.029998779296875,47.11410140991211,46.91999816894531,46.91999816894531,8750.0
2023-03-09 10:53:00,GFGD,10.199999809265137,10.199999809265137,10.210000038146973,10.199999809265137,10.210000038146973,404081.0
2023-03-09 10:53:00,GLRE,10.09000015258789,10.09000015258789,10.179400444030762,10.09000015258789,10.179400444030762,3333.0
2023-03-09 10:53:00,GXII,10.140000343322754,10.140000343322754,10.140000343322754,10.140000343322754,10.140000343322754,662.0
2023-03-09 10:53:00,HAIAU,10.479999542236328,10.479999542236328,10.479999542236328,10.479999542236328,10.479999542236328,0.0
2023-03-09 10:53:00,HBAN,14.21500015258789,14.21500015258789,14.220000267028809,14.1899995803833,14.1899995803833,18227.0
2023-03-09 10:53:00,HBNC,14.324999809265137,14.324999809265137,14.324999809265137,14.324999809265137,14.324999809265137,133.0
2023-03-09 10:53:00,HCNEU,10.1899995803833,10.1899995803833,10.1899995803833,10.1899995803833,10.1899995803833,0.0
2023-03-09 10:53:00,HFWA,24.989999771118164,24.989999771118164,25.0049991607666,24.969999313354492,24.969999313354492,1683.0
2023-03-09 10:53:00,HIVE,2.640000104904175,2.640000104904175,2.640000104904175,2.640000104904175,2.640000104904175,200.0
2023-03-09 10:53:00,HMST,22.665000915527344,22.665000915527344,22.665000915527344,22.665000915527344,22.665000915527344,473.0
2023-03-09 10:53:00,HONE,12.8100004196167,12.8100004196167,12.8100004196167,12.8100004196167,12.8100004196167,180.0
2023-03-09 10:53:00,HTBK,11.09000015258789,11.09000015258789,11.09000015258789,11.09000015258789,11.09000015258789,261.0
2023-03-09 10:53:00,HTLF,46.058998107910156,46.058998107910156,46.099998474121094,46.058998107910156,46.09000015258789,612.0
2023-03-09 10:53:00,HUT,1.4386999607086182,1.4386999607086182,1.440000057220459,1.4299999475479126,1.4399000406265259,11369.0
2023-03-09 10:53:00,HWC,44.9900016784668,44.9900016784668,44.9900016784668,44.87519836425781,44.87519836425781,3029.0
2023-03-09 10:53:00,IBKR,88.66999816894531,88.66999816894531,88.66999816894531,88.58000183105469,88.62000274658203,2250.0
2023-03-09 10:53:00,INDB,73.3949966430664,73.3949966430664,73.3949966430664,73.3949966430664,73.3949966430664,189.0
2023-03-09 10:53:00,INTR,2.0199999809265137,2.0199999809265137,2.0199999809265137,2.009999990463257,2.009999990463257,2874.0
2023-03-09 10:54:00,AACI,10.039999961853027,10.039999961853027,10.039999961853027,10.039999961853027,10.039999961853027,262.0
2023-03-09 10:54:00,ACGL,70.16000366210938,70.16000366210938,70.16000366210938,70.12689971923828,70.12840270996094,2792.0
2023-03-09 10:54:00,AMRK,28.290000915527344,28.290000915527344,28.290000915527344,28.290000915527344,28.290000915527344,161.0
2023-03-09 10:54:00,ARCC,19.16819953918457,19.16819953918457,19.170000076293945,19.165000915527344,19.165000915527344,1911.0
2023-03-09 10:54:00,BCBP,16.0531005859375,16.0531005859375,16.0531005859375,16.0531005859375,16.0531005859375,432.0
2023-03-09 10:54:00,BFST,19.030000686645508,19.030000686645508,19.049999237060547,19.030000686645508,19.049999237060547,1186.0
2023-03-09 10:54:00,BGCP,5.090000152587891,5.090000152587891,5.090000152587891,5.090000152587891,5.090000152587891,200.0
2023-03-09 10:54:00,BITF,0.795799970626831,0.795799970626831,0.7964000105857849,0.795799970626831,0.7961000204086304,2392.0
2023-03-09 10:54:00,BKCC,3.696899890899658,3.696899890899658,3.696899890899658,3.696899890899658,3.696899890899658,399.0
2023-03-09 10:54:00,BPAC,10.404999732971191,10.404999732971191,10.404999732971191,10.380000114440918,10.380000114440918,0.0
2023-03-09 10:54:00,BRKL,11.720000267028809,11.720000267028809,11.720000267028809,11.710000038146973,11.720000267028809,371.0
2023-03-09 10:54:00,BRP,26.323999404907227,26.323999404907227,26.323999404907227,26.323999404907227,26.323999404907227,1255.0
2023-03-09 10:54:00,BSVN,28.139999389648438,28.139999389648438,28.139999389648438,28.139999389648438,28.139999389648438,104.0
2023-03-09 10:54:00,BTBT,1.1699999570846558,1.1699999570846558,1.1786999702453613,1.1699999570846558,1.1749999523162842,1300.0
2023-03-09 10:54:00,BYFC,1.2949999570846558,1.2949999570846558,1.2999999523162842,1.2949999570846558,1.2999999523162842,601.0
2023-03-09 10:54:00,CASH,48.13999938964844,48.13999938964844,48.13999938964844,48.1349983215332,48.1349983215332,579.0
2023-03-09 10:54:00,CBSH,62.130001068115234,62.130001068115234,62.130001068115234,62.130001068115234,62.130001068115234,106.0
2023-03-09 10:54:00,CCAIU,10.539999961853027,10.539999961853027,10.539999961853027,10.539999961853027,10.539999961853027,0.0
2023-03-09 10:54:00,CCAP,15.114999771118164,15.114999771118164,15.130000114440918,15.087300300598145,15.087300300598145,1652.0
2023-03-09 10:54:00,CFFN,7.635000228881836,7.635000228881836,7.635000228881836,7.635000228881836,7.635000228881836,322.0
2023-03-09 10:54:00,CG,34.709999084472656,34.709999084472656,34.709999084472656,34.69499969482422,34.709999084472656,2162.0
2023-03-09 10:54:00,CHW,6.09089994430542,6.09089994430542,6.09089994430542,6.09089994430542,6.09089994430542,1832.0
2023-03-09 10:54:00,CIIG,10.295000076293945,10.295000076293945,10.295000076293945,10.295000076293945,10.295000076293945,3132.0
2023-03-09 10:54:00,CINF,117.31999969482422,117.31999969482422,117.36000061035156,117.31999969482422,117.36000061035156,830.0
2023-03-09 10:54:00,CME,181.1300048828125,181.1300048828125,181.1300048828125,181.05499267578125,181.05499267578125,1587.0
2023-03-09 10:54:00,COLB,25.979999542236328,25.979999542236328,25.989999771118164,25.969999313354492,25.989999771118164,5955.0
2023-03-09 10:54:00,COOP,45.099998474121094,45.099998474121094,45.099998474121094,45.099998474121094,45.099998474121094,100.0
2023-03-09 10:54:00,CSWC,18.600000381469727,18.600000381469727,18.609600067138672,18.600000381469727,18.609600067138672,312.0
2023-03-09 10:54:00,CVBF,22.18000030517578,22.18000030517578,22.18000030517578,22.18000030517578,22.18000030517578,585.0
2023-03-09 10:54:00,DALS,10.130000114440918,10.130000114440918,10.130000114440918,10.109999656677246,10.109999656677246,626.0
2023-03-09 10:54:00,DGICA,15.029999732971191,15.029999732971191,15.050000190734863,15.029999732971191,15.050000190734863,568.0
2023-03-09 10:54:00,DHCA,10.100000381469727,10.100000381469727,10.100000381469727,10.100000381469727,10.100000381469727,1700.0
2023-03-09 10:54:00,DWACW,3.180000066757202,3.180000066757202,3.180000066757202,3.180000066757202,3.180000066757202,5159.0
2023-03-09 10:54:00,EBC,14.989999771118164,14.989999771118164,14.989999771118164,14.989999771118164,14.989999771118164,175.0
2023-03-09 10:54:00,EWBC,70.19999694824219,70.19999694824219,70.19999694824219,70.19999694824219,70.19999694824219,733.0
2023-03-09 10:54:00,FBMS,29.084999084472656,29.084999084472656,29.084999084472656,29.084999084472656,29.084999084472656,150.0
2023-03-09 10:54:00,FCFS,88.36000061035156,88.36000061035156,88.36000061035156,88.36000061035156,88.36000061035156,1305.0
2023-03-09 10:54:00,FFIC,17.650400161743164,17.650400161743164,17.650400161743164,17.650400161743164,17.650400161743164,100.0
2023-03-09 10:54:00,FFWM,13.420000076293945,13.420000076293945,13.420000076293945,13.399999618530273,13.399999618530273,680.0
2023-03-09 10:54:00,FHB,24.440000534057617,24.440000534057617,24.440000534057617,24.440000534057617,24.440000534057617,355.0
2023-03-09 10:54:00,FIBK,33.09000015258789,33.09000015258789,33.09000015258789,33.06999969482422,33.06999969482422,1176.0
2023-03-09 10:54:00,FITB,32.95000076293945,32.95000076293945,32.96500015258789,32.93000030517578,32.96500015258789,12298.0
2023-03-09 10:54:00,FOCS,51.790000915527344,51.790000915527344,51.790000915527344,51.78499984741211,51.78499984741211,400.0
2023-03-09 10:54:00,FRBK,1.8049999475479126,1.8049999475479126,1.8049999475479126,1.8049999475479126,1.8049999475479126,301.0
2023-03-09 10:54:00,FULT,15.9399995803833,15.9399995803833,15.944999694824219,15.9399995803833,15.944999694824219,568.0
2023-03-09 10:54:00,FUTU,47.08000183105469,47.08000183105469,47.150001525878906,47.04999923706055,47.04999923706055,2173.0
2023-03-09 10:54:00,GBDC,13.528900146484375,13.528900146484375,13.528900146484375,13.528900146484375,13.528900146484375,607.0
2023-03-09 10:54:00,HAFC,22.15999984741211,22.15999984741211,22.170000076293945,22.15999984741211,22.170000076293945,691.0
2023-03-09 10:54:00,HBAN,14.1899995803833,14.1899995803833,14.21500015258789,14.1899995803833,14.210000038146973,63142.0
2023-03-09 10:54:00,HBNC,14.34000015258789,14.34000015258789,14.350000381469727,14.329999923706055,14.337300300598145,2044.0
2023-03-09 10:54:00,HFWA,25.0,25.0,25.0,24.979999542236328,24.979999542236328,608.0
2023-03-09 10:54:00,HONE,12.8100004196167,12.8100004196167,12.8100004196167,12.8100004196167,12.8100004196167,110.0
2023-03-09 10:54:00,HTBK,11.09000015258789,11.09000015258789,11.09000015258789,11.09000015258789,11.09000015258789,410.0
2023-03-09 10:54:00,HUT,1.440000057220459,1.440000057220459,1.4500000476837158,1.434999942779541,1.434999942779541,79481.0
2023-03-09 10:54:00,HWC,44.959999084472656,44.959999084472656,44.959999084472656,44.92070007324219,44.939998626708984,1685.0
2023-03-09 10:54:00,IBKR,88.78500366210938,88.78500366210938,88.78500366210938,88.78500366210938,88.78500366210938,315.0
2023-03-09 10:54:00,INTR,2.0199999809265137,2.0199999809265137,2.0199999809265137,2.0199999809265137,2.0199999809265137,122.0
2023-03-09 10:55:00,ABCB,43.599998474121094,43.599998474121094,43.599998474121094,43.599998474121094,43.599998474121094,1511.0
2023-03-09 10:55:00,ACGL,70.0999984741211,70.0999984741211,70.16999816894531,70.0999984741211,70.16999816894531,1579.0
2023-03-09 10:55:00,ACT,24.149999618530273,24.149999618530273,24.149999618530273,24.149999618530273,24.149999618530273,104.0
2023-03-09 10:55:00,AMRK,28.299999237060547,28.299999237060547,28.299999237060547,28.299999237060547,28.299999237060547,212.0
2023-03-09 10:55:00,ARCC,19.156299591064453,19.156299591064453,19.165000915527344,19.149999618530273,19.15999984741211,3590.0
2023-03-09 10:55:00,AROW,28.8799991607666,28.8799991607666,28.8799991607666,28.8799991607666,28.8799991607666,198.0
2023-03-09 10:55:00,ATLO,23.729999542236328,23.729999542236328,23.729999542236328,23.729999542236328,23.729999542236328,213.0
2023-03-09 10:55:00,AUB,37.349998474121094,37.349998474121094,37.39500045776367,37.349998474121094,37.369998931884766,3172.0
2023-03-09 10:55:00,BANR,59.20000076293945,59.20000076293945,59.209999084472656,59.20000076293945,59.209999084472656,524.0
2023-03-09 10:55:00,BANX,18.947900772094727,18.947900772094727,18.947900772094727,18.947900772094727,18.947900772094727,565.0
2023-03-09 10:55:00,BCBP,16.059999465942383,16.059999465942383,16.059999465942383,16.059999465942383,16.059999465942383,106.0
2023-03-09 10:55:00,BGCP,5.085000038146973,5.085000038146973,5.085000038146973,5.085000038146973,5.085000038146973,921.0
2023-03-09 10:55:00,BHF,53.959999084472656,53.959999084472656,54.02000045776367,53.959999084472656,54.02000045776367,1352.0
2023-03-09 10:55:00,BOKF,97.0,97.0,97.0,97.0,97.0,135.0
2023-03-09 10:55:00,BPAC,10.380000114440918,10.380000114440918,10.40999984741211,10.380000114440918,10.380000114440918,29900.0
2023-03-09 10:55:00,BPOP,63.22999954223633,63.22999954223633,63.2400016784668,63.150001525878906,63.2400016784668,2210.0
2023-03-09 10:55:00,BRKL,11.710000038146973,11.710000038146973,11.720000267028809,11.710000038146973,11.720000267028809,2685.0
2023-03-09 10:55:00,BTBT,1.1649999618530273,1.1649999618530273,1.1699999570846558,1.1649999618530273,1.1699999570846558,941.0
2023-03-09 10:55:00,BUSE,22.75,22.75,22.75,22.75,22.75,689.0
2023-03-09 10:55:00,BWB,13.710000038146973,13.710000038146973,13.710000038146973,13.710000038146973,13.710000038146973,365.0
2023-03-09 10:55:00,CARE,16.760000228881836,16.760000228881836,16.799999237060547,16.760000228881836,16.799999237060547,461.0
2023-03-09 10:55:00,CASH,48.119998931884766,48.119998931884766,48.130001068115234,48.119998931884766,48.130001068115234,999.0
2023-03-09 10:55:00,CATY,40.18000030517578,40.18000030517578,40.220001220703125,40.18000030517578,40.220001220703125,522.0
2023-03-09 10:55:00,CBSH,62.060001373291016,62.060001373291016,62.099998474121094,62.060001373291016,62.099998474121094,1426.0
2023-03-09 10:55:00,CCD,23.024999618530273,23.024999618530273,23.024999618530273,23.024999618530273,23.024999618530273,130.0
2023-03-09 10:55:00,CCNE,22.760000228881836,22.760000228881836,22.760000228881836,22.760000228881836,22.760000228881836,100.0
2023-03-09 10:55:00,CFFN,7.630000114440918,7.630000114440918,7.630000114440918,7.630000114440918,7.630000114440918,220.0
2023-03-09 10:55:00,CG,34.64500045776367,34.64500045776367,34.709999084472656,34.64500045776367,34.709999084472656,5769.0
2023-03-09 10:55:00,CIFR,1.440000057220459,1.440000057220459,1.4500000476837158,1.440000057220459,1.4500000476837158,2123.0
2023-03-09 10:55:00,CLBK,19.90999984741211,19.90999984741211,19.90999984741211,19.90999984741211,19.90999984741211,1025.0
2023-03-09 10:55:00,CME,181.0399932861328,181.0399932861328,181.1699981689453,181.02000427246094,181.125,1821.0
2023-03-09 10:55:00,CNOB,22.329999923706055,22.329999923706055,22.360000610351562,22.329999923706055,22.350000381469727,1307.0
2023-03-09 10:55:00,COLB,25.954999923706055,25.954999923706055,25.985000610351562,25.954999923706055,25.969999313354492,12783.0
2023-03-09 10:55:00,COOP,45.04999923706055,45.04999923706055,45.150001525878906,45.04999923706055,45.150001525878906,506.0
2023-03-09 10:55:00,CSQ,14.100000381469727,14.100000381469727,14.100000381469727,14.100000381469727,14.100000381469727,100.0
2023-03-09 10:55:00,CSTR,15.869999885559082,15.869999885559082,15.90999984741211,15.859999656677246,15.885000228881836,2010.0
2023-03-09 10:55:00,CSWC,18.59000015258789,18.59000015258789,18.600000381469727,18.59000015258789,18.600000381469727,760.0
2023-03-09 10:55:00,CVBF,22.15999984741211,22.15999984741211,22.18000030517578,22.15999984741211,22.18000030517578,2083.0
2023-03-09 10:55:00,DALS,10.119999885559082,10.119999885559082,10.119999885559082,10.119999885559082,10.119999885559082,100.0
2023-03-09 10:55:00,EBC,14.979999542236328,14.979999542236328,14.989999771118164,14.979999542236328,14.989999771118164,1024.0
2023-03-09 10:55:00,EGBN,41.04999923706055,41.04999923706055,41.060001373291016,41.04999923706055,41.060001373291016,231.0
2023-03-09 10:55:00,ERIE,234.6199951171875,234.6199951171875,234.66000366210938,234.49000549316406,234.66000366210938,698.0
2023-03-09 10:55:00,EWBC,70.12999725341797,70.12999725341797,70.16000366210938,70.12999725341797,70.16000366210938,912.0
2023-03-09 10:55:00,EZPW,8.942500114440918,8.942500114440918,8.96500015258789,8.942500114440918,8.96500015258789,700.0
2023-03-09 10:55:00,FBIZ,34.11000061035156,34.11000061035156,34.11000061035156,34.11000061035156,34.11000061035156,156.0
2023-03-09 10:55:00,FBMS,29.084999084472656,29.084999084472656,29.084999084472656,29.084999084472656,29.084999084472656,105.0
2023-03-09 10:55:00,FBNC,38.810001373291016,38.810001373291016,38.81999969482422,38.810001373291016,38.81999969482422,1045.0
2023-03-09 10:55:00,FCNCA,672.77001953125,672.77001953125,672.77001953125,672.1599731445312,672.1599731445312,503.0
2023-03-09 10:55:00,FCRD,4.650000095367432,4.650000095367432,4.650000095367432,4.650000095367432,4.650000095367432,100.0
2023-03-09 10:55:00,FFBC,22.75,22.75,22.75,22.75,22.75,1601.0
2023-03-09 10:55:00,FFIC,17.649999618530273,17.649999618530273,17.65180015563965,17.649999618530273,17.65180015563965,464.0
2023-03-09 10:55:00,FFIN,34.189998626708984,34.189998626708984,34.209999084472656,34.189998626708984,34.209999084472656,473.0
2023-03-09 10:55:00,FHB,24.420000076293945,24.420000076293945,24.420000076293945,24.420000076293945,24.420000076293945,328.0
2023-03-09 10:55:00,FIBK,33.060001373291016,33.060001373291016,33.08000183105469,33.060001373291016,33.08000183105469,1573.0
2023-03-09 10:55:00,FISI,23.56999969482422,23.56999969482422,23.600000381469727,23.56999969482422,23.600000381469727,1515.0
2023-03-09 10:55:00,FITB,32.904998779296875,32.904998779296875,32.94369888305664,32.900001525878906,32.939998626708984,7075.0
2023-03-09 10:55:00,FLIC,16.350000381469727,16.350000381469727,16.354999542236328,16.350000381469727,16.350000381469727,960.0
2023-03-09 10:55:00,FMNB,13.289999961853027,13.289999961853027,13.300000190734863,13.289999961853027,13.300000190734863,411.0
2023-03-09 10:55:00,FOCS,51.779998779296875,51.779998779296875,51.78499984741211,51.779998779296875,51.779998779296875,480.0
2023-03-09 10:55:00,FRBK,1.7999999523162842,1.7999999523162842,1.7999999523162842,1.7949999570846558,1.7999999523162842,12749.0
2023-03-09 10:55:00,FRST,11.15999984741211,11.15999984741211,11.210000038146973,11.15999984741211,11.210000038146973,1660.0
2023-03-09 10:55:00,FULT,15.920000076293945,15.920000076293945,15.930000305175781,15.920000076293945,15.930000305175781,957.0
2023-03-09 10:55:00,FUTU,46.97999954223633,46.97999954223633,47.06999969482422,46.97999954223633,47.06999969482422,4087.0
2023-03-09 10:55:00,GBDC,13.524999618530273,13.524999618530273,13.524999618530273,13.524999618530273,13.524999618530273,225.0
2023-03-09 10:55:00,GCMG,8.430000305175781,8.430000305175781,8.430000305175781,8.430000305175781,8.430000305175781,982.0
2023-03-09 10:55:00,GGAL,12.787300109863281,12.787300109863281,12.789999961853027,12.770000457763672,12.770000457763672,482.0
2023-03-09 10:55:00,GLRE,10.140000343322754,10.140000343322754,10.140000343322754,10.140000343322754,10.140000343322754,100.0
2023-03-09 10:55:00,GREE,0.4424999952316284,0.4424999952316284,0.4424999952316284,0.4424999952316284,0.4424999952316284,184.0
2023-03-09 10:55:00,HBAN,14.175000190734863,14.175000190734863,14.194999694824219,14.164999961853027,14.1899995803833,56651.0
2023-03-09 10:55:00,HFWA,24.979999542236328,24.979999542236328,24.979999542236328,24.959999084472656,24.979999542236328,671.0
2023-03-09 10:55:00,HIVE,2.6396000385284424,2.6396000385284424,2.640000104904175,2.6396000385284424,2.640000104904175,2554.0
2023-03-09 10:55:00,HONE,12.8100004196167,12.8100004196167,12.8100004196167,12.8100004196167,12.8100004196167,407.0
2023-03-09 10:55:00,HOPE,12.0,12.0,12.0,12.0,12.0,18567.0
2023-03-09 10:55:00,HTBK,11.079999923706055,11.079999923706055,11.09000015258789,11.079999923706055,11.09000015258789,815.0
2023-03-09 10:55:00,HTLF,45.88999938964844,45.88999938964844,46.02000045776367,45.88999938964844,46.0099983215332,1666.0
2023-03-09 10:55:00,HUT,1.440000057220459,1.440000057220459,1.4400999546051025,1.4300999641418457,1.4400999546051025,18395.0
2023-03-09 10:55:00,HWC,44.92499923706055,44.92499923706055,44.95000076293945,44.91999816894531,44.93000030517578,1202.0
2023-03-09 10:55:00,IBKR,88.73999786376953,88.73999786376953,88.73999786376953,88.73999786376953,88.73999786376953,733.0
2023-03-09 10:55:00,IBOC,45.63999938964844,45.63999938964844,45.66999816894531,45.63999938964844,45.66999816894531,798.0
2023-03-09 10:55:00,IBTX,53.33000183105469,53.33000183105469,53.33000183105469,53.33000183105469,53.33000183105469,387.0
2023-03-09 10:55:00,INDB,73.4000015258789,73.4000015258789,73.44499969482422,73.4000015258789,73.44499969482422,543.0
2023-03-09 10:56:00,ABCB,43.52000045776367,43.52000045776367,43.61000061035156,43.52000045776367,43.61000061035156,8012.0
2023-03-09 10:56:00,ACGL,70.1500015258789,70.1500015258789,70.16000366210938,70.11000061035156,70.12000274658203,2772.0
2023-03-09 10:56:00,ACT,24.149999618530273,24.149999618530273,24.149999618530273,24.149999618530273,24.149999618530273,219.0
2023-03-09 10:56:00,AMAL,21.5,21.5,21.510000228881836,21.5,21.510000228881836,747.0
2023-03-09 10:56:00,AMRK,28.270000457763672,28.270000457763672,28.270000457763672,28.270000457763672,28.270000457763672,389.0
2023-03-09 10:56:00,AMTB,26.049999237060547,26.049999237060547,26.049999237060547,26.049999237060547,26.049999237060547,372.0
2023-03-09 10:56:00,APLD,2.2300000190734863,2.2300000190734863,2.2300000190734863,2.2300000190734863,2.2300000190734863,101.0
2023-03-09 10:56:00,ARCC,19.14620018005371,19.14620018005371,19.155000686645508,19.145000457763672,19.155000686645508,3910.0
2023-03-09 10:56:00,AROW,28.799999237060547,28.799999237060547,28.799999237060547,28.799999237060547,28.799999237060547,200.0
2023-03-09 10:56:00,ATLO,23.719999313354492,23.719999313354492,23.75,23.719999313354492,23.719999313354492,1038.0
2023-03-09 10:56:00,AUB,37.255001068115234,37.255001068115234,37.349998474121094,37.255001068115234,37.349998474121094,3012.0
2023-03-09 10:56:00,BANF,86.18000030517578,86.18000030517578,86.18000030517578,86.06999969482422,86.18000030517578,584.0
2023-03-09 10:56:00,BANR,59.119998931884766,59.119998931884766,59.119998931884766,59.119998931884766,59.119998931884766,472.0
2023-03-09 10:56:00,BCBP,16.040000915527344,16.040000915527344,16.040000915527344,16.040000915527344,16.040000915527344,250.0
2023-03-09 10:56:00,BCML,19.780000686645508,19.780000686645508,19.780000686645508,19.780000686645508,19.780000686645508,214.0
2023-03-09 10:56:00,BFST,19.0,19.0,19.0,19.0,19.0,235.0
2023-03-09 10:56:00,BGCP,5.065000057220459,5.065000057220459,5.085000038146973,5.065000057220459,5.085000038146973,9926.0
2023-03-09 10:56:00,BHF,53.900001525878906,53.900001525878906,53.959999084472656,53.900001525878906,53.95000076293945,1408.0
2023-03-09 10:56:00,BHFAM,16.718000411987305,16.718000411987305,16.718000411987305,16.718000411987305,16.718000411987305,350.0
2023-03-09 10:56:00,BITF,0.7954999804496765,0.7954999804496765,0.7954999804496765,0.7954999804496765,0.7954999804496765,1074.0
2023-03-09 10:56:00,BKCC,3.680000066757202,3.680000066757202,3.690000057220459,3.680000066757202,3.690000057220459,1404.0
2023-03-09 10:56:00,BMRC,26.81999969482422,26.81999969482422,26.81999969482422,26.81999969482422,26.81999969482422,234.0
2023-03-09 10:56:00,BOKF,96.81999969482422,96.81999969482422,96.91999816894531,96.81999969482422,96.91999816894531,1103.0
2023-03-09 10:56:00,BPOP,63.06999969482422,63.06999969482422,63.150001525878906,63.06999969482422,63.13999938964844,1842.0
2023-03-09 10:56:00,BREZ,10.5600004196167,10.5600004196167,10.5600004196167,10.5600004196167,10.5600004196167,101.0
2023-03-09 10:56:00,BRIV,10.130000114440918,10.130000114440918,10.130000114440918,10.130000114440918,10.130000114440918,101.0
2023-03-09 10:56:00,BRKL,11.710000038146973,11.710000038146973,11.710000038146973,11.699999809265137,11.699999809265137,1982.0
2023-03-09 10:56:00,BTCS,1.208400011062622,1.208400011062622,1.208400011062622,1.208400011062622,1.208400011062622,150.0
2023-03-09 10:56:00,BWFG,28.25,28.25,28.290000915527344,28.25,28.290000915527344,755.0
2023-03-09 10:56:00,CASH,48.05500030517578,48.05500030517578,48.05500030517578,48.05500030517578,48.05500030517578,283.0
2023-03-09 10:56:00,CATC,71.5,71.5,71.5,71.44999694824219,71.44999694824219,523.0
2023-03-09 10:56:00,CATY,40.150001525878906,40.150001525878906,40.150001525878906,40.150001525878906,40.150001525878906,486.0
2023-03-09 10:56:00,CBSH,61.97999954223633,61.97999954223633,62.0,61.97999954223633,62.0,664.0
2023-03-09 10:56:00,CCAP,15.119999885559082,15.119999885559082,15.119999885559082,15.119999885559082,15.119999885559082,247.0
2023-03-09 10:56:00,CCBG,33.880001068115234,33.880001068115234,33.880001068115234,33.880001068115234,33.880001068115234,386.0
2023-03-09 10:56:00,CCD,23.014999389648438,23.014999389648438,23.014999389648438,23.014999389648438,23.014999389648438,270.0
2023-03-09 10:56:00,CCNE,22.75,22.75,22.760000228881836,22.75,22.760000228881836,209.0
2023-03-09 10:56:00,CFB,12.609999656677246,12.609999656677246,12.609999656677246,12.59000015258789,12.59000015258789,1197.0
2023-03-09 10:56:00,CFFN,7.614999771118164,7.614999771118164,7.635000228881836,7.614999771118164,7.635000228881836,3437.0
2023-03-09 10:56:00,CG,34.59000015258789,34.59000015258789,34.650001525878906,34.59000015258789,34.650001525878906,1752.0
2023-03-09 10:56:00,CGBD,15.099900245666504,15.099900245666504,15.099900245666504,15.099900245666504,15.099900245666504,1182.0
2023-03-09 10:56:00,CHCO,91.8499984741211,91.8499984741211,91.86000061035156,91.8499984741211,91.86000061035156,479.0
2023-03-09 10:56:00,CHI,11.960000038146973,11.960000038146973,11.960000038146973,11.960000038146973,11.960000038146973,400.0
2023-03-09 10:56:00,CHW,6.09499979019165,6.09499979019165,6.09499979019165,6.09499979019165,6.09499979019165,187.0
2023-03-09 10:56:00,CHY,12.319999694824219,12.319999694824219,12.329999923706055,12.319999694824219,12.329999923706055,2787.0
2023-03-09 10:56:00,CIFR,1.440000057220459,1.440000057220459,1.440000057220459,1.4390000104904175,1.440000057220459,3007.0
2023-03-09 10:56:00,CINF,117.11000061035156,117.11000061035156,117.2300033569336,117.11000061035156,117.2300033569336,756.0
2023-03-09 10:56:00,CLBK,19.90999984741211,19.90999984741211,19.90999984741211,19.90999984741211,19.90999984741211,475.0
2023-03-09 10:56:00,CME,180.94000244140625,180.94000244140625,180.97999572753906,180.94000244140625,180.97999572753906,1132.0
2023-03-09 10:56:00,COLB,25.934999465942383,25.934999465942383,25.954999923706055,25.924999237060547,25.954999923706055,4872.0
2023-03-09 10:56:00,COOP,45.005001068115234,45.005001068115234,45.08000183105469,45.005001068115234,45.08000183105469,1179.0
2023-03-09 10:56:00,CSQ,14.079999923706055,14.079999923706055,14.079999923706055,14.0600004196167,14.079999923706055,2590.0
2023-03-09 10:56:00,CSTR,15.869999885559082,15.869999885559082,15.869999885559082,15.859999656677246,15.859999656677246,210.0
2023-03-09 10:56:00,CSWC,18.579999923706055,18.579999923706055,18.579999923706055,18.56999969482422,18.579999923706055,844.0
2023-03-09 10:56:00,CTBI,40.540000915527344,40.540000915527344,40.540000915527344,40.540000915527344,40.540000915527344,1417.0
2023-03-09 10:56:00,CVBF,22.094999313354492,22.094999313354492,22.15999984741211,22.094999313354492,22.155000686645508,2497.0
2023-03-09 10:56:00,CVLY,24.1299991607666,24.1299991607666,24.299999237060547,24.1299991607666,24.299999237060547,423.0
2023-03-09 10:56:00,DCOM,29.739999771118164,29.739999771118164,29.75,29.709999084472656,29.709999084472656,4585.0
2023-03-09 10:56:00,EBC,14.96500015258789,14.96500015258789,14.96500015258789,14.960000038146973,14.960000038146973,3020.0
2023-03-09 10:56:00,ECPG,50.83000183105469,50.83000183105469,50.83000183105469,50.83000183105469,50.83000183105469,225.0
2023-03-09 10:56:00,EFSC,51.869998931884766,51.869998931884766,51.90999984741211,51.869998931884766,51.88999938964844,1006.0
2023-03-09 10:56:00,EGBN,40.970001220703125,40.970001220703125,41.040000915527344,40.970001220703125,41.040000915527344,1020.0
2023-03-09 10:56:00,EHTH,9.15999984741211,9.15999984741211,9.15999984741211,9.140000343322754,9.140000343322754,512.0
2023-03-09 10:56:00,EQBK,28.450000762939453,28.450000762939453,28.549999237060547,28.450000762939453,28.549999237060547,2218.0
2023-03-09 10:56:00,ESQ,42.349998474121094,42.349998474121094,42.349998474121094,42.349998474121094,42.349998474121094,113.0
2023-03-09 10:56:00,EWBC,69.91999816894531,69.91999816894531,70.0,69.91999816894531,70.0,750.0
2023-03-09 10:56:00,EZPW,8.930000305175781,8.930000305175781,8.9399995803833,8.930000305175781,8.9399995803833,1402.0
2023-03-09 10:56:00,FANH,8.125,8.125,8.149999618530273,8.125,8.149999618530273,630.0
2023-03-09 10:56:00,FBMS,29.100000381469727,29.100000381469727,29.100000381469727,29.100000381469727,29.100000381469727,105.0
2023-03-09 10:56:00,FBNC,38.77000045776367,38.77000045776367,38.810001373291016,38.77000045776367,38.810001373291016,2702.0
2023-03-09 10:56:00,FCRD,4.650000095367432,4.650000095367432,4.650000095367432,4.650000095367432,4.650000095367432,272.0
2023-03-09 10:56:00,FFBC,22.739999771118164,22.739999771118164,22.75,22.729999542236328,22.75,7641.0
2023-03-09 10:56:00,FFWM,13.369999885559082,13.369999885559082,13.399999618530273,13.369999885559082,13.390000343322754,2642.0
2023-03-09 10:56:00,FHB,24.40999984741211,24.40999984741211,24.40999984741211,24.40999984741211,24.40999984741211,417.0
2023-03-09 10:56:00,FIBK,32.959999084472656,32.959999084472656,33.04999923706055,32.959999084472656,33.04999923706055,2922.0
2023-03-09 10:56:00,FITB,32.86000061035156,32.86000061035156,32.904998779296875,32.849998474121094,32.904998779296875,10545.0
2023-03-09 10:56:00,FLIC,16.350000381469727,16.350000381469727,16.350000381469727,16.350000381469727,16.350000381469727,8395.0
2023-03-09 10:56:00,FMBH,28.510000228881836,28.510000228881836,28.510000228881836,28.3799991607666,28.5,530.0
2023-03-09 10:56:00,FMNB,13.279999732971191,13.279999732971191,13.279999732971191,13.279999732971191,13.279999732971191,368.0
2023-03-09 10:56:00,FOCS,51.78499984741211,51.78499984741211,51.790000915527344,51.779998779296875,51.78499984741211,11146.0
2023-03-09 10:56:00,FRBK,1.7999999523162842,1.7999999523162842,1.7999999523162842,1.7941999435424805,1.7949999570846558,714.0
2023-03-09 10:56:00,FRHC,73.13999938964844,73.13999938964844,73.20999908447266,73.13999938964844,73.20999908447266,881.0
2023-03-09 10:56:00,FRST,11.140000343322754,11.140000343322754,11.15999984741211,11.140000343322754,11.15999984741211,657.0
2023-03-09 10:56:00,FULT,15.880000114440918,15.880000114440918,15.90999984741211,15.880000114440918,15.90999984741211,3451.0
2023-03-09 10:56:00,FUTU,47.029998779296875,47.029998779296875,47.040000915527344,46.97999954223633,47.029998779296875,2288.0
2023-03-09 10:56:00,GABC,36.029998779296875,36.029998779296875,36.08000183105469,36.029998779296875,36.06999969482422,430.0
2023-03-09 10:56:00,GBDC,13.524999618530273,13.524999618530273,13.524999618530273,13.524999618530273,13.524999618530273,457.0
2023-03-09 10:56:00,GCMG,8.420000076293945,8.420000076293945,8.420000076293945,8.420000076293945,8.420000076293945,327.0
2023-03-09 10:56:00,GFGD,10.210000038146973,10.210000038146973,10.210000038146973,10.210000038146973,10.210000038146973,200.0
2023-03-09 10:56:00,GFGDU,10.220000267028809,10.220000267028809,10.220000267028809,10.220000267028809,10.220000267028809,0.0
2023-03-09 10:56:00,GLAD,9.970000267028809,9.970000267028809,9.979999542236328,9.970000267028809,9.979999542236328,2189.0
2023-03-09 10:56:00,GSBC,54.75,54.75,54.75,54.75,54.75,324.0
2023-03-09 10:56:00,GSHD,53.0,53.0,53.0,53.0,53.0,729.0
2023-03-09 10:56:00,HAFC,22.110000610351562,22.110000610351562,22.110000610351562,22.110000610351562,22.110000610351562,1190.0
2023-03-09 10:56:00,HBAN,14.154999732971191,14.154999732971191,14.175000190734863,14.140000343322754,14.175000190734863,28185.0
2023-03-09 10:56:00,HBNC,14.300000190734863,14.300000190734863,14.300000190734863,14.300000190734863,14.300000190734863,233.0
2023-03-09 10:56:00,HBT,22.0,22.0,22.0,22.0,22.0,1727.0
2023-03-09 10:56:00,HFWA,24.940000534057617,24.940000534057617,24.940000534057617,24.93000030517578,24.93000030517578,519.0
2023-03-09 10:56:00,HGBL,2.4800000190734863,2.4800000190734863,2.4800000190734863,2.4800000190734863,2.4800000190734863,300.0
2023-03-09 10:56:00,HIFS,265.8900146484375,265.8900146484375,265.8900146484375,265.8900146484375,265.8900146484375,687.0
2023-03-09 10:56:00,HLNE,76.94499969482422,76.94499969482422,77.13999938964844,76.94499969482422,77.08000183105469,582.0
2023-03-09 10:56:00,HONE,12.800000190734863,12.800000190734863,12.800000190734863,12.800000190734863,12.800000190734863,1167.0
2023-03-09 10:56:00,HOPE,11.989999771118164,11.989999771118164,12.0,11.989999771118164,12.0,13192.0
2023-03-09 10:56:00,HTBK,11.050000190734863,11.050000190734863,11.069999694824219,11.050000190734863,11.069999694824219,748.0
2023-03-09 10:56:00,HTLF,45.880001068115234,45.880001068115234,45.880001068115234,45.880001068115234,45.880001068115234,920.0
2023-03-09 10:56:00,HTLFP,25.58880043029785,25.58880043029785,25.58880043029785,25.58880043029785,25.58880043029785,500.0
2023-03-09 10:56:00,HUT,1.4300999641418457,1.4300999641418457,1.440000057220459,1.4299999475479126,1.431399941444397,17460.0
2023-03-09 10:56:00,HWC,44.75,44.75,44.86000061035156,44.75,44.849998474121094,1673.0
2023-03-09 10:56:00,IBCP,20.93000030517578,20.93000030517578,20.93000030517578,20.93000030517578,20.93000030517578,526.0
2023-03-09 10:56:00,IBKR,88.57499694824219,88.57499694824219,88.57499694824219,88.57499694824219,88.57499694824219,112.0
2023-03-09 10:56:00,IGIC,8.279999732971191,8.279999732971191,8.300000190734863,8.279999732971191,8.279999732971191,1040.0
2023-03-09 10:56:00,INDB,73.30999755859375,73.30999755859375,73.33000183105469,73.30999755859375,73.33000183105469,642.0
2023-03-09 10:57:00,ACGL,70.13999938964844,70.13999938964844,70.13999938964844,70.13999938964844,70.13999938964844,909.0
2023-03-09 10:57:00,AMRK,28.209999084472656,28.209999084472656,28.209999084472656,28.209999084472656,28.209999084472656,312.0
2023-03-09 10:57:00,APLD,2.2249999046325684,2.2249999046325684,2.2300000190734863,2.2249999046325684,2.2300000190734863,1369.0
2023-03-09 10:57:00,ARCC,19.1299991607666,19.1299991607666,19.145000457763672,19.125,19.139999389648438,11939.0
2023-03-09 10:57:00,AUBN,24.149999618530273,24.149999618530273,24.149999618530273,24.149999618530273,24.149999618530273,116.0
2023-03-09 10:57:00,BANR,58.9900016784668,58.9900016784668,58.9900016784668,58.9900016784668,58.9900016784668,809.0
2023-03-09 10:57:00,BGCP,5.065000057220459,5.065000057220459,5.065000057220459,5.065000057220459,5.065000057220459,520.0
2023-03-09 10:57:00,BHF,53.81999969482422,53.81999969482422,53.84000015258789,53.81999969482422,53.84000015258789,383.0
2023-03-09 10:57:00,BHFAN,19.1200008392334,19.1200008392334,19.1200008392334,19.1200008392334,19.1200008392334,650.0
2023-03-09 10:57:00,BLFY,11.770000457763672,11.770000457763672,11.779999732971191,11.770000457763672,11.779999732971191,754.0
2023-03-09 10:57:00,BPOP,63.09000015258789,63.09000015258789,63.099998474121094,63.06999969482422,63.06999969482422,2151.0
2023-03-09 10:57:00,BRKL,11.720000267028809,11.720000267028809,11.720000267028809,11.699999809265137,11.699999809265137,6677.0
2023-03-09 10:57:00,BSRR,19.450000762939453,19.450000762939453,19.450000762939453,19.450000762939453,19.450000762939453,332.0
2023-03-09 10:57:00,BSVN,28.020000457763672,28.020000457763672,28.020000457763672,28.010000228881836,28.010000228881836,803.0
2023-03-09 10:57:00,CATY,40.040000915527344,40.040000915527344,40.040000915527344,40.040000915527344,40.040000915527344,276.0
2023-03-09 10:57:00,CCD,23.0,23.0,23.030000686645508,23.0,23.020000457763672,3082.0
2023-03-09 10:57:00,CCNEP,25.752399444580078,25.752399444580078,25.752399444580078,25.752399444580078,25.752399444580078,503.0
2023-03-09 10:57:00,CG,34.56999969482422,34.56999969482422,34.59000015258789,34.56999969482422,34.58000183105469,2020.0
2023-03-09 10:57:00,CGBD,15.079999923706055,15.079999923706055,15.079999923706055,15.079999923706055,15.079999923706055,901.0
2023-03-09 10:57:00,CHY,12.300000190734863,12.300000190734863,12.319999694824219,12.300000190734863,12.319999694824219,1825.0
2023-03-09 10:57:00,CINF,117.25,117.25,117.25,117.18000030517578,117.18000030517578,424.0
2023-03-09 10:57:00,CME,181.10000610351562,181.10000610351562,181.10000610351562,180.92999267578125,180.92999267578125,3119.0
2023-03-09 10:57:00,COLB,25.916500091552734,25.916500091552734,25.93000030517578,25.899999618530273,25.93000030517578,15755.0
2023-03-09 10:57:00,COOP,44.939998626708984,44.939998626708984,44.939998626708984,44.939998626708984,44.939998626708984,503.0
2023-03-09 10:57:00,CSWC,18.559999465942383,18.559999465942383,18.559999465942383,18.559999465942383,18.559999465942383,140.0
2023-03-09 10:57:00,CUBA,3.949899911880493,3.949899911880493,3.949899911880493,3.949899911880493,3.949899911880493,100.0
2023-03-09 10:57:00,CVBF,22.06999969482422,22.06999969482422,22.100000381469727,22.06999969482422,22.09000015258789,7442.0
2023-03-09 10:57:00,DCOM,29.760000228881836,29.760000228881836,29.760000228881836,29.719999313354492,29.719999313354492,2852.0
2023-03-09 10:57:00,DWAC,14.140000343322754,14.140000343322754,14.140000343322754,14.140000343322754,14.140000343322754,223.0
2023-03-09 10:57:00,EBC,14.949999809265137,14.949999809265137,14.949999809265137,14.949999809265137,14.949999809265137,354.0
2023-03-09 10:57:00,ECPG,50.849998474121094,50.849998474121094,50.849998474121094,50.849998474121094,50.849998474121094,384.0
2023-03-09 10:57:00,EGBN,40.90999984741211,40.90999984741211,40.95000076293945,40.90999984741211,40.95000076293945,605.0
2023-03-09 10:57:00,EWBC,69.9800033569336,69.9800033569336,70.0,69.91000366210938,69.93000030517578,9194.0
2023-03-09 10:57:00,FBMS,29.100000381469727,29.100000381469727,29.100000381469727,29.059999465942383,29.09000015258789,736.0
2023-03-09 10:57:00,FBNC,38.71500015258789,38.71500015258789,38.75,38.71500015258789,38.75,501.0
2023-03-09 10:57:00,FCNCA,672.260009765625,672.260009765625,672.260009765625,672.260009765625,672.260009765625,135.0
2023-03-09 10:57:00,FFBC,22.739999771118164,22.739999771118164,22.75,22.729999542236328,22.75,8436.0
2023-03-09 10:57:00,FFIN,34.095001220703125,34.095001220703125,34.099998474121094,34.095001220703125,34.099998474121094,1392.0
2023-03-09 10:57:00,FFWM,13.377799987792969,13.377799987792969,13.380000114440918,13.377799987792969,13.380000114440918,2531.0
2023-03-09 10:57:00,FITB,32.86000061035156,32.86000061035156,32.8650016784668,32.84000015258789,32.8650016784668,5328.0
2023-03-09 10:57:00,FLIC,16.350000381469727,16.350000381469727,16.350000381469727,16.350000381469727,16.350000381469727,133.0
2023-03-09 10:57:00,FOCS,51.78499984741211,51.78499984741211,51.78499984741211,51.779998779296875,51.78499984741211,1772.0
2023-03-09 10:57:00,FRBK,1.7899999618530273,1.7899999618530273,1.7899999618530273,1.7899999618530273,1.7899999618530273,234.0
2023-03-09 10:57:00,FRME,37.880001068115234,37.880001068115234,37.880001068115234,37.83000183105469,37.880001068115234,1197.0
2023-03-09 10:57:00,FULT,15.880000114440918,15.880000114440918,15.880000114440918,15.875,15.880000114440918,1111.0
2023-03-09 10:57:00,FUTU,46.959999084472656,46.959999084472656,47.0099983215332,46.939998626708984,47.0099983215332,2519.0
2023-03-09 10:57:00,FXNC,18.441200256347656,18.441200256347656,18.441200256347656,18.441200256347656,18.441200256347656,235.0
2023-03-09 10:57:00,GABC,36.01499938964844,36.01499938964844,36.01499938964844,36.01499938964844,36.01499938964844,101.0
2023-03-09 10:57:00,GBDC,13.515000343322754,13.515000343322754,13.524999618530273,13.515000343322754,13.524999618530273,3464.0
2023-03-09 10:57:00,GGAL,12.788000106811523,12.788000106811523,12.788000106811523,12.788000106811523,12.788000106811523,369.0
2023-03-09 10:57:00,GSBC,54.439998626708984,54.439998626708984,54.439998626708984,54.439998626708984,54.439998626708984,145.0
2023-03-09 10:57:00,GSHD,52.974998474121094,52.974998474121094,53.099998474121094,52.869998931884766,52.95000076293945,1705.0
2023-03-09 10:57:00,HBAN,14.15999984741211,14.15999984741211,14.164999961853027,14.145000457763672,14.149999618530273,32641.0
2023-03-09 10:57:00,HBNC,14.279999732971191,14.279999732971191,14.279999732971191,14.279999732971191,14.279999732971191,130.0
2023-03-09 10:57:00,HFWA,24.915000915527344,24.915000915527344,24.915000915527344,24.915000915527344,24.915000915527344,100.0
2023-03-09 10:57:00,HOPE,11.979999542236328,11.979999542236328,11.979999542236328,11.979999542236328,11.979999542236328,1673.0
2023-03-09 10:57:00,HRZN,11.98390007019043,11.98390007019043,12.005000114440918,11.98390007019043,12.005000114440918,611.0
2023-03-09 10:57:00,HTBI,27.639999389648438,27.639999389648438,27.639999389648438,27.639999389648438,27.639999389648438,100.0
2023-03-09 10:57:00,HTLF,45.709999084472656,45.709999084472656,45.709999084472656,45.709999084472656,45.709999084472656,715.0
2023-03-09 10:57:00,HUT,1.4299999475479126,1.4299999475479126,1.430899977684021,1.4299999475479126,1.4299999475479126,2871.0
2023-03-09 10:57:00,HWEL,10.109999656677246,10.109999656677246,10.109999656677246,10.100000381469727,10.100000381469727,9203.0
2023-03-09 10:57:00,IBKR,88.7699966430664,88.7699966430664,88.7699966430664,88.56999969482422,88.56999969482422,3024.0
2023-03-09 10:57:00,IBOC,45.5099983215332,45.5099983215332,45.5099983215332,45.5099983215332,45.5099983215332,921.0
2023-03-09 10:58:00,ABCB,43.4900016784668,43.4900016784668,43.560001373291016,43.4900016784668,43.540000915527344,1627.0
2023-03-09 10:58:00,ACGL,70.13999938964844,70.13999938964844,70.16000366210938,70.13999938964844,70.16000366210938,1015.0
2023-03-09 10:58:00,ACT,24.139999389648438,24.139999389648438,24.139999389648438,24.139999389648438,24.139999389648438,161.0
2023-03-09 10:58:00,APLD,2.240000009536743,2.240000009536743,2.240000009536743,2.2300000190734863,2.2300000190734863,2388.0
2023-03-09 10:58:00,ARCC,19.120100021362305,19.120100021362305,19.1299991607666,19.120100021362305,19.1299991607666,5744.0
2023-03-09 10:58:00,ASRV,3.9700000286102295,3.9700000286102295,3.9700000286102295,3.9700000286102295,3.9700000286102295,100.0
2023-03-09 10:58:00,AUB,37.27000045776367,37.27000045776367,37.310001373291016,37.27000045776367,37.29999923706055,2375.0
2023-03-09 10:58:00,BGCP,5.065000057220459,5.065000057220459,5.065000057220459,5.065000057220459,5.065000057220459,407.0
2023-03-09 10:58:00,BHF,53.834999084472656,53.834999084472656,53.834999084472656,53.834999084472656,53.834999084472656,784.0
2023-03-09 10:58:00,BHFAM,16.600000381469727,16.600000381469727,16.649999618530273,16.600000381469727,16.649999618530273,2430.0
2023-03-09 10:58:00,BITF,0.7950000166893005,0.7950000166893005,0.7950000166893005,0.7950000166893005,0.7950000166893005,263.0
2023-03-09 10:58:00,BPOP,62.83000183105469,62.83000183105469,63.125,62.83000183105469,63.119998931884766,20484.0
2023-03-09 10:58:00,BRKL,11.729999542236328,11.729999542236328,11.729999542236328,11.729999542236328,11.729999542236328,843.0
2023-03-09 10:58:00,BTBT,1.1638000011444092,1.1638000011444092,1.1638000011444092,1.1619999408721924,1.1619999408721924,340.0
2023-03-09 10:58:00,CATY,40.08000183105469,40.08000183105469,40.08000183105469,40.08000183105469,40.08000183105469,770.0
2023-03-09 10:58:00,CBSH,61.959999084472656,61.959999084472656,61.959999084472656,61.941898345947266,61.941898345947266,916.0
2023-03-09 10:58:00,CCD,23.0,23.0,23.010000228881836,23.0,23.010000228881836,818.0
2023-03-09 10:58:00,CG,34.560001373291016,34.560001373291016,34.56999969482422,34.54999923706055,34.56999969482422,4941.0
2023-03-09 10:58:00,CGBD,15.074999809265137,15.074999809265137,15.074999809265137,15.074999809265137,15.074999809265137,215.0
2023-03-09 10:58:00,CGO,9.880000114440918,9.880000114440918,9.880000114440918,9.850000381469727,9.869999885559082,1096.0
2023-03-09 10:58:00,CHCO,91.8550033569336,91.8550033569336,91.8550033569336,91.8550033569336,91.8550033569336,100.0
2023-03-09 10:58:00,CHW,6.090000152587891,6.090000152587891,6.090000152587891,6.090000152587891,6.090000152587891,212.0
2023-03-09 10:58:00,CIFR,1.440000057220459,1.440000057220459,1.440000057220459,1.440000057220459,1.440000057220459,716.0
2023-03-09 10:58:00,CINF,117.22000122070312,117.22000122070312,117.22000122070312,117.22000122070312,117.22000122070312,614.0
2023-03-09 10:58:00,CME,181.17999267578125,181.17999267578125,181.17999267578125,181.17999267578125,181.17999267578125,577.0
2023-03-09 10:58:00,COLB,25.920000076293945,25.920000076293945,25.969999313354492,25.90999984741211,25.920000076293945,11914.0
2023-03-09 10:58:00,COOP,44.880001068115234,44.880001068115234,44.880001068115234,44.880001068115234,44.880001068115234,969.0
2023-03-09 10:58:00,CSWC,18.570100784301758,18.570100784301758,18.570100784301758,18.562999725341797,18.562999725341797,1635.0
2023-03-09 10:58:00,CVBF,22.030000686645508,22.030000686645508,22.06999969482422,22.030000686645508,22.06999969482422,13138.0
2023-03-09 10:58:00,CZFS,81.09729766845703,81.09729766845703,81.09729766845703,81.04499816894531,81.04499816894531,683.0
2023-03-09 10:58:00,DALS,10.119999885559082,10.119999885559082,10.119999885559082,10.119999885559082,10.119999885559082,300.0
2023-03-09 10:58:00,EBC,14.970000267028809,14.970000267028809,14.970000267028809,14.970000267028809,14.970000267028809,1052.0
2023-03-09 10:58:00,EGBN,40.97999954223633,40.97999954223633,40.97999954223633,40.97999954223633,40.97999954223633,652.0
2023-03-09 10:58:00,ESGRO,24.100000381469727,24.100000381469727,24.100000381469727,24.100000381469727,24.100000381469727,729.0
2023-03-09 10:58:00,EWBC,70.00749969482422,70.00749969482422,70.13500213623047,70.0,70.0199966430664,3080.0
2023-03-09 10:58:00,EZPW,8.925000190734863,8.925000190734863,8.925000190734863,8.925000190734863,8.925000190734863,116.0
2023-03-09 10:58:00,FCNCA,671.2249755859375,671.2249755859375,672.219970703125,671.2249755859375,671.2249755859375,1022.0
2023-03-09 10:58:00,FFBC,22.75,22.75,22.7549991607666,22.739999771118164,22.739999771118164,3278.0
2023-03-09 10:58:00,FFIN,34.11000061035156,34.11000061035156,34.11000061035156,34.11000061035156,34.11000061035156,248.0
2023-03-09 10:58:00,FFWM,13.390000343322754,13.390000343322754,13.390000343322754,13.390000343322754,13.390000343322754,143.0
2023-03-09 10:58:00,FHB,24.360000610351562,24.360000610351562,24.375,24.360000610351562,24.3700008392334,1284.0
2023-03-09 10:58:00,FIBK,33.005001068115234,33.005001068115234,33.005001068115234,32.97999954223633,32.97999954223633,1098.0
2023-03-09 10:58:00,FITB,32.85499954223633,32.85499954223633,32.8849983215332,32.85499954223633,32.869998931884766,3117.0
2023-03-09 10:58:00,FLIC,16.350000381469727,16.350000381469727,16.354999542236328,16.350000381469727,16.350000381469727,4032.0
2023-03-09 10:58:00,FMBH,28.424999237060547,28.424999237060547,28.424999237060547,28.424999237060547,28.424999237060547,106.0
2023-03-09 10:58:00,FOCS,51.779998779296875,51.779998779296875,51.790000915527344,51.779998779296875,51.790000915527344,1718.0
2023-03-09 10:58:00,FRBK,1.7949999570846558,1.7949999570846558,1.7949999570846558,1.7949999570846558,1.7949999570846558,154.0
2023-03-09 10:58:00,FRON,10.1899995803833,10.1899995803833,10.1899995803833,10.1899995803833,10.1899995803833,112.0
2023-03-09 10:58:00,FULT,15.890000343322754,15.890000343322754,15.890000343322754,15.890000343322754,15.890000343322754,603.0
2023-03-09 10:58:00,FUTU,47.029998779296875,47.029998779296875,47.040000915527344,47.0,47.0,1255.0
2023-03-09 10:58:00,FXNC,18.850000381469727,18.850000381469727,18.850000381469727,18.850000381469727,18.850000381469727,324.0
2023-03-09 10:58:00,GABC,36.0099983215332,36.0099983215332,36.0099983215332,36.0099983215332,36.0099983215332,335.0
2023-03-09 10:58:00,GGAL,12.779999732971191,12.779999732971191,12.789999961853027,12.779999732971191,12.789999961853027,314.0
2023-03-09 10:58:00,GSHD,53.04750061035156,53.04750061035156,53.09000015258789,52.939998626708984,52.939998626708984,3184.0
2023-03-09 10:58:00,HAIAU,10.449999809265137,10.449999809265137,10.470000267028809,10.449999809265137,10.470000267028809,200.0
2023-03-09 10:58:00,HBAN,14.15999984741211,14.15999984741211,14.175000190734863,14.154999732971191,14.164999961853027,26281.0
2023-03-09 10:58:00,HBNC,14.25,14.25,14.270099639892578,14.25,14.270000457763672,2869.0
2023-03-09 10:58:00,HCNEU,10.150099754333496,10.150099754333496,10.600500106811523,10.149999618530273,10.149999618530273,500.0
2023-03-09 10:58:00,HMST,22.56999969482422,22.56999969482422,22.584999084472656,22.56999969482422,22.584999084472656,527.0
2023-03-09 10:58:00,HOPE,12.0,12.0,12.0,11.989999771118164,11.989999771118164,1606.0
2023-03-09 10:58:00,HTLF,45.66999816894531,45.66999816894531,45.66999816894531,45.66999816894531,45.66999816894531,504.0
2023-03-09 10:58:00,HTLFP,25.459999084472656,25.459999084472656,25.549999237060547,25.459999084472656,25.549999237060547,3606.0
2023-03-09 10:58:00,HWC,44.78499984741211,44.78499984741211,44.78499984741211,44.7400016784668,44.7400016784668,1729.0
2023-03-09 10:58:00,IBKR,88.79499816894531,88.79499816894531,88.84390258789062,88.79499816894531,88.84390258789062,868.0
2023-03-09 10:58:00,IBOC,45.560001373291016,45.560001373291016,45.560001373291016,45.560001373291016,45.560001373291016,384.0
2023-03-09 10:58:00,INDB,73.30000305175781,73.30000305175781,73.30000305175781,73.30000305175781,73.30000305175781,413.0
2023-03-09 10:59:00,ABCB,43.439998626708984,43.439998626708984,43.439998626708984,43.439998626708984,43.439998626708984,152.0
2023-03-09 10:59:00,ACGL,70.05999755859375,70.05999755859375,70.12000274658203,70.05999755859375,70.12000274658203,4254.0
2023-03-09 10:59:00,ACGLO,22.575000762939453,22.575000762939453,22.575000762939453,22.575000762939453,22.575000762939453,313.0
2023-03-09 10:59:00,AGBA,2.2056000232696533,2.2056000232696533,2.2056000232696533,2.2056000232696533,2.2056000232696533,130.0
2023-03-09 10:59:00,ALRS,19.020000457763672,19.020000457763672,19.020000457763672,19.020000457763672,19.020000457763672,204.0
2023-03-09 10:59:00,APLD,2.240000009536743,2.240000009536743,2.240000009536743,2.240000009536743,2.240000009536743,101.0
2023-03-09 10:59:00,ARCC,19.1200008392334,19.1200008392334,19.125900268554688,19.1200008392334,19.125900268554688,7571.0
2023-03-09 10:59:00,AROW,28.709999084472656,28.709999084472656,28.799999237060547,28.709999084472656,28.799999237060547,3150.0
2023-03-09 10:59:00,ARTEU,10.350000381469727,10.350000381469727,10.350000381469727,10.350000381469727,10.350000381469727,0.0
2023-03-09 10:59:00,ASRV,3.9700000286102295,3.9700000286102295,3.9700000286102295,3.9700000286102295,3.9700000286102295,100.0
2023-03-09 10:59:00,ATLO,23.709999084472656,23.709999084472656,23.709999084472656,23.709999084472656,23.709999084472656,302.0
2023-03-09 10:59:00,AUB,37.275001525878906,37.275001525878906,37.279998779296875,37.27000045776367,37.27000045776367,2115.0
2023-03-09 10:59:00,BGCP,5.059999942779541,5.059999942779541,5.065000057220459,5.059999942779541,5.065000057220459,2897.0
2023-03-09 10:59:00,BHF,53.79499816894531,53.79499816894531,53.79499816894531,53.79499816894531,53.79499816894531,342.0
2023-03-09 10:59:00,BMRC,26.760000228881836,26.760000228881836,26.780000686645508,26.760000228881836,26.780000686645508,244.0
2023-03-09 10:59:00,BPOP,62.7400016784668,62.7400016784668,62.84000015258789,62.7400016784668,62.84000015258789,1673.0
2023-03-09 10:59:00,BRKL,11.720000267028809,11.720000267028809,11.720000267028809,11.720000267028809,11.720000267028809,5273.0
2023-03-09 10:59:00,CACC,445.6499938964844,445.6499938964844,445.6499938964844,445.6499938964844,445.6499938964844,128.0
2023-03-09 10:59:00,CARE,16.760000228881836,16.760000228881836,16.760000228881836,16.760000228881836,16.760000228881836,146.0
2023-03-09 10:59:00,CASH,48.029998779296875,48.029998779296875,48.029998779296875,48.029998779296875,48.029998779296875,716.0
2023-03-09 10:59:00,CATY,40.02000045776367,40.02000045776367,40.02000045776367,40.02000045776367,40.02000045776367,750.0
2023-03-09 10:59:00,CBSH,61.939998626708984,61.939998626708984,61.939998626708984,61.939998626708984,61.939998626708984,830.0
2023-03-09 10:59:00,CCB,42.9900016784668,42.9900016784668,42.9900016784668,42.9900016784668,42.9900016784668,1470.0
2023-03-09 10:59:00,CCNE,22.709999084472656,22.709999084472656,22.709999084472656,22.709999084472656,22.709999084472656,114.0
2023-03-09 10:59:00,CFFN,7.605000019073486,7.605000019073486,7.610000133514404,7.605000019073486,7.610000133514404,750.0
2023-03-09 10:59:00,CFSB,8.699899673461914,8.699899673461914,8.699999809265137,8.6899995803833,8.699999809265137,940.0
2023-03-09 10:59:00,CG,34.53499984741211,34.53499984741211,34.560001373291016,34.53499984741211,34.560001373291016,1142.0
2023-03-09 10:59:00,CGBD,15.079999923706055,15.079999923706055,15.100000381469727,15.069999694824219,15.069999694824219,2007.0
2023-03-09 10:59:00,CHCO,91.55999755859375,91.55999755859375,91.55999755859375,91.55999755859375,91.55999755859375,535.0
2023-03-09 10:59:00,CHI,11.9399995803833,11.9399995803833,11.949999809265137,11.920000076293945,11.949999809265137,3569.0
2023-03-09 10:59:00,CLBK,19.895000457763672,19.895000457763672,19.90999984741211,19.895000457763672,19.90999984741211,233.0
2023-03-09 10:59:00,CME,181.08999633789062,181.08999633789062,181.08999633789062,181.08999633789062,181.08999633789062,3641.0
2023-03-09 10:59:00,COLB,25.90999984741211,25.90999984741211,25.925399780273438,25.90999984741211,25.925399780273438,2832.0
2023-03-09 10:59:00,COOP,44.86000061035156,44.86000061035156,44.86000061035156,44.86000061035156,44.86000061035156,431.0
2023-03-09 10:59:00,CSWC,18.600000381469727,18.600000381469727,18.600000381469727,18.574199676513672,18.574199676513672,5547.0
2023-03-09 10:59:00,CVBF,22.049999237060547,22.049999237060547,22.059999465942383,22.030000686645508,22.030000686645508,9577.0
2023-03-09 10:59:00,CVLY,24.280000686645508,24.280000686645508,24.280000686645508,24.280000686645508,24.280000686645508,449.0
2023-03-09 10:59:00,DCOM,29.75,29.75,29.75,29.75,29.75,1804.0
2023-03-09 10:59:00,DWAC,14.109999656677246,14.109999656677246,14.130000114440918,14.109999656677246,14.130000114440918,1240.0
2023-03-09 10:59:00,EBC,14.9399995803833,14.9399995803833,14.970000267028809,14.9399995803833,14.970000267028809,4452.0
2023-03-09 10:59:00,ECPG,50.47999954223633,50.47999954223633,50.72999954223633,50.47999954223633,50.72999954223633,1734.0
2023-03-09 10:59:00,EGBN,40.9900016784668,40.9900016784668,40.9900016784668,40.9900016784668,40.9900016784668,205.0
2023-03-09 10:59:00,EHTH,9.170000076293945,9.170000076293945,9.170000076293945,9.170000076293945,9.170000076293945,346.0
2023-03-09 10:59:00,EQBK,28.31999969482422,28.31999969482422,28.31999969482422,28.31999969482422,28.31999969482422,285.0
2023-03-09 10:59:00,EWBC,69.87999725341797,69.87999725341797,69.91999816894531,69.87999725341797,69.91999816894531,1784.0
2023-03-09 10:59:00,EZPW,8.925000190734863,8.925000190734863,8.925000190734863,8.920000076293945,8.925000190734863,457.0
2023-03-09 10:59:00,FBMS,29.100000381469727,29.100000381469727,29.100000381469727,29.06999969482422,29.094999313354492,1362.0
2023-03-09 10:59:00,FCFS,88.21499633789062,88.21499633789062,88.2750015258789,88.21499633789062,88.2750015258789,373.0
2023-03-09 10:59:00,FCNCA,669.1300048828125,669.1300048828125,670.1199951171875,668.5599975585938,670.1199951171875,1646.0
2023-03-09 10:59:00,FFBC,22.739999771118164,22.739999771118164,22.75,22.739999771118164,22.75,1238.0
2023-03-09 10:59:00,FFWM,13.390000343322754,13.390000343322754,13.390000343322754,13.375,13.375,1153.0
2023-03-09 10:59:00,FIBK,32.97999954223633,32.97999954223633,33.02000045776367,32.97999954223633,33.02000045776367,930.0
2023-03-09 10:59:00,FITB,32.810001373291016,32.810001373291016,32.849998474121094,32.79999923706055,32.849998474121094,10542.0
2023-03-09 10:59:00,FLIC,16.350000381469727,16.350000381469727,16.350000381469727,16.350000381469727,16.350000381469727,543.0
2023-03-09 10:59:00,FOCS,51.78499984741211,51.78499984741211,51.78499984741211,51.779998779296875,51.779998779296875,1216.0
2023-03-09 10:59:00,FRBA,12.960000038146973,12.960000038146973,12.960000038146973,12.960000038146973,12.960000038146973,204.0
2023-03-09 10:59:00,FRBK,1.7949999570846558,1.7949999570846558,1.7949999570846558,1.7949999570846558,1.7949999570846558,102.0
2023-03-09 10:59:00,FRME,37.849998474121094,37.849998474121094,37.849998474121094,37.849998474121094,37.849998474121094,218.0
2023-03-09 10:59:00,FULT,15.869999885559082,15.869999885559082,15.880000114440918,15.869999885559082,15.880000114440918,1096.0
2023-03-09 10:59:00,FUTU,46.94969940185547,46.94969940185547,46.97999954223633,46.91999816894531,46.97999954223633,4349.0
2023-03-09 10:59:00,GBDC,13.515000343322754,13.515000343322754,13.515000343322754,13.515000343322754,13.515000343322754,258.0
2023-03-09 10:59:00,GREE,0.44179999828338623,0.44179999828338623,0.44179999828338623,0.44020000100135803,0.44020000100135803,2051.0
2023-03-09 10:59:00,HBAN,14.140000343322754,14.140000343322754,14.164999961853027,14.140000343322754,14.164999961853027,26662.0
2023-03-09 10:59:00,HBANP,19.209999084472656,19.209999084472656,19.209999084472656,19.200000762939453,19.209999084472656,1310.0
2023-03-09 10:59:00,HBT,22.0,22.0,22.0,22.0,22.0,179.0
2023-03-09 10:59:00,HFWA,24.915000915527344,24.915000915527344,24.915000915527344,24.889999389648438,24.889999389648438,259.0
2023-03-09 10:59:00,HLNE,77.04000091552734,77.04000091552734,77.04000091552734,77.04000091552734,77.04000091552734,117.0
2023-03-09 10:59:00,HMST,22.530000686645508,22.530000686645508,22.530000686645508,22.530000686645508,22.530000686645508,147.0
2023-03-09 10:59:00,HOPE,12.0,12.0,12.005000114440918,11.994999885559082,11.994999885559082,5275.0
2023-03-09 10:59:00,HRZN,11.989999771118164,11.989999771118164,11.989999771118164,11.949999809265137,11.949999809265137,1734.0
2023-03-09 10:59:00,HTBI,27.6299991607666,27.6299991607666,27.6299991607666,27.6299991607666,27.6299991607666,533.0
2023-03-09 10:59:00,HTBK,11.039999961853027,11.039999961853027,11.039999961853027,11.039999961853027,11.039999961853027,284.0
2023-03-09 10:59:00,HTLF,45.650001525878906,45.650001525878906,45.71500015258789,45.650001525878906,45.71500015258789,772.0
2023-03-09 10:59:00,HUT,1.4299999475479126,1.4299999475479126,1.437000036239624,1.4299999475479126,1.4299999475479126,18290.0
2023-03-09 10:59:00,HWC,44.7400016784668,44.7400016784668,44.7400016784668,44.7400016784668,44.7400016784668,1020.0
2023-03-09 10:59:00,IBKR,88.76499938964844,88.76499938964844,88.76499938964844,88.75,88.75,512.0
2023-03-09 10:59:00,IBOC,45.5,45.5,45.5,45.5,45.5,5476.0
2023-03-09 10:59:00,IGIC,8.260000228881836,8.260000228881836,8.260000228881836,8.260000228881836,8.260000228881836,131.0
2023-03-09 10:59:00,INBK,24.385000228881836,24.385000228881836,24.385000228881836,24.385000228881836,24.385000228881836,465.0
2023-03-09 10:59:00,INDB,73.30999755859375,73.30999755859375,73.37000274658203,73.19000244140625,73.30999755859375,1820.0
2023-03-09 10:59:00,INTR,2.0199999809265137,2.0199999809265137,2.0199999809265137,2.009999990463257,2.009999990463257,915.0
2023-03-09 11:00:00,ACGL,70.04000091552734,70.04000091552734,70.06999969482422,70.04000091552734,70.05999755859375,985.0
2023-03-09 11:00:00,ARCC,19.1200008392334,19.1200008392334,19.1200008392334,19.110000610351562,19.110000610351562,1386.0
2023-03-09 11:00:00,ATLO,23.709999084472656,23.709999084472656,23.709999084472656,23.709999084472656,23.709999084472656,1522.0
2023-03-09 11:00:00,BANF,85.98999786376953,85.98999786376953,86.0,85.95999908447266,86.0,2176.0
2023-03-09 11:00:00,BCML,19.770000457763672,19.770000457763672,19.770000457763672,19.770000457763672,19.770000457763672,100.0
2023-03-09 11:00:00,BFST,18.950000762939453,18.950000762939453,18.950000762939453,18.936899185180664,18.936899185180664,686.0
2023-03-09 11:00:00,BGCP,5.054999828338623,5.054999828338623,5.054999828338623,5.054999828338623,5.054999828338623,564.0
2023-03-09 11:00:00,BHF,53.70000076293945,53.70000076293945,53.779998779296875,53.70000076293945,53.7599983215332,1572.0
2023-03-09 11:00:00,BITF,0.7950999736785889,0.7950999736785889,0.7953000068664551,0.7950999736785889,0.7953000068664551,610.0
2023-03-09 11:00:00,BOCNU,10.460100173950195,10.460100173950195,10.460100173950195,10.460000038146973,10.460000038146973,400.0
2023-03-09 11:00:00,BPOP,62.625,62.625,62.625,62.61000061035156,62.625,826.0
2023-03-09 11:00:00,BWB,13.699999809265137,13.699999809265137,13.699999809265137,13.699999809265137,13.699999809265137,707.0
2023-03-09 11:00:00,CAC,39.209999084472656,39.209999084472656,39.209999084472656,39.209999084472656,39.209999084472656,1898.0
2023-03-09 11:00:00,CASH,48.04140090942383,48.04140090942383,48.04140090942383,48.04140090942383,48.04140090942383,192.0
2023-03-09 11:00:00,CATY,40.040000915527344,40.040000915527344,40.040000915527344,40.040000915527344,40.040000915527344,1682.0
2023-03-09 11:00:00,CBAN,11.869999885559082,11.869999885559082,11.869999885559082,11.869999885559082,11.869999885559082,100.0
2023-03-09 11:00:00,CCAP,15.079999923706055,15.079999923706055,15.100000381469727,15.079999923706055,15.100000381469727,535.0
2023-03-09 11:00:00,CFSB,8.699999809265137,8.699999809265137,8.699999809265137,8.699899673461914,8.699999809265137,2578.0
2023-03-09 11:00:00,CG,34.525001525878906,34.525001525878906,34.560001373291016,34.525001525878906,34.540000915527344,17360.0
2023-03-09 11:00:00,CGBD,15.109999656677246,15.109999656677246,15.109999656677246,15.09000015258789,15.09000015258789,4408.0
2023-03-09 11:00:00,CHI,11.923299789428711,11.923299789428711,11.954000473022461,11.920000076293945,11.930000305175781,5001.0
2023-03-09 11:00:00,CIFR,1.440000057220459,1.440000057220459,1.440000057220459,1.440000057220459,1.440000057220459,219.0
2023-03-09 11:00:00,CINF,117.1500015258789,117.1500015258789,117.2249984741211,117.1500015258789,117.2249984741211,971.0
2023-03-09 11:00:00,CME,180.9949951171875,180.9949951171875,181.00999450683594,180.9949951171875,181.00999450683594,1726.0
2023-03-09 11:00:00,CNOB,22.25,22.25,22.280000686645508,22.25,22.260000228881836,7444.0
2023-03-09 11:00:00,COLB,25.899999618530273,25.899999618530273,25.899999618530273,25.879899978637695,25.889999389648438,3603.0
2023-03-09 11:00:00,COOP,44.86000061035156,44.86000061035156,44.86000061035156,44.86000061035156,44.86000061035156,495.0
2023-03-09 11:00:00,CRVL,178.60000610351562,178.60000610351562,178.8800048828125,178.60000610351562,178.60000610351562,1607.0
2023-03-09 11:00:00,CSWC,18.584999084472656,18.584999084472656,18.59000015258789,18.579999923706055,18.59000015258789,1795.0
2023-03-09 11:00:00,CTBI,40.31999969482422,40.31999969482422,40.31999969482422,40.31999969482422,40.31999969482422,585.0
2023-03-09 11:00:00,CVBF,22.049999237060547,22.049999237060547,22.049999237060547,22.049999237060547,22.049999237060547,3261.0
2023-03-09 11:00:00,DCOM,29.75,29.75,29.75,29.729999542236328,29.75,1518.0
2023-03-09 11:00:00,DWAC,14.111599922180176,14.111599922180176,14.111599922180176,14.111599922180176,14.111599922180176,286.0
2023-03-09 11:00:00,EBC,14.930000305175781,14.930000305175781,14.930000305175781,14.930000305175781,14.930000305175781,658.0
2023-03-09 11:00:00,EGBN,40.974998474121094,40.974998474121094,40.974998474121094,40.970001220703125,40.970001220703125,645.0
2023-03-09 11:00:00,ERIE,234.35000610351562,234.35000610351562,234.35000610351562,234.35000610351562,234.35000610351562,156.0
2023-03-09 11:00:00,EWBC,69.79000091552734,69.79000091552734,69.79000091552734,69.79000091552734,69.79000091552734,376.0
2023-03-09 11:00:00,EZPW,8.914999961853027,8.914999961853027,8.914999961853027,8.914999961853027,8.914999961853027,100.0
2023-03-09 11:00:00,FBMS,29.079999923706055,29.079999923706055,29.079999923706055,29.040000915527344,29.040000915527344,1488.0
2023-03-09 11:00:00,FBNC,38.75,38.75,38.75,38.75,38.75,148.0
2023-03-09 11:00:00,FCBC,28.68000030517578,28.68000030517578,28.68000030517578,28.670000076293945,28.670000076293945,921.0
2023-03-09 11:00:00,FCNCA,667.3599853515625,667.3599853515625,668.8300170898438,667.3599853515625,668.8300170898438,1405.0
2023-03-09 11:00:00,FFBC,22.700000762939453,22.700000762939453,22.719999313354492,22.700000762939453,22.719999313354492,829.0
2023-03-09 11:00:00,FFIC,17.541000366210938,17.541000366210938,17.56999969482422,17.541000366210938,17.56999969482422,874.0
2023-03-09 11:00:00,FFIN,34.04499816894531,34.04499816894531,34.04499816894531,34.02000045776367,34.029998779296875,1411.0
2023-03-09 11:00:00,FHB,24.309999465942383,24.309999465942383,24.31999969482422,24.309999465942383,24.31999969482422,473.0
2023-03-09 11:00:00,FIBK,32.9900016784668,32.9900016784668,32.9900016784668,32.97999954223633,32.97999954223633,777.0
2023-03-09 11:00:00,FITB,32.790000915527344,32.790000915527344,32.810001373291016,32.779998779296875,32.79999923706055,8926.0
2023-03-09 11:00:00,FLIC,16.350000381469727,16.350000381469727,16.350000381469727,16.350000381469727,16.350000381469727,200.0
2023-03-09 11:00:00,FOCS,51.775001525878906,51.775001525878906,51.78499984741211,51.775001525878906,51.779998779296875,11718.0
2023-03-09 11:00:00,FRBK,1.7756999731063843,1.7756999731063843,1.7899999618530273,1.7756999731063843,1.7899999618530273,3884.0
2023-03-09 11:00:00,FRME,37.790000915527344,37.790000915527344,37.790000915527344,37.790000915527344,37.790000915527344,164.0
2023-03-09 11:00:00,FULT,15.869999885559082,15.869999885559082,15.869999885559082,15.869999885559082,15.869999885559082,229.0
2023-03-09 11:00:00,FUTU,46.97999954223633,46.97999954223633,47.04999923706055,46.88999938964844,46.91999816894531,4502.0
2023-03-09 11:00:00,GBDC,13.515000343322754,13.515000343322754,13.515000343322754,13.510000228881836,13.510000228881836,305.0
2023-03-09 11:00:00,GGAL,12.770000457763672,12.770000457763672,12.770000457763672,12.770000457763672,12.770000457763672,203.0
2023-03-09 11:00:00,GREE,0.44339901208877563,0.44339901208877563,0.44339901208877563,0.44339901208877563,0.44339901208877563,121.0
2023-03-09 11:00:00,GSHD,53.16999816894531,53.16999816894531,53.16999816894531,53.16999816894531,53.16999816894531,639.0
2023-03-09 11:00:00,HBAN,14.130000114440918,14.130000114440918,14.145000457763672,14.130000114440918,14.145000457763672,22147.0
2023-03-09 11:00:00,HGBL,2.509000062942505,2.509000062942505,2.509000062942505,2.509000062942505,2.509000062942505,300.0
2023-03-09 11:00:00,HIVE,2.631999969482422,2.631999969482422,2.631999969482422,2.630000114440918,2.630000114440918,759.0
2023-03-09 11:00:00,HOPE,11.994999885559082,11.994999885559082,12.0,11.994999885559082,12.0,541.0
2023-03-09 11:00:00,HUT,1.4299999475479126,1.4299999475479126,1.4299999475479126,1.4299999475479126,1.4299999475479126,500.0
2023-03-09 11:00:00,HWC,44.83000183105469,44.83000183105469,44.83000183105469,44.7400016784668,44.7400016784668,2371.0
2023-03-09 11:00:00,IBKR,88.80999755859375,88.80999755859375,88.80999755859375,88.80000305175781,88.80000305175781,909.0
2023-03-09 11:00:00,IBOC,45.41999816894531,45.41999816894531,45.41999816894531,45.41999816894531,45.41999816894531,161.0
2023-03-09 11:00:00,INDB,73.27999877929688,73.27999877929688,73.27999877929688,73.27999877929688,73.27999877929688,570.0
2023-03-09 11:00:00,INTR,2.0199999809265137,2.0199999809265137,2.0199999809265137,2.009999990463257,2.009999990463257,339.0
2023-03-09 11:01:00,ABCB,43.349998474121094,43.349998474121094,43.3650016784668,43.349998474121094,43.3650016784668,621.0
2023-03-09 11:01:00,ACGL,70.04499816894531,70.04499816894531,70.04499816894531,70.0,70.01000213623047,2148.0
2023-03-09 11:01:00,AIHS,0.8759999871253967,0.8759999871253967,0.8874989748001099,0.8759999871253967,0.8874989748001099,300.0
2023-03-09 11:01:00,AMTB,25.969999313354492,25.969999313354492,25.969999313354492,25.969999313354492,25.969999313354492,130.0
2023-03-09 11:01:00,APLD,2.2300000190734863,2.2300000190734863,2.2300000190734863,2.2300000190734863,2.2300000190734863,354.0
2023-03-09 11:01:00,APMI,10.149999618530273,10.149999618530273,10.149999618530273,10.149999618530273,10.149999618530273,100.0
2023-03-09 11:01:00,ARCC,19.117399215698242,19.117399215698242,19.117399215698242,19.110000610351562,19.110599517822266,5095.0
2023-03-09 11:01:00,ATLO,23.717500686645508,23.717500686645508,23.717500686645508,23.717500686645508,23.717500686645508,568.0
2023-03-09 11:01:00,AUB,37.18000030517578,37.18000030517578,37.27000045776367,37.18000030517578,37.25,2999.0
2023-03-09 11:01:00,BANR,58.90999984741211,58.90999984741211,58.90999984741211,58.90999984741211,58.90999984741211,263.0
2023-03-09 11:01:00,BCBP,16.030000686645508,16.030000686645508,16.030000686645508,16.030000686645508,16.030000686645508,207.0
2023-03-09 11:01:00,BGCP,5.054999828338623,5.054999828338623,5.054999828338623,5.050000190734863,5.050000190734863,4270.0
2023-03-09 11:01:00,BHF,53.65999984741211,53.65999984741211,53.65999984741211,53.63999938964844,53.65999984741211,1244.0
2023-03-09 11:01:00,BHFAM,16.479999542236328,16.479999542236328,16.540000915527344,16.479999542236328,16.530000686645508,840.0
2023-03-09 11:01:00,BKCC,3.680000066757202,3.680000066757202,3.6898999214172363,3.680000066757202,3.6898999214172363,3637.0
2023-03-09 11:01:00,BLFY,11.765000343322754,11.765000343322754,11.765000343322754,11.765000343322754,11.765000343322754,281.0
2023-03-09 11:01:00,BOKF,96.37000274658203,96.37000274658203,96.44999694824219,96.37000274658203,96.44999694824219,2518.0
2023-03-09 11:01:00,BPOP,62.494998931884766,62.494998931884766,62.58000183105469,62.494998931884766,62.58000183105469,2737.0
2023-03-09 11:01:00,BRKL,11.704999923706055,11.704999923706055,11.719900131225586,11.699999809265137,11.710000038146973,4710.0
2023-03-09 11:01:00,BTCS,1.2000000476837158,1.2000000476837158,1.2130000591278076,1.2000000476837158,1.2130000591278076,13556.0
2023-03-09 11:01:00,BUSE,22.579999923706055,22.579999923706055,22.579999923706055,22.56999969482422,22.56999969482422,569.0
2023-03-09 11:01:00,BYNOW,0.05510000139474869,0.05510000139474869,0.05510000139474869,0.05510000139474869,0.05510000139474869,0.0
2023-03-09 11:01:00,CALB,25.06999969482422,25.06999969482422,25.06999969482422,25.06999969482422,25.06999969482422,178.0
2023-03-09 11:01:00,CASH,47.97999954223633,47.97999954223633,48.02000045776367,47.974998474121094,48.02000045776367,1740.0
2023-03-09 11:01:00,CATY,40.0,40.0,40.040000915527344,39.9900016784668,40.0099983215332,24600.0
2023-03-09 11:01:00,CBAN,11.890000343322754,11.890000343322754,11.890000343322754,11.869999885559082,11.869999885559082,1082.0
2023-03-09 11:01:00,CBNK,19.110000610351562,19.110000610351562,19.1299991607666,19.110000610351562,19.1299991607666,400.0
2023-03-09 11:01:00,CBSH,61.83000183105469,61.83000183105469,61.83000183105469,61.83000183105469,61.83000183105469,419.0
2023-03-09 11:01:00,CCB,42.75,42.75,42.90999984741211,42.75,42.90999984741211,2377.0
2023-03-09 11:01:00,CCNE,22.690000534057617,22.690000534057617,22.704999923706055,22.690000534057617,22.704999923706055,2245.0
2023-03-09 11:01:00,CFB,12.550000190734863,12.550000190734863,12.569999694824219,12.550000190734863,12.569999694824219,1053.0
2023-03-09 11:01:00,CFFN,7.593100070953369,7.593100070953369,7.599999904632568,7.593100070953369,7.599999904632568,1714.0
2023-03-09 11:01:00,CFSB,8.699899673461914,8.699899673461914,8.699999809265137,8.699899673461914,8.699999809265137,1000.0
2023-03-09 11:01:00,CG,34.5,34.5,34.52000045776367,34.47999954223633,34.52000045776367,5274.0
2023-03-09 11:01:00,CGBD,15.079999923706055,15.079999923706055,15.100000381469727,15.079999923706055,15.100000381469727,801.0
2023-03-09 11:01:00,CHCO,91.5,91.5,91.52999877929688,91.5,91.52999877929688,407.0
2023-03-09 11:01:00,CHW,6.090000152587891,6.090000152587891,6.090000152587891,6.090000152587891,6.090000152587891,206.0
2023-03-09 11:01:00,CINF,117.29000091552734,117.29000091552734,117.30999755859375,117.13999938964844,117.1500015258789,2537.0
2023-03-09 11:01:00,CLBK,19.90999984741211,19.90999984741211,19.90999984741211,19.90999984741211,19.90999984741211,694.0
2023-03-09 11:01:00,CME,181.10800170898438,181.10800170898438,181.11000061035156,181.02000427246094,181.02000427246094,1901.0
2023-03-09 11:01:00,CNOB,22.25,22.25,22.260000228881836,22.25,22.260000228881836,952.0
2023-03-09 11:01:00,COLB,25.822500228881836,25.822500228881836,25.905000686645508,25.822500228881836,25.905000686645508,26301.0
2023-03-09 11:01:00,COOP,44.869998931884766,44.869998931884766,44.880001068115234,44.869998931884766,44.880001068115234,2737.0
2023-03-09 11:01:00,CSQ,14.050299644470215,14.050299644470215,14.050299644470215,14.050299644470215,14.050299644470215,217.0
2023-03-09 11:01:00,CSWC,18.5802001953125,18.5802001953125,18.5802001953125,18.579999923706055,18.579999923706055,479.0
2023-03-09 11:01:00,CVBF,22.010000228881836,22.010000228881836,22.040000915527344,22.010000228881836,22.040000915527344,1348.0
2023-03-09 11:01:00,DCOM,29.729999542236328,29.729999542236328,29.75,29.690000534057617,29.729999542236328,10087.0
2023-03-09 11:01:00,DGICA,15.029999732971191,15.029999732971191,15.029999732971191,15.029999732971191,15.029999732971191,766.0
2023-03-09 11:01:00,DWAC,14.110099792480469,14.110099792480469,14.110099792480469,14.110099792480469,14.110099792480469,265.0
2023-03-09 11:01:00,EBC,14.920000076293945,14.920000076293945,14.925000190734863,14.90999984741211,14.925000190734863,2784.0
2023-03-09 11:01:00,EFSC,51.689998626708984,51.689998626708984,51.709999084472656,51.689998626708984,51.709999084472656,342.0
2023-03-09 11:01:00,EGBN,40.9109992980957,40.9109992980957,40.939998626708984,40.900001525878906,40.939998626708984,809.0
2023-03-09 11:01:00,ESGRP,23.3341007232666,23.3341007232666,23.3341007232666,23.3341007232666,23.3341007232666,1078.0
2023-03-09 11:01:00,ESQ,42.349998474121094,42.349998474121094,42.349998474121094,42.349998474121094,42.349998474121094,222.0
2023-03-09 11:01:00,EWBC,69.79000091552734,69.79000091552734,69.82499694824219,69.73500061035156,69.80000305175781,3779.0
2023-03-09 11:01:00,EZPW,8.90999984741211,8.90999984741211,8.90999984741211,8.90999984741211,8.90999984741211,306.0
2023-03-09 11:01:00,FBMS,29.0,29.0,29.059999465942383,29.0,29.040000915527344,654.0
2023-03-09 11:01:00,FBNC,38.689998626708984,38.689998626708984,38.689998626708984,38.689998626708984,38.689998626708984,360.0
2023-03-09 11:01:00,FCNCA,666.9650268554688,666.9650268554688,668.39501953125,666.9650268554688,668.39501953125,1805.0
2023-03-09 11:01:00,FFBC,22.649999618530273,22.649999618530273,22.670000076293945,22.649999618530273,22.670000076293945,1207.0
2023-03-09 11:01:00,FFIC,17.520000457763672,17.520000457763672,17.540000915527344,17.520000457763672,17.540000915527344,3348.0
2023-03-09 11:01:00,FFIN,34.0,34.0,34.040000915527344,34.0,34.040000915527344,626.0
2023-03-09 11:01:00,FFWM,13.34000015258789,13.34000015258789,13.369999885559082,13.34000015258789,13.369999885559082,1270.0
2023-03-09 11:01:00,FHB,24.290000915527344,24.290000915527344,24.309999465942383,24.290000915527344,24.309999465942383,2123.0
2023-03-09 11:01:00,FIBK,32.95000076293945,32.95000076293945,32.9900016784668,32.95000076293945,32.97999954223633,2440.0
2023-03-09 11:01:00,FITB,32.77000045776367,32.77000045776367,32.779998779296875,32.75,32.779998779296875,6825.0
2023-03-09 11:01:00,FLIC,16.350000381469727,16.350000381469727,16.350000381469727,16.350000381469727,16.350000381469727,3300.0
2023-03-09 11:01:00,FMNB,13.25879955291748,13.25879955291748,13.25879955291748,13.25,13.25,1901.0
2023-03-09 11:01:00,FNLC,28.760000228881836,28.760000228881836,28.760000228881836,28.760000228881836,28.760000228881836,150.0
2023-03-09 11:01:00,FOCS,51.77000045776367,51.77000045776367,51.775001525878906,51.77000045776367,51.775001525878906,400.0
2023-03-09 11:01:00,FRME,37.689998626708984,37.689998626708984,37.83319854736328,37.689998626708984,37.83319854736328,2122.0
2023-03-09 11:01:00,FRST,11.100000381469727,11.100000381469727,11.100000381469727,11.100000381469727,11.100000381469727,371.0
2023-03-09 11:01:00,FULT,15.850000381469727,15.850000381469727,15.859999656677246,15.850000381469727,15.859999656677246,1303.0
2023-03-09 11:01:00,FUTU,46.9900016784668,46.9900016784668,47.03499984741211,46.97999954223633,46.97999954223633,1910.0
2023-03-09 11:01:00,GBDC,13.515000343322754,13.515000343322754,13.515000343322754,13.515000343322754,13.515000343322754,326.0
2023-03-09 11:01:00,GECC,9.479999542236328,9.479999542236328,9.559900283813477,9.479999542236328,9.559900283813477,1350.0
2023-03-09 11:01:00,GGAL,12.770000457763672,12.770000457763672,12.770000457763672,12.770000457763672,12.770000457763672,182.0
2023-03-09 11:01:00,GOCO,18.809999465942383,18.809999465942383,18.809999465942383,18.809999465942383,18.809999465942383,652.0
2023-03-09 11:01:00,HAFC,22.059999465942383,22.059999465942383,22.059999465942383,22.059999465942383,22.059999465942383,689.0
2023-03-09 11:01:00,HBAN,14.119999885559082,14.119999885559082,14.130000114440918,14.119999885559082,14.130000114440918,26802.0
2023-03-09 11:01:00,HBNC,14.220000267028809,14.220000267028809,14.220000267028809,14.220000267028809,14.220000267028809,425.0
2023-03-09 11:01:00,HBT,22.0,22.0,22.010000228881836,22.0,22.010000228881836,1084.0
2023-03-09 11:01:00,HFWA,24.8700008392334,24.8700008392334,24.889999389648438,24.8700008392334,24.889999389648438,1223.0
2023-03-09 11:01:00,HIVE,2.630000114440918,2.630000114440918,2.630000114440918,2.630000114440918,2.630000114440918,1029.0
2023-03-09 11:01:00,HLNE,76.91999816894531,76.91999816894531,76.91999816894531,76.91999816894531,76.91999816894531,244.0
2023-03-09 11:01:00,HMST,22.579999923706055,22.579999923706055,22.579999923706055,22.579999923706055,22.579999923706055,234.0
2023-03-09 11:01:00,HONE,12.770000457763672,12.770000457763672,12.770000457763672,12.770000457763672,12.770000457763672,1198.0
2023-03-09 11:01:00,HOPE,11.994999885559082,11.994999885559082,11.994999885559082,11.994999885559082,11.994999885559082,401.0
2023-03-09 11:01:00,HTBK,11.039999961853027,11.039999961853027,11.039999961853027,11.039999961853027,11.039999961853027,1379.0
2023-03-09 11:01:00,HTLF,45.61000061035156,45.61000061035156,45.61000061035156,45.56999969482422,45.56999969482422,646.0
2023-03-09 11:01:00,HUT,1.4306000471115112,1.4306000471115112,1.4306000471115112,1.4299999475479126,1.4299999475479126,14884.0
2023-03-09 11:01:00,HWC,44.58000183105469,44.58000183105469,44.650001525878906,44.58000183105469,44.650001525878906,525.0
2023-03-09 11:01:00,IBKR,88.75630187988281,88.75630187988281,88.7750015258789,88.75630187988281,88.7750015258789,336.0
2023-03-09 11:01:00,IBOC,45.40999984741211,45.40999984741211,45.40999984741211,45.380001068115234,45.380001068115234,1380.0
2023-03-09 11:01:00,INTR,2.009999990463257,2.009999990463257,2.009999990463257,2.009999990463257,2.009999990463257,200.0
2023-03-09 11:02:00,ABCB,43.34000015258789,43.34000015258789,43.34000015258789,43.34000015258789,43.34000015258789,348.0
2023-03-09 11:02:00,ACGL,70.0199966430664,70.0199966430664,70.04000091552734,70.0000991821289,70.04000091552734,1651.0
2023-03-09 11:02:00,ALRS,18.889999389648438,18.889999389648438,18.889999389648438,18.889999389648438,18.889999389648438,106.0
2023-03-09 11:02:00,APMI,10.170000076293945,10.170000076293945,10.180000305175781,10.170000076293945,10.180000305175781,300.0
2023-03-09 11:02:00,ARCC,19.114999771118164,19.114999771118164,19.114999771118164,19.110000610351562,19.114999771118164,1266.0
2023-03-09 11:02:00,ATLO,23.700000762939453,23.700000762939453,23.709999084472656,23.700000762939453,23.709999084472656,1950.0
2023-03-09 11:02:00,BFST,18.931100845336914,18.931100845336914,18.940000534057617,18.931100845336914,18.940000534057617,799.0
2023-03-09 11:02:00,BGCP,5.054999828338623,5.054999828338623,5.054999828338623,5.054999828338623,5.054999828338623,1583.0
2023-03-09 11:02:00,BHF,53.665000915527344,53.665000915527344,53.689998626708984,53.630001068115234,53.68000030517578,4624.0
2023-03-09 11:02:00,BITF,0.7950999736785889,0.7950999736785889,0.7950999736785889,0.7950000166893005,0.7950000166893005,6200.0
2023-03-09 11:02:00,BKCC,3.680000066757202,3.680000066757202,3.680000066757202,3.680000066757202,3.680000066757202,1034.0
2023-03-09 11:02:00,BPOP,62.2400016784668,62.2400016784668,62.39500045776367,62.2400016784668,62.33000183105469,971.0
2023-03-09 11:02:00,BSRR,19.450000762939453,19.450000762939453,19.450000762939453,19.450000762939453,19.450000762939453,1019.0
2023-03-09 11:02:00,BUSE,22.6299991607666,22.6299991607666,22.6299991607666,22.6299991607666,22.6299991607666,289.0
2023-03-09 11:02:00,CATY,40.040000915527344,40.040000915527344,40.040000915527344,40.0099983215332,40.040000915527344,1779.0
2023-03-09 11:02:00,CBNK,19.110000610351562,19.110000610351562,19.1200008392334,19.065000534057617,19.110000610351562,691.0
2023-03-09 11:02:00,CFFN,7.590000152587891,7.590000152587891,7.59499979019165,7.590000152587891,7.590000152587891,567.0
2023-03-09 11:02:00,CG,34.47999954223633,34.47999954223633,34.5,34.47999954223633,34.5,1876.0
2023-03-09 11:02:00,CGBD,15.079999923706055,15.079999923706055,15.079999923706055,15.079999923706055,15.079999923706055,900.0
2023-03-09 11:02:00,CGO,9.861000061035156,9.861000061035156,9.861000061035156,9.861000061035156,9.861000061035156,207.0
2023-03-09 11:02:00,CHCO,91.45999908447266,91.45999908447266,91.45999908447266,91.45999908447266,91.45999908447266,413.0
2023-03-09 11:02:00,CHEAU,10.510000228881836,10.510000228881836,10.510000228881836,10.510000228881836,10.510000228881836,100.0
2023-03-09 11:02:00,CIVB,20.770000457763672,20.770000457763672,20.770000457763672,20.770000457763672,20.770000457763672,179.0
2023-03-09 11:02:00,CME,181.0800018310547,181.0800018310547,181.0800018310547,181.0800018310547,181.0800018310547,241.0
2023-03-09 11:02:00,COLB,25.799999237060547,25.799999237060547,25.825000762939453,25.790000915527344,25.82270050048828,7055.0
2023-03-09 11:02:00,CVBF,22.010000228881836,22.010000228881836,22.014999389648438,22.010000228881836,22.010000228881836,1586.0
2023-03-09 11:02:00,CVCY,24.56089973449707,24.56089973449707,24.575000762939453,24.53260040283203,24.575000762939453,810.0
2023-03-09 11:02:00,DCOM,29.68000030517578,29.68000030517578,29.739999771118164,29.68000030517578,29.729999542236328,3388.0
2023-03-09 11:02:00,EBC,14.90999984741211,14.90999984741211,14.914999961853027,14.90999984741211,14.914999961853027,222.0
2023-03-09 11:02:00,ECPG,50.619998931884766,50.619998931884766,50.619998931884766,50.41999816894531,50.41999816894531,2412.0
2023-03-09 11:02:00,EFSC,51.630001068115234,51.630001068115234,51.630001068115234,51.58000183105469,51.58000183105469,389.0
2023-03-09 11:02:00,EGBN,40.900001525878906,40.900001525878906,40.900001525878906,40.900001525878906,40.900001525878906,303.0
2023-03-09 11:02:00,EWBC,69.76000213623047,69.76000213623047,69.79000091552734,69.76000213623047,69.79000091552734,1675.0
2023-03-09 11:02:00,EZPW,8.904999732971191,8.904999732971191,8.904999732971191,8.895000457763672,8.895000457763672,2718.0
2023-03-09 11:02:00,FBMS,28.969999313354492,28.969999313354492,28.969999313354492,28.969999313354492,28.969999313354492,565.0
2023-03-09 11:02:00,FCFS,88.07499694824219,88.07499694824219,88.07499694824219,88.07499694824219,88.07499694824219,491.0
2023-03-09 11:02:00,FFBC,22.6200008392334,22.6200008392334,22.639999389648438,22.6200008392334,22.639999389648438,859.0
2023-03-09 11:02:00,FFIN,34.0,34.0,34.0,34.0,34.0,421.0
2023-03-09 11:02:00,FFWM,13.329999923706055,13.329999923706055,13.329999923706055,13.329999923706055,13.329999923706055,1660.0
2023-03-09 11:02:00,FIBK,32.935001373291016,32.935001373291016,32.939998626708984,32.935001373291016,32.939998626708984,612.0
2023-03-09 11:02:00,FITB,32.7400016784668,32.7400016784668,32.775001525878906,32.72999954223633,32.77000045776367,23573.0
2023-03-09 11:02:00,FLIC,16.350000381469727,16.350000381469727,16.350000381469727,16.350000381469727,16.350000381469727,2306.0
2023-03-09 11:02:00,FMNB,13.260000228881836,13.260000228881836,13.260000228881836,13.255000114440918,13.255000114440918,1207.0
2023-03-09 11:02:00,FNLC,28.700000762939453,28.700000762939453,28.700000762939453,28.700000762939453,28.700000762939453,202.0
2023-03-09 11:02:00,FNWB,13.829999923706055,13.829999923706055,13.899999618530273,13.8100004196167,13.829999923706055,1326.0
2023-03-09 11:02:00,FOCS,51.775001525878906,51.775001525878906,51.779998779296875,51.77000045776367,51.775001525878906,1423.0
2023-03-09 11:02:00,FRBK,1.7699999809265137,1.7699999809265137,1.7699999809265137,1.7699999809265137,1.7699999809265137,1806.0
2023-03-09 11:02:00,FULT,15.84000015258789,15.84000015258789,15.84000015258789,15.84000015258789,15.84000015258789,1979.0
2023-03-09 11:02:00,FUTU,47.029998779296875,47.029998779296875,47.029998779296875,46.974998474121094,46.9900016784668,1823.0
2023-03-09 11:02:00,GAIN,13.880000114440918,13.880000114440918,13.880000114440918,13.880000114440918,13.880000114440918,604.0
2023-03-09 11:02:00,GBDC,13.515000343322754,13.515000343322754,13.515000343322754,13.510000228881836,13.510000228881836,319.0
2023-03-09 11:02:00,GECC,9.5,9.5,9.5,9.5,9.5,119.0
2023-03-09 11:02:00,GLRE,10.180399894714355,10.180399894714355,10.180399894714355,10.180399894714355,10.180399894714355,102.0
2023-03-09 11:02:00,GOCO,18.600000381469727,18.600000381469727,18.610000610351562,18.600000381469727,18.610000610351562,433.0
2023-03-09 11:02:00,HBAN,14.119999885559082,14.119999885559082,14.130000114440918,14.114999771118164,14.130000114440918,38419.0
2023-03-09 11:02:00,HGBL,2.490000009536743,2.490000009536743,2.490000009536743,2.490000009536743,2.490000009536743,100.0
2023-03-09 11:02:00,HONE,12.760000228881836,12.760000228881836,12.760000228881836,12.760000228881836,12.760000228881836,795.0
2023-03-09 11:02:00,HOPE,11.979999542236328,11.979999542236328,11.979999542236328,11.979999542236328,11.979999542236328,209.0
2023-03-09 11:02:00,HTLF,45.56100082397461,45.56100082397461,45.56100082397461,45.56100082397461,45.56100082397461,656.0
2023-03-09 11:02:00,HUIZ,1.3700000047683716,1.3700000047683716,1.3700000047683716,1.3650000095367432,1.3700000047683716,1105.0
2023-03-09 11:02:00,HUT,1.4299999475479126,1.4299999475479126,1.4397000074386597,1.4299999475479126,1.4299999475479126,15322.0
2023-03-09 11:02:00,INTR,2.0199999809265137,2.0199999809265137,2.0199999809265137,2.0199999809265137,2.0199999809265137,370.0
2023-03-09 11:03:00,ABCB,43.33000183105469,43.33000183105469,43.33000183105469,43.33000183105469,43.33000183105469,154.0
2023-03-09 11:03:00,ACAB,10.345000267028809,10.345000267028809,10.345000267028809,10.345000267028809,10.345000267028809,1200.0
2023-03-09 11:03:00,ACGL,70.01499938964844,70.01499938964844,70.0199966430664,70.0,70.0199966430664,3993.0
2023-03-09 11:03:00,ACT,24.139999389648438,24.139999389648438,24.190000534057617,24.09000015258789,24.190000534057617,2531.0
2023-03-09 11:03:00,AMAL,21.399999618530273,21.399999618530273,21.399999618530273,21.399999618530273,21.399999618530273,786.0
2023-03-09 11:03:00,APLD,2.2200000286102295,2.2200000286102295,2.2200000286102295,2.2200000286102295,2.2200000286102295,850.0
2023-03-09 11:03:00,ARCC,19.114999771118164,19.114999771118164,19.114999771118164,19.110000610351562,19.110000610351562,1388.0
2023-03-09 11:03:00,ATLCP,20.389999389648438,20.389999389648438,20.389999389648438,20.389999389648438,20.389999389648438,100.0
2023-03-09 11:03:00,AUB,37.244998931884766,37.244998931884766,37.2599983215332,37.220001220703125,37.23500061035156,1157.0
2023-03-09 11:03:00,BANF,85.77999877929688,85.77999877929688,85.77999877929688,85.77999877929688,85.77999877929688,742.0
2023-03-09 11:03:00,BCBP,16.032899856567383,16.032899856567383,16.032899856567383,16.032899856567383,16.032899856567383,490.0
2023-03-09 11:03:00,BGCP,5.054999828338623,5.054999828338623,5.054999828338623,5.054999828338623,5.054999828338623,170.0
2023-03-09 11:03:00,BHF,53.630001068115234,53.630001068115234,53.665000915527344,53.630001068115234,53.665000915527344,3522.0
2023-03-09 11:03:00,BITF,0.7950000166893005,0.7950000166893005,0.7950019836425781,0.7950000166893005,0.7950000166893005,1100.0
2023-03-09 11:03:00,BKCC,3.680000066757202,3.680000066757202,3.680000066757202,3.680000066757202,3.680000066757202,305.0
2023-03-09 11:03:00,BMRC,26.719999313354492,26.719999313354492,26.719999313354492,26.719999313354492,26.719999313354492,135.0
2023-03-09 11:03:00,BPOP,62.15999984741211,62.15999984741211,62.15999984741211,62.15999984741211,62.15999984741211,523.0
2023-03-09 11:03:00,BRKL,11.704999923706055,11.704999923706055,11.710000038146973,11.699999809265137,11.710000038146973,6898.0
2023-03-09 11:03:00,BSRR,19.479999542236328,19.479999542236328,19.479999542236328,19.479999542236328,19.479999542236328,347.0
2023-03-09 11:03:00,BUSE,22.610000610351562,22.610000610351562,22.610000610351562,22.610000610351562,22.610000610351562,568.0
2023-03-09 11:03:00,CACC,443.5899963378906,443.5899963378906,443.7300109863281,443.5899963378906,443.7300109863281,909.0
2023-03-09 11:03:00,CASH,47.9900016784668,47.9900016784668,47.9900016784668,47.9900016784668,47.9900016784668,307.0
2023-03-09 11:03:00,CATY,40.0099983215332,40.0099983215332,40.025001525878906,40.0,40.0099983215332,3641.0
2023-03-09 11:03:00,CBSH,61.77000045776367,61.77000045776367,61.779998779296875,61.77000045776367,61.779998779296875,702.0
2023-03-09 11:03:00,CCB,42.720001220703125,42.720001220703125,42.720001220703125,42.720001220703125,42.720001220703125,102.0
2023-03-09 11:03:00,CFFN,7.585000038146973,7.585000038146973,7.590000152587891,7.585000038146973,7.590000152587891,2489.0
2023-03-09 11:03:00,CG,34.459999084472656,34.459999084472656,34.4900016784668,34.459999084472656,34.4900016784668,1474.0
2023-03-09 11:03:00,CGBD,15.09000015258789,15.09000015258789,15.09000015258789,15.079999923706055,15.09000015258789,3000.0
2023-03-09 11:03:00,CGO,9.84000015258789,9.84000015258789,9.86460018157959,9.84000015258789,9.86460018157959,802.0
2023-03-09 11:03:00,CHI,11.9350004196167,11.9350004196167,11.9399995803833,11.9350004196167,11.9399995803833,518.0
2023-03-09 11:03:00,CHMG,49.150001525878906,49.150001525878906,49.150001525878906,49.150001525878906,49.150001525878906,532.0
2023-03-09 11:03:00,CHY,12.3100004196167,12.3100004196167,12.311599731445312,12.3100004196167,12.311599731445312,309.0
2023-03-09 11:03:00,CINF,117.2249984741211,117.2249984741211,117.2249984741211,117.19999694824219,117.22000122070312,552.0
2023-03-09 11:03:00,CME,180.92999267578125,180.92999267578125,181.14999389648438,180.91000366210938,181.14999389648438,3029.0
2023-03-09 11:03:00,COLB,25.774999618530273,25.774999618530273,25.815000534057617,25.774999618530273,25.809999465942383,4530.0
2023-03-09 11:03:00,COOP,44.810001373291016,44.810001373291016,44.880001068115234,44.810001373291016,44.880001068115234,2169.0
2023-03-09 11:03:00,CRVL,179.39999389648438,179.39999389648438,179.39999389648438,179.39999389648438,179.39999389648438,152.0
2023-03-09 11:03:00,CSWC,18.559999465942383,18.559999465942383,18.56999969482422,18.55500030517578,18.56999969482422,2434.0
2023-03-09 11:03:00,CVBF,22.010000228881836,22.010000228881836,22.020000457763672,22.0,22.010000228881836,9257.0
2023-03-09 11:03:00,CVCY,24.510000228881836,24.510000228881836,24.510000228881836,24.510000228881836,24.510000228881836,300.0
2023-03-09 11:03:00,CZNC,22.170000076293945,22.170000076293945,22.170000076293945,22.149999618530273,22.149999618530273,540.0
2023-03-09 11:03:00,DNAD,10.199999809265137,10.199999809265137,10.199999809265137,10.199999809265137,10.199999809265137,100.0
2023-03-09 11:03:00,DWAC,14.109999656677246,14.109999656677246,14.119000434875488,14.109999656677246,14.119000434875488,1551.0
2023-03-09 11:03:00,EBC,14.90999984741211,14.90999984741211,14.90999984741211,14.90999984741211,14.90999984741211,1078.0
2023-03-09 11:03:00,ECPG,50.63999938964844,50.63999938964844,50.63999938964844,50.619998931884766,50.619998931884766,605.0
2023-03-09 11:03:00,EGBN,40.95000076293945,40.95000076293945,40.95000076293945,40.90999984741211,40.90999984741211,916.0
2023-03-09 11:03:00,EHTH,9.145000457763672,9.145000457763672,9.149999618530273,9.140000343322754,9.149999618530273,1189.0
2023-03-09 11:03:00,ERIE,234.75,234.75,234.75,234.75,234.75,609.0
2023-03-09 11:03:00,EWBC,69.68000030517578,69.68000030517578,69.73999786376953,69.62999725341797,69.73999786376953,2706.0
2023-03-09 11:03:00,EZPW,8.899999618530273,8.899999618530273,8.904999732971191,8.899999618530273,8.904999732971191,1620.0
2023-03-09 11:03:00,FBMS,28.899999618530273,28.899999618530273,28.899999618530273,28.899999618530273,28.899999618530273,225.0
2023-03-09 11:03:00,FCNCA,664.6500244140625,664.6500244140625,664.6500244140625,664.6500244140625,664.6500244140625,236.0
2023-03-09 11:03:00,FCRD,4.650000095367432,4.650000095367432,4.650000095367432,4.639999866485596,4.650000095367432,300.0
2023-03-09 11:03:00,FFBC,22.639999389648438,22.639999389648438,22.649999618530273,22.639999389648438,22.639999389648438,1904.0
2023-03-09 11:03:00,FFIN,34.0099983215332,34.0099983215332,34.02000045776367,33.9900016784668,33.9900016784668,6004.0
2023-03-09 11:03:00,FFWM,13.329999923706055,13.329999923706055,13.34000015258789,13.3149995803833,13.34000015258789,713.0
2023-03-09 11:03:00,FIBK,32.90999984741211,32.90999984741211,32.95000076293945,32.90999984741211,32.95000076293945,1172.0
2023-03-09 11:03:00,FISI,23.459999084472656,23.459999084472656,23.459999084472656,23.459999084472656,23.459999084472656,450.0
2023-03-09 11:03:00,FITB,32.689998626708984,32.689998626708984,32.7400016784668,32.68000030517578,32.7400016784668,13671.0
2023-03-09 11:03:00,FLIC,16.18000030517578,16.18000030517578,16.350000381469727,16.18000030517578,16.350000381469727,13877.0
2023-03-09 11:03:00,FOCS,51.77000045776367,51.77000045776367,51.779998779296875,51.77000045776367,51.779998779296875,1500.0
2023-03-09 11:03:00,FRBK,1.767899990081787,1.767899990081787,1.767899990081787,1.767899990081787,1.767899990081787,305.0
2023-03-09 11:03:00,FULT,15.829999923706055,15.829999923706055,15.850000381469727,15.829999923706055,15.850000381469727,2240.0
2023-03-09 11:03:00,FUTU,47.0,47.0,47.0,46.93000030517578,46.93000030517578,2391.0
2023-03-09 11:03:00,GAIN,13.870200157165527,13.870200157165527,13.870200157165527,13.869999885559082,13.869999885559082,419.0
2023-03-09 11:03:00,GBDC,13.505000114440918,13.505000114440918,13.515000343322754,13.505000114440918,13.515000343322754,1369.0
2023-03-09 11:03:00,GCMG,8.430000305175781,8.430000305175781,8.430000305175781,8.430000305175781,8.430000305175781,499.0
2023-03-09 11:03:00,GECC,9.5,9.5,9.5,9.489999771118164,9.5,1499.0
2023-03-09 11:03:00,GGAL,12.770000457763672,12.770000457763672,12.770000457763672,12.770000457763672,12.770000457763672,200.0
2023-03-09 11:03:00,GLAD,9.960000038146973,9.960000038146973,9.970000267028809,9.960000038146973,9.970000267028809,4775.0
2023-03-09 11:03:00,GOCO,18.540000915527344,18.540000915527344,18.540000915527344,18.540000915527344,18.540000915527344,231.0
2023-03-09 11:03:00,GSHD,52.98500061035156,52.98500061035156,53.0,52.98500061035156,53.0,403.0
2023-03-09 11:03:00,GSRMW,0.07500000298023224,0.07500000298023224,0.07500000298023224,0.07500000298023224,0.07500000298023224,180.0
2023-03-09 11:03:00,HBAN,14.104999542236328,14.104999542236328,14.114999771118164,14.100000381469727,14.109999656677246,21848.0
2023-03-09 11:03:00,HBT,22.0,22.0,22.0,22.0,22.0,162.0
2023-03-09 11:03:00,HFWA,24.829999923706055,24.829999923706055,24.829999923706055,24.799999237060547,24.799999237060547,476.0
2023-03-09 11:03:00,HIVE,2.625,2.625,2.630000114440918,2.619999885559082,2.630000114440918,362.0
2023-03-09 11:03:00,HMST,22.5,22.5,22.5,22.5,22.5,332.0
2023-03-09 11:03:00,HONE,12.75,12.75,12.760000228881836,12.75,12.760000228881836,1308.0
2023-03-09 11:03:00,HOPE,11.975000381469727,11.975000381469727,11.975000381469727,11.970000267028809,11.975000381469727,826.0
2023-03-09 11:03:00,HTBK,11.03499984741211,11.03499984741211,11.03499984741211,11.03499984741211,11.03499984741211,507.0
2023-03-09 11:03:00,HUT,1.4249999523162842,1.4249999523162842,1.4397000074386597,1.4249999523162842,1.4397000074386597,39512.0
2023-03-09 11:03:00,HWC,44.59000015258789,44.59000015258789,44.59000015258789,44.59000015258789,44.59000015258789,687.0
2023-03-09 11:03:00,IBKR,88.63999938964844,88.63999938964844,88.69999694824219,88.63999938964844,88.69000244140625,1084.0
2023-03-09 11:03:00,INDB,73.19000244140625,73.19000244140625,73.19000244140625,73.19000244140625,73.19000244140625,239.0
2023-03-09 11:03:00,INTR,2.009999990463257,2.009999990463257,2.0299999713897705,2.009999990463257,2.0299999713897705,1144.0
2023-03-09 11:04:00,ABCB,43.29999923706055,43.29999923706055,43.29999923706055,43.29999923706055,43.29999923706055,791.0
2023-03-09 11:04:00,ACGL,70.0,70.0,70.0199966430664,70.0,70.01000213623047,1711.0
2023-03-09 11:04:00,ACQR,10.204999923706055,10.204999923706055,10.204999923706055,10.204999923706055,10.204999923706055,1600.0
2023-03-09 11:04:00,ARBK,1.5,1.5,1.5,1.5,1.5,499.0
2023-03-09 11:04:00,ARCC,19.110000610351562,19.110000610351562,19.110000610351562,19.110000610351562,19.110000610351562,225.0
2023-03-09 11:04:00,AUB,37.220001220703125,37.220001220703125,37.23500061035156,37.220001220703125,37.22999954223633,1262.0
2023-03-09 11:04:00,BGCP,5.054999828338623,5.054999828338623,5.054999828338623,5.054999828338623,5.054999828338623,546.0
2023-03-09 11:04:00,BHF,53.60499954223633,53.60499954223633,53.619998931884766,53.56999969482422,53.59000015258789,2672.0
2023-03-09 11:04:00,BITF,0.790690004825592,0.790690004825592,0.7950000166893005,0.7894999980926514,0.7950000166893005,26451.0
2023-03-09 11:04:00,BKCC,3.6700000762939453,3.6700000762939453,3.6800999641418457,3.6700000762939453,3.680000066757202,7005.0
2023-03-09 11:04:00,BPOP,62.154998779296875,62.154998779296875,62.20000076293945,62.130001068115234,62.130001068115234,2681.0
2023-03-09 11:04:00,BRKL,11.704999923706055,11.704999923706055,11.704999923706055,11.704999923706055,11.704999923706055,100.0
2023-03-09 11:04:00,BTCS,1.25,1.25,1.25,1.25,1.25,10900.0
2023-03-09 11:04:00,BWB,13.664999961853027,13.664999961853027,13.664999961853027,13.664999961853027,13.664999961853027,250.0
2023-03-09 11:04:00,CARE,16.670000076293945,16.670000076293945,16.670000076293945,16.670000076293945,16.670000076293945,359.0
2023-03-09 11:04:00,CASH,47.9900016784668,47.9900016784668,47.9900016784668,47.9900016784668,47.9900016784668,414.0
2023-03-09 11:04:00,CATY,40.029998779296875,40.029998779296875,40.029998779296875,39.959999084472656,40.0099983215332,12377.0
2023-03-09 11:04:00,CBSH,61.75,61.75,61.75,61.709999084472656,61.72999954223633,1034.0
2023-03-09 11:04:00,CFB,12.539999961853027,12.539999961853027,12.539999961853027,12.539999961853027,12.539999961853027,147.0
2023-03-09 11:04:00,CG,34.47999954223633,34.47999954223633,34.47999954223633,34.45500183105469,34.45500183105469,3389.0
2023-03-09 11:04:00,CGBD,15.09000015258789,15.09000015258789,15.09000015258789,15.09000015258789,15.09000015258789,1031.0
2023-03-09 11:04:00,CHCO,91.26000213623047,91.26000213623047,91.26000213623047,91.26000213623047,91.26000213623047,655.0
2023-03-09 11:04:00,CHMG,49.16999816894531,49.16999816894531,49.16999816894531,49.15999984741211,49.15999984741211,1341.0
2023-03-09 11:04:00,CINF,117.33000183105469,117.33000183105469,117.33000183105469,117.25,117.25,833.0
2023-03-09 11:04:00,CME,180.9199981689453,180.9199981689453,180.92999267578125,180.9199981689453,180.92999267578125,1139.0
2023-03-09 11:04:00,CNOB,22.219999313354492,22.219999313354492,22.219999313354492,22.219999313354492,22.219999313354492,100.0
2023-03-09 11:04:00,COLB,25.770000457763672,25.770000457763672,25.774999618530273,25.7549991607666,25.770000457763672,5492.0
2023-03-09 11:04:00,COOP,44.81999969482422,44.81999969482422,44.83000183105469,44.790000915527344,44.790000915527344,1521.0
2023-03-09 11:04:00,CSWC,18.56999969482422,18.56999969482422,18.56999969482422,18.56999969482422,18.56999969482422,100.0
2023-03-09 11:04:00,CVBF,22.010000228881836,22.010000228881836,22.020000457763672,22.010000228881836,22.020000457763672,786.0
2023-03-09 11:04:00,CZNC,22.170000076293945,22.170000076293945,22.170000076293945,22.170000076293945,22.170000076293945,121.0
2023-03-09 11:04:00,DCOM,29.6299991607666,29.6299991607666,29.645000457763672,29.59000015258789,29.645000457763672,1107.0
2023-03-09 11:04:00,EBC,14.90999984741211,14.90999984741211,14.90999984741211,14.90999984741211,14.90999984741211,1422.0
2023-03-09 11:04:00,EFSC,51.56999969482422,51.56999969482422,51.56999969482422,51.56999969482422,51.56999969482422,138.0
2023-03-09 11:04:00,ERIE,234.77999877929688,234.77999877929688,234.77999877929688,234.77999877929688,234.77999877929688,298.0
2023-03-09 11:04:00,EWBC,69.68000030517578,69.68000030517578,69.68000030517578,69.66000366210938,69.66000366210938,1112.0
2023-03-09 11:04:00,EZPW,8.899999618530273,8.899999618530273,8.899999618530273,8.899999618530273,8.899999618530273,608.0
2023-03-09 11:04:00,FBNC,38.619998931884766,38.619998931884766,38.619998931884766,38.619998931884766,38.619998931884766,254.0
2023-03-09 11:04:00,FCNCA,664.64501953125,664.64501953125,664.64501953125,664.64501953125,664.64501953125,355.0
2023-03-09 11:04:00,FCRD,4.639999866485596,4.639999866485596,4.639999866485596,4.639999866485596,4.639999866485596,100.0
2023-03-09 11:04:00,FFBC,22.670000076293945,22.670000076293945,22.670000076293945,22.6299991607666,22.6299991607666,3162.0
2023-03-09 11:04:00,FFIN,34.0,34.0,34.0099983215332,34.0,34.0099983215332,300.0
2023-03-09 11:04:00,FFWM,13.300000190734863,13.300000190734863,13.300000190734863,13.300000190734863,13.300000190734863,178.0
2023-03-09 11:04:00,FGF,2.559999942779541,2.559999942779541,2.559999942779541,2.559999942779541,2.559999942779541,101.0
2023-03-09 11:04:00,FHB,24.280000686645508,24.280000686645508,24.280000686645508,24.280000686645508,24.280000686645508,635.0
2023-03-09 11:04:00,FIBK,32.88999938964844,32.88999938964844,32.88999938964844,32.88999938964844,32.88999938964844,186.0
2023-03-09 11:04:00,FITB,32.69499969482422,32.69499969482422,32.70000076293945,32.65999984741211,32.689998626708984,20350.0
2023-03-09 11:04:00,FMNB,13.265800476074219,13.265800476074219,13.265800476074219,13.265800476074219,13.265800476074219,1540.0
2023-03-09 11:04:00,FNWB,13.760000228881836,13.760000228881836,13.760000228881836,13.75,13.75,807.0
2023-03-09 11:04:00,FOCS,51.78499984741211,51.78499984741211,51.790000915527344,51.77000045776367,51.77000045776367,11181.0
2023-03-09 11:04:00,FTII,10.430000305175781,10.430000305175781,10.430000305175781,10.430000305175781,10.430000305175781,200.0
2023-03-09 11:04:00,FULT,15.829999923706055,15.829999923706055,15.829999923706055,15.824999809265137,15.829999923706055,1434.0
2023-03-09 11:04:00,FUTU,46.77000045776367,46.77000045776367,46.9900016784668,46.720001220703125,46.970001220703125,14759.0
2023-03-09 11:04:00,GABC,35.88999938964844,35.88999938964844,35.88999938964844,35.88999938964844,35.88999938964844,224.0
2023-03-09 11:04:00,GAIN,13.869999885559082,13.869999885559082,13.869999885559082,13.869999885559082,13.869999885559082,464.0
2023-03-09 11:04:00,GBDC,13.505000114440918,13.505000114440918,13.505000114440918,13.505000114440918,13.505000114440918,100.0
2023-03-09 11:04:00,GCBC,54.029998779296875,54.029998779296875,54.04999923706055,54.0099983215332,54.04999923706055,739.0
2023-03-09 11:04:00,GECC,9.5,9.5,9.5,9.5,9.5,160.0
2023-03-09 11:04:00,GGAL,12.760000228881836,12.760000228881836,12.760000228881836,12.739999771118164,12.760000228881836,689.0
2023-03-09 11:04:00,GLAD,9.960000038146973,9.960000038146973,9.960000038146973,9.960000038146973,9.960000038146973,319.0
2023-03-09 11:04:00,GXII,10.130000114440918,10.130000114440918,10.130000114440918,10.130000114440918,10.130000114440918,100.0
2023-03-09 11:04:00,HAFC,22.04010009765625,22.04010009765625,22.04010009765625,22.010000228881836,22.040000915527344,3176.0
2023-03-09 11:04:00,HBAN,14.104999542236328,14.104999542236328,14.104999542236328,14.09000015258789,14.104999542236328,41429.0
2023-03-09 11:04:00,HFWA,24.815000534057617,24.815000534057617,24.815000534057617,24.799999237060547,24.799999237060547,457.0
2023-03-09 11:04:00,HIVE,2.619999885559082,2.619999885559082,2.619999885559082,2.619999885559082,2.619999885559082,1845.0
2023-03-09 11:04:00,HOPE,11.970000267028809,11.970000267028809,11.970000267028809,11.970000267028809,11.970000267028809,282.0
2023-03-09 11:04:00,HUT,1.424299955368042,1.424299955368042,1.4249999523162842,1.4199999570846558,1.4199999570846558,3190.0
2023-03-09 11:04:00,HWC,44.59000015258789,44.59000015258789,44.59000015258789,44.59000015258789,44.59000015258789,184.0
2023-03-09 11:04:00,IBCP,20.770000457763672,20.770000457763672,20.770099639892578,20.770000457763672,20.770099639892578,1491.0
2023-03-09 11:04:00,IBKR,88.63999938964844,88.63999938964844,88.66000366210938,88.63999938964844,88.66000366210938,493.0
2023-03-09 11:04:00,IBOC,45.26499938964844,45.26499938964844,45.29999923706055,45.26499938964844,45.29999923706055,500.0
2023-03-09 11:04:00,IBTX,53.25,53.25,53.25,53.25,53.25,101.0
2023-03-09 11:04:00,INDB,73.0999984741211,73.0999984741211,73.20999908447266,73.0999984741211,73.19000244140625,1723.0
2023-03-09 11:05:00,ACGL,70.00749969482422,70.00749969482422,70.0199966430664,69.99009704589844,69.99009704589844,1292.0
2023-03-09 11:05:00,ACQR,10.204999923706055,10.204999923706055,10.204999923706055,10.204999923706055,10.204999923706055,1200.0
2023-03-09 11:05:00,APLD,2.2200000286102295,2.2200000286102295,2.2200000286102295,2.2200000286102295,2.2200000286102295,150.0
2023-03-09 11:05:00,ARCC,19.117000579833984,19.117000579833984,19.117000579833984,19.110000610351562,19.110000610351562,587.0
2023-03-09 11:05:00,AUB,37.16999816894531,37.16999816894531,37.220001220703125,37.15999984741211,37.220001220703125,2541.0
2023-03-09 11:05:00,BCBP,16.010000228881836,16.010000228881836,16.020000457763672,16.010000228881836,16.020000457763672,313.0
2023-03-09 11:05:00,BCML,19.770000457763672,19.770000457763672,19.770000457763672,19.770000457763672,19.770000457763672,104.0
2023-03-09 11:05:00,BGCP,5.054999828338623,5.054999828338623,5.054999828338623,5.054999828338623,5.054999828338623,692.0
2023-03-09 11:05:00,BHF,53.56999969482422,53.56999969482422,53.59000015258789,53.560001373291016,53.59000015258789,6765.0
2023-03-09 11:05:00,BITF,0.7886000275611877,0.7886000275611877,0.7900999784469604,0.7875000238418579,0.7900999784469604,2883.0
2023-03-09 11:05:00,BPOP,62.45000076293945,62.45000076293945,62.45000076293945,62.099998474121094,62.125,3762.0
2023-03-09 11:05:00,BRKL,11.6899995803833,11.6899995803833,11.699999809265137,11.680000305175781,11.699999809265137,10380.0
2023-03-09 11:05:00,BTBT,1.1644999980926514,1.1644999980926514,1.1644999980926514,1.1644999980926514,1.1644999980926514,150.0
2023-03-09 11:05:00,BUSE,22.610000610351562,22.610000610351562,22.610000610351562,22.610000610351562,22.610000610351562,100.0
2023-03-09 11:05:00,BWB,13.600000381469727,13.600000381469727,13.65999984741211,13.600000381469727,13.65999984741211,754.0
2023-03-09 11:05:00,CALB,25.0049991607666,25.0049991607666,25.100000381469727,25.0049991607666,25.090499877929688,2494.0
2023-03-09 11:05:00,CASH,47.970001220703125,47.970001220703125,47.9900016784668,47.939998626708984,47.9900016784668,3460.0
2023-03-09 11:05:00,CATC,71.37999725341797,71.37999725341797,71.37999725341797,71.37999725341797,71.37999725341797,229.0
2023-03-09 11:05:00,CATY,40.029998779296875,40.029998779296875,40.029998779296875,40.0099983215332,40.0099983215332,3554.0
2023-03-09 11:05:00,CBSH,61.7400016784668,61.7400016784668,61.7400016784668,61.7400016784668,61.7400016784668,790.0
2023-03-09 11:05:00,CCB,42.65999984741211,42.65999984741211,42.65999984741211,42.65999984741211,42.65999984741211,390.0
2023-03-09 11:05:00,CFB,12.520000457763672,12.520000457763672,12.520000457763672,12.520000457763672,12.520000457763672,192.0
2023-03-09 11:05:00,CG,34.46500015258789,34.46500015258789,34.474998474121094,34.46500015258789,34.474998474121094,766.0
2023-03-09 11:05:00,CGBD,15.109999656677246,15.109999656677246,15.109999656677246,15.09000015258789,15.09000015258789,4983.0
2023-03-09 11:05:00,CGO,9.84060001373291,9.84060001373291,9.84060001373291,9.84060001373291,9.84060001373291,176.0
2023-03-09 11:05:00,CHY,12.329999923706055,12.329999923706055,12.34000015258789,12.3100004196167,12.3100004196167,13926.0
2023-03-09 11:05:00,CIFR,1.4500000476837158,1.4500000476837158,1.4500000476837158,1.4450000524520874,1.4450000524520874,200.0
2023-03-09 11:05:00,CINF,117.26000213623047,117.26000213623047,117.33000183105469,117.20999908447266,117.20999908447266,3442.0
2023-03-09 11:05:00,CLST,12.880000114440918,12.880000114440918,12.880000114440918,12.880000114440918,12.880000114440918,1382.0
2023-03-09 11:05:00,CME,180.87890625,180.87890625,180.97999572753906,180.87890625,180.9199981689453,1601.0
2023-03-09 11:05:00,CNOB,22.2450008392334,22.2450008392334,22.2549991607666,22.2450008392334,22.2549991607666,350.0
2023-03-09 11:05:00,COLB,25.774999618530273,25.774999618530273,25.774999618530273,25.75,25.760000228881836,5807.0
2023-03-09 11:05:00,COOP,44.77000045776367,44.77000045776367,44.77000045776367,44.77000045776367,44.77000045776367,275.0
2023-03-09 11:05:00,CSWC,18.559999465942383,18.559999465942383,18.56220054626465,18.559999465942383,18.559999465942383,1267.0
2023-03-09 11:05:00,CVBF,22.024999618530273,22.024999618530273,22.040000915527344,22.010000228881836,22.010000228881836,3783.0
2023-03-09 11:05:00,DCOM,29.549999237060547,29.549999237060547,29.549999237060547,29.549999237060547,29.549999237060547,524.0
2023-03-09 11:05:00,DWAC,14.119999885559082,14.119999885559082,14.119999885559082,14.119999885559082,14.119999885559082,334.0
2023-03-09 11:05:00,EBC,14.90999984741211,14.90999984741211,14.90999984741211,14.90999984741211,14.90999984741211,5145.0
2023-03-09 11:05:00,EFSC,51.625,51.625,51.625,51.625,51.625,456.0
2023-03-09 11:05:00,EHTH,9.125,9.125,9.125,9.125,9.125,233.0
2023-03-09 11:05:00,ESQ,42.33000183105469,42.33000183105469,42.34000015258789,42.25,42.34000015258789,1444.0
2023-03-09 11:05:00,EWBC,69.66000366210938,69.66000366210938,69.66999816894531,69.5999984741211,69.62999725341797,10014.0
2023-03-09 11:05:00,EZPW,8.914999961853027,8.914999961853027,8.914999961853027,8.899999618530273,8.908100128173828,3908.0
2023-03-09 11:05:00,FBMS,28.940000534057617,28.940000534057617,28.940000534057617,28.899999618530273,28.905000686645508,823.0
2023-03-09 11:05:00,FBNC,38.5,38.5,38.540000915527344,38.5,38.540000915527344,809.0
2023-03-09 11:05:00,FCNCA,664.7150268554688,664.7150268554688,664.7150268554688,664.7150268554688,664.7150268554688,608.0
2023-03-09 11:05:00,FFIN,33.970001220703125,33.970001220703125,34.0,33.970001220703125,34.0,4548.0
2023-03-09 11:05:00,FFWM,13.289999961853027,13.289999961853027,13.3100004196167,13.289999961853027,13.300000190734863,3622.0
2023-03-09 11:05:00,FHB,24.290000915527344,24.290000915527344,24.290000915527344,24.270000457763672,24.270000457763672,1116.0
2023-03-09 11:05:00,FIBK,32.880001068115234,32.880001068115234,32.88999938964844,32.869998931884766,32.869998931884766,1126.0
2023-03-09 11:05:00,FITB,32.689998626708984,32.689998626708984,32.70000076293945,32.665000915527344,32.685001373291016,13759.0
2023-03-09 11:05:00,FLIC,16.18000030517578,16.18000030517578,16.18000030517578,16.18000030517578,16.18000030517578,127.0
2023-03-09 11:05:00,FMAO,23.94499969482422,23.94499969482422,23.94499969482422,23.94499969482422,23.94499969482422,469.0
2023-03-09 11:05:00,FMNB,13.260000228881836,13.260000228881836,13.260000228881836,13.260000228881836,13.260000228881836,1263.0
2023-03-09 11:05:00,FNCB,7.539999961853027,7.539999961853027,7.539999961853027,7.539999961853027,7.539999961853027,261.0
2023-03-09 11:05:00,FNWB,13.75,13.75,13.75,13.75,13.75,203.0
2023-03-09 11:05:00,FOCS,51.78499984741211,51.78499984741211,51.790000915527344,51.779998779296875,51.779998779296875,4532.0
2023-03-09 11:05:00,FRBK,1.7599999904632568,1.7599999904632568,1.7599999904632568,1.7599999904632568,1.7599999904632568,255.0
2023-03-09 11:05:00,FULT,15.829999923706055,15.829999923706055,15.829999923706055,15.829999923706055,15.829999923706055,720.0
2023-03-09 11:05:00,FUTU,46.849998474121094,46.849998474121094,46.92499923706055,46.77000045776367,46.81999969482422,11478.0
2023-03-09 11:05:00,GBDC,13.5,13.5,13.508600234985352,13.5,13.508600234985352,2670.0
2023-03-09 11:05:00,GLAD,9.960000038146973,9.960000038146973,9.960000038146973,9.960000038146973,9.960000038146973,264.0
2023-03-09 11:05:00,HAIAU,10.4399995803833,10.4399995803833,10.440099716186523,10.4399995803833,10.440099716186523,200.0
2023-03-09 11:05:00,HBAN,14.100000381469727,14.100000381469727,14.100000381469727,14.09000015258789,14.100000381469727,15874.0
2023-03-09 11:05:00,HLNE,76.93000030517578,76.93000030517578,76.93000030517578,76.87999725341797,76.93000030517578,819.0
2023-03-09 11:05:00,HOPE,11.96500015258789,11.96500015258789,11.96500015258789,11.954999923706055,11.96500015258789,2096.0
2023-03-09 11:05:00,HRZN,11.976200103759766,11.976200103759766,11.976200103759766,11.976200103759766,11.976200103759766,1605.0
2023-03-09 11:05:00,HTBK,11.029999732971191,11.029999732971191,11.029999732971191,11.029999732971191,11.029999732971191,451.0
2023-03-09 11:05:00,HUT,1.4249999523162842,1.4249999523162842,1.4249999523162842,1.4199999570846558,1.4199999570846558,354.0
2023-03-09 11:05:00,HWC,44.58000183105469,44.58000183105469,44.58000183105469,44.58000183105469,44.58000183105469,328.0
2023-03-09 11:05:00,IBKR,88.56500244140625,88.56500244140625,88.56500244140625,88.56500244140625,88.56500244140625,303.0
2023-03-09 11:05:00,IBOC,45.22999954223633,45.22999954223633,45.22999954223633,45.22999954223633,45.22999954223633,648.0
2023-03-09 11:05:00,INDB,73.08000183105469,73.08000183105469,73.08000183105469,73.08000183105469,73.08000183105469,238.0
2023-03-09 11:05:00,INTR,2.0299999713897705,2.0299999713897705,2.0299999713897705,2.009999990463257,2.009999990463257,4733.0
2023-03-09 11:06:00,AAME,2.4149999618530273,2.4149999618530273,2.4149999618530273,2.4149999618530273,2.4149999618530273,418.0
2023-03-09 11:06:00,ABCB,43.279998779296875,43.279998779296875,43.279998779296875,43.279998779296875,43.279998779296875,433.0
2023-03-09 11:06:00,ACGL,69.9800033569336,69.9800033569336,70.01000213623047,69.97000122070312,70.01000213623047,3311.0
2023-03-09 11:06:00,ACQR,10.204999923706055,10.204999923706055,10.204999923706055,10.204999923706055,10.204999923706055,1600.0
2023-03-09 11:06:00,AFAR,10.399999618530273,10.399999618530273,10.399999618530273,10.399999618530273,10.399999618530273,0.0
2023-03-09 11:06:00,ARCC,19.114299774169922,19.114299774169922,19.114999771118164,19.110000610351562,19.110000610351562,1512.0
2023-03-09 11:06:00,AROW,28.709999084472656,28.709999084472656,28.709999084472656,28.709999084472656,28.709999084472656,317.0
2023-03-09 11:06:00,ASRV,3.9700000286102295,3.9700000286102295,3.9700000286102295,3.9700000286102295,3.9700000286102295,2617.0
2023-03-09 11:06:00,AUB,37.099998474121094,37.099998474121094,37.16999816894531,37.099998474121094,37.150001525878906,2859.0
2023-03-09 11:06:00,BANR,58.71500015258789,58.71500015258789,58.720001220703125,58.709999084472656,58.720001220703125,426.0
2023-03-09 11:06:00,BCBP,16.010000228881836,16.010000228881836,16.010000228881836,16.010000228881836,16.010000228881836,111.0
2023-03-09 11:06:00,BFST,18.8700008392334,18.8700008392334,18.8700008392334,18.8700008392334,18.8700008392334,128.0
2023-03-09 11:06:00,BGCP,5.045000076293945,5.045000076293945,5.054999828338623,5.045000076293945,5.054999828338623,2504.0
2023-03-09 11:06:00,BHF,53.540000915527344,53.540000915527344,53.560001373291016,53.540000915527344,53.560001373291016,2542.0
2023-03-09 11:06:00,BITF,0.7868000268936157,0.7868000268936157,0.7875000238418579,0.785099983215332,0.7875000238418579,7340.0
2023-03-09 11:06:00,BMRC,26.809999465942383,26.809999465942383,26.809999465942383,26.809999465942383,26.809999465942383,100.0
2023-03-09 11:06:00,BPOP,62.30500030517578,62.30500030517578,62.55500030517578,62.30500030517578,62.5099983215332,1846.0
2023-03-09 11:06:00,BRKL,11.680000305175781,11.680000305175781,11.6899995803833,11.680000305175781,11.6899995803833,316.0
2023-03-09 11:06:00,BSRR,19.450000762939453,19.450000762939453,19.450000762939453,19.450000762939453,19.450000762939453,506.0
2023-03-09 11:06:00,BTBT,1.1699999570846558,1.1699999570846558,1.1699999570846558,1.1699999570846558,1.1699999570846558,126.0
2023-03-09 11:06:00,BTCS,1.2300000190734863,1.2300000190734863,1.2300000190734863,1.2300000190734863,1.2300000190734863,147.0
2023-03-09 11:06:00,BUSE,22.59000015258789,22.59000015258789,22.59000015258789,22.59000015258789,22.59000015258789,411.0
2023-03-09 11:06:00,BWB,13.616999626159668,13.616999626159668,13.616999626159668,13.539999961853027,13.600000381469727,3367.0
2023-03-09 11:06:00,BWFG,28.110000610351562,28.110000610351562,28.139999389648438,28.110000610351562,28.139999389648438,491.0
2023-03-09 11:06:00,CASH,47.95000076293945,47.95000076293945,47.96500015258789,47.900001525878906,47.96500015258789,2600.0
2023-03-09 11:06:00,CATY,39.904998779296875,39.904998779296875,40.0099983215332,39.904998779296875,40.0099983215332,9146.0
2023-03-09 11:06:00,CBNK,19.1200008392334,19.1200008392334,19.1200008392334,19.079999923706055,19.079999923706055,723.0
2023-03-09 11:06:00,CCD,22.959999084472656,22.959999084472656,22.959999084472656,22.959999084472656,22.959999084472656,100.0
2023-03-09 11:06:00,CCNE,22.6299991607666,22.6299991607666,22.639999389648438,22.6299991607666,22.639999389648438,668.0
2023-03-09 11:06:00,CFB,12.510000228881836,12.510000228881836,12.510000228881836,12.510000228881836,12.510000228881836,468.0
2023-03-09 11:06:00,CG,34.459999084472656,34.459999084472656,34.459999084472656,34.459999084472656,34.459999084472656,599.0
2023-03-09 11:06:00,CGBD,15.090999603271484,15.090999603271484,15.101699829101562,15.090999603271484,15.101699829101562,717.0
2023-03-09 11:06:00,CHI,11.9399995803833,11.9399995803833,11.9399995803833,11.9399995803833,11.9399995803833,183.0
2023-03-09 11:06:00,CINF,117.30000305175781,117.30000305175781,117.30000305175781,117.30000305175781,117.30000305175781,707.0
2023-03-09 11:06:00,CME,180.97470092773438,180.97470092773438,180.97470092773438,180.97000122070312,180.97000122070312,740.0
2023-03-09 11:06:00,CNOB,22.200000762939453,22.200000762939453,22.200000762939453,22.200000762939453,22.200000762939453,104.0
2023-03-09 11:06:00,CNOBP,21.25,21.25,21.25,21.25,21.25,0.0
2023-03-09 11:06:00,COLB,25.719999313354492,25.719999313354492,25.770000457763672,25.719999313354492,25.770000457763672,2303.0
2023-03-09 11:06:00,CRVL,179.3000030517578,179.3000030517578,179.3000030517578,179.3000030517578,179.3000030517578,1125.0
2023-03-09 11:06:00,CSQ,14.059000015258789,14.059000015258789,14.059000015258789,14.059000015258789,14.059000015258789,294.0
2023-03-09 11:06:00,CSTR,15.789999961853027,15.789999961853027,15.800000190734863,15.789999961853027,15.800000190734863,1080.0
2023-03-09 11:06:00,CSWC,18.559999465942383,18.559999465942383,18.559999465942383,18.559999465942383,18.559999465942383,117.0
2023-03-09 11:06:00,CUBA,3.924999952316284,3.924999952316284,3.924999952316284,3.924999952316284,3.924999952316284,1522.0
2023-03-09 11:06:00,CVBF,22.020000457763672,22.020000457763672,22.020000457763672,22.020000457763672,22.020000457763672,103.0
2023-03-09 11:06:00,CZNC,22.149999618530273,22.149999618530273,22.149999618530273,22.149999618530273,22.149999618530273,300.0
2023-03-09 11:06:00,DCOM,29.325000762939453,29.325000762939453,29.450000762939453,29.31999969482422,29.450000762939453,1415.0
2023-03-09 11:06:00,DWAC,14.130000114440918,14.130000114440918,14.130000114440918,14.130000114440918,14.130000114440918,311.0
2023-03-09 11:06:00,EBC,14.899999618530273,14.899999618530273,14.899999618530273,14.891200065612793,14.899999618530273,27143.0
2023-03-09 11:06:00,EGBN,40.880001068115234,40.880001068115234,40.95000076293945,40.869998931884766,40.95000076293945,1592.0
2023-03-09 11:06:00,EQBK,28.190000534057617,28.190000534057617,28.260000228881836,28.190000534057617,28.260000228881836,1002.0
2023-03-09 11:06:00,EWBC,69.52999877929688,69.52999877929688,69.55999755859375,69.52999877929688,69.55999755859375,402.0
2023-03-09 11:06:00,EZPW,8.90999984741211,8.90999984741211,8.90999984741211,8.90999984741211,8.90999984741211,381.0
2023-03-09 11:06:00,FANH,8.15999984741211,8.15999984741211,8.15999984741211,8.15999984741211,8.15999984741211,170.0
2023-03-09 11:06:00,FBMS,28.920000076293945,28.920000076293945,28.920000076293945,28.8799991607666,28.915000915527344,1036.0
2023-03-09 11:06:00,FBNC,38.48500061035156,38.48500061035156,38.48500061035156,38.48500061035156,38.48500061035156,864.0
2023-03-09 11:06:00,FCBC,28.694900512695312,28.694900512695312,28.694900512695312,28.694900512695312,28.694900512695312,554.0
2023-03-09 11:06:00,FCNCO,21.850000381469727,21.850000381469727,21.850000381469727,21.850000381469727,21.850000381469727,120.0
2023-03-09 11:06:00,FCRD,4.639999866485596,4.639999866485596,4.639999866485596,4.639999866485596,4.639999866485596,100.0
2023-03-09 11:06:00,FFBC,22.65999984741211,22.65999984741211,22.65999984741211,22.65999984741211,22.65999984741211,146.0
2023-03-09 11:06:00,FFIN,34.0,34.0,34.0,33.95000076293945,33.95000076293945,3628.0
2023-03-09 11:06:00,FFWM,13.289999961853027,13.289999961853027,13.3100004196167,13.289999961853027,13.289999961853027,1591.0
2023-03-09 11:06:00,FHB,24.280000686645508,24.280000686645508,24.280000686645508,24.280000686645508,24.280000686645508,427.0
2023-03-09 11:06:00,FITB,32.654998779296875,32.654998779296875,32.69499969482422,32.650001525878906,32.689998626708984,4312.0
2023-03-09 11:06:00,FLIC,16.170000076293945,16.170000076293945,16.170000076293945,16.170000076293945,16.170000076293945,285.0
2023-03-09 11:06:00,FMNB,13.260000228881836,13.260000228881836,13.260000228881836,13.260000228881836,13.260000228881836,551.0
2023-03-09 11:06:00,FNCB,7.454999923706055,7.454999923706055,7.5,7.454999923706055,7.5,808.0
2023-03-09 11:06:00,FNLC,28.549999237060547,28.549999237060547,28.549999237060547,28.549999237060547,28.549999237060547,555.0
2023-03-09 11:06:00,FNWB,13.75,13.75,13.75,13.75,13.75,9091.0
2023-03-09 11:06:00,FOCS,51.77000045776367,51.77000045776367,51.779998779296875,51.77000045776367,51.779998779296875,2274.0
2023-03-09 11:06:00,FRME,37.599998474121094,37.599998474121094,37.599998474121094,37.599998474121094,37.599998474121094,253.0
2023-03-09 11:06:00,FULT,15.829999923706055,15.829999923706055,15.829999923706055,15.829999923706055,15.829999923706055,573.0
2023-03-09 11:06:00,FUTU,46.84000015258789,46.84000015258789,46.8468017578125,46.790000915527344,46.8468017578125,559.0
2023-03-09 11:06:00,GBDC,13.494999885559082,13.494999885559082,13.494999885559082,13.494999885559082,13.494999885559082,356.0
2023-03-09 11:06:00,GGAL,12.770000457763672,12.770000457763672,12.770000457763672,12.770000457763672,12.770000457763672,229.0
2023-03-09 11:06:00,GLRE,10.15999984741211,10.15999984741211,10.15999984741211,10.15999984741211,10.15999984741211,100.0
2023-03-09 11:06:00,GSHD,53.031898498535156,53.031898498535156,53.031898498535156,53.031898498535156,53.031898498535156,1292.0
2023-03-09 11:06:00,HBAN,14.074999809265137,14.074999809265137,14.099900245666504,14.069999694824219,14.095000267028809,21386.0
2023-03-09 11:06:00,HBNC,14.199999809265137,14.199999809265137,14.199999809265137,14.199999809265137,14.199999809265137,1179.0
2023-03-09 11:06:00,HIVE,2.629199981689453,2.629199981689453,2.629199981689453,2.629199981689453,2.629199981689453,200.0
2023-03-09 11:06:00,HONE,12.75,12.75,12.75,12.75,12.75,275.0
2023-03-09 11:06:00,HOPE,11.949999809265137,11.949999809265137,11.960000038146973,11.944999694824219,11.960000038146973,9082.0
2023-03-09 11:06:00,HTBI,27.59000015258789,27.59000015258789,27.59000015258789,27.59000015258789,27.59000015258789,100.0
2023-03-09 11:06:00,HTBK,11.020000457763672,11.020000457763672,11.029999732971191,11.020000457763672,11.029999732971191,1429.0
2023-03-09 11:06:00,HTLF,45.4900016784668,45.4900016784668,45.5,45.4900016784668,45.5,344.0
2023-03-09 11:06:00,HWC,44.5099983215332,44.5099983215332,44.58000183105469,44.5099983215332,44.58000183105469,1140.0
2023-03-09 11:06:00,IBKR,88.55999755859375,88.55999755859375,88.55999755859375,88.55999755859375,88.55999755859375,105.0
2023-03-09 11:06:00,IBTX,53.06999969482422,53.06999969482422,53.06999969482422,53.06999969482422,53.06999969482422,266.0
2023-03-09 11:06:00,INDB,72.92500305175781,72.92500305175781,73.0,72.92500305175781,73.0,481.0
2023-03-09 11:07:00,ABCB,43.220001220703125,43.220001220703125,43.220001220703125,43.220001220703125,43.220001220703125,266.0
2023-03-09 11:07:00,ACGL,69.96499633789062,69.96499633789062,69.98999786376953,69.94000244140625,69.9800033569336,8190.0
2023-03-09 11:07:00,ACQR,10.204999923706055,10.204999923706055,10.204999923706055,10.204999923706055,10.204999923706055,1000.0
2023-03-09 11:07:00,AMSF,51.279998779296875,51.279998779296875,51.310001373291016,51.279998779296875,51.310001373291016,914.0
2023-03-09 11:07:00,AMTB,25.889999389648438,25.889999389648438,25.899999618530273,25.889999389648438,25.899999618530273,446.0
2023-03-09 11:07:00,APMI,10.170000076293945,10.170000076293945,10.170000076293945,10.170000076293945,10.170000076293945,308.0
2023-03-09 11:07:00,ARCC,19.114999771118164,19.114999771118164,19.118600845336914,19.114999771118164,19.118600845336914,1686.0
2023-03-09 11:07:00,AROW,28.56999969482422,28.56999969482422,28.56999969482422,28.56999969482422,28.56999969482422,101.0
2023-03-09 11:07:00,AUB,37.09000015258789,37.09000015258789,37.099998474121094,37.09000015258789,37.099998474121094,499.0
2023-03-09 11:07:00,BANF,85.66000366210938,85.66000366210938,85.66000366210938,85.58999633789062,85.62999725341797,1300.0
2023-03-09 11:07:00,BANR,58.4900016784668,58.4900016784668,58.4900016784668,58.4900016784668,58.4900016784668,156.0
2023-03-09 11:07:00,BCBP,16.010000228881836,16.010000228881836,16.010000228881836,16.010000228881836,16.010000228881836,411.0
2023-03-09 11:07:00,BGCP,5.045000076293945,5.045000076293945,5.050000190734863,5.045000076293945,5.050000190734863,1138.0
2023-03-09 11:07:00,BHF,53.5099983215332,53.5099983215332,53.540000915527344,53.5099983215332,53.540000915527344,1443.0
2023-03-09 11:07:00,BITF,0.7851999998092651,0.7851999998092651,0.7854499816894531,0.7821999788284302,0.7850000262260437,3275.0
2023-03-09 11:07:00,BLFY,11.755000114440918,11.755000114440918,11.755000114440918,11.744999885559082,11.755000114440918,421.0
2023-03-09 11:07:00,BMRC,26.760000228881836,26.760000228881836,26.780000686645508,26.68000030517578,26.770000457763672,2672.0
2023-03-09 11:07:00,BOKF,96.08999633789062,96.08999633789062,96.11000061035156,96.08999633789062,96.11000061035156,1468.0
2023-03-09 11:07:00,BPOP,62.290000915527344,62.290000915527344,62.3650016784668,62.290000915527344,62.29999923706055,897.0
2023-03-09 11:07:00,BRKL,11.65999984741211,11.65999984741211,11.670000076293945,11.65999984741211,11.670000076293945,777.0
2023-03-09 11:07:00,BRP,26.170000076293945,26.170000076293945,26.170000076293945,26.170000076293945,26.170000076293945,1011.0
2023-03-09 11:07:00,BUSE,22.584999084472656,22.584999084472656,22.584999084472656,22.56999969482422,22.56999969482422,408.0
2023-03-09 11:07:00,CASH,47.93000030517578,47.93000030517578,47.959999084472656,47.915000915527344,47.93000030517578,2483.0
2023-03-09 11:07:00,CATY,39.84000015258789,39.84000015258789,39.880001068115234,39.83000183105469,39.880001068115234,839.0
2023-03-09 11:07:00,CBAN,11.850000381469727,11.850000381469727,11.850000381469727,11.850000381469727,11.850000381469727,196.0
2023-03-09 11:07:00,CBSH,61.709999084472656,61.709999084472656,61.720001220703125,61.65999984741211,61.689998626708984,2356.0
2023-03-09 11:07:00,CFFN,7.588900089263916,7.588900089263916,7.588900089263916,7.588900089263916,7.588900089263916,615.0
2023-03-09 11:07:00,CG,34.46500015258789,34.46500015258789,34.470001220703125,34.46500015258789,34.470001220703125,1834.0
2023-03-09 11:07:00,CGO,9.850000381469727,9.850000381469727,9.850000381469727,9.850000381469727,9.850000381469727,274.0
2023-03-09 11:07:00,CHEAU,10.510000228881836,10.510000228881836,10.510000228881836,10.510000228881836,10.510000228881836,100.0
2023-03-09 11:07:00,CHI,11.92140007019043,11.92140007019043,11.930000305175781,11.920000076293945,11.920000076293945,6130.0
2023-03-09 11:07:00,CHY,12.312600135803223,12.312600135803223,12.327400207519531,12.312600135803223,12.327400207519531,773.0
2023-03-09 11:07:00,CIFR,1.440000057220459,1.440000057220459,1.440000057220459,1.440000057220459,1.440000057220459,100.0
2023-03-09 11:07:00,CINF,117.11499786376953,117.11499786376953,117.22000122070312,117.11499786376953,117.19999694824219,1912.0
2023-03-09 11:07:00,CIVB,20.770000457763672,20.770000457763672,20.780000686645508,20.700000762939453,20.700000762939453,697.0
2023-03-09 11:07:00,CLBK,19.829999923706055,19.829999923706055,19.90999984741211,19.829999923706055,19.889999389648438,2359.0
2023-03-09 11:07:00,CME,180.72999572753906,180.72999572753906,180.86000061035156,180.7100067138672,180.86000061035156,2357.0
2023-03-09 11:07:00,CNOB,22.229999542236328,22.229999542236328,22.229999542236328,22.229999542236328,22.229999542236328,202.0
2023-03-09 11:07:00,COLB,25.68000030517578,25.68000030517578,25.709999084472656,25.68000030517578,25.709999084472656,6687.0
2023-03-09 11:07:00,COOP,44.810001373291016,44.810001373291016,44.81999969482422,44.77000045776367,44.81999969482422,744.0
2023-03-09 11:07:00,CSTR,15.75,15.75,15.760000228881836,15.75,15.760000228881836,469.0
2023-03-09 11:07:00,CSWC,18.559999465942383,18.559999465942383,18.559999465942383,18.55500030517578,18.55929946899414,1487.0
2023-03-09 11:07:00,CVBF,21.950000762939453,21.950000762939453,22.0,21.950000762939453,22.0,2403.0
2023-03-09 11:07:00,EBC,14.899999618530273,14.899999618530273,14.899999618530273,14.890000343322754,14.890000343322754,2404.0
2023-03-09 11:07:00,EBTC,35.25,35.25,35.310001373291016,35.25,35.310001373291016,2065.0
2023-03-09 11:07:00,ECPG,50.630001068115234,50.630001068115234,50.689998626708984,50.630001068115234,50.689998626708984,1313.0
2023-03-09 11:07:00,EGBN,40.900001525878906,40.900001525878906,40.900001525878906,40.849998474121094,40.849998474121094,1545.0
2023-03-09 11:07:00,EQBK,28.1299991607666,28.1299991607666,28.149999618530273,28.1299991607666,28.149999618530273,418.0
2023-03-09 11:07:00,ESGR,230.8000030517578,230.8000030517578,230.8000030517578,230.8000030517578,230.8000030517578,575.0
2023-03-09 11:07:00,EWBC,69.3949966430664,69.3949966430664,69.5,69.36000061035156,69.5,2135.0
2023-03-09 11:07:00,EZPW,8.899999618530273,8.899999618530273,8.899999618530273,8.890000343322754,8.899999618530273,572.0
2023-03-09 11:07:00,FANH,8.149999618530273,8.149999618530273,8.149999618530273,8.149999618530273,8.149999618530273,205.0
2023-03-09 11:07:00,FBMS,28.93000030517578,28.93000030517578,28.93000030517578,28.8799991607666,28.8799991607666,4078.0
2023-03-09 11:07:00,FBNC,38.48500061035156,38.48500061035156,38.48500061035156,38.48500061035156,38.48500061035156,426.0
2023-03-09 11:07:00,FCFS,88.02999877929688,88.02999877929688,88.02999877929688,88.02999877929688,88.02999877929688,135.0
2023-03-09 11:07:00,FCRD,4.620100021362305,4.620100021362305,4.620100021362305,4.620100021362305,4.620100021362305,100.0
2023-03-09 11:07:00,FDUS,20.457300186157227,20.457300186157227,20.457300186157227,20.43000030517578,20.43000030517578,1180.0
2023-03-09 11:07:00,FFBC,22.6200008392334,22.6200008392334,22.639999389648438,22.6200008392334,22.639999389648438,697.0
2023-03-09 11:07:00,FFIN,34.0,34.0,34.0,33.98500061035156,33.9900016784668,1052.0
2023-03-09 11:07:00,FHB,24.260000228881836,24.260000228881836,24.260000228881836,24.260000228881836,24.260000228881836,503.0
2023-03-09 11:07:00,FIBK,32.7599983215332,32.7599983215332,32.77000045776367,32.7599983215332,32.77000045776367,699.0
2023-03-09 11:07:00,FITB,32.65999984741211,32.65999984741211,32.66999816894531,32.650001525878906,32.650001525878906,10435.0
2023-03-09 11:07:00,FLIC,16.145000457763672,16.145000457763672,16.145000457763672,16.145000457763672,16.145000457763672,120.0
2023-03-09 11:07:00,FMNB,13.25,13.25,13.25,13.25,13.25,168.0
2023-03-09 11:07:00,FOCS,51.775001525878906,51.775001525878906,51.775001525878906,51.775001525878906,51.775001525878906,195.0
2023-03-09 11:07:00,FRBA,12.899999618530273,12.899999618530273,12.899999618530273,12.899999618530273,12.899999618530273,2702.0
2023-03-09 11:07:00,FRBK,1.7549999952316284,1.7549999952316284,1.7599999904632568,1.75,1.7599999904632568,2544.0
2023-03-09 11:07:00,FRME,37.58000183105469,37.58000183105469,37.58000183105469,37.58000183105469,37.58000183105469,990.0
2023-03-09 11:07:00,FSBC,25.5,25.5,25.735000610351562,25.5,25.735000610351562,890.0
2023-03-09 11:07:00,FULT,15.8100004196167,15.8100004196167,15.8100004196167,15.800000190734863,15.8100004196167,984.0
2023-03-09 11:07:00,FUTU,46.849998474121094,46.849998474121094,46.91999816894531,46.81999969482422,46.81999969482422,4152.0
2023-03-09 11:07:00,GBDC,13.494999885559082,13.494999885559082,13.494999885559082,13.494999885559082,13.494999885559082,415.0
2023-03-09 11:07:00,GCMG,8.449999809265137,8.449999809265137,8.449999809265137,8.449999809265137,8.449999809265137,275.0
2023-03-09 11:07:00,GGAL,12.770000457763672,12.770000457763672,12.770000457763672,12.739999771118164,12.739999771118164,2485.0
2023-03-09 11:07:00,GLRE,10.130000114440918,10.130000114440918,10.130000114440918,10.130000114440918,10.130000114440918,625.0
2023-03-09 11:07:00,GSBC,54.18000030517578,54.18000030517578,54.18000030517578,54.18000030517578,54.18000030517578,340.0
2023-03-09 11:07:00,GSHD,53.0,53.0,53.04499816894531,53.0,53.04499816894531,420.0
2023-03-09 11:07:00,HAFC,22.010000228881836,22.010000228881836,22.030000686645508,22.010000228881836,22.030000686645508,670.0
2023-03-09 11:07:00,HBAN,14.074999809265137,14.074999809265137,14.079999923706055,14.069999694824219,14.079099655151367,11851.0
2023-03-09 11:07:00,HBNC,14.15999984741211,14.15999984741211,14.180000305175781,14.15999984741211,14.180000305175781,283.0
2023-03-09 11:07:00,HBT,22.0,22.0,22.0,22.0,22.0,197.0
2023-03-09 11:07:00,HIVE,2.630000114440918,2.630000114440918,2.630000114440918,2.630000114440918,2.630000114440918,1089.0
2023-03-09 11:07:00,HMST,22.424999237060547,22.424999237060547,22.424999237060547,22.424999237060547,22.424999237060547,163.0
2023-03-09 11:07:00,HONE,12.739999771118164,12.739999771118164,12.739999771118164,12.739999771118164,12.739999771118164,366.0
2023-03-09 11:07:00,HOPE,11.930000305175781,11.930000305175781,11.949999809265137,11.930000305175781,11.949999809265137,6882.0
2023-03-09 11:07:00,HTBI,27.59000015258789,27.59000015258789,27.59000015258789,27.59000015258789,27.59000015258789,104.0
2023-03-09 11:07:00,HTBK,11.0,11.0,11.010000228881836,11.0,11.010000228881836,719.0
2023-03-09 11:07:00,HTLF,45.439998626708984,45.439998626708984,45.439998626708984,45.439998626708984,45.439998626708984,415.0
2023-03-09 11:07:00,HUT,1.4200999736785889,1.4200999736785889,1.4249999523162842,1.4200999736785889,1.4249999523162842,1941.0
2023-03-09 11:07:00,IBCP,20.795000076293945,20.795000076293945,20.795000076293945,20.764999389648438,20.764999389648438,200.0
2023-03-09 11:07:00,IBOC,45.150001525878906,45.150001525878906,45.150001525878906,45.150001525878906,45.150001525878906,904.0
2023-03-09 11:07:00,IBTX,53.02000045776367,53.02000045776367,53.02000045776367,53.02000045776367,53.02000045776367,145.0
2023-03-09 11:07:00,INDB,72.66000366210938,72.66000366210938,72.91999816894531,72.66000366210938,72.91999816894531,891.0
2023-03-09 11:08:00,ABCB,43.189998626708984,43.189998626708984,43.189998626708984,43.189998626708984,43.189998626708984,680.0
2023-03-09 11:08:00,ACGL,70.0,70.0,70.01000213623047,69.94000244140625,69.9749984741211,9477.0
2023-03-09 11:08:00,ACGLO,22.530000686645508,22.530000686645508,22.540000915527344,22.530000686645508,22.540000915527344,792.0
2023-03-09 11:08:00,ACNB,35.20000076293945,35.20000076293945,35.20000076293945,35.20000076293945,35.20000076293945,208.0
2023-03-09 11:08:00,ACQR,10.204999923706055,10.204999923706055,10.204999923706055,10.204999923706055,10.204999923706055,210.0
2023-03-09 11:08:00,ACT,24.094999313354492,24.094999313354492,24.110000610351562,24.075000762939453,24.075000762939453,1484.0
2023-03-09 11:08:00,ALRS,18.8799991607666,18.8799991607666,18.8799991607666,18.829999923706055,18.850000381469727,1693.0
2023-03-09 11:08:00,APLD,2.2049999237060547,2.2049999237060547,2.2200000286102295,2.2049999237060547,2.2200000286102295,8215.0
2023-03-09 11:08:00,APMI,10.199999809265137,10.199999809265137,10.199999809265137,10.199999809265137,10.199999809265137,2092.0
2023-03-09 11:08:00,ARCC,19.114999771118164,19.114999771118164,19.11669921875,19.110000610351562,19.110000610351562,1857.0
2023-03-09 11:08:00,AROW,28.56999969482422,28.56999969482422,28.56999969482422,28.56999969482422,28.56999969482422,101.0
2023-03-09 11:08:00,AUB,37.06999969482422,37.06999969482422,37.119998931884766,37.06999969482422,37.09000015258789,1463.0
2023-03-09 11:08:00,BANF,85.63999938964844,85.63999938964844,85.6500015258789,85.63999938964844,85.63999938964844,988.0
2023-03-09 11:08:00,BANR,58.630001068115234,58.630001068115234,58.7400016784668,58.560001373291016,58.560001373291016,882.0
2023-03-09 11:08:00,BFST,18.829999923706055,18.829999923706055,18.829999923706055,18.829999923706055,18.829999923706055,498.0
2023-03-09 11:08:00,BGCP,5.045000076293945,5.045000076293945,5.045000076293945,5.045000076293945,5.045000076293945,400.0
2023-03-09 11:08:00,BHF,53.54999923706055,53.54999923706055,53.54999923706055,53.52000045776367,53.52000045776367,1412.0
2023-03-09 11:08:00,BHFAN,18.97949981689453,18.97949981689453,18.97949981689453,18.97949981689453,18.97949981689453,306.0
2023-03-09 11:08:00,BKCC,3.6700000762939453,3.6700000762939453,3.6700000762939453,3.6700000762939453,3.6700000762939453,345.0
2023-03-09 11:08:00,BMRC,26.700000762939453,26.700000762939453,26.770000457763672,26.700000762939453,26.729999542236328,1112.0
2023-03-09 11:08:00,BPOP,62.349998474121094,62.349998474121094,62.369998931884766,62.345001220703125,62.36000061035156,967.0
2023-03-09 11:08:00,BRKL,11.664999961853027,11.664999961853027,11.664999961853027,11.664999961853027,11.664999961853027,189.0
2023-03-09 11:08:00,BTBT,1.1699999570846558,1.1699999570846558,1.1699999570846558,1.1699999570846558,1.1699999570846558,108.0
2023-03-09 11:08:00,BWB,13.609999656677246,13.609999656677246,13.609999656677246,13.5,13.520000457763672,10165.0
2023-03-09 11:08:00,CARE,16.6299991607666,16.6299991607666,16.6299991607666,16.6299991607666,16.6299991607666,213.0
2023-03-09 11:08:00,CASH,47.88999938964844,47.88999938964844,47.900001525878906,47.88999938964844,47.900001525878906,488.0
2023-03-09 11:08:00,CATC,70.95999908447266,70.95999908447266,70.95999908447266,70.95999908447266,70.95999908447266,240.0
2023-03-09 11:08:00,CATY,39.81999969482422,39.81999969482422,39.81999969482422,39.81999969482422,39.81999969482422,208.0
2023-03-09 11:08:00,CBSH,61.650001525878906,61.650001525878906,61.69499969482422,61.650001525878906,61.69369888305664,440.0
2023-03-09 11:08:00,CFFN,7.585000038146973,7.585000038146973,7.590000152587891,7.585000038146973,7.585000038146973,1734.0
2023-03-09 11:08:00,CG,34.44499969482422,34.44499969482422,34.459999084472656,34.439998626708984,34.459999084472656,1851.0
2023-03-09 11:08:00,CHW,6.089900016784668,6.089900016784668,6.089900016784668,6.089900016784668,6.089900016784668,200.0
2023-03-09 11:08:00,CINF,117.2699966430664,117.2699966430664,117.2699966430664,117.06500244140625,117.06500244140625,2405.0
2023-03-09 11:08:00,CLBK,19.81999969482422,19.81999969482422,19.81999969482422,19.81999969482422,19.81999969482422,159.0
2023-03-09 11:08:00,CME,180.84500122070312,180.84500122070312,180.84500122070312,180.67999267578125,180.7449951171875,2453.0
2023-03-09 11:08:00,CNOB,22.209999084472656,22.209999084472656,22.209999084472656,22.209999084472656,22.209999084472656,274.0
2023-03-09 11:08:00,COLB,25.600000381469727,25.600000381469727,25.68000030517578,25.56999969482422,25.68000030517578,71370.0
2023-03-09 11:08:00,COOP,44.790000915527344,44.790000915527344,44.810001373291016,44.72999954223633,44.77000045776367,2720.0
2023-03-09 11:08:00,CSWC,18.559999465942383,18.559999465942383,18.559999465942383,18.559999465942383,18.559999465942383,101.0
2023-03-09 11:08:00,CTBI,40.25,40.25,40.25,40.25,40.25,345.0
2023-03-09 11:08:00,CVBF,21.950000762939453,21.950000762939453,21.950000762939453,21.93000030517578,21.940000534057617,2468.0
2023-03-09 11:08:00,CVCY,24.600000381469727,24.600000381469727,24.600000381469727,24.59000015258789,24.59000015258789,736.0
2023-03-09 11:08:00,EBC,14.895000457763672,14.895000457763672,14.899999618530273,14.890000343322754,14.899999618530273,1156.0
2023-03-09 11:08:00,EFSC,51.53499984741211,51.53499984741211,51.53499984741211,51.459999084472656,51.5,737.0
2023-03-09 11:08:00,EGBN,40.900001525878906,40.900001525878906,40.900001525878906,40.900001525878906,40.900001525878906,388.0
2023-03-09 11:08:00,EHTH,9.100000381469727,9.100000381469727,9.100000381469727,9.100000381469727,9.100000381469727,270.0
2023-03-09 11:08:00,EWBC,69.3499984741211,69.3499984741211,69.36000061035156,69.30999755859375,69.36000061035156,1128.0
2023-03-09 11:08:00,EZPW,8.892499923706055,8.892499923706055,8.895000457763672,8.89009952545166,8.895000457763672,2486.0
2023-03-09 11:08:00,FBMS,28.90999984741211,28.90999984741211,28.920000076293945,28.899999618530273,28.920000076293945,3748.0
2023-03-09 11:08:00,FCFS,88.0,88.0,88.0,87.93000030517578,87.96499633789062,1115.0
2023-03-09 11:08:00,FFIN,34.0,34.0,34.0099983215332,33.9900016784668,34.0099983215332,1093.0
2023-03-09 11:08:00,FFWM,13.270000457763672,13.270000457763672,13.270000457763672,13.270000457763672,13.270000457763672,102.0
2023-03-09 11:08:00,FIBK,32.70000076293945,32.70000076293945,32.75,32.70000076293945,32.75,3632.0
2023-03-09 11:08:00,FITB,32.650001525878906,32.650001525878906,32.66999816894531,32.64500045776367,32.665000915527344,8467.0
2023-03-09 11:08:00,FLIC,16.1299991607666,16.1299991607666,16.1299991607666,16.1299991607666,16.1299991607666,210.0
2023-03-09 11:08:00,FMNB,13.25,13.25,13.25,13.25,13.25,242.0
2023-03-09 11:08:00,FOCS,51.77000045776367,51.77000045776367,51.77000045776367,51.77000045776367,51.77000045776367,200.0
2023-03-09 11:08:00,FRBK,1.7549999952316284,1.7549999952316284,1.7549999952316284,1.7549999952316284,1.7549999952316284,895.0
2023-03-09 11:08:00,FSBW,33.58000183105469,33.58000183105469,33.58000183105469,33.58000183105469,33.58000183105469,458.0
2023-03-09 11:08:00,FULT,15.800000190734863,15.800000190734863,15.800000190734863,15.795000076293945,15.800000190734863,26427.0
2023-03-09 11:08:00,FUND,8.5600004196167,8.5600004196167,8.5600004196167,8.5600004196167,8.5600004196167,107.0
2023-03-09 11:08:00,FUTU,46.75,46.75,46.83000183105469,46.709999084472656,46.83000183105469,4944.0
2023-03-09 11:08:00,FVCB,13.520000457763672,13.520000457763672,13.550000190734863,13.520000457763672,13.550000190734863,4231.0
2023-03-09 11:08:00,GABC,35.900001525878906,35.900001525878906,35.900001525878906,35.900001525878906,35.900001525878906,1056.0
2023-03-09 11:08:00,GBDC,13.494999885559082,13.494999885559082,13.494999885559082,13.489999771118164,13.489999771118164,334.0
2023-03-09 11:08:00,GFGD,10.199999809265137,10.199999809265137,10.199999809265137,10.199999809265137,10.199999809265137,400.0
2023-03-09 11:08:00,GGAL,12.76200008392334,12.76200008392334,12.76200008392334,12.755000114440918,12.755000114440918,1500.0
2023-03-09 11:08:00,GSHD,52.97999954223633,52.97999954223633,53.0,52.97999954223633,53.0,839.0
2023-03-09 11:08:00,GXII,10.125,10.125,10.130000114440918,10.125,10.130000114440918,3478.0
2023-03-09 11:08:00,HBAN,14.069999694824219,14.069999694824219,14.074999809265137,14.069999694824219,14.069999694824219,3320.0
2023-03-09 11:08:00,HBANP,19.200000762939453,19.200000762939453,19.210100173950195,19.200000762939453,19.210100173950195,4591.0
2023-03-09 11:08:00,HBCP,36.1875,36.1875,36.25,36.1875,36.25,1252.0
2023-03-09 11:08:00,HFWA,24.790000915527344,24.790000915527344,24.790000915527344,24.770000457763672,24.790000915527344,1197.0
2023-03-09 11:08:00,HIVE,2.6205999851226807,2.6205999851226807,2.6205999851226807,2.6205999851226807,2.6205999851226807,916.0
2023-03-09 11:08:00,HMST,22.450000762939453,22.450000762939453,22.450000762939453,22.450000762939453,22.450000762939453,187.0
2023-03-09 11:08:00,HOPE,11.930000305175781,11.930000305175781,11.930000305175781,11.930000305175781,11.930000305175781,233.0
2023-03-09 11:08:00,HTBI,27.549999237060547,27.549999237060547,27.559999465942383,27.5,27.530000686645508,1188.0
2023-03-09 11:08:00,HTLF,45.38999938964844,45.38999938964844,45.400001525878906,45.38999938964844,45.400001525878906,282.0
2023-03-09 11:08:00,HUT,1.4199999570846558,1.4199999570846558,1.420199990272522,1.4199999570846558,1.420199990272522,6491.0
2023-03-09 11:08:00,HWC,44.47999954223633,44.47999954223633,44.47999954223633,44.47999954223633,44.47999954223633,1211.0
2023-03-09 11:08:00,IBKR,88.58000183105469,88.58000183105469,88.58000183105469,88.5199966430664,88.54499816894531,2745.0
2023-03-09 11:08:00,IBTX,53.016700744628906,53.016700744628906,53.016700744628906,53.016700744628906,53.016700744628906,518.0
2023-03-09 11:08:00,INDB,72.87000274658203,72.87000274658203,72.93000030517578,72.83999633789062,72.83999633789062,1771.0
2023-03-09 11:09:00,ACGL,69.97000122070312,69.97000122070312,69.97000122070312,69.97000122070312,69.97000122070312,7936.0
2023-03-09 11:09:00,APLD,2.2100000381469727,2.2100000381469727,2.2100000381469727,2.2100000381469727,2.2100000381469727,2777.0
2023-03-09 11:09:00,ARCC,19.11639976501465,19.11639976501465,19.11870002746582,19.114999771118164,19.11870002746582,5418.0
2023-03-09 11:09:00,AUB,37.11000061035156,37.11000061035156,37.11000061035156,37.11000061035156,37.11000061035156,231.0
2023-03-09 11:09:00,BGCP,5.045000076293945,5.045000076293945,5.045000076293945,5.045000076293945,5.045000076293945,473.0
2023-03-09 11:09:00,BHF,53.529998779296875,53.529998779296875,53.529998779296875,53.529998779296875,53.529998779296875,3003.0
2023-03-09 11:09:00,BITF,0.785099983215332,0.785099983215332,0.785099983215332,0.785099983215332,0.785099983215332,5425.0
2023-03-09 11:09:00,BMRC,26.81999969482422,26.81999969482422,26.81999969482422,26.81999969482422,26.81999969482422,0.0
2023-03-09 11:09:00,BPOP,62.404998779296875,62.404998779296875,62.42499923706055,62.404998779296875,62.42499923706055,2966.0
2023-03-09 11:09:00,BRKL,11.670000076293945,11.670000076293945,11.670000076293945,11.670000076293945,11.670000076293945,665.0
2023-03-09 11:09:00,BTBT,1.1649999618530273,1.1649999618530273,1.1649999618530273,1.1649999618530273,1.1649999618530273,232.0
2023-03-09 11:09:00,CACC,441.0150146484375,441.0150146484375,441.0150146484375,441.0150146484375,441.0150146484375,107.0
2023-03-09 11:09:00,CASH,47.880001068115234,47.880001068115234,47.880001068115234,47.880001068115234,47.880001068115234,429.0
2023-03-09 11:09:00,CATY,39.84000015258789,39.84000015258789,39.84000015258789,39.84000015258789,39.84000015258789,990.0
2023-03-09 11:09:00,CBSH,61.72999954223633,61.72999954223633,61.72999954223633,61.72999954223633,61.72999954223633,567.0
2023-03-09 11:09:00,CCD,22.940000534057617,22.940000534057617,22.940000534057617,22.940000534057617,22.940000534057617,227.0
2023-03-09 11:09:00,CFFN,7.585000038146973,7.585000038146973,7.585000038146973,7.585000038146973,7.585000038146973,406.0
2023-03-09 11:09:00,CG,34.45000076293945,34.45000076293945,34.45000076293945,34.45000076293945,34.45000076293945,2872.0
2023-03-09 11:09:00,CHI,11.930000305175781,11.930000305175781,11.930000305175781,11.930000305175781,11.930000305175781,0.0
2023-03-09 11:09:00,CHY,12.319999694824219,12.319999694824219,12.319999694824219,12.319999694824219,12.319999694824219,114.0
2023-03-09 11:09:00,CIFR,1.442199945449829,1.442199945449829,1.442199945449829,1.442199945449829,1.442199945449829,306.0
2023-03-09 11:09:00,CME,180.7899932861328,180.7899932861328,180.7899932861328,180.7899932861328,180.7899932861328,1256.0
2023-03-09 11:09:00,COLB,25.579999923706055,25.579999923706055,25.59000015258789,25.579999923706055,25.579999923706055,35692.0
2023-03-09 11:09:00,COOP,44.845001220703125,44.845001220703125,44.845001220703125,44.845001220703125,44.845001220703125,1258.0
2023-03-09 11:09:00,CSWC,18.56730079650879,18.56730079650879,18.56730079650879,18.56730079650879,18.56730079650879,996.0
2023-03-09 11:09:00,CTBI,40.18000030517578,40.18000030517578,40.18000030517578,40.18000030517578,40.18000030517578,236.0
2023-03-09 11:09:00,CVBF,21.950000762939453,21.950000762939453,21.950000762939453,21.950000762939453,21.950000762939453,469.0
2023-03-09 11:09:00,DGICA,15.020000457763672,15.020000457763672,15.020000457763672,15.020000457763672,15.020000457763672,305.0
2023-03-09 11:09:00,EBC,14.90999984741211,14.90999984741211,14.90999984741211,14.90999984741211,14.90999984741211,2636.0
2023-03-09 11:09:00,EBTC,35.25,35.25,35.25,35.25,35.25,254.0
2023-03-09 11:09:00,EGBN,40.93000030517578,40.93000030517578,40.959999084472656,40.93000030517578,40.959999084472656,1559.0
2023-03-09 11:09:00,ERIE,235.0,235.0,235.0,235.0,235.0,411.0
2023-03-09 11:09:00,ESQ,42.220001220703125,42.220001220703125,42.220001220703125,42.220001220703125,42.220001220703125,207.0
2023-03-09 11:09:00,EWBC,69.37000274658203,69.37000274658203,69.44000244140625,69.37000274658203,69.44000244140625,3019.0
2023-03-09 11:09:00,FANH,8.170000076293945,8.170000076293945,8.170000076293945,8.170000076293945,8.170000076293945,703.0
2023-03-09 11:09:00,FBIZ,34.060001373291016,34.060001373291016,34.060001373291016,34.060001373291016,34.060001373291016,120.0
2023-03-09 11:09:00,FFIN,34.02000045776367,34.02000045776367,34.02000045776367,34.02000045776367,34.02000045776367,1193.0
2023-03-09 11:09:00,FFWM,13.260000228881836,13.260000228881836,13.260000228881836,13.260000228881836,13.260000228881836,316.0
2023-03-09 11:09:00,FHB,24.25,24.25,24.25,24.25,24.25,1212.0
2023-03-09 11:09:00,FIBK,32.65999984741211,32.65999984741211,32.65999984741211,32.65999984741211,32.65999984741211,1171.0
2023-03-09 11:09:00,FITB,32.650001525878906,32.650001525878906,32.65999984741211,32.650001525878906,32.65999984741211,4827.0
2023-03-09 11:09:00,FMAO,23.81999969482422,23.81999969482422,23.81999969482422,23.81999969482422,23.81999969482422,800.0
2023-03-09 11:09:00,FMBH,28.3799991607666,28.3799991607666,28.3799991607666,28.3799991607666,28.3799991607666,236.0
2023-03-09 11:09:00,FOCS,51.775001525878906,51.775001525878906,51.775001525878906,51.775001525878906,51.775001525878906,403.0
2023-03-09 11:09:00,FULT,15.789999961853027,15.789999961853027,15.789999961853027,15.789999961853027,15.789999961853027,2486.0
2023-03-09 11:09:00,FUTU,46.689998626708984,46.689998626708984,46.72090148925781,46.689998626708984,46.72090148925781,4533.0
2023-03-09 11:09:00,GFGD,10.199999809265137,10.199999809265137,10.199999809265137,10.199999809265137,10.199999809265137,8339.0
2023-03-09 11:09:00,GSBC,54.290000915527344,54.290000915527344,54.290000915527344,54.290000915527344,54.290000915527344,1257.0
2023-03-09 11:09:00,GSHD,52.97999954223633,52.97999954223633,52.97999954223633,52.97999954223633,52.97999954223633,1110.0
2023-03-09 11:09:00,HBAN,14.069999694824219,14.069999694824219,14.074999809265137,14.069999694824219,14.069999694824219,9084.0
2023-03-09 11:09:00,HBANP,19.149999618530273,19.149999618530273,19.149999618530273,19.149999618530273,19.149999618530273,240.0
2023-03-09 11:09:00,HBCP,36.13999938964844,36.13999938964844,36.13999938964844,36.13999938964844,36.13999938964844,3650.0
2023-03-09 11:09:00,HBNC,14.159099578857422,14.159099578857422,14.159099578857422,14.159099578857422,14.159099578857422,2298.0
2023-03-09 11:09:00,HFWA,24.790000915527344,24.790000915527344,24.790000915527344,24.790000915527344,24.790000915527344,535.0
2023-03-09 11:09:00,HGBL,2.4798998832702637,2.4798998832702637,2.4798998832702637,2.4500999450683594,2.4751999378204346,2600.0
2023-03-09 11:09:00,HIVE,2.6201000213623047,2.6201000213623047,2.6201000213623047,2.619999885559082,2.619999885559082,11844.0
2023-03-09 11:09:00,HLNE,76.80000305175781,76.80000305175781,76.83000183105469,76.80000305175781,76.83000183105469,264.0
2023-03-09 11:09:00,HMST,22.40999984741211,22.40999984741211,22.40999984741211,22.40999984741211,22.40999984741211,317.0
2023-03-09 11:09:00,HOPE,11.954999923706055,11.954999923706055,11.954999923706055,11.954999923706055,11.954999923706055,6021.0
2023-03-09 11:09:00,HRZN,11.954999923706055,11.954999923706055,11.954999923706055,11.954999923706055,11.954999923706055,808.0
2023-03-09 11:09:00,HTLF,45.43000030517578,45.43000030517578,45.43000030517578,45.43000030517578,45.43000030517578,757.0
2023-03-09 11:09:00,HUT,1.4199999570846558,1.4199999570846558,1.4199999570846558,1.4199999570846558,1.4199999570846558,64075.0
2023-03-09 11:09:00,HWC,44.49639892578125,44.49639892578125,44.49639892578125,44.49639892578125,44.49639892578125,2091.0
2023-03-09 11:09:00,IBCP,20.774999618530273,20.774999618530273,20.774999618530273,20.774999618530273,20.774999618530273,936.0
2023-03-09 11:09:00,IBKR,88.55999755859375,88.55999755859375,88.55999755859375,88.55999755859375,88.55999755859375,1057.0
2023-03-09 11:09:00,IBOC,45.209999084472656,45.209999084472656,45.209999084472656,45.209999084472656,45.209999084472656,1702.0
2023-03-09 11:09:00,IBTX,52.90999984741211,52.90999984741211,52.90999984741211,52.90999984741211,52.90999984741211,1622.0
2023-03-09 11:09:00,INDB,73.0,73.0,73.0,73.0,73.0,737.0
2023-03-09 11:09:00,INTR,2.0199999809265137,2.0199999809265137,2.0199999809265137,2.0199999809265137,2.0199999809265137,500.0
2023-03-09 11:10:00,ABCB,43.220001220703125,43.220001220703125,43.220001220703125,43.220001220703125,43.220001220703125,701.0
2023-03-09 11:10:00,ACGL,69.93000030517578,69.93000030517578,69.94000244140625,69.88999938964844,69.94000244140625,8158.0
2023-03-09 11:10:00,ACT,24.094999313354492,24.094999313354492,24.094999313354492,24.094999313354492,24.094999313354492,805.0
2023-03-09 11:10:00,AMRK,28.145000457763672,28.145000457763672,28.145000457763672,28.145000457763672,28.145000457763672,129.0
2023-03-09 11:10:00,AMSF,51.33000183105469,51.33000183105469,51.33000183105469,51.33000183105469,51.33000183105469,119.0
2023-03-09 11:10:00,AMTB,25.868000030517578,25.868000030517578,25.868000030517578,25.868000030517578,25.868000030517578,212.0
2023-03-09 11:10:00,ARCC,19.117700576782227,19.117700576782227,19.117700576782227,19.110000610351562,19.114999771118164,1706.0
2023-03-09 11:10:00,AUB,37.130001068115234,37.130001068115234,37.165000915527344,37.119998931884766,37.150001525878906,1471.0
2023-03-09 11:10:00,BCBP,16.004899978637695,16.004899978637695,16.010000228881836,16.004899978637695,16.010000228881836,387.0
2023-03-09 11:10:00,BCML,19.6200008392334,19.6200008392334,19.760000228881836,19.559999465942383,19.760000228881836,467.0
2023-03-09 11:10:00,BHF,53.52000045776367,53.52000045776367,53.560001373291016,53.52000045776367,53.540000915527344,1985.0
2023-03-09 11:10:00,BITF,0.785099983215332,0.785099983215332,0.785099983215332,0.7850000262260437,0.7850000262260437,2502.0
2023-03-09 11:10:00,BKCC,3.6700000762939453,3.6700000762939453,3.6700000762939453,3.6700000762939453,3.6700000762939453,318.0
2023-03-09 11:10:00,BMRC,26.96500015258789,26.96500015258789,27.139999389648438,26.96500015258789,27.139999389648438,75807.0
2023-03-09 11:10:00,BOKF,96.0999984741211,96.0999984741211,96.11000061035156,96.08000183105469,96.08000183105469,1791.0
2023-03-09 11:10:00,BPOP,62.380001068115234,62.380001068115234,62.5,62.349998474121094,62.4275016784668,3235.0
2023-03-09 11:10:00,BRKL,11.670000076293945,11.670000076293945,11.670000076293945,11.670000076293945,11.670000076293945,366.0
2023-03-09 11:10:00,BSBK,11.345000267028809,11.345000267028809,11.345000267028809,11.345000267028809,11.345000267028809,204.0
2023-03-09 11:10:00,BTBT,1.1699999570846558,1.1699999570846558,1.1699999570846558,1.1649999618530273,1.1649999618530273,237.0
2023-03-09 11:10:00,BTCS,1.25,1.25,1.25,1.249899983406067,1.249899983406067,6553.0
2023-03-09 11:10:00,BWFG,28.049999237060547,28.049999237060547,28.049999237060547,28.049999237060547,28.049999237060547,207.0
2023-03-09 11:10:00,BYFC,1.2900999784469604,1.2900999784469604,1.2900999784469604,1.2900999784469604,1.2900999784469604,249.0
2023-03-09 11:10:00,CACC,441.0,441.0,441.0,441.0,441.0,280.0
2023-03-09 11:10:00,CASH,47.84000015258789,47.84000015258789,47.84000015258789,47.84000015258789,47.84000015258789,123.0
2023-03-09 11:10:00,CBSH,61.709999084472656,61.709999084472656,61.72999954223633,61.709999084472656,61.72999954223633,1205.0
2023-03-09 11:10:00,CCAP,15.061100006103516,15.061100006103516,15.061100006103516,15.0600004196167,15.0600004196167,880.0
2023-03-09 11:10:00,CG,34.459999084472656,34.459999084472656,34.470001220703125,34.459999084472656,34.459999084472656,1654.0
2023-03-09 11:10:00,CGBD,15.079999923706055,15.079999923706055,15.079999923706055,15.079999923706055,15.079999923706055,541.0
2023-03-09 11:10:00,CHW,6.088200092315674,6.088200092315674,6.088200092315674,6.088200092315674,6.088200092315674,215.0
2023-03-09 11:10:00,CIVB,20.690000534057617,20.690000534057617,20.690000534057617,20.690000534057617,20.690000534057617,247.0
2023-03-09 11:10:00,CME,180.77499389648438,180.77499389648438,180.77499389648438,180.77499389648438,180.77499389648438,666.0
2023-03-09 11:10:00,COLB,25.575000762939453,25.575000762939453,25.6200008392334,25.559999465942383,25.584999084472656,21615.0
2023-03-09 11:10:00,COOP,44.72999954223633,44.72999954223633,44.79999923706055,44.72999954223633,44.79999923706055,2333.0
2023-03-09 11:10:00,CSWC,18.565000534057617,18.565000534057617,18.565000534057617,18.565000534057617,18.565000534057617,353.0
2023-03-09 11:10:00,CWBC,15.0,15.0,15.0,15.0,15.0,250.0
2023-03-09 11:10:00,DCOM,29.270000457763672,29.270000457763672,29.280000686645508,29.270000457763672,29.280000686645508,441.0
2023-03-09 11:10:00,DWAC,14.149900436401367,14.149900436401367,14.149900436401367,14.149900436401367,14.149900436401367,638.0
2023-03-09 11:10:00,EBC,14.90999984741211,14.90999984741211,14.90999984741211,14.899999618530273,14.90999984741211,5439.0
2023-03-09 11:10:00,EFSC,51.45000076293945,51.45000076293945,51.45000076293945,51.404998779296875,51.404998779296875,417.0
2023-03-09 11:10:00,EGBN,40.88999938964844,40.88999938964844,40.93000030517578,40.88999938964844,40.93000030517578,1309.0
2023-03-09 11:10:00,ENER,10.239999771118164,10.239999771118164,10.239999771118164,10.239999771118164,10.239999771118164,0.0
2023-03-09 11:10:00,EWBC,69.29000091552734,69.29000091552734,69.40499877929688,69.29000091552734,69.40499877929688,1720.0
2023-03-09 11:10:00,EZPW,8.906700134277344,8.906700134277344,8.90999984741211,8.899999618530273,8.899999618530273,848.0
2023-03-09 11:10:00,FBMS,28.90999984741211,28.90999984741211,28.920000076293945,28.899999618530273,28.90999984741211,3024.0
2023-03-09 11:10:00,FBNC,38.48500061035156,38.48500061035156,38.48500061035156,38.48500061035156,38.48500061035156,575.0
2023-03-09 11:10:00,FFIN,34.029998779296875,34.029998779296875,34.029998779296875,34.029998779296875,34.029998779296875,106.0
2023-03-09 11:10:00,FHB,24.25,24.25,24.260000228881836,24.25,24.260000228881836,789.0
2023-03-09 11:10:00,FIBK,32.61000061035156,32.61000061035156,32.61000061035156,32.61000061035156,32.61000061035156,616.0
2023-03-09 11:10:00,FITB,32.630001068115234,32.630001068115234,32.65999984741211,32.625,32.650001525878906,8855.0
2023-03-09 11:10:00,FITBO,22.3799991607666,22.3799991607666,22.3799991607666,22.3799991607666,22.3799991607666,482.0
2023-03-09 11:10:00,FITBP,24.25,24.25,24.25,24.25,24.25,737.0
2023-03-09 11:10:00,FLIC,16.18000030517578,16.18000030517578,16.18000030517578,16.170000076293945,16.18000030517578,715.0
2023-03-09 11:10:00,FOCS,51.77000045776367,51.77000045776367,51.779998779296875,51.77000045776367,51.77000045776367,2249.0
2023-03-09 11:10:00,FRBK,1.75,1.75,1.7549999952316284,1.75,1.7549999952316284,1656.0
2023-03-09 11:10:00,FRME,37.63999938964844,37.63999938964844,37.63999938964844,37.630001068115234,37.63999938964844,1686.0
2023-03-09 11:10:00,FSEA,9.970000267028809,9.970000267028809,9.970000267028809,9.970000267028809,9.970000267028809,0.0
2023-03-09 11:10:00,FULT,15.779999732971191,15.779999732971191,15.789999961853027,15.779999732971191,15.789999961853027,1835.0
2023-03-09 11:10:00,FUTU,46.54499816894531,46.54499816894531,46.65999984741211,46.52000045776367,46.65999984741211,19236.0
2023-03-09 11:10:00,GAIN,13.829999923706055,13.829999923706055,13.829999923706055,13.829999923706055,13.829999923706055,156.0
2023-03-09 11:10:00,GBDC,13.494999885559082,13.494999885559082,13.494999885559082,13.494999885559082,13.494999885559082,107.0
2023-03-09 11:10:00,GCMG,8.460000038146973,8.460000038146973,8.460000038146973,8.460000038146973,8.460000038146973,114.0
2023-03-09 11:10:00,GGAL,12.76990032196045,12.76990032196045,12.76990032196045,12.766799926757812,12.76990032196045,755.0
2023-03-09 11:10:00,GOCO,18.38610076904297,18.38610076904297,18.38610076904297,18.38610076904297,18.38610076904297,299.0
2023-03-09 11:10:00,HBAN,14.079999923706055,14.079999923706055,14.079999923706055,14.0649995803833,14.069999694824219,33822.0
2023-03-09 11:10:00,HFWA,24.81999969482422,24.81999969482422,24.81999969482422,24.81999969482422,24.81999969482422,257.0
2023-03-09 11:10:00,HGBL,2.4800000190734863,2.4800000190734863,2.4800000190734863,2.4800000190734863,2.4800000190734863,369.0
2023-03-09 11:10:00,HIVE,2.6217000484466553,2.6217000484466553,2.630000114440918,2.6217000484466553,2.630000114440918,2045.0
2023-03-09 11:10:00,HMST,22.40999984741211,22.40999984741211,22.40999984741211,22.40999984741211,22.40999984741211,140.0
2023-03-09 11:10:00,HNNA,8.214300155639648,8.214300155639648,8.214300155639648,8.214300155639648,8.214300155639648,0.0
2023-03-09 11:10:00,HONE,12.739999771118164,12.739999771118164,12.74899959564209,12.739999771118164,12.74899959564209,547.0
2023-03-09 11:10:00,HOPE,11.949999809265137,11.949999809265137,11.960000038146973,11.949999809265137,11.960000038146973,471.0
2023-03-09 11:10:00,HRZN,11.963199615478516,11.963199615478516,11.963199615478516,11.963199615478516,11.963199615478516,161.0
2023-03-09 11:10:00,HTBI,27.559999465942383,27.559999465942383,27.6299991607666,27.559999465942383,27.59000015258789,2209.0
2023-03-09 11:10:00,HUT,1.4199999570846558,1.4199999570846558,1.4299999475479126,1.4199999570846558,1.4204000234603882,3480.0
2023-03-09 11:10:00,HWC,44.44499969482422,44.44499969482422,44.44499969482422,44.44499969482422,44.44499969482422,300.0
2023-03-09 11:10:00,IBKR,88.52999877929688,88.52999877929688,88.52999877929688,88.52999877929688,88.52999877929688,176.0
2023-03-09 11:10:00,IBOC,45.15999984741211,45.15999984741211,45.15999984741211,45.15999984741211,45.15999984741211,798.0
2023-03-09 11:10:00,IBTX,53.1150016784668,53.1150016784668,53.1150016784668,53.029998779296875,53.029998779296875,1208.0
2023-03-09 11:11:00,ABCB,43.220001220703125,43.220001220703125,43.220001220703125,43.13999938964844,43.13999938964844,1436.0
2023-03-09 11:11:00,ACGL,69.94000244140625,69.94000244140625,69.94999694824219,69.91999816894531,69.94000244140625,4466.0
2023-03-09 11:11:00,ACT,24.094999313354492,24.094999313354492,24.094999313354492,24.094999313354492,24.094999313354492,122.0
2023-03-09 11:11:00,ARCC,19.114999771118164,19.114999771118164,19.118600845336914,19.110000610351562,19.110000610351562,4502.0
2023-03-09 11:11:00,AROW,28.600000381469727,28.600000381469727,28.600000381469727,28.600000381469727,28.600000381469727,1178.0
2023-03-09 11:11:00,AUB,37.15810012817383,37.15810012817383,37.15810012817383,37.15810012817383,37.15810012817383,270.0
2023-03-09 11:11:00,BANF,85.75,85.75,85.75,85.75,85.75,882.0
2023-03-09 11:11:00,BGCP,5.050000190734863,5.050000190734863,5.050000190734863,5.045000076293945,5.050000190734863,1091.0
2023-03-09 11:11:00,BHF,53.529998779296875,53.529998779296875,53.54999923706055,53.529998779296875,53.540000915527344,1415.0
2023-03-09 11:11:00,BHFAN,19.09000015258789,19.09000015258789,19.09000015258789,19.09000015258789,19.09000015258789,416.0
2023-03-09 11:11:00,BITF,0.785099983215332,0.785099983215332,0.785099983215332,0.7850000262260437,0.7850000262260437,8661.0
2023-03-09 11:11:00,BKCC,3.6700000762939453,3.6700000762939453,3.674999952316284,3.6700000762939453,3.674999952316284,887.0
2023-03-09 11:11:00,BOKF,96.16999816894531,96.16999816894531,96.16999816894531,96.16999816894531,96.16999816894531,625.0
2023-03-09 11:11:00,BPOP,62.415000915527344,62.415000915527344,62.54999923706055,62.415000915527344,62.462501525878906,3606.0
2023-03-09 11:11:00,BWB,13.5,13.5,13.579999923706055,13.5,13.579999923706055,8064.0
2023-03-09 11:11:00,BYFC,1.2899999618530273,1.2899999618530273,1.2899999618530273,1.2899999618530273,1.2899999618530273,108.0
2023-03-09 11:11:00,CASH,47.79499816894531,47.79499816894531,47.81999969482422,47.79499816894531,47.81999969482422,932.0
2023-03-09 11:11:00,CATY,39.810001373291016,39.810001373291016,39.859500885009766,39.810001373291016,39.859500885009766,993.0
2023-03-09 11:11:00,CCAP,15.0600004196167,15.0600004196167,15.0600004196167,15.0600004196167,15.0600004196167,699.0
2023-03-09 11:11:00,CCBG,33.525001525878906,33.525001525878906,33.525001525878906,33.525001525878906,33.525001525878906,450.0
2023-03-09 11:11:00,CCD,22.9330997467041,22.9330997467041,22.9330997467041,22.9330997467041,22.9330997467041,418.0
2023-03-09 11:11:00,CFFN,7.585000038146973,7.585000038146973,7.589200019836426,7.585000038146973,7.589200019836426,1370.0
2023-03-09 11:11:00,CG,34.42499923706055,34.42499923706055,34.45000076293945,34.41999816894531,34.45000076293945,4698.0
2023-03-09 11:11:00,CHY,12.328100204467773,12.328100204467773,12.328100204467773,12.328100204467773,12.328100204467773,319.0
2023-03-09 11:11:00,CINF,117.2699966430664,117.2699966430664,117.2699966430664,117.2699966430664,117.2699966430664,328.0
2023-03-09 11:11:00,CNOB,22.209999084472656,22.209999084472656,22.209999084472656,22.190000534057617,22.190000534057617,210.0
2023-03-09 11:11:00,COLB,25.579999923706055,25.579999923706055,25.610000610351562,25.579999923706055,25.579999923706055,15185.0
2023-03-09 11:11:00,CSQ,14.0600004196167,14.0600004196167,14.0600004196167,14.0600004196167,14.0600004196167,200.0
2023-03-09 11:11:00,CVBF,21.940000534057617,21.940000534057617,21.940000534057617,21.940000534057617,21.940000534057617,625.0
2023-03-09 11:11:00,CWBC,15.010000228881836,15.010000228881836,15.010000228881836,14.949999809265137,15.010000228881836,4031.0
2023-03-09 11:11:00,CZNC,22.174999237060547,22.174999237060547,22.174999237060547,22.174999237060547,22.174999237060547,612.0
2023-03-09 11:11:00,DCOM,29.190000534057617,29.190000534057617,29.190000534057617,29.190000534057617,29.190000534057617,419.0
2023-03-09 11:11:00,EBC,14.899999618530273,14.899999618530273,14.899999618530273,14.899999618530273,14.899999618530273,522.0
2023-03-09 11:11:00,EBTC,35.290000915527344,35.290000915527344,35.290000915527344,35.220001220703125,35.220001220703125,341.0
2023-03-09 11:11:00,EHTH,9.109999656677246,9.109999656677246,9.140000343322754,9.109999656677246,9.140000343322754,2092.0
2023-03-09 11:11:00,EWBC,69.31600189208984,69.31600189208984,69.32250213623047,69.31600189208984,69.32250213623047,330.0
2023-03-09 11:11:00,EZPW,8.895000457763672,8.895000457763672,8.899999618530273,8.895000457763672,8.899999618530273,463.0
2023-03-09 11:11:00,FBMS,28.75,28.75,28.8799991607666,28.75,28.8799991607666,3657.0
2023-03-09 11:11:00,FCNCA,664.1099853515625,664.1099853515625,664.1099853515625,664.1099853515625,664.1099853515625,374.0
2023-03-09 11:11:00,FFBC,22.614999771118164,22.614999771118164,22.628999710083008,22.614999771118164,22.628999710083008,304.0
2023-03-09 11:11:00,FFIN,33.98749923706055,33.98749923706055,33.99100112915039,33.970001220703125,33.97999954223633,4597.0
2023-03-09 11:11:00,FFWM,13.270000457763672,13.270000457763672,13.270000457763672,13.270000457763672,13.270000457763672,166.0
2023-03-09 11:11:00,FHB,24.260000228881836,24.260000228881836,24.260000228881836,24.260000228881836,24.260000228881836,314.0
2023-03-09 11:11:00,FIBK,32.66999816894531,32.66999816894531,32.66999816894531,32.619998931884766,32.619998931884766,1634.0
2023-03-09 11:11:00,FITB,32.650001525878906,32.650001525878906,32.66999816894531,32.630001068115234,32.630001068115234,7858.0
2023-03-09 11:11:00,FITBO,22.350000381469727,22.350000381469727,22.360000610351562,22.350000381469727,22.360000610351562,300.0
2023-03-09 11:11:00,FITBP,24.1299991607666,24.1299991607666,24.149999618530273,24.1299991607666,24.149999618530273,1052.0
2023-03-09 11:11:00,FMBH,28.3700008392334,28.3700008392334,28.3700008392334,28.360000610351562,28.360000610351562,681.0
2023-03-09 11:11:00,FRBK,1.7549999952316284,1.7549999952316284,1.7549999952316284,1.7549999952316284,1.7549999952316284,101.0
2023-03-09 11:11:00,FSBC,25.674999237060547,25.674999237060547,25.674999237060547,25.674999237060547,25.674999237060547,257.0
2023-03-09 11:11:00,FULT,15.774999618530273,15.774999618530273,15.78499984741211,15.774999618530273,15.779999732971191,1514.0
2023-03-09 11:11:00,FUTU,46.43000030517578,46.43000030517578,46.540000915527344,46.40999984741211,46.540000915527344,36354.0
2023-03-09 11:11:00,GBDC,13.489999771118164,13.489999771118164,13.489999771118164,13.489999771118164,13.489999771118164,102.0
2023-03-09 11:11:00,GCMG,8.447999954223633,8.447999954223633,8.447999954223633,8.447999954223633,8.447999954223633,1040.0
2023-03-09 11:11:00,GGAL,12.770000457763672,12.770000457763672,12.770000457763672,12.770000457763672,12.770000457763672,308.0
2023-03-09 11:11:00,GOCO,18.26129913330078,18.26129913330078,18.26129913330078,18.26129913330078,18.26129913330078,242.0
2023-03-09 11:11:00,GREE,0.4401000142097473,0.4401000142097473,0.4401000142097473,0.4401000142097473,0.4401000142097473,277.0
2023-03-09 11:11:00,GXII,10.119999885559082,10.119999885559082,10.119999885559082,10.119999885559082,10.119999885559082,10100.0
2023-03-09 11:11:00,HBAN,14.069999694824219,14.069999694824219,14.079999923706055,14.069999694824219,14.074999809265137,6347.0
2023-03-09 11:11:00,HBCP,36.220001220703125,36.220001220703125,36.220001220703125,36.1609992980957,36.1609992980957,889.0
2023-03-09 11:11:00,HFWA,24.809999465942383,24.809999465942383,24.809999465942383,24.809999465942383,24.809999465942383,121.0
2023-03-09 11:11:00,HGBL,2.50600004196167,2.50600004196167,2.507999897003174,2.4862000942230225,2.4862000942230225,900.0
2023-03-09 11:11:00,HIVE,2.6214001178741455,2.6214001178741455,2.625,2.6214001178741455,2.625,602.0
2023-03-09 11:11:00,HMST,22.450000762939453,22.450000762939453,22.459999084472656,22.450000762939453,22.459999084472656,407.0
2023-03-09 11:11:00,HONE,12.739999771118164,12.739999771118164,12.739999771118164,12.734999656677246,12.734999656677246,936.0
2023-03-09 11:11:00,HRZN,11.954999923706055,11.954999923706055,11.954999923706055,11.954999923706055,11.954999923706055,434.0
2023-03-09 11:11:00,HUT,1.4199999570846558,1.4199999570846558,1.4299999475479126,1.4199999570846558,1.4199999570846558,4177.0
2023-03-09 11:11:00,HWC,44.40999984741211,44.40999984741211,44.40999984741211,44.40999984741211,44.40999984741211,505.0
2023-03-09 11:11:00,IBKR,88.45500183105469,88.45500183105469,88.4749984741211,88.45500183105469,88.4749984741211,1331.0
2023-03-09 11:11:00,IBTX,53.02000045776367,53.02000045776367,53.02000045776367,53.02000045776367,53.02000045776367,560.0
2023-03-09 11:11:00,ICMB,3.994999885559082,3.994999885559082,4.050000190734863,3.994999885559082,4.050000190734863,6495.0
2023-03-09 11:11:00,INTR,2.0199999809265137,2.0199999809265137,2.0199999809265137,2.0199999809265137,2.0199999809265137,950.0
2023-03-09 11:12:00,ABCB,43.2400016784668,43.2400016784668,43.2400016784668,43.2400016784668,43.2400016784668,737.0
2023-03-09 11:12:00,ACGL,69.91500091552734,69.91500091552734,69.91999816894531,69.88999938964844,69.91999816894531,5383.0
2023-03-09 11:12:00,AMAL,21.240999221801758,21.240999221801758,21.240999221801758,21.240999221801758,21.240999221801758,328.0
2023-03-09 11:12:00,ARCC,19.104999542236328,19.104999542236328,19.118900299072266,19.104999542236328,19.118900299072266,14583.0
2023-03-09 11:12:00,ATLC,29.43000030517578,29.43000030517578,29.43000030517578,29.43000030517578,29.43000030517578,210.0
2023-03-09 11:12:00,BANF,85.75,85.75,85.75,85.6500015258789,85.6500015258789,327.0
2023-03-09 11:12:00,BGCP,5.039999961853027,5.039999961853027,5.039999961853027,5.039999961853027,5.039999961853027,667.0
2023-03-09 11:12:00,BHF,53.46500015258789,53.46500015258789,53.5099983215332,53.46500015258789,53.5099983215332,1197.0
2023-03-09 11:12:00,BITF,0.7850000262260437,0.7850000262260437,0.7851999998092651,0.7850000262260437,0.7851999998092651,17185.0
2023-03-09 11:12:00,BOKF,96.16999816894531,96.16999816894531,96.18000030517578,96.16999816894531,96.18000030517578,1368.0
2023-03-09 11:12:00,BPOP,62.459999084472656,62.459999084472656,62.459999084472656,62.459999084472656,62.459999084472656,402.0
2023-03-09 11:12:00,BTBT,1.1614999771118164,1.1614999771118164,1.1614999771118164,1.1614999771118164,1.1614999771118164,254.0
2023-03-09 11:12:00,CASH,47.720001220703125,47.720001220703125,47.720001220703125,47.720001220703125,47.720001220703125,639.0
2023-03-09 11:12:00,CFFN,7.585000038146973,7.585000038146973,7.585000038146973,7.585000038146973,7.585000038146973,101.0
2023-03-09 11:12:00,CG,34.42499923706055,34.42499923706055,34.43000030517578,34.41999816894531,34.42499923706055,2168.0
2023-03-09 11:12:00,CIFR,1.440000057220459,1.440000057220459,1.4450000524520874,1.440000057220459,1.440000057220459,4044.0
2023-03-09 11:12:00,CME,180.6999969482422,180.6999969482422,180.77999877929688,180.66000366210938,180.77999877929688,1989.0
2023-03-09 11:12:00,CNOB,22.190000534057617,22.190000534057617,22.190000534057617,22.190000534057617,22.190000534057617,428.0
2023-03-09 11:12:00,COLB,25.565000534057617,25.565000534057617,25.579999923706055,25.55500030517578,25.579999923706055,5388.0
2023-03-09 11:12:00,COOP,44.68000030517578,44.68000030517578,44.73500061035156,44.68000030517578,44.73500061035156,2555.0
2023-03-09 11:12:00,CVBF,21.950000762939453,21.950000762939453,21.950000762939453,21.950000762939453,21.950000762939453,202.0
2023-03-09 11:12:00,CZNC,22.170000076293945,22.170000076293945,22.170000076293945,22.170000076293945,22.170000076293945,171.0
2023-03-09 11:12:00,DCOM,29.30769920349121,29.30769920349121,29.399999618530273,29.280000686645508,29.280000686645508,1326.0
2023-03-09 11:12:00,DGICA,15.020000457763672,15.020000457763672,15.020000457763672,15.020000457763672,15.020000457763672,157.0
2023-03-09 11:12:00,DWAC,14.13640022277832,14.13640022277832,14.13640022277832,14.13640022277832,14.13640022277832,346.0
2023-03-09 11:12:00,EBC,14.899999618530273,14.899999618530273,14.899999618530273,14.899999618530273,14.899999618530273,2643.0
2023-03-09 11:12:00,ECPG,50.599998474121094,50.599998474121094,50.599998474121094,50.599998474121094,50.599998474121094,745.0
2023-03-09 11:12:00,EFSC,51.435001373291016,51.435001373291016,51.46500015258789,51.435001373291016,51.46500015258789,476.0
2023-03-09 11:12:00,EGBN,40.88999938964844,40.88999938964844,40.88999938964844,40.869998931884766,40.869998931884766,471.0
2023-03-09 11:12:00,EHTH,9.100000381469727,9.100000381469727,9.100000381469727,9.100000381469727,9.100000381469727,339.0
2023-03-09 11:12:00,EWBC,69.27999877929688,69.27999877929688,69.27999877929688,69.26000213623047,69.27999877929688,1100.0
2023-03-09 11:12:00,FANH,8.1899995803833,8.1899995803833,8.1899995803833,8.1899995803833,8.1899995803833,144.0
2023-03-09 11:12:00,FBNC,38.35499954223633,38.35499954223633,38.40999984741211,38.28499984741211,38.40999984741211,951.0
2023-03-09 11:12:00,FCRD,4.639999866485596,4.639999866485596,4.639999866485596,4.639999866485596,4.639999866485596,5775.0
2023-03-09 11:12:00,FFBC,22.59000015258789,22.59000015258789,22.59000015258789,22.59000015258789,22.59000015258789,500.0
2023-03-09 11:12:00,FFIC,17.450000762939453,17.450000762939453,17.459999084472656,17.450000762939453,17.459999084472656,1032.0
2023-03-09 11:12:00,FFIN,33.98749923706055,33.98749923706055,33.98749923706055,33.98500061035156,33.98500061035156,326.0
2023-03-09 11:12:00,FFNW,14.890000343322754,14.890000343322754,15.010000228881836,14.890000343322754,14.949999809265137,0.0
2023-03-09 11:12:00,FFWM,13.25,13.25,13.270000457763672,13.25,13.270000457763672,1023.0
2023-03-09 11:12:00,FIBK,32.65999984741211,32.65999984741211,32.65999984741211,32.63999938964844,32.63999938964844,359.0
2023-03-09 11:12:00,FITB,32.63999938964844,32.63999938964844,32.665000915527344,32.630001068115234,32.64500045776367,9248.0
2023-03-09 11:12:00,FOCS,51.775001525878906,51.775001525878906,51.779998779296875,51.775001525878906,51.779998779296875,1521.0
2023-03-09 11:12:00,FRBK,1.7549999952316284,1.7549999952316284,1.7549999952316284,1.7549999952316284,1.7549999952316284,401.0
2023-03-09 11:12:00,FULT,15.760000228881836,15.760000228881836,15.770000457763672,15.760000228881836,15.770000457763672,837.0
2023-03-09 11:12:00,FUTU,46.44499969482422,46.44499969482422,46.47999954223633,46.349998474121094,46.43000030517578,16387.0
2023-03-09 11:12:00,FVCB,13.529999732971191,13.529999732971191,13.529999732971191,13.430000305175781,13.510000228881836,595.0
2023-03-09 11:12:00,GAIN,13.836000442504883,13.836000442504883,13.836000442504883,13.836000442504883,13.836000442504883,307.0
2023-03-09 11:12:00,GBDC,13.494999885559082,13.494999885559082,13.499300003051758,13.494999885559082,13.499300003051758,3234.0
2023-03-09 11:12:00,GCMG,8.449999809265137,8.449999809265137,8.449999809265137,8.449999809265137,8.449999809265137,153.0
2023-03-09 11:12:00,GXII,10.119999885559082,10.119999885559082,10.119999885559082,10.119999885559082,10.119999885559082,900.0
2023-03-09 11:12:00,HBAN,14.074999809265137,14.074999809265137,14.077500343322754,14.069999694824219,14.069999694824219,7605.0
2023-03-09 11:12:00,HBNC,14.119999885559082,14.119999885559082,14.120200157165527,14.119999885559082,14.120200157165527,837.0
2023-03-09 11:12:00,HBT,22.030000686645508,22.030000686645508,22.030000686645508,22.030000686645508,22.030000686645508,178.0
2023-03-09 11:12:00,HFWA,24.78499984741211,24.78499984741211,24.790000915527344,24.78499984741211,24.790000915527344,502.0
2023-03-09 11:12:00,HGBL,2.4600000381469727,2.4600000381469727,2.4600000381469727,2.4600000381469727,2.4600000381469727,300.0
2023-03-09 11:12:00,HIVE,2.619999885559082,2.619999885559082,2.619999885559082,2.619999885559082,2.619999885559082,1002.0
2023-03-09 11:12:00,HMST,22.420000076293945,22.420000076293945,22.420000076293945,22.420000076293945,22.420000076293945,268.0
2023-03-09 11:12:00,HOPE,11.949999809265137,11.949999809265137,11.949999809265137,11.949999809265137,11.949999809265137,3018.0
2023-03-09 11:12:00,HTBK,11.0,11.0,11.0,11.0,11.0,583.0
2023-03-09 11:12:00,HTLF,45.470001220703125,45.470001220703125,45.470001220703125,45.470001220703125,45.470001220703125,604.0
2023-03-09 11:12:00,HUT,1.429900050163269,1.429900050163269,1.429900050163269,1.4199999570846558,1.4199999570846558,3801.0
2023-03-09 11:12:00,HYW,5.599999904632568,5.599999904632568,5.599999904632568,5.599999904632568,5.599999904632568,301.0
2023-03-09 11:12:00,IBKR,88.47000122070312,88.47000122070312,88.47000122070312,88.44519805908203,88.44519805908203,1013.0
2023-03-09 11:12:00,ICMB,3.994999885559082,3.994999885559082,3.994999885559082,3.994999885559082,3.994999885559082,135.0
2023-03-09 11:12:00,INTR,2.0199999809265137,2.0199999809265137,2.0199999809265137,2.0199999809265137,2.0199999809265137,350.0
2023-03-09 11:12:00,IOAC,10.649999618530273,10.649999618530273,10.650099754333496,10.59000015258789,10.59000015258789,0.0
2023-03-09 11:12:00,IOACU,10.609999656677246,10.609999656677246,10.609999656677246,10.609999656677246,10.609999656677246,0.0
2023-03-09 11:13:00,ACGL,69.94999694824219,69.94999694824219,69.94999694824219,69.93000030517578,69.93000030517578,3947.0
2023-03-09 11:13:00,AHG,0.4004000127315521,0.4004000127315521,0.4004000127315521,0.4004000127315521,0.4004000127315521,82.0
2023-03-09 11:13:00,AMAL,21.239999771118164,21.239999771118164,21.239999771118164,21.239999771118164,21.239999771118164,101.0
2023-03-09 11:13:00,AMRK,28.145000457763672,28.145000457763672,28.145000457763672,28.145000457763672,28.145000457763672,389.0
2023-03-09 11:13:00,ARCC,19.100000381469727,19.100000381469727,19.110000610351562,19.100000381469727,19.110000610351562,3937.0
2023-03-09 11:13:00,ARIZW,0.029999999329447746,0.029999999329447746,0.029999999329447746,0.029999999329447746,0.029999999329447746,100.0
2023-03-09 11:13:00,ATLO,23.5,23.5,23.5,23.5,23.5,300.0
2023-03-09 11:13:00,AUB,37.144901275634766,37.144901275634766,37.150001525878906,37.119998931884766,37.150001525878906,7014.0
2023-03-09 11:13:00,BANR,58.529998779296875,58.529998779296875,58.529998779296875,58.529998779296875,58.529998779296875,119.0
2023-03-09 11:13:00,BGCP,5.049900054931641,5.049900054931641,5.050000190734863,5.045000076293945,5.045000076293945,1439.0
2023-03-09 11:13:00,BHF,53.470001220703125,53.470001220703125,53.4900016784668,53.470001220703125,53.47999954223633,2198.0
2023-03-09 11:13:00,BITF,0.785099983215332,0.785099983215332,0.785099983215332,0.7850000262260437,0.7850819826126099,3634.0
2023-03-09 11:13:00,BPOP,62.5,62.5,62.55500030517578,62.5,62.55500030517578,200.0
2023-03-09 11:13:00,BRKL,11.649999618530273,11.649999618530273,11.649999618530273,11.649999618530273,11.649999618530273,308.0
2023-03-09 11:13:00,BTBT,1.1699999570846558,1.1699999570846558,1.1699999570846558,1.1649999618530273,1.1699999570846558,433.0
2023-03-09 11:13:00,BUSE,22.549999237060547,22.549999237060547,22.559999465942383,22.549999237060547,22.559999465942383,353.0
2023-03-09 11:13:00,BWB,13.449999809265137,13.449999809265137,13.53499984741211,13.449999809265137,13.489999771118164,5273.0
2023-03-09 11:13:00,CASH,47.709999084472656,47.709999084472656,47.720001220703125,47.70500183105469,47.720001220703125,477.0
2023-03-09 11:13:00,CATY,39.7599983215332,39.7599983215332,39.79999923706055,39.7599983215332,39.79999923706055,1416.0
2023-03-09 11:13:00,CBAN,11.850000381469727,11.850000381469727,11.850000381469727,11.850000381469727,11.850000381469727,687.0
2023-03-09 11:13:00,CBNK,19.104999542236328,19.104999542236328,19.104999542236328,19.104999542236328,19.104999542236328,502.0
2023-03-09 11:13:00,CBSH,61.709999084472656,61.709999084472656,61.720001220703125,61.709999084472656,61.720001220703125,800.0
2023-03-09 11:13:00,CFFN,7.585000038146973,7.585000038146973,7.585000038146973,7.585000038146973,7.585000038146973,213.0
2023-03-09 11:13:00,CG,34.43000030517578,34.43000030517578,34.45500183105469,34.43000030517578,34.45000076293945,3531.0
2023-03-09 11:13:00,CGBD,15.079999923706055,15.079999923706055,15.079999923706055,15.079999923706055,15.079999923706055,180.0
2023-03-09 11:13:00,CHCO,91.01000213623047,91.01000213623047,91.25,91.01000213623047,91.25,947.0
2023-03-09 11:13:00,CHI,11.949899673461914,11.949899673461914,11.949899673461914,11.949899673461914,11.949899673461914,65768.0
2023-03-09 11:13:00,CINF,117.33999633789062,117.33999633789062,117.33999633789062,117.33999633789062,117.33999633789062,837.0
2023-03-09 11:13:00,CME,180.63999938964844,180.63999938964844,180.6999969482422,180.63999938964844,180.6999969482422,1090.0
2023-03-09 11:13:00,COLB,25.524999618530273,25.524999618530273,25.579999923706055,25.510000228881836,25.565000534057617,15815.0
2023-03-09 11:13:00,COOP,44.560001373291016,44.560001373291016,44.599998474121094,44.560001373291016,44.599998474121094,1382.0
2023-03-09 11:13:00,CPSS,10.675000190734863,10.675000190734863,10.675000190734863,10.675000190734863,10.675000190734863,114.0
2023-03-09 11:13:00,CSQ,14.0600004196167,14.0600004196167,14.064499855041504,14.0600004196167,14.064499855041504,484.0
2023-03-09 11:13:00,CSWC,18.559999465942383,18.559999465942383,18.565000534057617,18.559999465942383,18.565000534057617,434.0
2023-03-09 11:13:00,CVBF,21.959999084472656,21.959999084472656,21.959999084472656,21.940000534057617,21.950000762939453,1838.0
2023-03-09 11:13:00,EBC,14.86989974975586,14.86989974975586,14.899999618530273,14.859999656677246,14.899999618530273,12348.0
2023-03-09 11:13:00,EWBC,69.16000366210938,69.16000366210938,69.27999877929688,69.16000366210938,69.27999877929688,3327.0
2023-03-09 11:13:00,FCFS,88.0,88.0,88.0,88.0,88.0,2396.0
2023-03-09 11:13:00,FCNCA,663.5800170898438,663.5800170898438,663.5850219726562,662.97998046875,662.97998046875,946.0
2023-03-09 11:13:00,FFIC,17.420000076293945,17.420000076293945,17.420000076293945,17.420000076293945,17.420000076293945,252.0
2023-03-09 11:13:00,FFIN,33.9900016784668,33.9900016784668,33.9900016784668,33.97999954223633,33.98500061035156,2882.0
2023-03-09 11:13:00,FFWM,13.239999771118164,13.239999771118164,13.25,13.239999771118164,13.25,830.0
2023-03-09 11:13:00,FHB,24.239999771118164,24.239999771118164,24.260000228881836,24.239999771118164,24.260000228881836,1031.0
2023-03-09 11:13:00,FIBK,32.650001525878906,32.650001525878906,32.650001525878906,32.650001525878906,32.650001525878906,613.0
2023-03-09 11:13:00,FITB,32.630001068115234,32.630001068115234,32.65999984741211,32.630001068115234,32.64500045776367,2991.0
2023-03-09 11:13:00,FOCS,51.775001525878906,51.775001525878906,51.775001525878906,51.775001525878906,51.775001525878906,600.0
2023-03-09 11:13:00,FRBA,12.899999618530273,12.899999618530273,12.899999618530273,12.899999618530273,12.899999618530273,1477.0
2023-03-09 11:13:00,FRBK,1.75,1.75,1.7544000148773193,1.75,1.75,1920.0
2023-03-09 11:13:00,FULT,15.760000228881836,15.760000228881836,15.760000228881836,15.755000114440918,15.755000114440918,1595.0
2023-03-09 11:13:00,FUTU,46.404998779296875,46.404998779296875,46.46480178833008,46.38999938964844,46.452301025390625,3171.0
2023-03-09 11:13:00,GBDC,13.499899864196777,13.499899864196777,13.499899864196777,13.499899864196777,13.499899864196777,1525.0
2023-03-09 11:13:00,GLAD,9.960000038146973,9.960000038146973,9.960000038146973,9.960000038146973,9.960000038146973,427.0
2023-03-09 11:13:00,GLRE,10.100000381469727,10.100000381469727,10.109999656677246,10.100000381469727,10.109999656677246,2351.0
2023-03-09 11:13:00,GSHD,52.88999938964844,52.88999938964844,52.88999938964844,52.880001068115234,52.880001068115234,467.0
2023-03-09 11:13:00,HAFC,21.989999771118164,21.989999771118164,21.989999771118164,21.979999542236328,21.989999771118164,1045.0
2023-03-09 11:13:00,HBAN,14.074999809265137,14.074999809265137,14.079999923706055,14.069999694824219,14.069999694824219,15420.0
2023-03-09 11:13:00,HBT,21.954999923706055,21.954999923706055,21.954999923706055,21.954999923706055,21.954999923706055,112.0
2023-03-09 11:13:00,HFWA,24.760000228881836,24.760000228881836,24.760000228881836,24.760000228881836,24.760000228881836,201.0
2023-03-09 11:13:00,HGBL,2.4862000942230225,2.4862000942230225,2.4862000942230225,2.4862000942230225,2.4862000942230225,300.0
2023-03-09 11:13:00,HIVE,2.619999885559082,2.619999885559082,2.630000114440918,2.619999885559082,2.619999885559082,16808.0
2023-03-09 11:13:00,HLNE,76.91000366210938,76.91000366210938,76.91000366210938,76.91000366210938,76.91000366210938,370.0
2023-03-09 11:13:00,HMST,22.420000076293945,22.420000076293945,22.420000076293945,22.420000076293945,22.420000076293945,127.0
2023-03-09 11:13:00,HONE,12.739999771118164,12.739999771118164,12.739999771118164,12.739999771118164,12.739999771118164,144.0
2023-03-09 11:13:00,HOPE,11.949999809265137,11.949999809265137,11.949999809265137,11.949999809265137,11.949999809265137,1471.0
2023-03-09 11:13:00,HRZN,11.954999923706055,11.954999923706055,11.954999923706055,11.954999923706055,11.954999923706055,150.0
2023-03-09 11:13:00,HUT,1.4199999570846558,1.4199999570846558,1.420199990272522,1.4199999570846558,1.420199990272522,495.0
2023-03-09 11:13:00,HWC,44.345001220703125,44.345001220703125,44.38999938964844,44.345001220703125,44.369998931884766,854.0
2023-03-09 11:13:00,IBKR,88.5999984741211,88.5999984741211,88.5999984741211,88.51499938964844,88.51499938964844,3287.0
2023-03-09 11:13:00,INDB,72.72000122070312,72.72000122070312,72.94000244140625,72.72000122070312,72.91999816894531,28707.0
2023-03-09 11:13:00,INTR,2.009999990463257,2.009999990463257,2.009999990463257,2.009999990463257,2.009999990463257,100.0
2023-03-09 11:14:00,ABCB,43.13999938964844,43.13999938964844,43.13999938964844,43.13999938964844,43.13999938964844,641.0
2023-03-09 11:14:00,ACGL,69.95999908447266,69.95999908447266,70.0199966430664,69.95999908447266,69.95999908447266,10344.0
2023-03-09 11:14:00,AFBI,15.757200241088867,15.757200241088867,15.757200241088867,15.75,15.75,0.0
2023-03-09 11:14:00,AGBA,2.200000047683716,2.200000047683716,2.200000047683716,2.200000047683716,2.200000047683716,1085.0
2023-03-09 11:14:00,AMAL,21.264999389648438,21.264999389648438,21.264999389648438,21.264999389648438,21.264999389648438,223.0
2023-03-09 11:14:00,AMSF,51.13999938964844,51.13999938964844,51.13999938964844,51.13999938964844,51.13999938964844,1372.0
2023-03-09 11:14:00,ARCC,19.110000610351562,19.110000610351562,19.110000610351562,19.104999542236328,19.110000610351562,4953.0
2023-03-09 11:14:00,AUB,37.150001525878906,37.150001525878906,37.150001525878906,37.130001068115234,37.14500045776367,1969.0
2023-03-09 11:14:00,BANF,85.80000305175781,85.80000305175781,85.80000305175781,85.80000305175781,85.80000305175781,100.0
2023-03-09 11:14:00,BANR,58.525001525878906,58.525001525878906,58.525001525878906,58.5099983215332,58.52000045776367,614.0
2023-03-09 11:14:00,BGCP,5.050000190734863,5.050000190734863,5.050000190734863,5.045000076293945,5.045000076293945,905.0
2023-03-09 11:14:00,BHF,53.40999984741211,53.40999984741211,53.47999954223633,53.40999984741211,53.47999954223633,2707.0
2023-03-09 11:14:00,BITF,0.7885000109672546,0.7885000109672546,0.7885000109672546,0.785099983215332,0.785099983215332,2115.0
2023-03-09 11:14:00,BKCC,3.6700000762939453,3.6700000762939453,3.6700000762939453,3.6700000762939453,3.6700000762939453,924.0
2023-03-09 11:14:00,BLFY,11.65999984741211,11.65999984741211,11.765000343322754,11.65999984741211,11.75,3150.0
2023-03-09 11:14:00,BMRC,26.954999923706055,26.954999923706055,26.954999923706055,26.954999923706055,26.954999923706055,176.0
2023-03-09 11:14:00,BOKF,96.06999969482422,96.06999969482422,96.06999969482422,96.06999969482422,96.06999969482422,451.0
2023-03-09 11:14:00,BPOP,62.45000076293945,62.45000076293945,62.564998626708984,62.40999984741211,62.53499984741211,2617.0
2023-03-09 11:14:00,BRKL,11.640000343322754,11.640000343322754,11.640000343322754,11.640000343322754,11.640000343322754,103.0
2023-03-09 11:14:00,BTBT,1.1649999618530273,1.1649999618530273,1.1649999618530273,1.1649999618530273,1.1649999618530273,436.0
2023-03-09 11:14:00,BUSE,22.56999969482422,22.56999969482422,22.579999923706055,22.56999969482422,22.579999923706055,1191.0
2023-03-09 11:14:00,BWB,13.5,13.5,13.5,13.489999771118164,13.489999771118164,554.0
2023-03-09 11:14:00,BWFG,28.091999053955078,28.091999053955078,28.091999053955078,28.091999053955078,28.091999053955078,1496.0
2023-03-09 11:14:00,CACC,440.0,440.0,440.0,440.0,440.0,608.0
2023-03-09 11:14:00,CARE,16.579999923706055,16.579999923706055,16.579999923706055,16.579999923706055,16.579999923706055,1164.0
2023-03-09 11:14:00,CASH,47.709999084472656,47.709999084472656,47.709999084472656,47.709999084472656,47.709999084472656,674.0
2023-03-09 11:14:00,CBSH,61.689998626708984,61.689998626708984,61.72999954223633,61.689998626708984,61.72999954223633,605.0
2023-03-09 11:14:00,CFFN,7.590000152587891,7.590000152587891,7.590000152587891,7.585000038146973,7.585000038146973,601.0
2023-03-09 11:14:00,CG,34.43000030517578,34.43000030517578,34.43000030517578,34.415000915527344,34.415000915527344,872.0
2023-03-09 11:14:00,CHI,11.949999809265137,11.949999809265137,11.949999809265137,11.949999809265137,11.949999809265137,247.0
2023-03-09 11:14:00,CIFR,1.440000057220459,1.440000057220459,1.440000057220459,1.440000057220459,1.440000057220459,200.0
2023-03-09 11:14:00,CINF,117.37999725341797,117.37999725341797,117.37999725341797,117.3499984741211,117.3499984741211,414.0
2023-03-09 11:14:00,CME,180.52000427246094,180.52000427246094,180.63499450683594,180.47999572753906,180.6300048828125,1574.0
2023-03-09 11:14:00,CNOB,22.170000076293945,22.170000076293945,22.170000076293945,22.170000076293945,22.170000076293945,251.0
2023-03-09 11:14:00,COLB,25.50779914855957,25.50779914855957,25.541799545288086,25.489999771118164,25.524999618530273,27839.0
2023-03-09 11:14:00,COOP,44.584999084472656,44.584999084472656,44.59000015258789,44.56999969482422,44.56999969482422,1010.0
2023-03-09 11:14:00,CPSS,10.789999961853027,10.789999961853027,10.789999961853027,10.779999732971191,10.779999732971191,2445.0
2023-03-09 11:14:00,CSTR,15.65999984741211,15.65999984741211,15.65999984741211,15.65999984741211,15.65999984741211,109.0
2023-03-09 11:14:00,CSWC,18.59000015258789,18.59000015258789,18.59000015258789,18.569700241088867,18.569900512695312,3875.0
2023-03-09 11:14:00,CTBI,40.189998626708984,40.189998626708984,40.189998626708984,40.189998626708984,40.189998626708984,234.0
2023-03-09 11:14:00,EBC,14.859999656677246,14.859999656677246,14.864999771118164,14.859999656677246,14.859999656677246,3648.0
2023-03-09 11:14:00,EFSC,51.46500015258789,51.46500015258789,51.46500015258789,51.43000030517578,51.43000030517578,240.0
2023-03-09 11:14:00,EGBN,40.85499954223633,40.85499954223633,40.85499954223633,40.85499954223633,40.85499954223633,391.0
2023-03-09 11:14:00,EWBC,69.0999984741211,69.0999984741211,69.2300033569336,69.0999984741211,69.19999694824219,8757.0
2023-03-09 11:14:00,EZPW,8.892499923706055,8.892499923706055,8.892499923706055,8.892499923706055,8.892499923706055,100.0
2023-03-09 11:14:00,FBMS,28.770000457763672,28.770000457763672,28.790000915527344,28.700000762939453,28.709999084472656,1776.0
2023-03-09 11:14:00,FBNC,38.345001220703125,38.345001220703125,38.345001220703125,38.345001220703125,38.345001220703125,119.0
2023-03-09 11:14:00,FFIN,34.0,34.0,34.0,33.9900016784668,33.9900016784668,1195.0
2023-03-09 11:14:00,FHB,24.25,24.25,24.260000228881836,24.25,24.25,1366.0
2023-03-09 11:14:00,FIBK,32.70000076293945,32.70000076293945,32.70000076293945,32.66999816894531,32.66999816894531,1231.0
2023-03-09 11:14:00,FITB,32.61000061035156,32.61000061035156,32.630001068115234,32.60499954223633,32.619998931884766,7414.0
2023-03-09 11:14:00,FITBO,22.302000045776367,22.302000045776367,22.360000610351562,22.302000045776367,22.360000610351562,700.0
2023-03-09 11:14:00,FNLC,28.389999389648438,28.389999389648438,28.389999389648438,28.389999389648438,28.389999389648438,457.0
2023-03-09 11:14:00,FOCS,51.775001525878906,51.775001525878906,51.775001525878906,51.775001525878906,51.775001525878906,211.0
2023-03-09 11:14:00,FULT,15.760000228881836,15.760000228881836,15.760000228881836,15.760000228881836,15.760000228881836,771.0
2023-03-09 11:14:00,FUTU,46.415000915527344,46.415000915527344,46.45000076293945,46.3849983215332,46.38999938964844,3867.0
2023-03-09 11:14:00,GABC,35.84000015258789,35.84000015258789,35.84000015258789,35.84000015258789,35.84000015258789,132.0
2023-03-09 11:14:00,GBDC,13.493000030517578,13.493000030517578,13.493000030517578,13.489999771118164,13.489999771118164,300.0
2023-03-09 11:14:00,GCMG,8.449999809265137,8.449999809265137,8.449999809265137,8.449999809265137,8.449999809265137,102.0
2023-03-09 11:14:00,GGAL,12.800000190734863,12.800000190734863,12.800000190734863,12.799799919128418,12.79990005493164,1755.0
2023-03-09 11:14:00,GLRE,10.100000381469727,10.100000381469727,10.100000381469727,10.100000381469727,10.100000381469727,125.0
2023-03-09 11:14:00,GSHD,52.880001068115234,52.880001068115234,52.880001068115234,52.880001068115234,52.880001068115234,422.0
2023-03-09 11:14:00,GXII,10.119999885559082,10.119999885559082,10.119999885559082,10.119999885559082,10.119999885559082,200.0
2023-03-09 11:14:00,HAFC,21.959999084472656,21.959999084472656,21.959999084472656,21.959999084472656,21.959999084472656,100.0
2023-03-09 11:14:00,HBAN,14.0600004196167,14.0600004196167,14.079999923706055,14.0600004196167,14.077500343322754,32675.0
2023-03-09 11:14:00,HBCP,36.21049880981445,36.21049880981445,36.220001220703125,36.21049880981445,36.220001220703125,523.0
2023-03-09 11:14:00,HBT,22.0,22.0,22.0,22.0,22.0,249.0
2023-03-09 11:14:00,HIVE,2.619999885559082,2.619999885559082,2.619999885559082,2.619999885559082,2.619999885559082,118.0
2023-03-09 11:14:00,HMST,22.459999084472656,22.459999084472656,22.459999084472656,22.459999084472656,22.459999084472656,161.0
2023-03-09 11:14:00,HONE,12.744999885559082,12.744999885559082,12.744999885559082,12.739999771118164,12.739999771118164,400.0
2023-03-09 11:14:00,HOPE,11.949999809265137,11.949999809265137,11.949999809265137,11.949999809265137,11.949999809265137,1912.0
2023-03-09 11:14:00,HTLF,45.459999084472656,45.459999084472656,45.470001220703125,45.459999084472656,45.470001220703125,394.0
2023-03-09 11:14:00,HUT,1.4199999570846558,1.4199999570846558,1.429900050163269,1.4199999570846558,1.429900050163269,3795.0
2023-03-09 11:14:00,INTR,2.009999990463257,2.009999990463257,2.009999990463257,2.009999990463257,2.009999990463257,200.0
2023-03-09 11:15:00,ABCB,43.099998474121094,43.099998474121094,43.125,43.099998474121094,43.125,2198.0
2023-03-09 11:15:00,ACGL,69.96499633789062,69.96499633789062,69.96499633789062,69.93499755859375,69.94499969482422,5911.0
2023-03-09 11:15:00,ACT,24.09000015258789,24.09000015258789,24.09000015258789,24.09000015258789,24.09000015258789,108.0
2023-03-09 11:15:00,ALRS,18.989999771118164,18.989999771118164,18.989999771118164,18.9375,18.9375,1071.0
2023-03-09 11:15:00,APLD,2.2100000381469727,2.2100000381469727,2.2100000381469727,2.2049999237060547,2.2049999237060547,932.0
2023-03-09 11:15:00,ARCC,19.110000610351562,19.110000610351562,19.110000610351562,19.104999542236328,19.107500076293945,1673.0
2023-03-09 11:15:00,AROW,28.579999923706055,28.579999923706055,28.579999923706055,28.520000457763672,28.520000457763672,479.0
2023-03-09 11:15:00,ATLO,23.604999542236328,23.604999542236328,23.604999542236328,23.604999542236328,23.604999542236328,200.0
2023-03-09 11:15:00,AUB,37.17499923706055,37.17499923706055,37.17499923706055,37.150001525878906,37.150001525878906,1208.0
2023-03-09 11:15:00,BANF,85.80000305175781,85.80000305175781,85.80000305175781,85.80000305175781,85.80000305175781,102.0
2023-03-09 11:15:00,BCML,19.610000610351562,19.610000610351562,19.610000610351562,19.610000610351562,19.610000610351562,100.0
2023-03-09 11:15:00,BFST,18.75,18.75,18.790000915527344,18.75,18.790000915527344,693.0
2023-03-09 11:15:00,BGCP,5.059999942779541,5.059999942779541,5.059999942779541,5.045000076293945,5.050000190734863,19451.0
2023-03-09 11:15:00,BHF,53.31999969482422,53.31999969482422,53.36000061035156,53.31999969482422,53.36000061035156,323.0
2023-03-09 11:15:00,BITF,0.7875999808311462,0.7875999808311462,0.7886000275611877,0.7860999703407288,0.7886000275611877,7880.0
2023-03-09 11:15:00,BLFY,11.649999618530273,11.649999618530273,11.6899995803833,11.649999618530273,11.6899995803833,1843.0
2023-03-09 11:15:00,BPOP,62.369998931884766,62.369998931884766,62.369998931884766,62.349998474121094,62.349998474121094,708.0
2023-03-09 11:15:00,BRKL,11.630000114440918,11.630000114440918,11.640000343322754,11.630000114440918,11.640000343322754,528.0
2023-03-09 11:15:00,BSRR,19.489999771118164,19.489999771118164,19.4950008392334,19.489999771118164,19.4950008392334,487.0
2023-03-09 11:15:00,BTBT,1.1699999570846558,1.1699999570846558,1.1699999570846558,1.1684999465942383,1.1684999465942383,282.0
2023-03-09 11:15:00,BWB,13.5,13.5,13.5,13.5,13.5,4674.0
2023-03-09 11:15:00,BWFG,28.049999237060547,28.049999237060547,28.049999237060547,28.049999237060547,28.049999237060547,636.0
2023-03-09 11:15:00,CASH,47.70500183105469,47.70500183105469,47.709999084472656,47.70000076293945,47.70000076293945,390.0
2023-03-09 11:15:00,CATY,39.7599983215332,39.7599983215332,39.7599983215332,39.7599983215332,39.7599983215332,141.0
2023-03-09 11:15:00,CBAN,11.800000190734863,11.800000190734863,11.800000190734863,11.800000190734863,11.800000190734863,437.0
2023-03-09 11:15:00,CBNK,19.059999465942383,19.059999465942383,19.059999465942383,19.059999465942383,19.059999465942383,104.0
2023-03-09 11:15:00,CBSH,61.70500183105469,61.70500183105469,61.70500183105469,61.70500183105469,61.70500183105469,509.0
2023-03-09 11:15:00,CCAP,15.072500228881836,15.072500228881836,15.072500228881836,15.050000190734863,15.050000190734863,258.0
2023-03-09 11:15:00,CCNE,22.6299991607666,22.6299991607666,22.6299991607666,22.6200008392334,22.625,972.0
2023-03-09 11:15:00,CFB,12.520000457763672,12.520000457763672,12.520000457763672,12.520000457763672,12.520000457763672,264.0
2023-03-09 11:15:00,CFFN,7.585000038146973,7.585000038146973,7.590000152587891,7.585000038146973,7.585700035095215,1624.0
2023-03-09 11:15:00,CG,34.435001373291016,34.435001373291016,34.439998626708984,34.42499923706055,34.439998626708984,1801.0
2023-03-09 11:15:00,CGBD,15.06089973449707,15.06089973449707,15.069999694824219,15.0600004196167,15.069999694824219,3413.0
2023-03-09 11:15:00,CINF,117.45999908447266,117.45999908447266,117.51000213623047,117.45999908447266,117.51000213623047,366.0
2023-03-09 11:15:00,CIVB,20.625,20.625,20.625,20.625,20.625,146.0
2023-03-09 11:15:00,CME,180.5399932861328,180.5399932861328,180.57000732421875,180.5,180.5,2151.0
2023-03-09 11:15:00,CNOB,22.18000030517578,22.18000030517578,22.18000030517578,22.18000030517578,22.18000030517578,258.0
2023-03-09 11:15:00,COLB,25.4950008392334,25.4950008392334,25.514999389648438,25.479999542236328,25.5,10474.0
2023-03-09 11:15:00,COOP,44.599998474121094,44.599998474121094,44.599998474121094,44.599998474121094,44.599998474121094,759.0
2023-03-09 11:15:00,CTBI,40.150001525878906,40.150001525878906,40.189998626708984,40.150001525878906,40.189998626708984,271.0
2023-03-09 11:15:00,CVBF,21.959999084472656,21.959999084472656,21.969999313354492,21.959999084472656,21.959999084472656,1023.0
2023-03-09 11:15:00,CZNC,22.149999618530273,22.149999618530273,22.149999618530273,22.149999618530273,22.149999618530273,135.0
2023-03-09 11:15:00,EBC,14.854999542236328,14.854999542236328,14.859999656677246,14.854999542236328,14.859999656677246,689.0
2023-03-09 11:15:00,EFSC,51.43000030517578,51.43000030517578,51.43000030517578,51.43000030517578,51.43000030517578,775.0
2023-03-09 11:15:00,EHTH,9.093999862670898,9.093999862670898,9.093999862670898,9.093999862670898,9.093999862670898,310.0
2023-03-09 11:15:00,EWBC,68.98999786376953,68.98999786376953,69.0999984741211,68.9572982788086,69.0999984741211,3515.0
2023-03-09 11:15:00,EZPW,8.892499923706055,8.892499923706055,8.899999618530273,8.892499923706055,8.895000457763672,623.0
2023-03-09 11:15:00,FBIZ,34.04999923706055,34.04999923706055,34.04999923706055,34.04999923706055,34.04999923706055,114.0
2023-03-09 11:15:00,FBNC,38.36000061035156,38.36000061035156,38.36000061035156,38.35499954223633,38.35499954223633,505.0
2023-03-09 11:15:00,FCBC,28.520000457763672,28.520000457763672,28.520000457763672,28.520000457763672,28.520000457763672,862.0
2023-03-09 11:15:00,FCNCA,663.510009765625,663.510009765625,663.510009765625,663.510009765625,663.510009765625,115.0
2023-03-09 11:15:00,FCRD,4.639999866485596,4.639999866485596,4.659999847412109,4.639999866485596,4.639999866485596,325.0
2023-03-09 11:15:00,FFBC,22.540000915527344,22.540000915527344,22.579999923706055,22.540000915527344,22.579999923706055,1830.0
2023-03-09 11:15:00,FFIN,33.97999954223633,33.97999954223633,33.9900016784668,33.970001220703125,33.9900016784668,7454.0
2023-03-09 11:15:00,FFNW,14.890000343322754,14.890000343322754,14.890000343322754,14.890000343322754,14.890000343322754,294.0
2023-03-09 11:15:00,FFWM,13.220000267028809,13.220000267028809,13.25,13.220000267028809,13.241499900817871,1461.0
2023-03-09 11:15:00,FHB,24.270000457763672,24.270000457763672,24.270000457763672,24.25,24.25,1198.0
2023-03-09 11:15:00,FIBK,32.68000030517578,32.68000030517578,32.68000030517578,32.665000915527344,32.68000030517578,749.0
2023-03-09 11:15:00,FITB,32.59000015258789,32.59000015258789,32.61000061035156,32.59000015258789,32.61000061035156,6137.0
2023-03-09 11:15:00,FITBO,22.299999237060547,22.299999237060547,22.299999237060547,22.299999237060547,22.299999237060547,1000.0
2023-03-09 11:15:00,FMNB,13.229999542236328,13.229999542236328,13.239999771118164,13.229999542236328,13.239999771118164,1584.0
2023-03-09 11:15:00,FOCS,51.77000045776367,51.77000045776367,51.77000045776367,51.77000045776367,51.77000045776367,300.0
2023-03-09 11:15:00,FRST,11.07800006866455,11.07800006866455,11.079999923706055,11.07800006866455,11.079999923706055,373.0
2023-03-09 11:15:00,FSFG,19.5049991607666,19.5049991607666,19.5049991607666,19.5049991607666,19.5049991607666,161.0
2023-03-09 11:15:00,FULT,15.75,15.75,15.75,15.75,15.75,474.0
2023-03-09 11:15:00,FUTU,46.275001525878906,46.275001525878906,46.41999816894531,46.22999954223633,46.41999816894531,16071.0
2023-03-09 11:15:00,FVCB,13.5,13.5,13.5,13.5,13.5,109.0
2023-03-09 11:15:00,GBDC,13.494999885559082,13.494999885559082,13.494999885559082,13.489999771118164,13.494999885559082,900.0
2023-03-09 11:15:00,GCMG,8.444999694824219,8.444999694824219,8.444999694824219,8.444999694824219,8.444999694824219,100.0
2023-03-09 11:15:00,GGAL,12.78499984741211,12.78499984741211,12.8100004196167,12.779999732971191,12.8100004196167,2873.0
2023-03-09 11:15:00,GNTY,29.594999313354492,29.594999313354492,29.603900909423828,29.594999313354492,29.603900909423828,371.0
2023-03-09 11:15:00,HAFC,21.985000610351562,21.985000610351562,21.985000610351562,21.985000610351562,21.985000610351562,529.0
2023-03-09 11:15:00,HBAN,14.055000305175781,14.055000305175781,14.074999809265137,14.050000190734863,14.069999694824219,32350.0
2023-03-09 11:15:00,HFWA,24.739999771118164,24.739999771118164,24.760000228881836,24.729999542236328,24.760000228881836,518.0
2023-03-09 11:15:00,HGBL,2.5099000930786133,2.5099000930786133,2.5099000930786133,2.4600000381469727,2.4600000381469727,601.0
2023-03-09 11:15:00,HIVE,2.630000114440918,2.630000114440918,2.630000114440918,2.630000114440918,2.630000114440918,210.0
2023-03-09 11:15:00,HLNE,76.81500244140625,76.81500244140625,76.88999938964844,76.76499938964844,76.83999633789062,977.0
2023-03-09 11:15:00,HMST,22.420000076293945,22.420000076293945,22.420000076293945,22.420000076293945,22.420000076293945,154.0
2023-03-09 11:15:00,HONE,12.739999771118164,12.739999771118164,12.739999771118164,12.739999771118164,12.739999771118164,157.0
2023-03-09 11:15:00,HOPE,11.949999809265137,11.949999809265137,11.954999923706055,11.949999809265137,11.954999923706055,5862.0
2023-03-09 11:15:00,HRZN,11.979999542236328,11.979999542236328,11.979999542236328,11.970000267028809,11.970000267028809,668.0
2023-03-09 11:15:00,HUT,1.429900050163269,1.429900050163269,1.429900050163269,1.4249999523162842,1.4249999523162842,2775.0
2023-03-09 11:15:00,HWC,44.279998779296875,44.279998779296875,44.32500076293945,44.279998779296875,44.310001373291016,427.0
2023-03-09 11:15:00,IBKR,88.5999984741211,88.5999984741211,88.63999938964844,88.5999984741211,88.63999938964844,658.0
2023-03-09 11:15:00,IOAC,10.609999656677246,10.609999656677246,10.609999656677246,10.579999923706055,10.579999923706055,400.0
2023-03-09 11:16:00,ABCB,43.099998474121094,43.099998474121094,43.099998474121094,43.099998474121094,43.099998474121094,2014.0
2023-03-09 11:16:00,ACGL,69.93000030517578,69.93000030517578,69.98999786376953,69.93000030517578,69.96499633789062,8844.0
2023-03-09 11:16:00,ACT,24.094999313354492,24.094999313354492,24.094999313354492,24.094999313354492,24.094999313354492,111.0
2023-03-09 11:16:00,APLD,2.2149999141693115,2.2149999141693115,2.2149999141693115,2.2149999141693115,2.2149999141693115,1037.0
2023-03-09 11:16:00,ARCC,19.114999771118164,19.114999771118164,19.1200008392334,19.100000381469727,19.104999542236328,3982.0
2023-03-09 11:16:00,AUB,37.18000030517578,37.18000030517578,37.18000030517578,37.18000030517578,37.18000030517578,386.0
2023-03-09 11:16:00,BANF,85.81999969482422,85.81999969482422,85.81999969482422,85.77999877929688,85.80000305175781,1585.0
2023-03-09 11:16:00,BGCP,5.059999942779541,5.059999942779541,5.059999942779541,5.054999828338623,5.059999942779541,9789.0
2023-03-09 11:16:00,BHF,53.31999969482422,53.31999969482422,53.33000183105469,53.31999969482422,53.33000183105469,1388.0
2023-03-09 11:16:00,BITF,0.7889000177383423,0.7889000177383423,0.7889000177383423,0.7889000177383423,0.7889000177383423,1000.0
2023-03-09 11:16:00,BKCC,3.6700000762939453,3.6700000762939453,3.6798999309539795,3.6700000762939453,3.6798999309539795,24087.0
2023-03-09 11:16:00,BOKF,95.9000015258789,95.9000015258789,95.9000015258789,95.9000015258789,95.9000015258789,431.0
2023-03-09 11:16:00,BPOP,62.435001373291016,62.435001373291016,62.45000076293945,62.30500030517578,62.369998931884766,3393.0
2023-03-09 11:16:00,BRKL,11.630000114440918,11.630000114440918,11.630000114440918,11.630000114440918,11.630000114440918,172.0
2023-03-09 11:16:00,BTBT,1.1649999618530273,1.1649999618530273,1.1649999618530273,1.1649999618530273,1.1649999618530273,500.0
2023-03-09 11:16:00,BYFC,1.2999999523162842,1.2999999523162842,1.2999999523162842,1.2899999618530273,1.2899999618530273,476.0
2023-03-09 11:16:00,CASH,47.689998626708984,47.689998626708984,47.720001220703125,47.689998626708984,47.70500183105469,855.0
2023-03-09 11:16:00,CATY,39.76499938964844,39.76499938964844,39.76499938964844,39.72999954223633,39.72999954223633,472.0
2023-03-09 11:16:00,CBAN,11.800000190734863,11.800000190734863,11.8149995803833,11.800000190734863,11.8149995803833,583.0
2023-03-09 11:16:00,CBSH,61.68000030517578,61.68000030517578,61.68000030517578,61.68000030517578,61.68000030517578,378.0
2023-03-09 11:16:00,CCAP,15.020000457763672,15.020000457763672,15.079999923706055,15.020000457763672,15.079999923706055,10496.0
2023-03-09 11:16:00,CFSB,8.699899673461914,8.699899673461914,8.699999809265137,8.699899673461914,8.699899673461914,1483.0
2023-03-09 11:16:00,CG,34.40999984741211,34.40999984741211,34.439998626708984,34.40999984741211,34.439998626708984,2799.0
2023-03-09 11:16:00,CIFR,1.4491000175476074,1.4491000175476074,1.4500000476837158,1.4491000175476074,1.4500000476837158,1101.0
2023-03-09 11:16:00,CINF,117.31999969482422,117.31999969482422,117.44000244140625,117.31999969482422,117.44000244140625,1335.0
2023-03-09 11:16:00,CLBK,19.78499984741211,19.78499984741211,19.800100326538086,19.78499984741211,19.800100326538086,1520.0
2023-03-09 11:16:00,CME,180.57000732421875,180.57000732421875,180.5800018310547,180.47999572753906,180.50999450683594,3225.0
2023-03-09 11:16:00,CNOBP,20.850000381469727,20.850000381469727,20.93000030517578,20.850000381469727,20.850000381469727,1058.0
2023-03-09 11:16:00,COLB,25.489999771118164,25.489999771118164,25.539899826049805,25.489999771118164,25.4950008392334,18086.0
2023-03-09 11:16:00,COOP,44.654998779296875,44.654998779296875,44.654998779296875,44.650001525878906,44.650001525878906,549.0
2023-03-09 11:16:00,CSQ,14.065099716186523,14.065099716186523,14.065099716186523,14.065099716186523,14.065099716186523,500.0
2023-03-09 11:16:00,CUBA,3.9100000858306885,3.9100000858306885,3.9100000858306885,3.9100000858306885,3.9100000858306885,1000.0
2023-03-09 11:16:00,CVBF,21.969999313354492,21.969999313354492,21.969999313354492,21.959999084472656,21.959999084472656,491.0
2023-03-09 11:16:00,DWAC,14.135000228881836,14.135000228881836,14.135000228881836,14.125499725341797,14.125499725341797,580.0
2023-03-09 11:16:00,EBC,14.845000267028809,14.845000267028809,14.850000381469727,14.845000267028809,14.850000381469727,20399.0
2023-03-09 11:16:00,EFSC,51.439998626708984,51.439998626708984,51.439998626708984,51.40999984741211,51.40999984741211,741.0
2023-03-09 11:16:00,EGBN,40.83000183105469,40.83000183105469,40.83000183105469,40.83000183105469,40.83000183105469,1056.0
2023-03-09 11:16:00,ESGRP,23.3799991607666,23.3799991607666,23.459999084472656,23.3799991607666,23.459999084472656,496.0
2023-03-09 11:16:00,EWBC,68.9000015258789,68.9000015258789,69.0250015258789,68.9000015258789,68.98999786376953,4023.0
2023-03-09 11:16:00,FANH,8.140000343322754,8.140000343322754,8.140000343322754,8.140000343322754,8.140000343322754,146.0
2023-03-09 11:16:00,FCNCA,662.1300048828125,662.1300048828125,662.1300048828125,662.1300048828125,662.1300048828125,123.0
2023-03-09 11:16:00,FFBC,22.559999465942383,22.559999465942383,22.56999969482422,22.540000915527344,22.549999237060547,1499.0
2023-03-09 11:16:00,FFIC,17.40999984741211,17.40999984741211,17.40999984741211,17.40999984741211,17.40999984741211,299.0
2023-03-09 11:16:00,FFIN,33.95000076293945,33.95000076293945,34.0,33.95000076293945,34.0,1088.0
2023-03-09 11:16:00,FFWM,13.220000267028809,13.220000267028809,13.229999542236328,13.220000267028809,13.229999542236328,896.0
2023-03-09 11:16:00,FHB,24.239999771118164,24.239999771118164,24.260000228881836,24.239999771118164,24.260000228881836,1091.0
2023-03-09 11:16:00,FIBK,32.650001525878906,32.650001525878906,32.689998626708984,32.650001525878906,32.68000030517578,945.0
2023-03-09 11:16:00,FITB,32.599998474121094,32.599998474121094,32.61000061035156,32.584999084472656,32.584999084472656,2977.0
2023-03-09 11:16:00,FOCS,51.77000045776367,51.77000045776367,51.77000045776367,51.77000045776367,51.77000045776367,419.0
2023-03-09 11:16:00,FRBK,1.75,1.75,1.75,1.75,1.75,182.0
2023-03-09 11:16:00,FRME,37.5,37.5,37.5,37.5,37.5,202.0
2023-03-09 11:16:00,FULT,15.739999771118164,15.739999771118164,15.75,15.739999771118164,15.75,1229.0
2023-03-09 11:16:00,FUTU,46.334999084472656,46.334999084472656,46.349998474121094,46.23500061035156,46.23500061035156,10815.0
2023-03-09 11:16:00,GAIN,13.829999923706055,13.829999923706055,13.829999923706055,13.829999923706055,13.829999923706055,398.0
2023-03-09 11:16:00,GBDC,13.509300231933594,13.509300231933594,13.509300231933594,13.494999885559082,13.494999885559082,5915.0
2023-03-09 11:16:00,GCMG,8.460000038146973,8.460000038146973,8.460000038146973,8.449999809265137,8.449999809265137,906.0
2023-03-09 11:16:00,GGAL,12.805000305175781,12.805000305175781,12.805000305175781,12.779999732971191,12.779999732971191,357.0
2023-03-09 11:16:00,GLRE,9.960000038146973,9.960000038146973,10.117300033569336,9.960000038146973,10.100000381469727,7059.0
2023-03-09 11:16:00,GSHD,52.79499816894531,52.79499816894531,52.79499816894531,52.79499816894531,52.79499816894531,273.0
2023-03-09 11:16:00,HBAN,14.0600004196167,14.0600004196167,14.069999694824219,14.054699897766113,14.055000305175781,17330.0
2023-03-09 11:16:00,HBCP,36.220001220703125,36.220001220703125,36.220001220703125,36.220001220703125,36.220001220703125,200.0
2023-03-09 11:16:00,HFWA,24.75,24.75,24.75,24.75,24.75,784.0
2023-03-09 11:16:00,HIVE,2.640000104904175,2.640000104904175,2.640000104904175,2.640000104904175,2.640000104904175,1032.0
2023-03-09 11:16:00,HLNE,76.66000366210938,76.66000366210938,76.66000366210938,76.66000366210938,76.66000366210938,283.0
2023-03-09 11:16:00,HMST,22.427499771118164,22.427499771118164,22.427499771118164,22.427499771118164,22.427499771118164,568.0
2023-03-09 11:16:00,HOPE,11.949999809265137,11.949999809265137,11.949999809265137,11.949999809265137,11.949999809265137,3378.0
2023-03-09 11:16:00,HRZN,11.979999542236328,11.979999542236328,11.979999542236328,11.979999542236328,11.979999542236328,235.0
2023-03-09 11:16:00,HTLF,45.47999954223633,45.47999954223633,45.47999954223633,45.47999954223633,45.47999954223633,837.0
2023-03-09 11:16:00,HUT,1.4292999505996704,1.4292999505996704,1.429900050163269,1.4249999523162842,1.429900050163269,6248.0
2023-03-09 11:16:00,HWC,44.25,44.25,44.36000061035156,44.25,44.32500076293945,9198.0
2023-03-09 11:16:00,ICMB,3.990000009536743,3.990000009536743,3.990000009536743,3.990000009536743,3.990000009536743,200.0
2023-03-09 11:16:00,INTR,2.009999990463257,2.009999990463257,2.009999990463257,2.009999990463257,2.009999990463257,250.0
2023-03-09 11:16:00,IOAC,10.649999618530273,10.649999618530273,10.649999618530273,10.649999618530273,10.649999618530273,125.0
2023-03-09 11:17:00,ABCB,42.9900016784668,42.9900016784668,43.06999969482422,42.9900016784668,43.06999969482422,2307.0
2023-03-09 11:17:00,ACGL,69.91999816894531,69.91999816894531,69.94999694824219,69.9000015258789,69.91000366210938,11834.0
2023-03-09 11:17:00,AMAL,21.219999313354492,21.219999313354492,21.219999313354492,21.219999313354492,21.219999313354492,102.0
2023-03-09 11:17:00,AMAO,10.28499984741211,10.28499984741211,10.28499984741211,10.280200004577637,10.280200004577637,353.0
2023-03-09 11:17:00,AMTB,25.81999969482422,25.81999969482422,25.81999969482422,25.81999969482422,25.81999969482422,263.0
2023-03-09 11:17:00,APLD,2.2100000381469727,2.2100000381469727,2.2100000381469727,2.2100000381469727,2.2100000381469727,116.0
2023-03-09 11:17:00,ARCC,19.114999771118164,19.114999771118164,19.1200008392334,19.110000610351562,19.1200008392334,1771.0
2023-03-09 11:17:00,AUB,37.17499923706055,37.17499923706055,37.17499923706055,37.15999984741211,37.15999984741211,2039.0
2023-03-09 11:17:00,BANF,85.7699966430664,85.7699966430664,85.80000305175781,85.7699966430664,85.80000305175781,322.0
2023-03-09 11:17:00,BANR,58.349998474121094,58.349998474121094,58.36000061035156,58.349998474121094,58.36000061035156,584.0
2023-03-09 11:17:00,BCML,19.520000457763672,19.520000457763672,19.520000457763672,19.520000457763672,19.520000457763672,100.0
2023-03-09 11:17:00,BFC,76.16000366210938,76.16000366210938,76.16000366210938,76.16000366210938,76.16000366210938,623.0
2023-03-09 11:17:00,BFST,18.739999771118164,18.739999771118164,18.739999771118164,18.719999313354492,18.739999771118164,612.0
2023-03-09 11:17:00,BGCP,5.054999828338623,5.054999828338623,5.054999828338623,5.054999828338623,5.054999828338623,232.0
2023-03-09 11:17:00,BHF,53.29499816894531,53.29499816894531,53.310001373291016,53.22999954223633,53.290000915527344,5381.0
2023-03-09 11:17:00,BITF,0.7896000146865845,0.7896000146865845,0.7896000146865845,0.7894999980926514,0.7894999980926514,1152.0
2023-03-09 11:17:00,BKCC,3.6798999309539795,3.6798999309539795,3.6798999309539795,3.6700000762939453,3.6700000762939453,5216.0
2023-03-09 11:17:00,BOKF,95.87000274658203,95.87000274658203,95.87000274658203,95.87000274658203,95.87000274658203,1249.0
2023-03-09 11:17:00,BPOP,62.33000183105469,62.33000183105469,62.44499969482422,62.310001373291016,62.44499969482422,901.0
2023-03-09 11:17:00,BRKL,11.619999885559082,11.619999885559082,11.630000114440918,11.619999885559082,11.630000114440918,1385.0
2023-03-09 11:17:00,BSRR,19.489999771118164,19.489999771118164,19.489999771118164,19.489999771118164,19.489999771118164,235.0
2023-03-09 11:17:00,BTBT,1.1699999570846558,1.1699999570846558,1.1699999570846558,1.1649999618530273,1.1649999618530273,500.0
2023-03-09 11:17:00,BUSE,22.540000915527344,22.540000915527344,22.540000915527344,22.540000915527344,22.540000915527344,380.0
2023-03-09 11:17:00,BWB,13.550000190734863,13.550000190734863,13.550000190734863,13.550000190734863,13.550000190734863,101.0
2023-03-09 11:17:00,CARE,16.469999313354492,16.469999313354492,16.510000228881836,16.469999313354492,16.5,1953.0
2023-03-09 11:17:00,CASH,47.665000915527344,47.665000915527344,47.665000915527344,47.665000915527344,47.665000915527344,488.0
2023-03-09 11:17:00,CATY,39.75,39.75,39.75,39.75,39.75,772.0
2023-03-09 11:17:00,CBAN,11.720000267028809,11.720000267028809,11.739999771118164,11.720000267028809,11.739999771118164,602.0
2023-03-09 11:17:00,CBSH,61.619998931884766,61.619998931884766,61.619998931884766,61.61000061035156,61.619998931884766,1277.0
2023-03-09 11:17:00,CCAP,15.04990005493164,15.04990005493164,15.04990005493164,15.04990005493164,15.04990005493164,210.0
2023-03-09 11:17:00,CCB,42.65999984741211,42.65999984741211,42.65999984741211,42.599998474121094,42.61000061035156,1886.0
2023-03-09 11:17:00,CCNE,22.600000381469727,22.600000381469727,22.600000381469727,22.600000381469727,22.600000381469727,148.0
2023-03-09 11:17:00,CFB,12.479999542236328,12.479999542236328,12.479999542236328,12.470000267028809,12.479999542236328,377.0
2023-03-09 11:17:00,CFFN,7.579999923706055,7.579999923706055,7.585000038146973,7.579999923706055,7.585000038146973,269.0
2023-03-09 11:17:00,CG,34.400001525878906,34.400001525878906,34.404998779296875,34.400001525878906,34.404998779296875,2032.0
2023-03-09 11:17:00,CGBD,15.0649995803833,15.0649995803833,15.0649995803833,15.0649995803833,15.0649995803833,200.0
2023-03-09 11:17:00,CHCO,90.68000030517578,90.68000030517578,90.76000213623047,90.68000030517578,90.76000213623047,1221.0
2023-03-09 11:17:00,CIFR,1.4450000524520874,1.4450000524520874,1.4450000524520874,1.4450000524520874,1.4450000524520874,105.0
2023-03-09 11:17:00,CINF,117.2699966430664,117.2699966430664,117.2699966430664,117.2699966430664,117.2699966430664,595.0
2023-03-09 11:17:00,CME,180.5850067138672,180.5850067138672,180.5850067138672,180.5850067138672,180.5850067138672,144.0
2023-03-09 11:17:00,CNOB,22.1299991607666,22.1299991607666,22.1299991607666,22.1299991607666,22.1299991607666,493.0
2023-03-09 11:17:00,COLB,25.450000762939453,25.450000762939453,25.499099731445312,25.43000030517578,25.499099731445312,36046.0
2023-03-09 11:17:00,COOP,44.67499923706055,44.67499923706055,44.67499923706055,44.67499923706055,44.67499923706055,201.0
2023-03-09 11:17:00,CSWC,18.59000015258789,18.59000015258789,18.59000015258789,18.59000015258789,18.59000015258789,1286.0
2023-03-09 11:17:00,CUBA,3.9000000953674316,3.9000000953674316,3.9000000953674316,3.9000000953674316,3.9000000953674316,141.0
2023-03-09 11:17:00,CVBF,21.940000534057617,21.940000534057617,21.950000762939453,21.940000534057617,21.950000762939453,1061.0
2023-03-09 11:17:00,CZFS,80.05000305175781,80.05000305175781,80.05000305175781,79.79000091552734,79.79000091552734,2014.0
2023-03-09 11:17:00,EBC,14.819999694824219,14.819999694824219,14.84000015258789,14.819999694824219,14.84000015258789,3541.0
2023-03-09 11:17:00,EFSC,51.43000030517578,51.43000030517578,51.439998626708984,51.43000030517578,51.439998626708984,433.0
2023-03-09 11:17:00,EGBN,40.803001403808594,40.803001403808594,40.869998931884766,40.803001403808594,40.849998474121094,1440.0
2023-03-09 11:17:00,EQBK,28.09000015258789,28.09000015258789,28.09000015258789,28.09000015258789,28.09000015258789,299.0
2023-03-09 11:17:00,EWBC,68.83000183105469,68.83000183105469,68.94000244140625,68.77999877929688,68.91500091552734,8464.0
2023-03-09 11:17:00,FBMS,28.729999542236328,28.729999542236328,28.729999542236328,28.729999542236328,28.729999542236328,106.0
2023-03-09 11:17:00,FBNC,38.3650016784668,38.3650016784668,38.3650016784668,38.3650016784668,38.3650016784668,1185.0
2023-03-09 11:17:00,FCNCA,661.5399780273438,661.5399780273438,661.5399780273438,661.5399780273438,661.5399780273438,414.0
2023-03-09 11:17:00,FDUS,20.424999237060547,20.424999237060547,20.424999237060547,20.424999237060547,20.424999237060547,305.0
2023-03-09 11:17:00,FFBC,22.55500030517578,22.55500030517578,22.579999923706055,22.55500030517578,22.579999923706055,257.0
2023-03-09 11:17:00,FFIC,17.3799991607666,17.3799991607666,17.389999389648438,17.3799991607666,17.389999389648438,714.0
2023-03-09 11:17:00,FFIN,33.900001525878906,33.900001525878906,33.93000030517578,33.900001525878906,33.93000030517578,1022.0
2023-03-09 11:17:00,FFWM,13.220000267028809,13.220000267028809,13.220000267028809,13.199999809265137,13.199999809265137,1598.0
2023-03-09 11:17:00,FHB,24.209999084472656,24.209999084472656,24.209999084472656,24.209999084472656,24.209999084472656,454.0
2023-03-09 11:17:00,FIBK,32.62990188598633,32.62990188598633,32.650001525878906,32.619998931884766,32.650001525878906,1732.0
2023-03-09 11:17:00,FITB,32.58000183105469,32.58000183105469,32.599998474121094,32.560001373291016,32.599998474121094,8869.0
2023-03-09 11:17:00,FOCS,51.77000045776367,51.77000045776367,51.77000045776367,51.77000045776367,51.77000045776367,1105.0
2023-03-09 11:17:00,FRBK,1.7549999952316284,1.7549999952316284,1.7549999952316284,1.7549999952316284,1.7549999952316284,416.0
2023-03-09 11:17:00,FRME,37.47999954223633,37.47999954223633,37.47999954223633,37.47999954223633,37.47999954223633,1502.0
2023-03-09 11:17:00,FSBW,33.400001525878906,33.400001525878906,33.525001525878906,33.400001525878906,33.525001525878906,720.0
2023-03-09 11:17:00,FULT,15.734999656677246,15.734999656677246,15.739999771118164,15.729999542236328,15.739999771118164,736.0
2023-03-09 11:17:00,FUTU,46.33000183105469,46.33000183105469,46.380001068115234,46.310001373291016,46.334999084472656,7094.0
2023-03-09 11:17:00,GABC,35.755001068115234,35.755001068115234,35.755001068115234,35.755001068115234,35.755001068115234,214.0
2023-03-09 11:17:00,GCMG,8.444999694824219,8.444999694824219,8.449999809265137,8.444999694824219,8.449999809265137,321.0
2023-03-09 11:17:00,GGAL,12.779999732971191,12.779999732971191,12.779999732971191,12.779999732971191,12.779999732971191,102.0
2023-03-09 11:17:00,GXII,10.119999885559082,10.119999885559082,10.119999885559082,10.119999885559082,10.119999885559082,100.0
2023-03-09 11:17:00,HBAN,14.0649995803833,14.0649995803833,14.069999694824219,14.050000190734863,14.0600004196167,41702.0
2023-03-09 11:17:00,HBANP,19.149999618530273,19.149999618530273,19.149999618530273,19.149999618530273,19.149999618530273,1787.0
2023-03-09 11:17:00,HBCP,36.18000030517578,36.18000030517578,36.220001220703125,36.18000030517578,36.220001220703125,501.0
2023-03-09 11:17:00,HIVE,2.640000104904175,2.640000104904175,2.640000104904175,2.640000104904175,2.640000104904175,305.0
2023-03-09 11:17:00,HMST,22.469999313354492,22.469999313354492,22.5,22.405000686645508,22.415000915527344,1937.0
2023-03-09 11:17:00,HOPE,11.920000076293945,11.920000076293945,11.954999923706055,11.920000076293945,11.954999923706055,4774.0
2023-03-09 11:17:00,HRZN,11.979999542236328,11.979999542236328,11.979999542236328,11.979999542236328,11.979999542236328,1762.0
2023-03-09 11:17:00,HTBK,10.984999656677246,10.984999656677246,10.989999771118164,10.984999656677246,10.989999771118164,512.0
2023-03-09 11:17:00,HUT,1.4283000230789185,1.4283000230789185,1.429900050163269,1.4249999523162842,1.429900050163269,7510.0
2023-03-09 11:17:00,HWC,44.189998626708984,44.189998626708984,44.2599983215332,44.16999816894531,44.2599983215332,2285.0
2023-03-09 11:17:00,IBOC,45.119998931884766,45.119998931884766,45.119998931884766,45.11000061035156,45.119998931884766,810.0
2023-03-09 11:17:00,IBTX,52.93000030517578,52.93000030517578,52.93000030517578,52.93000030517578,52.93000030517578,588.0
2023-03-09 11:17:00,ICMB,3.9649999141693115,3.9649999141693115,3.9649999141693115,3.9649999141693115,3.9649999141693115,271.0
2023-03-09 11:17:00,INDB,72.70999908447266,72.70999908447266,72.70999908447266,72.70999908447266,72.70999908447266,495.0
2023-03-09 11:17:00,INTR,2.0,2.0,2.009999990463257,2.0,2.009999990463257,1116.0
2023-03-09 11:18:00,ABCB,43.02000045776367,43.02000045776367,43.06999969482422,43.0,43.0,3439.0
2023-03-09 11:18:00,ACGL,69.87999725341797,69.87999725341797,69.91999816894531,69.87000274658203,69.91000366210938,9114.0
2023-03-09 11:18:00,ACT,24.135000228881836,24.135000228881836,24.135000228881836,24.110000610351562,24.110000610351562,1851.0
2023-03-09 11:18:00,AMRK,28.110000610351562,28.110000610351562,28.110000610351562,28.09000015258789,28.09000015258789,253.0
2023-03-09 11:18:00,APLD,2.2049999237060547,2.2049999237060547,2.2100000381469727,2.2049999237060547,2.2100000381469727,621.0
2023-03-09 11:18:00,ARCC,19.114999771118164,19.114999771118164,19.114999771118164,19.114999771118164,19.114999771118164,457.0
2023-03-09 11:18:00,ATLO,23.575000762939453,23.575000762939453,23.575000762939453,23.575000762939453,23.575000762939453,1102.0
2023-03-09 11:18:00,AUB,37.18000030517578,37.18000030517578,37.2400016784668,37.119998931884766,37.18000030517578,13498.0
2023-03-09 11:18:00,BANR,58.380001068115234,58.380001068115234,58.380001068115234,58.279998779296875,58.279998779296875,579.0
2023-03-09 11:18:00,BCML,19.520000457763672,19.520000457763672,19.520000457763672,19.520000457763672,19.520000457763672,104.0
2023-03-09 11:18:00,BGCP,5.054999828338623,5.054999828338623,5.054999828338623,5.054999828338623,5.054999828338623,657.0
2023-03-09 11:18:00,BHF,53.279998779296875,53.279998779296875,53.36000061035156,53.279998779296875,53.29999923706055,3141.0
2023-03-09 11:18:00,BITF,0.7896000146865845,0.7896000146865845,0.7957000136375427,0.7894999980926514,0.7894999980926514,141261.0
2023-03-09 11:18:00,BKCC,3.6700000762939453,3.6700000762939453,3.6700000762939453,3.6700000762939453,3.6700000762939453,141.0
2023-03-09 11:18:00,BOKF,95.8499984741211,95.8499984741211,95.8499984741211,95.8499984741211,95.8499984741211,610.0
2023-03-09 11:18:00,BPOP,62.20000076293945,62.20000076293945,62.33000183105469,62.20000076293945,62.28499984741211,843.0
2023-03-09 11:18:00,BRP,26.110000610351562,26.110000610351562,26.110000610351562,26.06999969482422,26.110000610351562,1141.0
2023-03-09 11:18:00,BUSE,22.510000228881836,22.510000228881836,22.510000228881836,22.510000228881836,22.510000228881836,198.0
2023-03-09 11:18:00,CARE,16.463499069213867,16.463499069213867,16.463499069213867,16.463499069213867,16.463499069213867,353.0
2023-03-09 11:18:00,CASH,47.75,47.75,47.75,47.75,47.75,579.0
2023-03-09 11:18:00,CBAN,11.8100004196167,11.8100004196167,11.8100004196167,11.75,11.75,1398.0
2023-03-09 11:18:00,CBNK,19.09000015258789,19.09000015258789,19.09000015258789,19.09000015258789,19.09000015258789,103.0
2023-03-09 11:18:00,CBSH,61.65999984741211,61.65999984741211,61.65999984741211,61.65999984741211,61.65999984741211,588.0
2023-03-09 11:18:00,CCNE,22.584999084472656,22.584999084472656,22.59000015258789,22.584999084472656,22.59000015258789,589.0
2023-03-09 11:18:00,CFB,12.449999809265137,12.449999809265137,12.460000038146973,12.449999809265137,12.460000038146973,387.0
2023-03-09 11:18:00,CFFN,7.590000152587891,7.590000152587891,7.590000152587891,7.590000152587891,7.590000152587891,145.0
2023-03-09 11:18:00,CG,34.400001525878906,34.400001525878906,34.41999816894531,34.400001525878906,34.40999984741211,1278.0
2023-03-09 11:18:00,CGBD,15.0649995803833,15.0649995803833,15.0649995803833,15.0649995803833,15.0649995803833,100.0
2023-03-09 11:18:00,CIFR,1.440000057220459,1.440000057220459,1.440000057220459,1.440000057220459,1.440000057220459,100.0
2023-03-09 11:18:00,CINF,117.20999908447266,117.20999908447266,117.20999908447266,117.1500015258789,117.16000366210938,329.0
2023-03-09 11:18:00,CME,180.50999450683594,180.50999450683594,180.58999633789062,180.47999572753906,180.58999633789062,1412.0
2023-03-09 11:18:00,CNOB,22.15999984741211,22.15999984741211,22.15999984741211,22.15999984741211,22.15999984741211,1550.0
2023-03-09 11:18:00,COLB,25.43000030517578,25.43000030517578,25.469999313354492,25.43000030517578,25.459999084472656,40401.0
2023-03-09 11:18:00,CSTR,15.65999984741211,15.65999984741211,15.65999984741211,15.65999984741211,15.65999984741211,114.0
2023-03-09 11:18:00,CSWC,18.600000381469727,18.600000381469727,18.600000381469727,18.59000015258789,18.59000015258789,2931.0
2023-03-09 11:18:00,CTBI,40.02000045776367,40.02000045776367,40.02000045776367,40.02000045776367,40.02000045776367,121.0
2023-03-09 11:18:00,CVBF,21.93000030517578,21.93000030517578,21.950000762939453,21.93000030517578,21.950000762939453,3372.0
2023-03-09 11:18:00,DTOC,10.170000076293945,10.170000076293945,10.199999809265137,10.170000076293945,10.199999809265137,2438.0
2023-03-09 11:18:00,EBC,14.819999694824219,14.819999694824219,14.819999694824219,14.8100004196167,14.8100004196167,5057.0
2023-03-09 11:18:00,EFSCP,18.75,18.75,18.770000457763672,18.75,18.770000457763672,0.0
2023-03-09 11:18:00,EGBN,40.79999923706055,40.79999923706055,40.79999923706055,40.79999923706055,40.79999923706055,264.0
2023-03-09 11:18:00,EWBC,68.86000061035156,68.86000061035156,68.97000122070312,68.8499984741211,68.87999725341797,3833.0
2023-03-09 11:18:00,EZPW,8.899999618530273,8.899999618530273,8.899999618530273,8.899999618530273,8.899999618530273,102.0
2023-03-09 11:18:00,FBIZ,33.81999969482422,33.81999969482422,34.08089828491211,33.81999969482422,34.04999923706055,2453.0
2023-03-09 11:18:00,FBMS,28.709999084472656,28.709999084472656,28.729999542236328,28.709999084472656,28.729999542236328,1402.0
2023-03-09 11:18:00,FBNC,38.369998931884766,38.369998931884766,38.369998931884766,38.369998931884766,38.369998931884766,621.0
2023-03-09 11:18:00,FCNCA,663.2000122070312,663.2000122070312,663.9500122070312,663.2000122070312,663.6199951171875,2651.0
2023-03-09 11:18:00,FFIN,33.91999816894531,33.91999816894531,33.93000030517578,33.90999984741211,33.90999984741211,916.0
2023-03-09 11:18:00,FFWM,13.210000038146973,13.210000038146973,13.220000267028809,13.210000038146973,13.220000267028809,1491.0
2023-03-09 11:18:00,FHB,24.225099563598633,24.225099563598633,24.225099563598633,24.200000762939453,24.209999084472656,1249.0
2023-03-09 11:18:00,FIBK,32.59000015258789,32.59000015258789,32.599998474121094,32.59000015258789,32.599998474121094,267.0
2023-03-09 11:18:00,FITB,32.56999969482422,32.56999969482422,32.60499954223633,32.56999969482422,32.59000015258789,5054.0
2023-03-09 11:18:00,FOCS,51.77000045776367,51.77000045776367,51.779998779296875,51.77000045776367,51.779998779296875,954.0
2023-03-09 11:18:00,FRBK,1.7599999904632568,1.7599999904632568,1.7599999904632568,1.7599999904632568,1.7599999904632568,712.0
2023-03-09 11:18:00,FULT,15.739999771118164,15.739999771118164,15.75,15.739999771118164,15.739999771118164,1742.0
2023-03-09 11:18:00,FUTU,46.43000030517578,46.43000030517578,46.43000030517578,46.290000915527344,46.34000015258789,9266.0
2023-03-09 11:18:00,GBDC,13.505000114440918,13.505000114440918,13.505000114440918,13.505000114440918,13.505000114440918,367.0
2023-03-09 11:18:00,GCMG,8.4399995803833,8.4399995803833,8.4399995803833,8.4399995803833,8.4399995803833,1332.0
2023-03-09 11:18:00,GECC,9.460000038146973,9.460000038146973,9.479999542236328,9.380000114440918,9.479999542236328,6235.0
2023-03-09 11:18:00,GGAL,12.770600318908691,12.770600318908691,12.770600318908691,12.770099639892578,12.770099639892578,1106.0
2023-03-09 11:18:00,GLAD,9.969900131225586,9.969900131225586,9.969900131225586,9.969900131225586,9.969900131225586,201.0
2023-03-09 11:18:00,GLRE,9.960000038146973,9.960000038146973,9.960000038146973,9.960000038146973,9.960000038146973,200.0
2023-03-09 11:18:00,GREE,0.4430989921092987,0.4430989921092987,0.4430989921092987,0.4430989921092987,0.4430989921092987,1135.0
2023-03-09 11:18:00,GXII,10.119999885559082,10.119999885559082,10.119999885559082,10.119999885559082,10.119999885559082,100.0
2023-03-09 11:18:00,HBAN,14.0649995803833,14.0649995803833,14.074999809265137,14.0600004196167,14.0649995803833,16782.0
2023-03-09 11:18:00,HBANM,22.800199508666992,22.800199508666992,22.800199508666992,22.780000686645508,22.790000915527344,1800.0
2023-03-09 11:18:00,HBCP,36.209999084472656,36.209999084472656,36.209999084472656,36.20000076293945,36.20000076293945,405.0
2023-03-09 11:18:00,HIVE,2.6303999423980713,2.6303999423980713,2.6303999423980713,2.6303999423980713,2.6303999423980713,1004.0
2023-03-09 11:18:00,HMST,22.485000610351562,22.485000610351562,22.530000686645508,22.485000610351562,22.530000686645508,622.0
2023-03-09 11:18:00,HOPE,11.90999984741211,11.90999984741211,11.930000305175781,11.90999984741211,11.930000305175781,2083.0
2023-03-09 11:18:00,HRZN,11.979999542236328,11.979999542236328,11.979999542236328,11.979999542236328,11.979999542236328,464.0
2023-03-09 11:18:00,HTBK,10.994999885559082,10.994999885559082,10.994999885559082,10.989999771118164,10.989999771118164,1145.0
2023-03-09 11:18:00,HUT,1.4210000038146973,1.4210000038146973,1.4299999475479126,1.4199999570846558,1.4199999570846558,9725.0
2023-03-09 11:18:00,HWC,44.256500244140625,44.256500244140625,44.256500244140625,44.220001220703125,44.220001220703125,1040.0
2023-03-09 11:18:00,IBKR,88.68000030517578,88.68000030517578,88.68000030517578,88.66000366210938,88.66000366210938,1364.0
2023-03-09 11:18:00,IBOC,45.08000183105469,45.08000183105469,45.119998931884766,45.08000183105469,45.119998931884766,929.0
2023-03-09 11:18:00,INDB,72.63999938964844,72.63999938964844,72.68000030517578,72.63999938964844,72.68000030517578,1836.0
2023-03-09 11:18:00,INTR,2.009999990463257,2.009999990463257,2.009999990463257,2.009999990463257,2.009999990463257,400.0
2023-03-09 11:18:00,IOAC,10.609999656677246,10.609999656677246,10.649999618530273,10.609999656677246,10.649999618530273,225.0
2023-03-09 11:19:00,ABCB,43.04999923706055,43.04999923706055,43.04999923706055,42.9900016784668,43.0,1293.0
2023-03-09 11:19:00,ACGL,69.81999969482422,69.81999969482422,69.88999938964844,69.7927017211914,69.87999725341797,16838.0
2023-03-09 11:19:00,ACT,24.135000228881836,24.135000228881836,24.135000228881836,24.135000228881836,24.135000228881836,228.0
2023-03-09 11:19:00,AIHS,0.8799999952316284,0.8799999952316284,0.8799999952316284,0.8799999952316284,0.8799999952316284,401.0
2023-03-09 11:19:00,AMAL,21.260000228881836,21.260000228881836,21.260000228881836,21.260000228881836,21.260000228881836,157.0
2023-03-09 11:19:00,ARCC,19.110000610351562,19.110000610351562,19.114999771118164,19.106399536132812,19.114999771118164,5408.0
2023-03-09 11:19:00,AROW,28.600000381469727,28.600000381469727,28.600000381469727,28.600000381469727,28.600000381469727,186.0
2023-03-09 11:19:00,AUB,37.06999969482422,37.06999969482422,37.119998931884766,37.06999969482422,37.119998931884766,3270.0
2023-03-09 11:19:00,BANF,85.70999908447266,85.70999908447266,85.76499938964844,85.70999908447266,85.76499938964844,211.0
2023-03-09 11:19:00,BCML,19.520000457763672,19.520000457763672,19.520000457763672,19.520000457763672,19.520000457763672,341.0
2023-03-09 11:19:00,BCOW,9.800000190734863,9.800000190734863,9.800000190734863,9.800000190734863,9.800000190734863,0.0
2023-03-09 11:19:00,BGCP,5.054999828338623,5.054999828338623,5.054999828338623,5.054999828338623,5.054999828338623,642.0
2023-03-09 11:19:00,BHF,53.20930099487305,53.20930099487305,53.20930099487305,53.20930099487305,53.20930099487305,789.0
2023-03-09 11:19:00,BITF,0.7889999747276306,0.7889999747276306,0.7900999784469604,0.7889999747276306,0.7900000214576721,5502.0
2023-03-09 11:19:00,BKCC,3.6700000762939453,3.6700000762939453,3.6700000762939453,3.6700000762939453,3.6700000762939453,161.0
2023-03-09 11:19:00,BOKF,95.83000183105469,95.83000183105469,95.83000183105469,95.81999969482422,95.81999969482422,455.0
2023-03-09 11:19:00,BPOP,62.2400016784668,62.2400016784668,62.2400016784668,62.11000061035156,62.18000030517578,1591.0
2023-03-09 11:19:00,BRKL,11.619999885559082,11.619999885559082,11.619999885559082,11.619999885559082,11.619999885559082,802.0
2023-03-09 11:19:00,BTBT,1.1606999635696411,1.1606999635696411,1.1686999797821045,1.1606999635696411,1.1686999797821045,2216.0
2023-03-09 11:19:00,BWB,13.53499984741211,13.53499984741211,13.53499984741211,13.53499984741211,13.53499984741211,120.0
2023-03-09 11:19:00,CASH,47.790000915527344,47.790000915527344,47.790000915527344,47.720001220703125,47.72999954223633,3614.0
2023-03-09 11:19:00,CATY,39.70000076293945,39.70000076293945,39.70000076293945,39.70000076293945,39.70000076293945,191.0
2023-03-09 11:19:00,CBSH,61.61000061035156,61.61000061035156,61.61000061035156,61.61000061035156,61.61000061035156,917.0
2023-03-09 11:19:00,CCNE,22.510000228881836,22.510000228881836,22.540000915527344,22.510000228881836,22.540000915527344,230.0
2023-03-09 11:19:00,CFFN,7.585000038146973,7.585000038146973,7.585000038146973,7.585000038146973,7.585000038146973,209.0
2023-03-09 11:19:00,CG,34.38999938964844,34.38999938964844,34.39500045776367,34.3849983215332,34.38999938964844,2478.0
2023-03-09 11:19:00,CGBD,15.0649995803833,15.0649995803833,15.0649995803833,15.0649995803833,15.0649995803833,300.0
2023-03-09 11:19:00,CHI,11.9350004196167,11.9350004196167,11.9350004196167,11.9350004196167,11.9350004196167,111.0
2023-03-09 11:19:00,CIFR,1.4450000524520874,1.4450000524520874,1.4450000524520874,1.4422999620437622,1.4422999620437622,255.0
2023-03-09 11:19:00,CINF,117.05000305175781,117.05000305175781,117.13999938964844,117.05000305175781,117.13999938964844,1020.0
2023-03-09 11:19:00,CLBK,19.75,19.75,19.770000457763672,19.75,19.760000228881836,1648.0
2023-03-09 11:19:00,CME,180.47000122070312,180.47000122070312,180.47000122070312,180.47000122070312,180.47000122070312,102.0
2023-03-09 11:19:00,COLB,25.420000076293945,25.420000076293945,25.43000030517578,25.389999389648438,25.420000076293945,15032.0
2023-03-09 11:19:00,COOP,44.65999984741211,44.65999984741211,44.65999984741211,44.63999938964844,44.63999938964844,805.0
2023-03-09 11:19:00,CRVL,179.05499267578125,179.05499267578125,179.05499267578125,179.05499267578125,179.05499267578125,284.0
2023-03-09 11:19:00,CSQ,14.067999839782715,14.067999839782715,14.069999694824219,14.067999839782715,14.069999694824219,378.0
2023-03-09 11:19:00,CSWC,18.600000381469727,18.600000381469727,18.600000381469727,18.600000381469727,18.600000381469727,182.0
2023-03-09 11:19:00,CVBF,21.93000030517578,21.93000030517578,21.93000030517578,21.920000076293945,21.93000030517578,1328.0
2023-03-09 11:19:00,DGICA,15.020000457763672,15.020000457763672,15.020000457763672,15.020000457763672,15.020000457763672,100.0
2023-03-09 11:19:00,DTOC,10.1899995803833,10.1899995803833,10.1899995803833,10.1899995803833,10.1899995803833,313.0
2023-03-09 11:19:00,EBC,14.829999923706055,14.829999923706055,14.829999923706055,14.829999923706055,14.829999923706055,1599.0
2023-03-09 11:19:00,EFSC,51.400001525878906,51.400001525878906,51.400001525878906,51.400001525878906,51.400001525878906,464.0
2023-03-09 11:19:00,EHTH,9.029999732971191,9.029999732971191,9.0600004196167,9.029999732971191,9.0600004196167,1262.0
2023-03-09 11:19:00,EQBK,28.079999923706055,28.079999923706055,28.079999923706055,28.06999969482422,28.06999969482422,651.0
2023-03-09 11:19:00,EWBC,69.0,69.0,69.0,68.87999725341797,68.87999725341797,1128.0
2023-03-09 11:19:00,FBNC,38.439998626708984,38.439998626708984,38.439998626708984,38.380001068115234,38.41999816894531,4172.0
2023-03-09 11:19:00,FCRD,4.650000095367432,4.650000095367432,4.650000095367432,4.650000095367432,4.650000095367432,250.0
2023-03-09 11:19:00,FEXD,10.460000038146973,10.460000038146973,10.460000038146973,10.454999923706055,10.458000183105469,0.0
2023-03-09 11:19:00,FFBC,22.579999923706055,22.579999923706055,22.579999923706055,22.579999923706055,22.579999923706055,100.0
2023-03-09 11:19:00,FFIC,17.375,17.375,17.375,17.375,17.375,125.0
2023-03-09 11:19:00,FFIN,33.90999984741211,33.90999984741211,33.90999984741211,33.90999984741211,33.90999984741211,118.0
2023-03-09 11:19:00,FHB,24.200000762939453,24.200000762939453,24.200000762939453,24.190000534057617,24.190000534057617,470.0
2023-03-09 11:19:00,FIBK,32.61000061035156,32.61000061035156,32.61000061035156,32.58219909667969,32.58219909667969,907.0
2023-03-09 11:19:00,FITB,32.595001220703125,32.595001220703125,32.599998474121094,32.54999923706055,32.560001373291016,8675.0
2023-03-09 11:19:00,FMBH,28.31999969482422,28.31999969482422,28.31999969482422,28.31999969482422,28.31999969482422,142.0
2023-03-09 11:19:00,FOCS,51.775001525878906,51.775001525878906,51.775001525878906,51.77000045776367,51.77000045776367,778.0
2023-03-09 11:19:00,FRBK,1.75,1.75,1.75,1.75,1.75,145.0
2023-03-09 11:19:00,FULT,15.760000228881836,15.760000228881836,15.760000228881836,15.75,15.75,834.0
2023-03-09 11:19:00,FUTU,46.43000030517578,46.43000030517578,46.470001220703125,46.400001525878906,46.41999816894531,9533.0
2023-03-09 11:19:00,GAMC,10.169899940490723,10.169899940490723,10.169899940490723,10.169899940490723,10.169899940490723,0.0
2023-03-09 11:19:00,GBDC,13.501299858093262,13.501299858093262,13.501299858093262,13.501299858093262,13.501299858093262,118.0
2023-03-09 11:19:00,GGAL,12.770000457763672,12.770000457763672,12.779999732971191,12.770000457763672,12.779999732971191,391.0
2023-03-09 11:19:00,GLRE,9.970000267028809,9.970000267028809,9.970000267028809,9.970000267028809,9.970000267028809,515.0
2023-03-09 11:19:00,GSHD,52.709999084472656,52.709999084472656,52.709999084472656,52.709999084472656,52.709999084472656,189.0
2023-03-09 11:19:00,HAFC,21.975000381469727,21.975000381469727,21.975000381469727,21.975000381469727,21.975000381469727,344.0
2023-03-09 11:19:00,HBAN,14.078399658203125,14.078399658203125,14.079999923706055,14.055000305175781,14.0649995803833,40944.0
2023-03-09 11:19:00,HBANM,22.719999313354492,22.719999313354492,22.75,22.719999313354492,22.75,1605.0
2023-03-09 11:19:00,HBANP,19.100000381469727,19.100000381469727,19.1200008392334,19.100000381469727,19.1200008392334,3716.0
2023-03-09 11:19:00,HBNC,14.079999923706055,14.079999923706055,14.079999923706055,14.069999694824219,14.069999694824219,1600.0
2023-03-09 11:19:00,HIVE,2.630000114440918,2.630000114440918,2.630000114440918,2.62280011177063,2.62280011177063,10559.0
2023-03-09 11:19:00,HOPE,11.90999984741211,11.90999984741211,11.90999984741211,11.909099578857422,11.909099578857422,1458.0
2023-03-09 11:19:00,HTBK,10.994999885559082,10.994999885559082,11.0,10.994999885559082,11.0,1318.0
2023-03-09 11:19:00,HUIZ,1.3799999952316284,1.3799999952316284,1.3799999952316284,1.3799999952316284,1.3799999952316284,1468.0
2023-03-09 11:19:00,HUT,1.4258999824523926,1.4258999824523926,1.4280999898910522,1.4199999570846558,1.4280999898910522,3400.0
2023-03-09 11:19:00,HWC,44.27000045776367,44.27000045776367,44.27000045776367,44.22999954223633,44.22999954223633,1141.0
2023-03-09 11:19:00,IBKR,88.55999755859375,88.55999755859375,88.62000274658203,88.51000213623047,88.62000274658203,2020.0
2023-03-09 11:19:00,IBOC,45.040000915527344,45.040000915527344,45.040000915527344,45.0099983215332,45.0099983215332,524.0
2023-03-09 11:19:00,INDB,72.62000274658203,72.62000274658203,72.73999786376953,72.5999984741211,72.61499786376953,4578.0
2023-03-09 11:19:00,INTR,2.009999990463257,2.009999990463257,2.0199999809265137,2.009999990463257,2.0199999809265137,5108.0
2023-03-09 11:20:00,ABCB,43.084999084472656,43.084999084472656,43.084999084472656,43.084999084472656,43.084999084472656,723.0
2023-03-09 11:20:00,ACGL,69.79000091552734,69.79000091552734,69.83000183105469,69.75,69.81999969482422,3334.0
2023-03-09 11:20:00,ACGLN,19.010000228881836,19.010000228881836,19.010000228881836,19.010000228881836,19.010000228881836,371.0
2023-03-09 11:20:00,ACGLO,22.600000381469727,22.600000381469727,22.600000381469727,22.600000381469727,22.600000381469727,259.0
2023-03-09 11:20:00,ACT,24.1299991607666,24.1299991607666,24.135000228881836,24.1299991607666,24.135000228881836,746.0
2023-03-09 11:20:00,AMRK,28.1299991607666,28.1299991607666,28.139999389648438,28.1299991607666,28.1299991607666,2158.0
2023-03-09 11:20:00,APLD,2.2005999088287354,2.2005999088287354,2.2005999088287354,2.2005999088287354,2.2005999088287354,105.0
2023-03-09 11:20:00,ARCC,19.109899520874023,19.109899520874023,19.110000610351562,19.100000381469727,19.110000610351562,7563.0
2023-03-09 11:20:00,AUB,37.06999969482422,37.06999969482422,37.119998931884766,37.06999969482422,37.119998931884766,599.0
2023-03-09 11:20:00,BANF,85.80000305175781,85.80000305175781,85.80000305175781,85.76499938964844,85.76499938964844,306.0
2023-03-09 11:20:00,BFST,18.700000762939453,18.700000762939453,18.739999771118164,18.700000762939453,18.739999771118164,955.0
2023-03-09 11:20:00,BGCP,5.054999828338623,5.054999828338623,5.054999828338623,5.054999828338623,5.054999828338623,506.0
2023-03-09 11:20:00,BHF,53.279998779296875,53.279998779296875,53.279998779296875,53.279998779296875,53.279998779296875,2437.0
2023-03-09 11:20:00,BITF,0.7969989776611328,0.7969989776611328,0.7969989776611328,0.7892000079154968,0.7892000079154968,1163.0
2023-03-09 11:20:00,BPOP,62.32500076293945,62.32500076293945,62.32500076293945,62.25,62.25,871.0
2023-03-09 11:20:00,BTBT,1.160099983215332,1.160099983215332,1.1649999618530273,1.160099983215332,1.1649999618530273,1109.0
2023-03-09 11:20:00,CASH,47.810001373291016,47.810001373291016,47.810001373291016,47.810001373291016,47.810001373291016,348.0
2023-03-09 11:20:00,CATY,39.720001220703125,39.720001220703125,39.720001220703125,39.720001220703125,39.720001220703125,1754.0
2023-03-09 11:20:00,CBAN,11.819999694824219,11.819999694824219,11.819999694824219,11.819999694824219,11.819999694824219,100.0
2023-03-09 11:20:00,CBNK,19.09000015258789,19.09000015258789,19.09000015258789,19.09000015258789,19.09000015258789,200.0
2023-03-09 11:20:00,CCD,22.950000762939453,22.950000762939453,22.950000762939453,22.950000762939453,22.950000762939453,100.0
2023-03-09 11:20:00,CFFN,7.585000038146973,7.585000038146973,7.585000038146973,7.585000038146973,7.585000038146973,1074.0
2023-03-09 11:20:00,CG,34.40999984741211,34.40999984741211,34.40999984741211,34.38999938964844,34.38999938964844,2299.0
2023-03-09 11:20:00,CGBD,15.069999694824219,15.069999694824219,15.069999694824219,15.068300247192383,15.068300247192383,739.0
2023-03-09 11:20:00,CHEAU,10.510000228881836,10.510000228881836,10.510000228881836,10.510000228881836,10.510000228881836,100.0
2023-03-09 11:20:00,CHY,12.300000190734863,12.300000190734863,12.3149995803833,12.300000190734863,12.3149995803833,652.0
2023-03-09 11:20:00,CINF,117.05000305175781,117.05000305175781,117.13500213623047,117.05000305175781,117.13500213623047,413.0
2023-03-09 11:20:00,CME,180.3699951171875,180.3699951171875,180.55999755859375,180.3699951171875,180.47999572753906,3476.0
2023-03-09 11:20:00,CNOBP,20.850000381469727,20.850000381469727,20.90999984741211,20.850000381469727,20.90999984741211,359.0
2023-03-09 11:20:00,COLB,25.405000686645508,25.405000686645508,25.44499969482422,25.385000228881836,25.43000030517578,33637.0
2023-03-09 11:20:00,CSTR,15.65999984741211,15.65999984741211,15.65999984741211,15.65999984741211,15.65999984741211,474.0
2023-03-09 11:20:00,CSWC,18.600000381469727,18.600000381469727,18.600000381469727,18.600000381469727,18.600000381469727,989.0
2023-03-09 11:20:00,CUBA,3.9100000858306885,3.9100000858306885,3.9100000858306885,3.9100000858306885,3.9100000858306885,1001.0
2023-03-09 11:20:00,CVBF,21.940000534057617,21.940000534057617,21.940000534057617,21.940000534057617,21.940000534057617,190.0
2023-03-09 11:20:00,CZNC,22.149999618530273,22.149999618530273,22.149999618530273,22.149999618530273,22.149999618530273,300.0
2023-03-09 11:20:00,DNAD,10.210000038146973,10.210000038146973,10.210000038146973,10.199999809265137,10.199999809265137,19223.0
2023-03-09 11:20:00,EBC,14.845000267028809,14.845000267028809,14.845000267028809,14.84000015258789,14.84000015258789,562.0
2023-03-09 11:20:00,EGBN,40.849998474121094,40.849998474121094,40.849998474121094,40.849998474121094,40.849998474121094,270.0
2023-03-09 11:20:00,ESAC,10.460000038146973,10.460000038146973,10.460000038146973,10.460000038146973,10.460000038146973,0.0
2023-03-09 11:20:00,ESGRP,23.389999389648438,23.389999389648438,23.389999389648438,23.389999389648438,23.389999389648438,200.0
2023-03-09 11:20:00,EWBC,69.05999755859375,69.05999755859375,69.07990264892578,68.98999786376953,68.98999786376953,2248.0
2023-03-09 11:20:00,EZPW,8.904999732971191,8.904999732971191,8.90999984741211,8.899999618530273,8.899999618530273,1164.0
2023-03-09 11:20:00,FBNC,38.470001220703125,38.470001220703125,38.470001220703125,38.470001220703125,38.470001220703125,193.0
2023-03-09 11:20:00,FCNCA,665.260009765625,665.260009765625,665.260009765625,663.8800048828125,664.030029296875,1863.0
2023-03-09 11:20:00,FFBC,22.649999618530273,22.649999618530273,22.649999618530273,22.579999923706055,22.579999923706055,3100.0
2023-03-09 11:20:00,FFIC,17.389999389648438,17.389999389648438,17.389999389648438,17.389999389648438,17.389999389648438,334.0
2023-03-09 11:20:00,FFIN,33.94499969482422,33.94499969482422,33.94499969482422,33.93000030517578,33.93000030517578,846.0
2023-03-09 11:20:00,FFNW,14.899999618530273,14.899999618530273,14.899999618530273,14.899999618530273,14.899999618530273,100.0
2023-03-09 11:20:00,FFWM,13.210000038146973,13.210000038146973,13.229999542236328,13.210000038146973,13.229900360107422,1496.0
2023-03-09 11:20:00,FITB,32.58000183105469,32.58000183105469,32.617000579833984,32.58000183105469,32.61000061035156,3095.0
2023-03-09 11:20:00,FITBI,25.190099716186523,25.190099716186523,25.194799423217773,25.190000534057617,25.190000534057617,888.0
2023-03-09 11:20:00,FITBO,22.25200080871582,22.25200080871582,22.25200080871582,22.25200080871582,22.25200080871582,329.0
2023-03-09 11:20:00,FLIC,16.1299991607666,16.1299991607666,16.159900665283203,16.1299991607666,16.159900665283203,2217.0
2023-03-09 11:20:00,FOCS,51.775001525878906,51.775001525878906,51.779998779296875,51.77000045776367,51.77000045776367,600.0
2023-03-09 11:20:00,FRBK,1.7549999952316284,1.7549999952316284,1.7549999952316284,1.7549999952316284,1.7549999952316284,277.0
2023-03-09 11:20:00,FRME,37.459800720214844,37.459800720214844,37.529998779296875,37.459800720214844,37.529998779296875,1159.0
2023-03-09 11:20:00,FUTU,46.42250061035156,46.42250061035156,46.459999084472656,46.40999984741211,46.40999984741211,1415.0
2023-03-09 11:20:00,FVCB,13.430000305175781,13.430000305175781,13.430000305175781,13.430000305175781,13.430000305175781,272.0
2023-03-09 11:20:00,GBDC,13.505599975585938,13.505599975585938,13.505599975585938,13.505599975585938,13.505599975585938,486.0
2023-03-09 11:20:00,GLAD,9.964900016784668,9.964900016784668,9.969900131225586,9.964900016784668,9.969900131225586,2492.0
2023-03-09 11:20:00,GOCO,18.565000534057617,18.565000534057617,18.565000534057617,18.565000534057617,18.565000534057617,100.0
2023-03-09 11:20:00,GSHD,52.709999084472656,52.709999084472656,52.72999954223633,52.709999084472656,52.72999954223633,253.0
2023-03-09 11:20:00,GXII,10.119999885559082,10.119999885559082,10.119999885559082,10.119999885559082,10.119999885559082,100.0
2023-03-09 11:20:00,HBAN,14.079899787902832,14.079899787902832,14.079999923706055,14.069999694824219,14.074999809265137,14482.0
2023-03-09 11:20:00,HBANP,19.135000228881836,19.135000228881836,19.135000228881836,19.135000228881836,19.135000228881836,386.0
2023-03-09 11:20:00,HBNC,14.079999923706055,14.079999923706055,14.079999923706055,14.079999923706055,14.079999923706055,699.0
2023-03-09 11:20:00,HBT,22.0,22.0,22.0,22.0,22.0,769.0
2023-03-09 11:20:00,HIVE,2.630000114440918,2.630000114440918,2.630000114440918,2.6298999786376953,2.6298999786376953,977.0
2023-03-09 11:20:00,HMST,22.629899978637695,22.629899978637695,22.629899978637695,22.530000686645508,22.530000686645508,2273.0
2023-03-09 11:20:00,HONE,12.739999771118164,12.739999771118164,12.739999771118164,12.739999771118164,12.739999771118164,302.0
2023-03-09 11:20:00,HOPE,11.930000305175781,11.930000305175781,11.930000305175781,11.920000076293945,11.920000076293945,1146.0
2023-03-09 11:20:00,HRZN,12.003600120544434,12.003600120544434,12.003600120544434,12.003600120544434,12.003600120544434,548.0
2023-03-09 11:20:00,HTBK,11.0,11.0,11.0,11.0,11.0,1209.0
2023-03-09 11:20:00,HUT,1.4199999570846558,1.4199999570846558,1.4199999570846558,1.4199999570846558,1.4199999570846558,4580.0
2023-03-09 11:20:00,HWC,44.27000045776367,44.27000045776367,44.27000045776367,44.27000045776367,44.27000045776367,311.0
2023-03-09 11:20:00,IBKR,88.58000183105469,88.58000183105469,88.58000183105469,88.58000183105469,88.58000183105469,211.0
2023-03-09 11:20:00,IBOC,45.08000183105469,45.08000183105469,45.08000183105469,45.040000915527344,45.040000915527344,319.0
2023-03-09 11:20:00,ICMB,3.941999912261963,3.941999912261963,3.941999912261963,3.941999912261963,3.941999912261963,290.0
2023-03-09 11:20:00,INBK,24.139999389648438,24.139999389648438,24.139999389648438,24.139999389648438,24.139999389648438,340.0
2023-03-09 11:20:00,IOAC,10.650099754333496,10.650099754333496,10.650099754333496,10.609999656677246,10.609999656677246,11562.0
2023-03-09 11:20:00,IOACU,10.609999656677246,10.609999656677246,10.609999656677246,10.609999656677246,10.609999656677246,1900.0
2023-03-09 11:21:00,ABCB,43.17499923706055,43.17499923706055,43.17499923706055,43.17499923706055,43.17499923706055,892.0
2023-03-09 11:21:00,ACGL,69.8499984741211,69.8499984741211,69.8550033569336,69.79000091552734,69.79000091552734,5660.0
2023-03-09 11:21:00,ACGLN,19.049999237060547,19.049999237060547,19.049999237060547,19.049999237060547,19.049999237060547,677.0
2023-03-09 11:21:00,ACGLO,22.582700729370117,22.582700729370117,22.582700729370117,22.582700729370117,22.582700729370117,370.0
2023-03-09 11:21:00,ACT,24.135000228881836,24.135000228881836,24.135000228881836,24.135000228881836,24.135000228881836,305.0
2023-03-09 11:21:00,AMAL,21.229999542236328,21.229999542236328,21.270000457763672,21.219999313354492,21.260000228881836,759.0
2023-03-09 11:21:00,APLD,2.184999942779541,2.184999942779541,2.200000047683716,2.180000066757202,2.200000047683716,4694.0
2023-03-09 11:21:00,ARCC,19.104999542236328,19.104999542236328,19.109899520874023,19.100000381469727,19.109899520874023,2190.0
2023-03-09 11:21:00,ARYD,10.300000190734863,10.300000190734863,10.300000190734863,10.300000190734863,10.300000190734863,0.0
2023-03-09 11:21:00,ATLO,23.575000762939453,23.575000762939453,23.625,23.575000762939453,23.625,1324.0
2023-03-09 11:21:00,AUB,37.119998931884766,37.119998931884766,37.119998931884766,37.11000061035156,37.11000061035156,495.0
2023-03-09 11:21:00,BANF,85.87999725341797,85.87999725341797,85.87999725341797,85.8499984741211,85.8499984741211,2641.0
2023-03-09 11:21:00,BANR,58.470001220703125,58.470001220703125,58.470001220703125,58.380001068115234,58.40999984741211,2477.0
2023-03-09 11:21:00,BFST,18.670000076293945,18.670000076293945,18.68000030517578,18.670000076293945,18.68000030517578,1095.0
2023-03-09 11:21:00,BGCP,5.054999828338623,5.054999828338623,5.054999828338623,5.054999828338623,5.054999828338623,465.0
2023-03-09 11:21:00,BHF,53.2599983215332,53.2599983215332,53.290000915527344,53.22999954223633,53.290000915527344,2298.0
2023-03-09 11:21:00,BKCC,3.6700000762939453,3.6700000762939453,3.6700000762939453,3.6700000762939453,3.6700000762939453,107.0
2023-03-09 11:21:00,BOKF,96.0,96.0,96.0,95.91999816894531,96.0,679.0
2023-03-09 11:21:00,BPOP,62.40999984741211,62.40999984741211,62.40999984741211,62.275001525878906,62.275001525878906,1596.0
2023-03-09 11:21:00,BRKL,11.640000343322754,11.640000343322754,11.640000343322754,11.61520004272461,11.619999885559082,3434.0
2023-03-09 11:21:00,BTBT,1.159999966621399,1.159999966621399,1.1606999635696411,1.159999966621399,1.1606999635696411,625.0
2023-03-09 11:21:00,BUSE,22.559999465942383,22.559999465942383,22.559999465942383,22.549999237060547,22.549999237060547,1075.0
2023-03-09 11:21:00,CASH,47.84000015258789,47.84000015258789,47.84000015258789,47.84000015258789,47.84000015258789,328.0
2023-03-09 11:21:00,CATC,71.0,71.0,71.0,71.0,71.0,100.0
2023-03-09 11:21:00,CATY,39.779998779296875,39.779998779296875,39.779998779296875,39.77000045776367,39.77000045776367,959.0
2023-03-09 11:21:00,CBAN,11.899999618530273,11.899999618530273,11.899999618530273,11.84000015258789,11.84000015258789,320.0
2023-03-09 11:21:00,CCAP,15.0600004196167,15.0600004196167,15.0600004196167,15.0600004196167,15.0600004196167,266.0
2023-03-09 11:21:00,CCB,42.77000045776367,42.77000045776367,42.77000045776367,42.77000045776367,42.77000045776367,517.0
2023-03-09 11:21:00,CFFN,7.590000152587891,7.590000152587891,7.590000152587891,7.585000038146973,7.590000152587891,3478.0
2023-03-09 11:21:00,CG,34.39500045776367,34.39500045776367,34.41999816894531,34.38999938964844,34.41999816894531,3085.0
2023-03-09 11:21:00,CGBD,15.0600004196167,15.0600004196167,15.060099601745605,15.0600004196167,15.0600004196167,3109.0
2023-03-09 11:21:00,CHCO,90.95999908447266,90.95999908447266,90.95999908447266,90.83999633789062,90.83999633789062,412.0
2023-03-09 11:21:00,CINF,116.98400115966797,116.98400115966797,117.05000305175781,116.9800033569336,117.05000305175781,1060.0
2023-03-09 11:21:00,CNOB,22.149999618530273,22.149999618530273,22.200000762939453,22.149999618530273,22.200000762939453,1495.0
2023-03-09 11:21:00,CNOBP,20.850000381469727,20.850000381469727,20.850000381469727,20.850000381469727,20.850000381469727,500.0
2023-03-09 11:21:00,COLB,25.389999389648438,25.389999389648438,25.43000030517578,25.375,25.405000686645508,56503.0
2023-03-09 11:21:00,COOP,44.70000076293945,44.70000076293945,44.7400016784668,44.689998626708984,44.689998626708984,1532.0
2023-03-09 11:21:00,CSTR,15.680000305175781,15.680000305175781,15.680000305175781,15.680000305175781,15.680000305175781,265.0
2023-03-09 11:21:00,CSWC,18.6200008392334,18.6200008392334,18.6200008392334,18.610000610351562,18.610000610351562,995.0
2023-03-09 11:21:00,CVBF,22.010000228881836,22.010000228881836,22.010000228881836,21.969999313354492,21.969999313354492,4482.0
2023-03-09 11:21:00,CZNC,22.15999984741211,22.15999984741211,22.15999984741211,22.15999984741211,22.15999984741211,845.0
2023-03-09 11:21:00,EBC,14.84000015258789,14.84000015258789,14.850000381469727,14.835000038146973,14.835000038146973,1211.0
2023-03-09 11:21:00,EFSC,51.56999969482422,51.56999969482422,51.56999969482422,51.5,51.5,596.0
2023-03-09 11:21:00,EGBN,40.91999816894531,40.91999816894531,40.91999816894531,40.90999984741211,40.90999984741211,425.0
2023-03-09 11:21:00,ESGRP,23.389999389648438,23.389999389648438,23.389999389648438,23.389999389648438,23.389999389648438,150.0
2023-03-09 11:21:00,EWBC,69.02999877929688,69.02999877929688,69.08000183105469,69.02999877929688,69.08000183105469,1649.0
2023-03-09 11:21:00,EZPW,8.920000076293945,8.920000076293945,8.920000076293945,8.920000076293945,8.920000076293945,530.0
2023-03-09 11:21:00,FANH,8.180000305175781,8.180000305175781,8.180000305175781,8.140000343322754,8.140000343322754,1218.0
2023-03-09 11:21:00,FBNC,38.440101623535156,38.440101623535156,38.494998931884766,38.440101623535156,38.494998931884766,1806.0
2023-03-09 11:21:00,FCNCO,21.829999923706055,21.829999923706055,21.829999923706055,21.829999923706055,21.829999923706055,792.0
2023-03-09 11:21:00,FFIC,17.399999618530273,17.399999618530273,17.399999618530273,17.389999389648438,17.389999389648438,665.0
2023-03-09 11:21:00,FFIN,33.97999954223633,33.97999954223633,33.9900016784668,33.95000076293945,33.95000076293945,2536.0
2023-03-09 11:21:00,FFWM,13.210000038146973,13.210000038146973,13.210000038146973,13.210000038146973,13.210000038146973,722.0
2023-03-09 11:21:00,FHB,24.219999313354492,24.219999313354492,24.219999313354492,24.200000762939453,24.200000762939453,963.0
2023-03-09 11:21:00,FIBK,32.63999938964844,32.63999938964844,32.63999938964844,32.599998474121094,32.61000061035156,1371.0
2023-03-09 11:21:00,FITB,32.595001220703125,32.595001220703125,32.595001220703125,32.560001373291016,32.59000015258789,14635.0
2023-03-09 11:21:00,FITBI,25.20490074157715,25.20490074157715,25.20490074157715,25.20490074157715,25.20490074157715,168.0
2023-03-09 11:21:00,FITBO,22.260000228881836,22.260000228881836,22.260000228881836,22.260000228881836,22.260000228881836,562.0
2023-03-09 11:21:00,FLIC,16.15999984741211,16.15999984741211,16.15999984741211,16.125,16.125,4411.0
2023-03-09 11:21:00,FMNB,13.229999542236328,13.229999542236328,13.229999542236328,13.210000038146973,13.210000038146973,1071.0
2023-03-09 11:21:00,FNCB,7.420000076293945,7.420000076293945,7.439799785614014,7.420000076293945,7.439799785614014,2244.0
2023-03-09 11:21:00,FOCS,51.77000045776367,51.77000045776367,51.77000045776367,51.77000045776367,51.77000045776367,111.0
2023-03-09 11:21:00,FULT,15.789999961853027,15.789999961853027,15.789999961853027,15.770000457763672,15.770000457763672,1096.0
2023-03-09 11:21:00,FUTU,46.435001373291016,46.435001373291016,46.459999084472656,46.400001525878906,46.41999816894531,18291.0
2023-03-09 11:21:00,GCMG,8.449999809265137,8.449999809265137,8.449999809265137,8.4399995803833,8.4399995803833,674.0
2023-03-09 11:21:00,GGAA,10.829999923706055,10.829999923706055,10.829999923706055,10.829999923706055,10.829999923706055,660.0
2023-03-09 11:21:00,GGAL,12.765000343322754,12.765000343322754,12.770000457763672,12.765000343322754,12.770000457763672,592.0
2023-03-09 11:21:00,GLAD,9.920000076293945,9.920000076293945,9.96500015258789,9.920000076293945,9.96500015258789,12736.0
2023-03-09 11:21:00,HBAN,14.074999809265137,14.074999809265137,14.079999923706055,14.0600004196167,14.074999809265137,29716.0
2023-03-09 11:21:00,HBANP,19.134199142456055,19.134199142456055,19.134199142456055,19.134199142456055,19.134199142456055,558.0
2023-03-09 11:21:00,HBT,22.020000457763672,22.020000457763672,22.020000457763672,22.020000457763672,22.020000457763672,519.0
2023-03-09 11:21:00,HFWA,24.709999084472656,24.709999084472656,24.709999084472656,24.709999084472656,24.709999084472656,345.0
2023-03-09 11:21:00,HIVE,2.619999885559082,2.619999885559082,2.630000114440918,2.619999885559082,2.625,11144.0
2023-03-09 11:21:00,HONE,12.760000228881836,12.760000228881836,12.760000228881836,12.739999771118164,12.739999771118164,1958.0
2023-03-09 11:21:00,HOPE,11.9399995803833,11.9399995803833,11.9399995803833,11.930000305175781,11.930000305175781,1147.0
2023-03-09 11:21:00,HRZN,11.984999656677246,11.984999656677246,11.984999656677246,11.984999656677246,11.984999656677246,579.0
2023-03-09 11:21:00,HTBK,11.010000228881836,11.010000228881836,11.015000343322754,11.010000228881836,11.015000343322754,678.0
2023-03-09 11:21:00,HUT,1.4299999475479126,1.4299999475479126,1.4299999475479126,1.4204000234603882,1.4204000234603882,1300.0
2023-03-09 11:21:00,HWC,44.314998626708984,44.314998626708984,44.314998626708984,44.29999923706055,44.29999923706055,1555.0
2023-03-09 11:21:00,IBKR,88.68000030517578,88.68000030517578,88.70999908447266,88.62000274658203,88.62000274658203,1941.0
2023-03-09 11:21:00,IBOC,45.08000183105469,45.08000183105469,45.08000183105469,45.08000183105469,45.08000183105469,766.0
2023-03-09 11:21:00,INDB,72.63999938964844,72.63999938964844,72.66999816894531,72.62000274658203,72.66000366210938,4651.0
2023-03-09 11:21:00,INTR,2.009999990463257,2.009999990463257,2.009999990463257,2.009999990463257,2.009999990463257,200.0
2023-03-09 11:21:00,IOAC,10.649999618530273,10.649999618530273,10.650099754333496,10.649999618530273,10.650099754333496,3174.0
2023-03-09 11:22:00,ACGL,69.87999725341797,69.87999725341797,69.87999725341797,69.80999755859375,69.8499984741211,5888.0
2023-03-09 11:22:00,ACT,24.170000076293945,24.170000076293945,24.18000030517578,24.139999389648438,24.139999389648438,1071.0
2023-03-09 11:22:00,AFBI,15.359999656677246,15.359999656677246,15.5,15.359999656677246,15.5,796.0
2023-03-09 11:22:00,APLD,2.180000066757202,2.180000066757202,2.184999942779541,2.180000066757202,2.184999942779541,1517.0
2023-03-09 11:22:00,ARCC,19.11840057373047,19.11840057373047,19.11840057373047,19.100000381469727,19.109899520874023,33475.0
2023-03-09 11:22:00,AUB,37.119998931884766,37.119998931884766,37.119998931884766,37.119998931884766,37.119998931884766,262.0
2023-03-09 11:22:00,BANF,85.78399658203125,85.78399658203125,85.91570281982422,85.78399658203125,85.87999725341797,873.0
2023-03-09 11:22:00,BGCP,5.050000190734863,5.050000190734863,5.050000190734863,5.045000076293945,5.050000190734863,8662.0
2023-03-09 11:22:00,BHF,53.209999084472656,53.209999084472656,53.22999954223633,53.209999084472656,53.22999954223633,448.0
2023-03-09 11:22:00,BHFAM,16.549999237060547,16.549999237060547,16.549999237060547,16.549999237060547,16.549999237060547,100.0
2023-03-09 11:22:00,BKCC,3.6798999309539795,3.6798999309539795,3.6798999309539795,3.6798999309539795,3.6798999309539795,250.0
2023-03-09 11:22:00,BPOP,62.529998779296875,62.529998779296875,62.529998779296875,62.459999084472656,62.470001220703125,2524.0
2023-03-09 11:22:00,BRKL,11.649999618530273,11.649999618530273,11.649999618530273,11.649999618530273,11.649999618530273,2553.0
2023-03-09 11:22:00,BRP,26.110000610351562,26.110000610351562,26.110000610351562,26.110000610351562,26.110000610351562,433.0
2023-03-09 11:22:00,BTBT,1.159999966621399,1.159999966621399,1.159999966621399,1.159999966621399,1.159999966621399,901.0
2023-03-09 11:22:00,BWFG,28.0,28.0,28.0,28.0,28.0,1057.0
2023-03-09 11:22:00,CACC,441.04998779296875,441.04998779296875,441.04998779296875,440.6700134277344,440.6700134277344,917.0
2023-03-09 11:22:00,CBSH,61.70000076293945,61.70000076293945,61.70000076293945,61.70000076293945,61.70000076293945,101.0
2023-03-09 11:22:00,CCD,22.950000762939453,22.950000762939453,22.950000762939453,22.950000762939453,22.950000762939453,1371.0
2023-03-09 11:22:00,CFFN,7.590000152587891,7.590000152587891,7.590000152587891,7.585000038146973,7.590000152587891,4195.0
2023-03-09 11:22:00,CG,34.380001068115234,34.380001068115234,34.38999938964844,34.36000061035156,34.38999938964844,8955.0
2023-03-09 11:22:00,CGBD,15.0600004196167,15.0600004196167,15.0600004196167,15.0600004196167,15.0600004196167,369.0
2023-03-09 11:22:00,CHCO,90.9749984741211,90.9749984741211,91.0,90.9749984741211,91.0,389.0
2023-03-09 11:22:00,CHW,6.085000038146973,6.085000038146973,6.085000038146973,6.085000038146973,6.085000038146973,1050.0
2023-03-09 11:22:00,CIFR,1.440000057220459,1.440000057220459,1.440000057220459,1.440000057220459,1.440000057220459,100.0
2023-03-09 11:22:00,CME,180.3300018310547,180.3300018310547,180.3300018310547,180.2100067138672,180.2100067138672,2211.0
2023-03-09 11:22:00,CNOB,22.149999618530273,22.149999618530273,22.149999618530273,22.139999389648438,22.149999618530273,1128.0
2023-03-09 11:22:00,CNOBP,20.850000381469727,20.850000381469727,20.850000381469727,20.829999923706055,20.829999923706055,203.0
2023-03-09 11:22:00,COLB,25.3799991607666,25.3799991607666,25.399999618530273,25.370100021362305,25.389999389648438,17549.0
2023-03-09 11:22:00,COOP,44.724998474121094,44.724998474121094,44.724998474121094,44.724998474121094,44.724998474121094,677.0
2023-03-09 11:22:00,CSQ,14.0649995803833,14.0649995803833,14.0649995803833,14.0649995803833,14.0649995803833,672.0
2023-03-09 11:22:00,CSWC,18.600000381469727,18.600000381469727,18.610000610351562,18.600000381469727,18.610000610351562,1433.0
2023-03-09 11:22:00,CVBF,21.989999771118164,21.989999771118164,22.014999389648438,21.989999771118164,22.014999389648438,1169.0
2023-03-09 11:22:00,DCOM,29.40999984741211,29.40999984741211,29.40999984741211,29.3799991607666,29.3799991607666,330.0
2023-03-09 11:22:00,EBC,14.819999694824219,14.819999694824219,14.840100288391113,14.819999694824219,14.840100288391113,1506.0
2023-03-09 11:22:00,EGBN,40.91999816894531,40.91999816894531,40.91999816894531,40.91999816894531,40.91999816894531,252.0
2023-03-09 11:22:00,EHTH,9.041999816894531,9.041999816894531,9.041999816894531,9.029999732971191,9.029999732971191,430.0
2023-03-09 11:22:00,ESQ,42.209999084472656,42.209999084472656,42.209999084472656,42.209999084472656,42.209999084472656,114.0
2023-03-09 11:22:00,EWBC,69.0199966430664,69.0199966430664,69.0199966430664,69.0199966430664,69.0199966430664,490.0
2023-03-09 11:22:00,EZPW,8.925000190734863,8.925000190734863,8.925000190734863,8.925000190734863,8.925000190734863,478.0
2023-03-09 11:22:00,FBIZ,33.904998779296875,33.904998779296875,33.904998779296875,33.904998779296875,33.904998779296875,103.0
2023-03-09 11:22:00,FBMS,28.670000076293945,28.670000076293945,28.670000076293945,28.670000076293945,28.670000076293945,271.0
2023-03-09 11:22:00,FCRD,4.650000095367432,4.650000095367432,4.650000095367432,4.639999866485596,4.639999866485596,353.0
2023-03-09 11:22:00,FFIN,33.970001220703125,33.970001220703125,33.970001220703125,33.95000076293945,33.959999084472656,1104.0
2023-03-09 11:22:00,FFWM,13.210000038146973,13.210000038146973,13.210000038146973,13.199999809265137,13.210000038146973,3138.0
2023-03-09 11:22:00,FIBK,32.630001068115234,32.630001068115234,32.630001068115234,32.630001068115234,32.630001068115234,479.0
2023-03-09 11:22:00,FITB,32.619998931884766,32.619998931884766,32.625,32.584999084472656,32.584999084472656,11822.0
2023-03-09 11:22:00,FITBO,22.270000457763672,22.270000457763672,22.270000457763672,22.270000457763672,22.270000457763672,150.0
2023-03-09 11:22:00,FLIC,16.145000457763672,16.145000457763672,16.149999618530273,16.145000457763672,16.149999618530273,225.0
2023-03-09 11:22:00,FOCS,51.77000045776367,51.77000045776367,51.77000045776367,51.77000045776367,51.77000045776367,401.0
2023-03-09 11:22:00,FRME,37.61000061035156,37.61000061035156,37.61000061035156,37.599998474121094,37.599998474121094,235.0
2023-03-09 11:22:00,FSFG,19.31999969482422,19.31999969482422,19.350000381469727,19.31999969482422,19.350000381469727,2366.0
2023-03-09 11:22:00,FTPA,10.130000114440918,10.130000114440918,10.130000114440918,10.130000114440918,10.130000114440918,1201.0
2023-03-09 11:22:00,FULT,15.789999961853027,15.789999961853027,15.789999961853027,15.789999961853027,15.789999961853027,2783.0
2023-03-09 11:22:00,FUTU,46.435001373291016,46.435001373291016,46.439998626708984,46.400001525878906,46.43000030517578,3197.0
2023-03-09 11:22:00,GAIN,13.818099975585938,13.818099975585938,13.818099975585938,13.818099975585938,13.818099975585938,194.0
2023-03-09 11:22:00,GBDC,13.494999885559082,13.494999885559082,13.505000114440918,13.494999885559082,13.505000114440918,1746.0
2023-03-09 11:22:00,GREE,0.4399999976158142,0.4399999976158142,0.4431990087032318,0.4399999976158142,0.4431990087032318,998.0
2023-03-09 11:22:00,GSHD,52.720001220703125,52.720001220703125,52.720001220703125,52.720001220703125,52.720001220703125,207.0
2023-03-09 11:22:00,GXII,10.119999885559082,10.119999885559082,10.119999885559082,10.119999885559082,10.119999885559082,100.0
2023-03-09 11:22:00,HBAN,14.09000015258789,14.09000015258789,14.09000015258789,14.069999694824219,14.071700096130371,39706.0
2023-03-09 11:22:00,HBCP,36.25,36.25,36.25,36.25,36.25,323.0
2023-03-09 11:22:00,HBNC,14.069999694824219,14.069999694824219,14.069999694824219,14.069999694824219,14.069999694824219,1351.0
2023-03-09 11:22:00,HCMA,10.600000381469727,10.600000381469727,10.663399696350098,10.489999771118164,10.5,10579.0
2023-03-09 11:22:00,HFWA,24.729999542236328,24.729999542236328,24.729999542236328,24.729999542236328,24.729999542236328,448.0
2023-03-09 11:22:00,HLNE,76.68000030517578,76.68000030517578,76.68000030517578,76.68000030517578,76.68000030517578,475.0
2023-03-09 11:22:00,HOPE,11.9399995803833,11.9399995803833,11.9399995803833,11.939399719238281,11.939399719238281,1296.0
2023-03-09 11:22:00,HTBK,11.0,11.0,11.010000228881836,11.0,11.010000228881836,306.0
2023-03-09 11:22:00,HUT,1.4249999523162842,1.4249999523162842,1.4249999523162842,1.4199999570846558,1.4199999570846558,10895.0
2023-03-09 11:22:00,HWC,44.30500030517578,44.30500030517578,44.349998474121094,44.290000915527344,44.290000915527344,1063.0
2023-03-09 11:22:00,IBKR,88.62999725341797,88.62999725341797,88.62999725341797,88.62000274658203,88.62000274658203,416.0
2023-03-09 11:22:00,INDB,72.66000366210938,72.66000366210938,72.69000244140625,72.65499877929688,72.68000030517578,2324.0
2023-03-09 11:22:00,INTR,2.009999990463257,2.009999990463257,2.009999990463257,2.009999990463257,2.009999990463257,200.0
2023-03-09 11:23:00,ABCB,43.185001373291016,43.185001373291016,43.185001373291016,43.185001373291016,43.185001373291016,341.0
2023-03-09 11:23:00,ACGL,69.79000091552734,69.79000091552734,69.87999725341797,69.79000091552734,69.87999725341797,17081.0
2023-03-09 11:23:00,AEAE,10.359999656677246,10.359999656677246,10.359999656677246,10.359999656677246,10.359999656677246,100.0
2023-03-09 11:23:00,AMAL,21.290000915527344,21.290000915527344,21.290000915527344,21.270000457763672,21.270000457763672,248.0
2023-03-09 11:23:00,AMRK,28.260000228881836,28.260000228881836,28.260000228881836,28.260000228881836,28.260000228881836,204.0
2023-03-09 11:23:00,AMTB,25.84000015258789,25.84000015258789,25.84000015258789,25.84000015258789,25.84000015258789,443.0
2023-03-09 11:23:00,ARCC,19.100000381469727,19.100000381469727,19.114999771118164,19.100000381469727,19.110000610351562,11250.0
2023-03-09 11:23:00,AROW,28.639999389648438,28.639999389648438,28.639999389648438,28.639999389648438,28.639999389648438,120.0
2023-03-09 11:23:00,AUB,37.15999984741211,37.15999984741211,37.15999984741211,37.130001068115234,37.150001525878906,1043.0
2023-03-09 11:23:00,BANR,58.459999084472656,58.459999084472656,58.52000045776367,58.459999084472656,58.47999954223633,891.0
2023-03-09 11:23:00,BFST,18.709999084472656,18.709999084472656,18.709999084472656,18.700000762939453,18.709999084472656,736.0
2023-03-09 11:23:00,BGCP,5.045000076293945,5.045000076293945,5.045000076293945,5.045000076293945,5.045000076293945,546.0
2023-03-09 11:23:00,BHF,53.18000030517578,53.18000030517578,53.22999954223633,53.18000030517578,53.22999954223633,1583.0
2023-03-09 11:23:00,BHFAM,16.559999465942383,16.559999465942383,16.559999465942383,16.559999465942383,16.559999465942383,172.0
2023-03-09 11:23:00,BHFAN,18.976999282836914,18.976999282836914,18.976999282836914,18.976999282836914,18.976999282836914,400.0
2023-03-09 11:23:00,BITF,0.800000011920929,0.800000011920929,0.800000011920929,0.796999990940094,0.796999990940094,720.0
2023-03-09 11:23:00,BKCC,3.6700000762939453,3.6700000762939453,3.6700000762939453,3.6700000762939453,3.6700000762939453,121.0
2023-03-09 11:23:00,BMRC,26.93000030517578,26.93000030517578,26.93000030517578,26.93000030517578,26.93000030517578,243.0
2023-03-09 11:23:00,BOKF,96.02999877929688,96.02999877929688,96.02999877929688,96.02999877929688,96.02999877929688,146.0
2023-03-09 11:23:00,BPOP,62.56999969482422,62.56999969482422,62.6150016784668,62.5,62.54499816894531,1301.0
2023-03-09 11:23:00,BRKL,11.659899711608887,11.659899711608887,11.659899711608887,11.645000457763672,11.649999618530273,1159.0
2023-03-09 11:23:00,BRP,26.059999465942383,26.059999465942383,26.059999465942383,26.059999465942383,26.059999465942383,601.0
2023-03-09 11:23:00,BTBT,1.1699999570846558,1.1699999570846558,1.1699999570846558,1.1699999570846558,1.1699999570846558,106.0
2023-03-09 11:23:00,BTCS,1.2137000560760498,1.2137000560760498,1.2137000560760498,1.2137000560760498,1.2137000560760498,100.0
2023-03-09 11:23:00,BUSE,22.56999969482422,22.56999969482422,22.579999923706055,22.56999969482422,22.579999923706055,683.0
2023-03-09 11:23:00,BWFG,27.950000762939453,27.950000762939453,28.0,27.950000762939453,28.0,1309.0
2023-03-09 11:23:00,CAC,39.130001068115234,39.130001068115234,39.130001068115234,39.130001068115234,39.130001068115234,705.0
2023-03-09 11:23:00,CACC,442.125,442.125,442.70001220703125,441.2799987792969,441.2799987792969,2486.0
2023-03-09 11:23:00,CALB,24.920000076293945,24.920000076293945,24.920000076293945,24.90999984741211,24.90999984741211,1612.0
2023-03-09 11:23:00,CARE,16.5,16.5,16.5,16.454999923706055,16.454999923706055,1115.0
2023-03-09 11:23:00,CATY,39.880001068115234,39.880001068115234,39.880001068115234,39.790000915527344,39.790000915527344,938.0
2023-03-09 11:23:00,CBAN,11.880000114440918,11.880000114440918,11.880000114440918,11.880000114440918,11.880000114440918,306.0
2023-03-09 11:23:00,CBSH,61.779998779296875,61.779998779296875,61.779998779296875,61.75,61.75,541.0
2023-03-09 11:23:00,CCBG,33.439998626708984,33.439998626708984,33.439998626708984,33.40999984741211,33.40999984741211,640.0
2023-03-09 11:23:00,CCNE,22.549999237060547,22.549999237060547,22.549999237060547,22.549999237060547,22.549999237060547,208.0
2023-03-09 11:23:00,CFB,12.470000267028809,12.470000267028809,12.470000267028809,12.470000267028809,12.470000267028809,1714.0
2023-03-09 11:23:00,CFFN,7.590000152587891,7.590000152587891,7.590000152587891,7.590000152587891,7.590000152587891,7109.0
2023-03-09 11:23:00,CG,34.369998931884766,34.369998931884766,34.38999938964844,34.369998931884766,34.38520050048828,2220.0
2023-03-09 11:23:00,CGBD,15.100000381469727,15.100000381469727,15.109999656677246,15.069999694824219,15.069999694824219,4078.0
2023-03-09 11:23:00,CHY,12.319899559020996,12.319899559020996,12.319899559020996,12.3100004196167,12.3100004196167,1920.0
2023-03-09 11:23:00,CIFR,1.4407999515533447,1.4407999515533447,1.4500000476837158,1.4407999515533447,1.4500000476837158,2607.0
2023-03-09 11:23:00,CME,180.33999633789062,180.33999633789062,180.33999633789062,180.3300018310547,180.3300018310547,575.0
2023-03-09 11:23:00,COLB,25.450000762939453,25.450000762939453,25.454999923706055,25.375,25.389999389648438,42742.0
2023-03-09 11:23:00,COOP,44.73500061035156,44.73500061035156,44.7400016784668,44.72999954223633,44.7400016784668,1439.0
2023-03-09 11:23:00,CTBI,40.209999084472656,40.209999084472656,40.220001220703125,40.209999084472656,40.209999084472656,1004.0
2023-03-09 11:23:00,CVBF,22.030000686645508,22.030000686645508,22.030000686645508,22.0,22.0,673.0
2023-03-09 11:23:00,EBC,14.839799880981445,14.839799880981445,14.84000015258789,14.819999694824219,14.819999694824219,2147.0
2023-03-09 11:23:00,EFSC,51.57500076293945,51.57500076293945,51.57500076293945,51.57500076293945,51.57500076293945,161.0
2023-03-09 11:23:00,EGBN,40.935001373291016,40.935001373291016,40.935001373291016,40.935001373291016,40.935001373291016,125.0
2023-03-09 11:23:00,EHTH,9.062199592590332,9.062199592590332,9.062199592590332,9.045000076293945,9.045000076293945,859.0
2023-03-09 11:23:00,EQBK,28.09000015258789,28.09000015258789,28.09000015258789,28.09000015258789,28.09000015258789,1284.0
2023-03-09 11:23:00,ESGRP,23.389999389648438,23.389999389648438,23.389999389648438,23.389999389648438,23.389999389648438,287.0
2023-03-09 11:23:00,EWBC,69.11000061035156,69.11000061035156,69.2300033569336,69.11000061035156,69.12999725341797,3600.0
2023-03-09 11:23:00,EZPW,8.9350004196167,8.9350004196167,8.9350004196167,8.930000305175781,8.930000305175781,764.0
2023-03-09 11:23:00,FBMS,28.719999313354492,28.719999313354492,28.719999313354492,28.719999313354492,28.719999313354492,354.0
2023-03-09 11:23:00,FBNC,38.5,38.5,38.5,38.5,38.5,436.0
2023-03-09 11:23:00,FCNCA,665.4600219726562,665.4600219726562,665.4600219726562,664.2249755859375,664.2249755859375,1351.0
2023-03-09 11:23:00,FFBC,22.62540054321289,22.62540054321289,22.62540054321289,22.62540054321289,22.62540054321289,526.0
2023-03-09 11:23:00,FFIC,17.420000076293945,17.420000076293945,17.420000076293945,17.40999984741211,17.40999984741211,1502.0
2023-03-09 11:23:00,FFIN,33.98500061035156,33.98500061035156,33.98500061035156,33.98500061035156,33.98500061035156,591.0
2023-03-09 11:23:00,FFWM,13.220000267028809,13.220000267028809,13.220000267028809,13.220000267028809,13.220000267028809,3315.0
2023-03-09 11:23:00,FHB,24.229999542236328,24.229999542236328,24.229999542236328,24.219999313354492,24.219999313354492,639.0
2023-03-09 11:23:00,FIBK,32.66999816894531,32.66999816894531,32.68000030517578,32.599998474121094,32.619998931884766,1820.0
2023-03-09 11:23:00,FITB,32.619998931884766,32.619998931884766,32.63999938964844,32.599998474121094,32.61000061035156,8696.0
2023-03-09 11:23:00,FITBO,22.280000686645508,22.280000686645508,22.280000686645508,22.280000686645508,22.280000686645508,200.0
2023-03-09 11:23:00,FLIC,16.149999618530273,16.149999618530273,16.15999984741211,16.149999618530273,16.15999984741211,684.0
2023-03-09 11:23:00,FMBH,28.350000381469727,28.350000381469727,28.350000381469727,28.350000381469727,28.350000381469727,182.0
2023-03-09 11:23:00,FMNB,13.220000267028809,13.220000267028809,13.229999542236328,13.220000267028809,13.229999542236328,545.0
2023-03-09 11:23:00,FNWB,13.699999809265137,13.699999809265137,13.699999809265137,13.699999809265137,13.699999809265137,880.0
2023-03-09 11:23:00,FOCS,51.775001525878906,51.775001525878906,51.779998779296875,51.77000045776367,51.779998779296875,303.0
2023-03-09 11:23:00,FRBK,1.7549999952316284,1.7549999952316284,1.7549999952316284,1.7549999952316284,1.7549999952316284,292.0
2023-03-09 11:23:00,FRME,37.619998931884766,37.619998931884766,37.619998931884766,37.619998931884766,37.619998931884766,264.0
2023-03-09 11:23:00,FSEA,9.930000305175781,9.930000305175781,9.930000305175781,9.930000305175781,9.930000305175781,200.0
2023-03-09 11:23:00,FSFG,19.25,19.25,19.290000915527344,19.25,19.25,980.0
2023-03-09 11:23:00,FULT,15.8100004196167,15.8100004196167,15.8100004196167,15.789999961853027,15.789999961853027,2266.0
2023-03-09 11:23:00,FUTU,46.400001525878906,46.400001525878906,46.470001220703125,46.400001525878906,46.470001220703125,8564.0
2023-03-09 11:23:00,GABC,35.83000183105469,35.83000183105469,35.83000183105469,35.81999969482422,35.81999969482422,776.0
2023-03-09 11:23:00,GGAL,12.779999732971191,12.779999732971191,12.779999732971191,12.779999732971191,12.779999732971191,336.0
2023-03-09 11:23:00,GLRE,10.010000228881836,10.010000228881836,10.010000228881836,9.975000381469727,9.975000381469727,1563.0
2023-03-09 11:23:00,GXII,10.119999885559082,10.119999885559082,10.119999885559082,10.119999885559082,10.119999885559082,100.0
2023-03-09 11:23:00,HAFC,22.030000686645508,22.030000686645508,22.030000686645508,22.0,22.0,1665.0
2023-03-09 11:23:00,HBAN,14.085000038146973,14.085000038146973,14.09000015258789,14.069999694824219,14.079999923706055,28136.0
2023-03-09 11:23:00,HBCP,36.25,36.25,36.25,36.25,36.25,100.0
2023-03-09 11:23:00,HCMA,10.550000190734863,10.550000190734863,10.604000091552734,10.550000190734863,10.604000091552734,2016.0
2023-03-09 11:23:00,HFWA,24.760000228881836,24.760000228881836,24.760000228881836,24.729999542236328,24.729999542236328,202.0
2023-03-09 11:23:00,HOPE,11.949999809265137,11.949999809265137,11.949999809265137,11.949999809265137,11.949999809265137,1834.0
2023-03-09 11:23:00,HRZN,12.0,12.0,12.0,11.984999656677246,11.984999656677246,576.0
2023-03-09 11:23:00,HTBK,11.024999618530273,11.024999618530273,11.024999618530273,11.020000457763672,11.020000457763672,1351.0
2023-03-09 11:23:00,HTLF,45.560001373291016,45.560001373291016,45.560001373291016,45.560001373291016,45.560001373291016,158.0
2023-03-09 11:23:00,HWC,44.380001068115234,44.380001068115234,44.40999984741211,44.34000015258789,44.34000015258789,2031.0
2023-03-09 11:23:00,IBCP,20.71500015258789,20.71500015258789,20.75,20.71500015258789,20.75,319.0
2023-03-09 11:23:00,IBKR,88.66000366210938,88.66000366210938,88.66000366210938,88.66000366210938,88.66000366210938,419.0
2023-03-09 11:23:00,IBOC,45.16999816894531,45.16999816894531,45.16999816894531,45.16999816894531,45.16999816894531,504.0
2023-03-09 11:23:00,IBTX,52.97999954223633,52.97999954223633,53.0,52.97999954223633,52.9900016784668,702.0
2023-03-09 11:23:00,INDB,72.5999984741211,72.5999984741211,72.70999908447266,72.58000183105469,72.66000366210938,11368.0
2023-03-09 11:24:00,ABCB,43.13999938964844,43.13999938964844,43.189998626708984,43.13999938964844,43.189998626708984,566.0
2023-03-09 11:24:00,ACGL,69.83999633789062,69.83999633789062,69.83999633789062,69.79000091552734,69.79000091552734,2966.0
2023-03-09 11:24:00,AEAE,10.359999656677246,10.359999656677246,10.359999656677246,10.359999656677246,10.359999656677246,200.0
2023-03-09 11:24:00,AMAL,21.27389907836914,21.27389907836914,21.27389907836914,21.27389907836914,21.27389907836914,100.0
2023-03-09 11:24:00,APLD,2.2100000381469727,2.2100000381469727,2.2100000381469727,2.180000066757202,2.190000057220459,20772.0
2023-03-09 11:24:00,ARCC,19.104999542236328,19.104999542236328,19.110000610351562,19.100000381469727,19.100000381469727,2083.0
2023-03-09 11:24:00,AUB,37.15999984741211,37.15999984741211,37.15999984741211,37.15999984741211,37.15999984741211,600.0
2023-03-09 11:24:00,BCML,19.510000228881836,19.510000228881836,19.510000228881836,19.510000228881836,19.510000228881836,115.0
2023-03-09 11:24:00,BFC,76.4000015258789,76.4000015258789,76.4000015258789,76.4000015258789,76.4000015258789,416.0
2023-03-09 11:24:00,BGCP,5.045000076293945,5.045000076293945,5.045000076293945,5.045000076293945,5.045000076293945,707.0
2023-03-09 11:24:00,BHF,53.119998931884766,53.119998931884766,53.119998931884766,53.119998931884766,53.119998931884766,462.0
2023-03-09 11:24:00,BHFAM,16.510000228881836,16.510000228881836,16.510000228881836,16.510000228881836,16.510000228881836,351.0
2023-03-09 11:24:00,BITF,0.8093000054359436,0.8093000054359436,0.8094000220298767,0.800000011920929,0.800000011920929,11850.0
2023-03-09 11:24:00,BKCC,3.6700000762939453,3.6700000762939453,3.6700000762939453,3.6700000762939453,3.6700000762939453,102.0
2023-03-09 11:24:00,BLFY,11.600099563598633,11.600099563598633,11.600099563598633,11.600099563598633,11.600099563598633,828.0
2023-03-09 11:24:00,BPOP,62.5099983215332,62.5099983215332,62.630001068115234,62.5099983215332,62.630001068115234,1978.0
2023-03-09 11:24:00,BSRR,19.489999771118164,19.489999771118164,19.489999771118164,19.489999771118164,19.489999771118164,240.0
2023-03-09 11:24:00,BTBT,1.159999966621399,1.159999966621399,1.159999966621399,1.159999966621399,1.159999966621399,110.0
2023-03-09 11:24:00,BTCS,1.2000999450683594,1.2000999450683594,1.2000999450683594,1.2000999450683594,1.2000999450683594,200.0
2023-03-09 11:24:00,BWB,13.48009967803955,13.48009967803955,13.53499984741211,13.470000267028809,13.53499984741211,5300.0
2023-03-09 11:24:00,CACC,442.69000244140625,442.69000244140625,442.69000244140625,442.2200012207031,442.6300048828125,1906.0
2023-03-09 11:24:00,CARE,16.469999313354492,16.469999313354492,16.469999313354492,16.469999313354492,16.469999313354492,100.0
2023-03-09 11:24:00,CATY,39.834999084472656,39.834999084472656,39.834999084472656,39.834999084472656,39.834999084472656,204.0
2023-03-09 11:24:00,CBAN,11.899999618530273,11.899999618530273,11.899999618530273,11.899999618530273,11.899999618530273,849.0
2023-03-09 11:24:00,CCD,22.979799270629883,22.979799270629883,22.979799270629883,22.950000762939453,22.950000762939453,500.0
2023-03-09 11:24:00,CFFN,7.585000038146973,7.585000038146973,7.590000152587891,7.585000038146973,7.590000152587891,3259.0
2023-03-09 11:24:00,CG,34.380001068115234,34.380001068115234,34.380001068115234,34.369998931884766,34.369998931884766,2537.0
2023-03-09 11:24:00,CGBD,15.069999694824219,15.069999694824219,15.09000015258789,15.0600004196167,15.09000015258789,5979.0
2023-03-09 11:24:00,CINF,116.94000244140625,116.94000244140625,116.94000244140625,116.94000244140625,116.94000244140625,294.0
2023-03-09 11:24:00,CME,180.33059692382812,180.33059692382812,180.33999633789062,180.3000030517578,180.33999633789062,922.0
2023-03-09 11:24:00,COLB,25.485000610351562,25.485000610351562,25.530000686645508,25.450000762939453,25.454999923706055,21738.0
2023-03-09 11:24:00,COOP,44.72999954223633,44.72999954223633,44.7400016784668,44.72999954223633,44.7400016784668,301.0
2023-03-09 11:24:00,CSQ,14.051300048828125,14.051300048828125,14.051300048828125,14.051300048828125,14.051300048828125,260.0
2023-03-09 11:24:00,CSWC,18.600000381469727,18.600000381469727,18.600000381469727,18.600000381469727,18.600000381469727,205.0
2023-03-09 11:24:00,CTBI,40.31999969482422,40.31999969482422,40.31999969482422,40.31999969482422,40.31999969482422,527.0
2023-03-09 11:24:00,DWAC,14.119999885559082,14.119999885559082,14.119999885559082,14.119999885559082,14.119999885559082,1073.0
2023-03-09 11:24:00,EBC,14.829999923706055,14.829999923706055,14.835000038146973,14.819999694824219,14.835000038146973,8986.0
2023-03-09 11:24:00,EGBN,40.931800842285156,40.931800842285156,40.931800842285156,40.931800842285156,40.931800842285156,289.0
2023-03-09 11:24:00,EHTH,9.069899559020996,9.069899559020996,9.069899559020996,9.069899559020996,9.069899559020996,1200.0
2023-03-09 11:24:00,ENER,10.239999771118164,10.239999771118164,10.239999771118164,10.239999771118164,10.239999771118164,300.0
2023-03-09 11:24:00,ERIE,235.0800018310547,235.0800018310547,235.0800018310547,235.0800018310547,235.0800018310547,1119.0
2023-03-09 11:24:00,EZPW,8.932499885559082,8.932499885559082,8.9350004196167,8.932499885559082,8.9350004196167,244.0
2023-03-09 11:24:00,FBIZ,33.904998779296875,33.904998779296875,33.904998779296875,33.904998779296875,33.904998779296875,100.0
2023-03-09 11:24:00,FBMS,28.709999084472656,28.709999084472656,28.709999084472656,28.709999084472656,28.709999084472656,110.0
2023-03-09 11:24:00,FBNC,38.540000915527344,38.540000915527344,38.540000915527344,38.540000915527344,38.540000915527344,201.0
2023-03-09 11:24:00,FCFS,88.01599884033203,88.01599884033203,88.01599884033203,88.01000213623047,88.01000213623047,387.0
2023-03-09 11:24:00,FCNCA,665.77001953125,665.77001953125,665.8300170898438,665.77001953125,665.8300170898438,871.0
2023-03-09 11:24:00,FCRD,4.650000095367432,4.650000095367432,4.650000095367432,4.650000095367432,4.650000095367432,250.0
2023-03-09 11:24:00,FFBC,22.6299991607666,22.6299991607666,22.639999389648438,22.6299991607666,22.639999389648438,900.0
2023-03-09 11:24:00,FFWM,13.220000267028809,13.220000267028809,13.220000267028809,13.220000267028809,13.220000267028809,200.0
2023-03-09 11:24:00,FHB,24.240100860595703,24.240100860595703,24.240100860595703,24.240100860595703,24.240100860595703,986.0
2023-03-09 11:24:00,FIBK,32.641998291015625,32.641998291015625,32.650001525878906,32.641998291015625,32.650001525878906,1229.0
2023-03-09 11:24:00,FITB,32.63999938964844,32.63999938964844,32.650001525878906,32.630001068115234,32.630001068115234,4031.0
2023-03-09 11:24:00,FITBO,22.260000228881836,22.260000228881836,22.260000228881836,22.260000228881836,22.260000228881836,400.0
2023-03-09 11:24:00,FLIC,16.18000030517578,16.18000030517578,16.18000030517578,16.15999984741211,16.15999984741211,2227.0
2023-03-09 11:24:00,FOCS,51.775001525878906,51.775001525878906,51.779998779296875,51.77000045776367,51.775001525878906,706.0
2023-03-09 11:24:00,FRME,37.650001525878906,37.650001525878906,37.650001525878906,37.650001525878906,37.650001525878906,100.0
2023-03-09 11:24:00,FULT,15.8100004196167,15.8100004196167,15.8100004196167,15.805000305175781,15.805000305175781,736.0
2023-03-09 11:24:00,FUTU,46.43000030517578,46.43000030517578,46.43000030517578,46.290000915527344,46.400001525878906,43838.0
2023-03-09 11:24:00,GGAL,12.800000190734863,12.800000190734863,12.829999923706055,12.800000190734863,12.800000190734863,6357.0
2023-03-09 11:24:00,GOCO,18.6200008392334,18.6200008392334,18.6200008392334,18.6200008392334,18.6200008392334,511.0
2023-03-09 11:24:00,GSHD,52.689998626708984,52.689998626708984,52.689998626708984,52.65999984741211,52.65999984741211,330.0
2023-03-09 11:24:00,HBAN,14.095000267028809,14.095000267028809,14.095000267028809,14.085000038146973,14.085000038146973,16571.0
2023-03-09 11:24:00,HBNC,14.100000381469727,14.100000381469727,14.100000381469727,14.09000015258789,14.09000015258789,522.0
2023-03-09 11:24:00,HCMA,10.520000457763672,10.520000457763672,10.800000190734863,10.460000038146973,10.800000190734863,5212.0
2023-03-09 11:24:00,HFWA,24.760000228881836,24.760000228881836,24.760000228881836,24.760000228881836,24.760000228881836,894.0
2023-03-09 11:24:00,HOPE,11.954999923706055,11.954999923706055,11.954999923706055,11.949999809265137,11.954999923706055,600.0
2023-03-09 11:24:00,HRZN,12.003499984741211,12.003499984741211,12.003499984741211,12.003499984741211,12.003499984741211,616.0
2023-03-09 11:24:00,HTBI,27.68000030517578,27.68000030517578,27.68000030517578,27.565000534057617,27.565000534057617,1022.0
2023-03-09 11:24:00,HTBK,11.020000457763672,11.020000457763672,11.029999732971191,11.020000457763672,11.029999732971191,497.0
2023-03-09 11:24:00,HTLF,45.619998931884766,45.619998931884766,45.619998931884766,45.619998931884766,45.619998931884766,201.0
2023-03-09 11:24:00,HUT,1.4199999570846558,1.4199999570846558,1.4292000532150269,1.4199999570846558,1.4292000532150269,19181.0
2023-03-09 11:24:00,HWC,44.349998474121094,44.349998474121094,44.349998474121094,44.349998474121094,44.349998474121094,237.0
2023-03-09 11:24:00,INDB,72.625,72.625,72.63999938964844,72.6050033569336,72.6050033569336,1259.0
2023-03-09 11:24:00,INTR,2.009999990463257,2.009999990463257,2.009999990463257,2.009999990463257,2.009999990463257,100.0
2023-03-09 11:25:00,ABCB,43.08000183105469,43.08000183105469,43.130001068115234,43.08000183105469,43.130001068115234,2034.0
2023-03-09 11:25:00,ACGL,69.83999633789062,69.83999633789062,69.83999633789062,69.79000091552734,69.81999969482422,3964.0
2023-03-09 11:25:00,AEAE,10.359999656677246,10.359999656677246,10.359999656677246,10.359999656677246,10.359999656677246,520.0
2023-03-09 11:25:00,AMAL,21.239999771118164,21.239999771118164,21.239999771118164,21.239999771118164,21.239999771118164,386.0
2023-03-09 11:25:00,AMRK,28.34000015258789,28.34000015258789,28.34000015258789,28.34000015258789,28.34000015258789,301.0
2023-03-09 11:25:00,ANZU,9.9399995803833,9.9399995803833,9.9399995803833,9.9399995803833,9.9399995803833,735.0
2023-03-09 11:25:00,APLD,2.200000047683716,2.200000047683716,2.200000047683716,2.200000047683716,2.200000047683716,100.0
2023-03-09 11:25:00,ARCC,19.09000015258789,19.09000015258789,19.100000381469727,19.09000015258789,19.100000381469727,2841.0
2023-03-09 11:25:00,AUB,37.20000076293945,37.20000076293945,37.2400016784668,37.165000915527344,37.165000915527344,4301.0
2023-03-09 11:25:00,BANF,85.80000305175781,85.80000305175781,85.80000305175781,85.80000305175781,85.80000305175781,423.0
2023-03-09 11:25:00,BANR,58.5,58.5,58.5,58.5,58.5,1338.0
2023-03-09 11:25:00,BFST,18.65999984741211,18.65999984741211,18.719999313354492,18.65999984741211,18.719999313354492,1559.0
2023-03-09 11:25:00,BHF,53.13999938964844,53.13999938964844,53.13999938964844,53.040000915527344,53.119998931884766,4360.0
2023-03-09 11:25:00,BITF,0.8025000095367432,0.8025000095367432,0.8025000095367432,0.8025000095367432,0.8025000095367432,900.0
2023-03-09 11:25:00,BKCC,3.6600000858306885,3.6600000858306885,3.6700000762939453,3.6600000858306885,3.6700000762939453,8438.0
2023-03-09 11:25:00,BOKF,96.02999877929688,96.02999877929688,96.02999877929688,96.02999877929688,96.02999877929688,743.0
2023-03-09 11:25:00,BPOP,62.3025016784668,62.3025016784668,62.5,62.3025016784668,62.5,1132.0
2023-03-09 11:25:00,BRKL,11.65999984741211,11.65999984741211,11.65999984741211,11.65999984741211,11.65999984741211,482.0
2023-03-09 11:25:00,BRLI,10.850000381469727,10.850000381469727,10.850000381469727,10.850000381469727,10.850000381469727,2000.0
2023-03-09 11:25:00,BTBT,1.1699999570846558,1.1699999570846558,1.1699999570846558,1.1649999618530273,1.1649999618530273,1100.0
2023-03-09 11:25:00,BTCS,1.2799999713897705,1.2799999713897705,1.2799999713897705,1.2799999713897705,1.2799999713897705,182.0
2023-03-09 11:25:00,BWB,13.526000022888184,13.526000022888184,13.526000022888184,13.526000022888184,13.526000022888184,536.0
2023-03-09 11:25:00,BWFG,27.920000076293945,27.920000076293945,27.920000076293945,27.920000076293945,27.920000076293945,136.0
2023-03-09 11:25:00,CACC,441.92999267578125,441.92999267578125,441.92999267578125,441.2049865722656,441.92999267578125,820.0
2023-03-09 11:25:00,CARE,16.479999542236328,16.479999542236328,16.479999542236328,16.479999542236328,16.479999542236328,238.0
2023-03-09 11:25:00,CASH,47.869998931884766,47.869998931884766,47.869998931884766,47.869998931884766,47.869998931884766,1258.0
2023-03-09 11:25:00,CATY,39.790000915527344,39.790000915527344,39.790000915527344,39.77000045776367,39.77000045776367,463.0
2023-03-09 11:25:00,CBNK,19.09000015258789,19.09000015258789,19.09000015258789,19.09000015258789,19.09000015258789,201.0
2023-03-09 11:25:00,CG,34.31999969482422,34.31999969482422,34.375,34.31999969482422,34.375,5770.0
2023-03-09 11:25:00,CGBD,15.0600004196167,15.0600004196167,15.069999694824219,15.0600004196167,15.069999694824219,1531.0
2023-03-09 11:25:00,CHW,6.085000038146973,6.085000038146973,6.085000038146973,6.085000038146973,6.085000038146973,100.0
2023-03-09 11:25:00,CIFR,1.4479999542236328,1.4479999542236328,1.4479999542236328,1.4479999542236328,1.4479999542236328,10000.0
2023-03-09 11:25:00,CINF,116.83999633789062,116.83999633789062,116.91000366210938,116.83000183105469,116.91000366210938,2738.0
2023-03-09 11:25:00,CME,180.24000549316406,180.24000549316406,180.3000030517578,180.1300048828125,180.3000030517578,3282.0
2023-03-09 11:25:00,CNOB,22.18000030517578,22.18000030517578,22.18000030517578,22.149999618530273,22.149999618530273,459.0
2023-03-09 11:25:00,COLB,25.5049991607666,25.5049991607666,25.524999618530273,25.479999542236328,25.491199493408203,26172.0
2023-03-09 11:25:00,COOP,44.72999954223633,44.72999954223633,44.72999954223633,44.72999954223633,44.72999954223633,100.0
2023-03-09 11:25:00,CSQ,14.039999961853027,14.039999961853027,14.066100120544434,14.039999961853027,14.066100120544434,1729.0
2023-03-09 11:25:00,CSWC,18.59000015258789,18.59000015258789,18.600000381469727,18.579999923706055,18.600000381469727,3497.0
2023-03-09 11:25:00,CVBF,22.020000457763672,22.020000457763672,22.030000686645508,22.020000457763672,22.030000686645508,2640.0
2023-03-09 11:25:00,CZNC,22.149999618530273,22.149999618530273,22.165000915527344,22.149999618530273,22.165000915527344,895.0
2023-03-09 11:25:00,DCOM,29.3700008392334,29.3700008392334,29.40999984741211,29.3700008392334,29.40999984741211,698.0
2023-03-09 11:25:00,DTOC,10.170000076293945,10.170000076293945,10.170000076293945,10.170000076293945,10.170000076293945,300.0
2023-03-09 11:25:00,EBC,14.8100004196167,14.8100004196167,14.819999694824219,14.8100004196167,14.819999694824219,538.0
2023-03-09 11:25:00,ECPG,50.790000915527344,50.790000915527344,50.790000915527344,50.790000915527344,50.790000915527344,143.0
2023-03-09 11:25:00,EGBN,40.900001525878906,40.900001525878906,40.90999984741211,40.900001525878906,40.90999984741211,583.0
2023-03-09 11:25:00,EWBC,68.98999786376953,68.98999786376953,69.05000305175781,68.98999786376953,69.05000305175781,1143.0
2023-03-09 11:25:00,EZPW,8.9350004196167,8.9350004196167,8.9350004196167,8.9350004196167,8.9350004196167,145.0
2023-03-09 11:25:00,FBIZ,33.779998779296875,33.779998779296875,33.779998779296875,33.779998779296875,33.779998779296875,124.0
2023-03-09 11:25:00,FBMS,28.68000030517578,28.68000030517578,28.700000762939453,28.68000030517578,28.700000762939453,593.0
2023-03-09 11:25:00,FBNC,38.54499816894531,38.54499816894531,38.54499816894531,38.54499816894531,38.54499816894531,354.0
2023-03-09 11:25:00,FCFS,88.0,88.0,88.01000213623047,88.0,88.01000213623047,1695.0
2023-03-09 11:25:00,FCNCA,664.1900024414062,664.1900024414062,665.0449829101562,664.1900024414062,665.0449829101562,1134.0
2023-03-09 11:25:00,FCRD,4.639999866485596,4.639999866485596,4.639999866485596,4.624499797821045,4.624499797821045,399.0
2023-03-09 11:25:00,FDUS,20.440000534057617,20.440000534057617,20.469900131225586,20.440000534057617,20.469900131225586,474.0
2023-03-09 11:25:00,FFBC,22.600000381469727,22.600000381469727,22.600000381469727,22.600000381469727,22.600000381469727,406.0
2023-03-09 11:25:00,FFIC,17.40999984741211,17.40999984741211,17.40999984741211,17.40999984741211,17.40999984741211,1043.0
2023-03-09 11:25:00,FFNW,14.890000343322754,14.890000343322754,14.890000343322754,14.890000343322754,14.890000343322754,1469.0
2023-03-09 11:25:00,FFWM,13.220000267028809,13.220000267028809,13.229999542236328,13.199999809265137,13.229999542236328,3113.0
2023-03-09 11:25:00,FHB,24.235000610351562,24.235000610351562,24.239999771118164,24.235000610351562,24.239999771118164,703.0
2023-03-09 11:25:00,FIBK,32.630001068115234,32.630001068115234,32.650001525878906,32.619998931884766,32.650001525878906,1137.0
2023-03-09 11:25:00,FITB,32.599998474121094,32.599998474121094,32.6349983215332,32.59000015258789,32.630001068115234,6154.0
2023-03-09 11:25:00,FITBO,22.219999313354492,22.219999313354492,22.260000228881836,22.219999313354492,22.219999313354492,701.0
2023-03-09 11:25:00,FMNB,13.220000267028809,13.220000267028809,13.220000267028809,13.220000267028809,13.220000267028809,2437.0
2023-03-09 11:25:00,FNCB,7.400000095367432,7.400000095367432,7.400000095367432,7.400000095367432,7.400000095367432,426.0
2023-03-09 11:25:00,FNWB,13.699999809265137,13.699999809265137,13.699999809265137,13.699999809265137,13.699999809265137,408.0
2023-03-09 11:25:00,FOCS,51.77000045776367,51.77000045776367,51.779998779296875,51.77000045776367,51.77000045776367,2720.0
2023-03-09 11:25:00,FRME,37.599998474121094,37.599998474121094,37.599998474121094,37.599998474121094,37.599998474121094,428.0
2023-03-09 11:25:00,FSBW,33.52000045776367,33.52000045776367,33.63999938964844,33.52000045776367,33.63999938964844,326.0
2023-03-09 11:25:00,FULT,15.800000190734863,15.800000190734863,15.800000190734863,15.800000190734863,15.800000190734863,410.0
2023-03-09 11:25:00,FUTU,46.5,46.5,46.5,46.41999816894531,46.439998626708984,3043.0
2023-03-09 11:25:00,GBDC,13.4931001663208,13.4931001663208,13.49839973449707,13.4931001663208,13.498000144958496,772.0
2023-03-09 11:25:00,GGAL,12.770000457763672,12.770000457763672,12.779999732971191,12.770000457763672,12.779999732971191,715.0
2023-03-09 11:25:00,GLAD,9.930000305175781,9.930000305175781,9.930000305175781,9.930000305175781,9.930000305175781,316.0
2023-03-09 11:25:00,GREE,0.4399999976158142,0.4399999976158142,0.4413999915122986,0.4397999942302704,0.4401000142097473,12887.0
2023-03-09 11:25:00,GSHD,52.42499923706055,52.42499923706055,52.63999938964844,52.42499923706055,52.63999938964844,2278.0
2023-03-09 11:25:00,GXII,10.119999885559082,10.119999885559082,10.119999885559082,10.119999885559082,10.119999885559082,100.0
2023-03-09 11:25:00,HAFC,22.0,22.0,22.0,22.0,22.0,458.0
2023-03-09 11:25:00,HBAN,14.074999809265137,14.074999809265137,14.095000267028809,14.0649995803833,14.09000015258789,272967.0
2023-03-09 11:25:00,HBCP,36.25,36.25,36.25,36.25,36.25,100.0
2023-03-09 11:25:00,HBNC,14.045000076293945,14.045000076293945,14.069999694824219,14.045000076293945,14.069999694824219,674.0
2023-03-09 11:25:00,HCMA,10.5,10.5,10.619999885559082,10.5,10.539999961853027,2700.0
2023-03-09 11:25:00,HFWA,24.760000228881836,24.760000228881836,24.760000228881836,24.739999771118164,24.739999771118164,810.0
2023-03-09 11:25:00,HMST,22.639999389648438,22.639999389648438,22.639999389648438,22.639999389648438,22.639999389648438,396.0
2023-03-09 11:25:00,HOPE,11.970000267028809,11.970000267028809,11.970000267028809,11.954999923706055,11.954999923706055,2896.0
2023-03-09 11:25:00,HTLF,45.560001373291016,45.560001373291016,45.56999969482422,45.560001373291016,45.56999969482422,563.0
2023-03-09 11:25:00,HUT,1.4249999523162842,1.4249999523162842,1.4249999523162842,1.4199999570846558,1.4199999570846558,4564.0
2023-03-09 11:25:00,HWC,44.255001068115234,44.255001068115234,44.36000061035156,44.255001068115234,44.36000061035156,6147.0
2023-03-09 11:25:00,IBKR,88.5988998413086,88.5988998413086,88.6500015258789,88.55000305175781,88.6500015258789,1960.0
2023-03-09 11:25:00,IBOC,45.13999938964844,45.13999938964844,45.13999938964844,45.13999938964844,45.13999938964844,106.0
2023-03-09 11:25:00,INDB,72.5696029663086,72.5696029663086,72.625,72.55999755859375,72.5999984741211,1027.0
2023-03-09 11:25:00,INTR,2.0199999809265137,2.0199999809265137,2.0199999809265137,2.009999990463257,2.009999990463257,1884.0
2023-03-09 11:26:00,ABCB,43.04999923706055,43.04999923706055,43.08000183105469,43.04999923706055,43.08000183105469,960.0
2023-03-09 11:26:00,ACGL,69.86000061035156,69.86000061035156,69.87000274658203,69.83999633789062,69.83999633789062,5065.0
2023-03-09 11:26:00,ACGLO,22.5,22.5,22.584999084472656,22.5,22.540000915527344,1164.0
2023-03-09 11:26:00,ACT,24.149999618530273,24.149999618530273,24.149999618530273,24.149999618530273,24.149999618530273,201.0
2023-03-09 11:26:00,AEAE,10.359999656677246,10.359999656677246,10.359999656677246,10.359999656677246,10.359999656677246,520.0
2023-03-09 11:26:00,AMRK,28.260000228881836,28.260000228881836,28.260000228881836,28.260000228881836,28.260000228881836,225.0
2023-03-09 11:26:00,APLD,2.200000047683716,2.200000047683716,2.200000047683716,2.200000047683716,2.200000047683716,421.0
2023-03-09 11:26:00,ARCC,19.099300384521484,19.099300384521484,19.099300384521484,19.09000015258789,19.09000015258789,2115.0
2023-03-09 11:26:00,AROW,28.600000381469727,28.600000381469727,28.600000381469727,28.600000381469727,28.600000381469727,100.0
2023-03-09 11:26:00,AUB,37.16999816894531,37.16999816894531,37.17499923706055,37.13999938964844,37.17499923706055,1629.0
2023-03-09 11:26:00,BCML,19.56999969482422,19.56999969482422,19.56999969482422,19.56999969482422,19.56999969482422,136.0
2023-03-09 11:26:00,BFST,18.770000457763672,18.770000457763672,18.770000457763672,18.68000030517578,18.68000030517578,1835.0
2023-03-09 11:26:00,BGCP,5.045000076293945,5.045000076293945,5.045000076293945,5.045000076293945,5.045000076293945,222.0
2023-03-09 11:26:00,BHFAN,19.0,19.0,19.0,19.0,19.0,375.0
2023-03-09 11:26:00,BHFAO,25.150999069213867,25.150999069213867,25.170000076293945,25.15049934387207,25.15999984741211,794.0
2023-03-09 11:26:00,BLFY,11.600000381469727,11.600000381469727,11.600000381469727,11.600000381469727,11.600000381469727,297.0
2023-03-09 11:26:00,BMRC,26.969999313354492,26.969999313354492,26.969999313354492,26.969999313354492,26.969999313354492,110.0
2023-03-09 11:26:00,BOKF,96.02999877929688,96.02999877929688,96.05000305175781,96.02999877929688,96.02999877929688,1363.0
2023-03-09 11:26:00,BPOP,62.209999084472656,62.209999084472656,62.32500076293945,62.209999084472656,62.29999923706055,430.0
2023-03-09 11:26:00,BRKL,11.640000343322754,11.640000343322754,11.640000343322754,11.640000343322754,11.640000343322754,336.0
2023-03-09 11:26:00,BTBT,1.1649999618530273,1.1649999618530273,1.1649999618530273,1.1649999618530273,1.1649999618530273,106.0
2023-03-09 11:26:00,BUSE,22.56999969482422,22.56999969482422,22.59000015258789,22.56999969482422,22.59000015258789,206.0
2023-03-09 11:26:00,CASH,47.72999954223633,47.72999954223633,47.810001373291016,47.72999954223633,47.810001373291016,952.0
2023-03-09 11:26:00,CBSH,61.75,61.75,61.75,61.720001220703125,61.72999954223633,2766.0
2023-03-09 11:26:00,CCB,42.65999984741211,42.65999984741211,42.7400016784668,42.65999984741211,42.7400016784668,609.0
2023-03-09 11:26:00,CCNE,22.520000457763672,22.520000457763672,22.520000457763672,22.520000457763672,22.520000457763672,305.0
2023-03-09 11:26:00,CFFN,7.585000038146973,7.585000038146973,7.585000038146973,7.585000038146973,7.585000038146973,352.0
2023-03-09 11:26:00,CG,34.290000915527344,34.290000915527344,34.29999923706055,34.28499984741211,34.29499816894531,1375.0
2023-03-09 11:26:00,CGBD,15.066200256347656,15.066200256347656,15.066200256347656,15.066200256347656,15.066200256347656,530.0
2023-03-09 11:26:00,CHEAU,10.510000228881836,10.510000228881836,10.510000228881836,10.510000228881836,10.510000228881836,100.0
2023-03-09 11:26:00,CHI,11.932000160217285,11.932000160217285,11.932000160217285,11.932000160217285,11.932000160217285,200.0
2023-03-09 11:26:00,CHW,6.074999809265137,6.074999809265137,6.080100059509277,6.070000171661377,6.079999923706055,1910.0
2023-03-09 11:26:00,CIFR,1.440000057220459,1.440000057220459,1.440000057220459,1.440000057220459,1.440000057220459,511.0
2023-03-09 11:26:00,CLBK,19.777999877929688,19.777999877929688,19.777999877929688,19.777999877929688,19.777999877929688,276.0
2023-03-09 11:26:00,CME,180.1199951171875,180.1199951171875,180.22500610351562,180.1199951171875,180.22500610351562,746.0
2023-03-09 11:26:00,CNOB,22.18000030517578,22.18000030517578,22.18000030517578,22.18000030517578,22.18000030517578,506.0
2023-03-09 11:26:00,COLB,25.489999771118164,25.489999771118164,25.520000457763672,25.469999313354492,25.500099182128906,9094.0
2023-03-09 11:26:00,COOP,44.70000076293945,44.70000076293945,44.72999954223633,44.70000076293945,44.72999954223633,327.0
2023-03-09 11:26:00,CSQ,14.0600004196167,14.0600004196167,14.0600004196167,14.0600004196167,14.0600004196167,150.0
2023-03-09 11:26:00,CSTR,15.65999984741211,15.65999984741211,15.65999984741211,15.65999984741211,15.65999984741211,487.0
2023-03-09 11:26:00,CSWC,18.584999084472656,18.584999084472656,18.584999084472656,18.579999923706055,18.579999923706055,375.0
2023-03-09 11:26:00,DCOMP,19.76849937438965,19.76849937438965,19.76849937438965,19.76849937438965,19.76849937438965,400.0
2023-03-09 11:26:00,DWAC,14.100000381469727,14.100000381469727,14.10200023651123,14.100000381469727,14.10200023651123,1575.0
2023-03-09 11:26:00,EBC,14.800000190734863,14.800000190734863,14.8100004196167,14.800000190734863,14.8100004196167,1447.0
2023-03-09 11:26:00,ECPG,50.790000915527344,50.790000915527344,50.790000915527344,50.790000915527344,50.790000915527344,201.0
2023-03-09 11:26:00,EFSC,51.560001373291016,51.560001373291016,51.560001373291016,51.560001373291016,51.560001373291016,102.0
2023-03-09 11:26:00,EGBN,40.880001068115234,40.880001068115234,40.880001068115234,40.880001068115234,40.880001068115234,174.0
2023-03-09 11:26:00,EHTH,9.0600004196167,9.0600004196167,9.0600004196167,9.0600004196167,9.0600004196167,100.0
2023-03-09 11:26:00,EWBC,68.97000122070312,68.97000122070312,68.97000122070312,68.97000122070312,68.97000122070312,359.0
2023-03-09 11:26:00,EZPW,8.920000076293945,8.920000076293945,8.930000305175781,8.920000076293945,8.930000305175781,1050.0
2023-03-09 11:26:00,FCRD,4.650000095367432,4.650000095367432,4.650000095367432,4.650000095367432,4.650000095367432,187.0
2023-03-09 11:26:00,FFIN,33.900001525878906,33.900001525878906,33.90999984741211,33.900001525878906,33.900001525878906,750.0
2023-03-09 11:26:00,FFWM,13.199999809265137,13.199999809265137,13.199999809265137,13.1850004196167,13.199999809265137,2889.0
2023-03-09 11:26:00,FHB,24.219999313354492,24.219999313354492,24.239999771118164,24.219999313354492,24.239999771118164,1581.0
2023-03-09 11:26:00,FIBK,32.61000061035156,32.61000061035156,32.630001068115234,32.61000061035156,32.630001068115234,351.0
2023-03-09 11:26:00,FITB,32.584999084472656,32.584999084472656,32.59000015258789,32.560001373291016,32.584999084472656,7333.0
2023-03-09 11:26:00,FLIC,16.184999465942383,16.184999465942383,16.184999465942383,16.170000076293945,16.170000076293945,2517.0
2023-03-09 11:26:00,FOCS,51.775001525878906,51.775001525878906,51.775001525878906,51.77000045776367,51.77000045776367,1301.0
2023-03-09 11:26:00,FRHC,73.26000213623047,73.26000213623047,73.26000213623047,73.26000213623047,73.26000213623047,144.0
2023-03-09 11:26:00,FRON,10.184000015258789,10.184000015258789,10.1899995803833,10.184000015258789,10.189900398254395,903.0
2023-03-09 11:26:00,FULT,15.779999732971191,15.779999732971191,15.789999961853027,15.779999732971191,15.789999961853027,1045.0
2023-03-09 11:26:00,FUND,8.569899559020996,8.569899559020996,8.569899559020996,8.5649995803833,8.5649995803833,2806.0
2023-03-09 11:26:00,FUTU,46.52000045776367,46.52000045776367,46.54999923706055,46.47999954223633,46.4900016784668,2253.0
2023-03-09 11:26:00,GBDC,13.489999771118164,13.489999771118164,13.494999885559082,13.489999771118164,13.489999771118164,2503.0
2023-03-09 11:26:00,GLRE,10.020000457763672,10.020000457763672,10.020000457763672,10.010000228881836,10.010000228881836,1974.0
2023-03-09 11:26:00,GREE,0.4429999887943268,0.4429999887943268,0.4429999887943268,0.4399999976158142,0.4399999976158142,2590.0
2023-03-09 11:26:00,GSHD,52.369998931884766,52.369998931884766,52.369998931884766,52.25,52.349998474121094,654.0
2023-03-09 11:26:00,GXII,10.119999885559082,10.119999885559082,10.119999885559082,10.119999885559082,10.119999885559082,100.0
2023-03-09 11:26:00,HBAN,14.100000381469727,14.100000381469727,14.100000381469727,14.055000305175781,14.069999694824219,308000.0
2023-03-09 11:26:00,HBNC,14.045000076293945,14.045000076293945,14.050000190734863,14.045000076293945,14.050000190734863,504.0
2023-03-09 11:26:00,HIVE,2.6217000484466553,2.6217000484466553,2.6217000484466553,2.6217000484466553,2.6217000484466553,428.0
2023-03-09 11:26:00,HMST,22.655000686645508,22.655000686645508,22.655000686645508,22.655000686645508,22.655000686645508,152.0
2023-03-09 11:26:00,HONE,12.760000228881836,12.760000228881836,12.760000228881836,12.760000228881836,12.760000228881836,599.0
2023-03-09 11:26:00,HOPE,11.970000267028809,11.970000267028809,11.970000267028809,11.960000038146973,11.96500015258789,7834.0
2023-03-09 11:26:00,HTBK,11.009900093078613,11.009900093078613,11.010000228881836,11.009900093078613,11.010000228881836,375.0
2023-03-09 11:26:00,HUT,1.4297000169754028,1.4297000169754028,1.429900050163269,1.4199999570846558,1.4199999570846558,5137.0
2023-03-09 11:26:00,HWC,44.22999954223633,44.22999954223633,44.25,44.22999954223633,44.2400016784668,530.0
2023-03-09 11:26:00,IBKR,88.58000183105469,88.58000183105469,88.58999633789062,88.55000305175781,88.55000305175781,1532.0
2023-03-09 11:26:00,INDB,72.51000213623047,72.51000213623047,72.56999969482422,72.26000213623047,72.56999969482422,4787.0
2023-03-09 11:26:00,INTR,2.009999990463257,2.009999990463257,2.009999990463257,2.009999990463257,2.009999990463257,200.0
2023-03-09 11:27:00,ABCB,43.029998779296875,43.029998779296875,43.099998474121094,43.02000045776367,43.092498779296875,1122.0
2023-03-09 11:27:00,ACGL,69.86499786376953,69.86499786376953,69.87999725341797,69.8499984741211,69.86000061035156,2267.0
2023-03-09 11:27:00,ACGLO,22.510000228881836,22.510000228881836,22.510000228881836,22.510000228881836,22.510000228881836,103.0
2023-03-09 11:27:00,APLD,2.190000057220459,2.190000057220459,2.200000047683716,2.180000066757202,2.200000047683716,14446.0
2023-03-09 11:27:00,ARCC,19.099899291992188,19.099899291992188,19.099899291992188,19.09079933166504,19.09079933166504,4640.0
2023-03-09 11:27:00,AUB,37.17499923706055,37.17499923706055,37.17499923706055,37.17499923706055,37.17499923706055,100.0
2023-03-09 11:27:00,BCBP,16.014999389648438,16.014999389648438,16.014999389648438,16.014999389648438,16.014999389648438,156.0
2023-03-09 11:27:00,BFST,18.760000228881836,18.760000228881836,18.770000457763672,18.760000228881836,18.770000457763672,756.0
2023-03-09 11:27:00,BGCP,5.039999961853027,5.039999961853027,5.039999961853027,5.039999961853027,5.039999961853027,3189.0
2023-03-09 11:27:00,BHF,53.040000915527344,53.040000915527344,53.06999969482422,53.040000915527344,53.06999969482422,955.0
2023-03-09 11:27:00,BHFAO,25.1299991607666,25.1299991607666,25.1299991607666,25.1299991607666,25.1299991607666,398.0
2023-03-09 11:27:00,BITF,0.794700026512146,0.794700026512146,0.8025000095367432,0.794700026512146,0.8025000095367432,10200.0
2023-03-09 11:27:00,BKCC,3.6600000858306885,3.6600000858306885,3.6600000858306885,3.6600000858306885,3.6600000858306885,110.0
2023-03-09 11:27:00,BPOP,62.209999084472656,62.209999084472656,62.33000183105469,62.209999084472656,62.314998626708984,755.0
2023-03-09 11:27:00,BRKL,11.630000114440918,11.630000114440918,11.640000343322754,11.630000114440918,11.640000343322754,697.0
2023-03-09 11:27:00,BTBT,1.149999976158142,1.149999976158142,1.1633000373840332,1.149999976158142,1.159999966621399,11760.0
2023-03-09 11:27:00,BWB,13.588399887084961,13.588399887084961,13.588399887084961,13.588399887084961,13.588399887084961,189.0
2023-03-09 11:27:00,CASH,47.75,47.75,47.75,47.75,47.75,121.0
2023-03-09 11:27:00,CATC,71.06999969482422,71.06999969482422,71.06999969482422,71.06999969482422,71.06999969482422,234.0
2023-03-09 11:27:00,CCNE,22.540000915527344,22.540000915527344,22.540000915527344,22.540000915527344,22.540000915527344,282.0
2023-03-09 11:27:00,CFBK,20.200000762939453,20.200000762939453,20.489999771118164,20.200000762939453,20.209999084472656,3654.0
2023-03-09 11:27:00,CG,34.290000915527344,34.290000915527344,34.29499816894531,34.27000045776367,34.27000045776367,927.0
2023-03-09 11:27:00,CIFR,1.440000057220459,1.440000057220459,1.4450000524520874,1.440000057220459,1.440000057220459,2683.0
2023-03-09 11:27:00,CME,180.07000732421875,180.07000732421875,180.14529418945312,180.02999877929688,180.14529418945312,951.0
2023-03-09 11:27:00,COLB,25.420000076293945,25.420000076293945,25.479999542236328,25.420000076293945,25.479999542236328,7299.0
2023-03-09 11:27:00,COOP,44.755001068115234,44.755001068115234,44.77000045776367,44.70000076293945,44.75,4479.0
2023-03-09 11:27:00,CSWC,18.579999923706055,18.579999923706055,18.579999923706055,18.579999923706055,18.579999923706055,318.0
2023-03-09 11:27:00,CZNC,22.18000030517578,22.18000030517578,22.184999465942383,22.18000030517578,22.184999465942383,317.0
2023-03-09 11:27:00,DWAC,14.10099983215332,14.10099983215332,14.10099983215332,14.100000381469727,14.100000381469727,1919.0
2023-03-09 11:27:00,EBC,14.800000190734863,14.800000190734863,14.800000190734863,14.800000190734863,14.800000190734863,227.0
2023-03-09 11:27:00,EBTC,35.23500061035156,35.23500061035156,35.2400016784668,35.220001220703125,35.220001220703125,1722.0
2023-03-09 11:27:00,EFSCP,18.5,18.5,18.5,18.5,18.5,794.0
2023-03-09 11:27:00,EHTH,9.029999732971191,9.029999732971191,9.029999732971191,9.029999732971191,9.029999732971191,590.0
2023-03-09 11:27:00,EWBC,68.91999816894531,68.91999816894531,68.91999816894531,68.91999816894531,68.91999816894531,286.0
2023-03-09 11:27:00,EZPW,8.914999961853027,8.914999961853027,8.920000076293945,8.90999984741211,8.920000076293945,1638.0
2023-03-09 11:27:00,FBMS,28.59000015258789,28.59000015258789,28.59000015258789,28.59000015258789,28.59000015258789,136.0
2023-03-09 11:27:00,FBNC,38.54499816894531,38.54499816894531,38.54499816894531,38.54499816894531,38.54499816894531,100.0
2023-03-09 11:27:00,FCFS,87.9800033569336,87.9800033569336,88.05999755859375,87.9800033569336,88.05999755859375,749.0
2023-03-09 11:27:00,FCNCA,664.0750122070312,664.0750122070312,664.0750122070312,664.0750122070312,664.0750122070312,1441.0
2023-03-09 11:27:00,FCRD,4.639999866485596,4.639999866485596,4.639999866485596,4.639999866485596,4.639999866485596,200.0
2023-03-09 11:27:00,FFIN,33.904998779296875,33.904998779296875,33.904998779296875,33.904998779296875,33.904998779296875,102.0
2023-03-09 11:27:00,FFWM,13.180000305175781,13.180000305175781,13.199999809265137,13.180000305175781,13.199999809265137,1794.0
2023-03-09 11:27:00,FIBK,32.630001068115234,32.630001068115234,32.65999984741211,32.630001068115234,32.630001068115234,885.0
2023-03-09 11:27:00,FITB,32.584999084472656,32.584999084472656,32.599998474121094,32.584999084472656,32.595001220703125,4653.0
2023-03-09 11:27:00,FLIC,16.209999084472656,16.209999084472656,16.209999084472656,16.190000534057617,16.190000534057617,1100.0
2023-03-09 11:27:00,FOCS,51.775001525878906,51.775001525878906,51.775001525878906,51.77000045776367,51.77000045776367,6778.0
2023-03-09 11:27:00,FRBK,1.7549999952316284,1.7549999952316284,1.7549999952316284,1.7549999952316284,1.7549999952316284,300.0
2023-03-09 11:27:00,FRON,10.189900398254395,10.189900398254395,10.189900398254395,10.189900398254395,10.189900398254395,500.0
2023-03-09 11:27:00,FULT,15.800000190734863,15.800000190734863,15.805000305175781,15.800000190734863,15.800000190734863,1379.0
2023-03-09 11:27:00,FUTU,46.56999969482422,46.56999969482422,46.56999969482422,46.529998779296875,46.529998779296875,466.0
2023-03-09 11:27:00,FVCB,13.369999885559082,13.369999885559082,13.369999885559082,13.369999885559082,13.369999885559082,183.0
2023-03-09 11:27:00,GAIN,13.796600341796875,13.796600341796875,13.796600341796875,13.796600341796875,13.796600341796875,134.0
2023-03-09 11:27:00,GBDC,13.489999771118164,13.489999771118164,13.489999771118164,13.489999771118164,13.489999771118164,1731.0
2023-03-09 11:27:00,GCMG,8.449999809265137,8.449999809265137,8.449999809265137,8.449999809265137,8.449999809265137,133.0
2023-03-09 11:27:00,GLAD,9.920000076293945,9.920000076293945,9.920000076293945,9.920000076293945,9.920000076293945,1034.0
2023-03-09 11:27:00,GLRE,10.020000457763672,10.020000457763672,10.020000457763672,10.020000457763672,10.020000457763672,292.0
2023-03-09 11:27:00,GREE,0.4431000053882599,0.4431000053882599,0.4431000053882599,0.4431000053882599,0.4431000053882599,100.0
2023-03-09 11:27:00,HAFC,21.969999313354492,21.969999313354492,21.969999313354492,21.969999313354492,21.969999313354492,515.0
2023-03-09 11:27:00,HBAN,14.085000038146973,14.085000038146973,14.109999656677246,14.079999923706055,14.100000381469727,145578.0
2023-03-09 11:27:00,HBCP,36.25,36.25,36.25,36.25,36.25,100.0
2023-03-09 11:27:00,HIVE,2.619999885559082,2.619999885559082,2.625,2.619999885559082,2.625,3429.0
2023-03-09 11:27:00,HOPE,11.989999771118164,11.989999771118164,11.989999771118164,11.96500015258789,11.96500015258789,7047.0
2023-03-09 11:27:00,HTBK,11.010000228881836,11.010000228881836,11.010000228881836,11.010000228881836,11.010000228881836,104.0
2023-03-09 11:27:00,HWC,44.22999954223633,44.22999954223633,44.279998779296875,44.22999954223633,44.2400016784668,1569.0
2023-03-09 11:27:00,IBKR,88.5250015258789,88.5250015258789,88.5250015258789,88.5250015258789,88.5250015258789,302.0
2023-03-09 11:27:00,IBOC,45.060001373291016,45.060001373291016,45.06999969482422,45.060001373291016,45.060001373291016,1155.0
2023-03-09 11:27:00,INDB,72.51000213623047,72.51000213623047,72.51000213623047,72.51000213623047,72.51000213623047,403.0
2023-03-09 11:27:00,INKA,10.430000305175781,10.430000305175781,10.430000305175781,10.430000305175781,10.430000305175781,200.0
2023-03-09 11:27:00,INTR,2.009999990463257,2.009999990463257,2.009999990463257,2.009999990463257,2.009999990463257,162.0
2023-03-09 11:28:00,ABCB,43.08000183105469,43.08000183105469,43.08000183105469,43.04999923706055,43.04999923706055,925.0
2023-03-09 11:28:00,ACGL,69.90499877929688,69.90499877929688,69.91999816894531,69.87999725341797,69.87999725341797,3829.0
2023-03-09 11:28:00,ADER,10.350000381469727,10.350000381469727,10.350000381469727,10.350000381469727,10.350000381469727,0.0
2023-03-09 11:28:00,AMAL,21.184099197387695,21.184099197387695,21.184099197387695,21.184099197387695,21.184099197387695,121.0
2023-03-09 11:28:00,AMRK,28.209999084472656,28.209999084472656,28.219999313354492,28.209999084472656,28.219999313354492,1044.0
2023-03-09 11:28:00,ARCC,19.09000015258789,19.09000015258789,19.094999313354492,19.09000015258789,19.094999313354492,2843.0
2023-03-09 11:28:00,AROW,28.520000457763672,28.520000457763672,28.520000457763672,28.520000457763672,28.520000457763672,319.0
2023-03-09 11:28:00,AUB,37.189998626708984,37.189998626708984,37.22999954223633,37.189998626708984,37.20000076293945,3038.0
2023-03-09 11:28:00,BFST,18.75,18.75,18.75,18.75,18.75,362.0
2023-03-09 11:28:00,BGCP,5.034999847412109,5.034999847412109,5.034999847412109,5.034999847412109,5.034999847412109,757.0
2023-03-09 11:28:00,BHF,52.959999084472656,52.959999084472656,53.0,52.959999084472656,53.0,551.0
2023-03-09 11:28:00,BHFAM,16.520000457763672,16.520000457763672,16.540000915527344,16.520000457763672,16.540000915527344,440.0
2023-03-09 11:28:00,BITF,0.8098000288009644,0.8098000288009644,0.8098000288009644,0.796500027179718,0.796500027179718,3907.0
2023-03-09 11:28:00,BKCC,3.66129994392395,3.66129994392395,3.66129994392395,3.66129994392395,3.66129994392395,404.0
2023-03-09 11:28:00,BPOP,62.39500045776367,62.39500045776367,62.40999984741211,62.314998626708984,62.314998626708984,2660.0
2023-03-09 11:28:00,BWFG,27.90999984741211,27.90999984741211,27.90999984741211,27.90999984741211,27.90999984741211,683.0
2023-03-09 11:28:00,CARE,16.450000762939453,16.450000762939453,16.475000381469727,16.450000762939453,16.475000381469727,243.0
2023-03-09 11:28:00,CASH,47.810001373291016,47.810001373291016,47.849998474121094,47.79999923706055,47.79999923706055,2851.0
2023-03-09 11:28:00,CCBG,33.349998474121094,33.349998474121094,33.349998474121094,33.349998474121094,33.349998474121094,136.0
2023-03-09 11:28:00,CG,34.29999923706055,34.29999923706055,34.29999923706055,34.279998779296875,34.28499984741211,7593.0
2023-03-09 11:28:00,CGBD,15.030500411987305,15.030500411987305,15.0600004196167,15.030500411987305,15.050000190734863,1706.0
2023-03-09 11:28:00,CHY,12.3149995803833,12.3149995803833,12.3149995803833,12.3149995803833,12.3149995803833,100.0
2023-03-09 11:28:00,CINF,116.62999725341797,116.62999725341797,116.62999725341797,116.62999725341797,116.62999725341797,224.0
2023-03-09 11:28:00,CME,180.0800018310547,180.0800018310547,180.0800018310547,179.97999572753906,180.06500244140625,3314.0
2023-03-09 11:28:00,COLB,25.489999771118164,25.489999771118164,25.490999221801758,25.424999237060547,25.424999237060547,25738.0
2023-03-09 11:28:00,CSTR,15.640000343322754,15.640000343322754,15.640000343322754,15.640000343322754,15.640000343322754,143.0
2023-03-09 11:28:00,CSWC,18.59000015258789,18.59000015258789,18.59000015258789,18.56999969482422,18.575000762939453,2657.0
2023-03-09 11:28:00,EBC,14.800000190734863,14.800000190734863,14.805000305175781,14.800000190734863,14.805000305175781,419.0
2023-03-09 11:28:00,EBTC,35.27000045776367,35.27000045776367,35.27000045776367,35.25,35.25,203.0
2023-03-09 11:28:00,EFSC,51.599998474121094,51.599998474121094,51.599998474121094,51.59000015258789,51.59000015258789,1811.0
2023-03-09 11:28:00,EGBN,40.8849983215332,40.8849983215332,40.8849983215332,40.880001068115234,40.880001068115234,216.0
2023-03-09 11:28:00,FANH,8.199999809265137,8.199999809265137,8.199999809265137,8.199999809265137,8.199999809265137,354.0
2023-03-09 11:28:00,FCRD,4.659999847412109,4.659999847412109,4.659999847412109,4.659999847412109,4.659999847412109,187.0
2023-03-09 11:28:00,FFBC,22.549999237060547,22.549999237060547,22.549999237060547,22.549999237060547,22.549999237060547,365.0
2023-03-09 11:28:00,FFIC,17.399999618530273,17.399999618530273,17.399999618530273,17.399999618530273,17.399999618530273,291.0
2023-03-09 11:28:00,FFIN,33.96500015258789,33.96500015258789,33.970001220703125,33.91999816894531,33.91999816894531,1658.0
2023-03-09 11:28:00,FFWM,13.180000305175781,13.180000305175781,13.180000305175781,13.180000305175781,13.180000305175781,100.0
2023-03-09 11:28:00,FHB,24.209999084472656,24.209999084472656,24.219999313354492,24.209999084472656,24.219999313354492,1041.0
2023-03-09 11:28:00,FIAC,10.354999542236328,10.354999542236328,10.354999542236328,10.354999542236328,10.354999542236328,7600.0
2023-03-09 11:28:00,FITB,32.584999084472656,32.584999084472656,32.59000015258789,32.584999084472656,32.59000015258789,1348.0
2023-03-09 11:28:00,FOCS,51.775001525878906,51.775001525878906,51.775001525878906,51.77000045776367,51.775001525878906,2005.0
2023-03-09 11:28:00,FRBK,1.7599999904632568,1.7599999904632568,1.7599999904632568,1.75,1.75,2949.0
2023-03-09 11:28:00,FRME,37.599998474121094,37.599998474121094,37.599998474121094,37.599998474121094,37.599998474121094,2479.0
2023-03-09 11:28:00,FULT,15.795000076293945,15.795000076293945,15.795000076293945,15.789999961853027,15.795000076293945,426.0
2023-03-09 11:28:00,FUTU,46.404998779296875,46.404998779296875,46.595001220703125,46.380001068115234,46.56999969482422,3546.0
2023-03-09 11:28:00,GABC,35.77000045776367,35.77000045776367,35.77000045776367,35.77000045776367,35.77000045776367,140.0
2023-03-09 11:28:00,GBDC,13.494999885559082,13.494999885559082,13.494999885559082,13.494999885559082,13.494999885559082,219.0
2023-03-09 11:28:00,GCMG,8.4399995803833,8.4399995803833,8.440199851989746,8.4399995803833,8.4399995803833,2481.0
2023-03-09 11:28:00,GLAD,9.934499740600586,9.934499740600586,9.934499740600586,9.934499740600586,9.934499740600586,149.0
2023-03-09 11:28:00,GNTY,29.5,29.5,29.5,29.5,29.5,346.0
2023-03-09 11:28:00,GREE,0.4399999976158142,0.4399999976158142,0.4399999976158142,0.4399999976158142,0.4399999976158142,100.0
2023-03-09 11:28:00,GSBC,54.34000015258789,54.34000015258789,54.34000015258789,54.34000015258789,54.34000015258789,134.0
2023-03-09 11:28:00,GSHD,52.400001525878906,52.400001525878906,52.400001525878906,52.34000015258789,52.34000015258789,1031.0
2023-03-09 11:28:00,GXII,10.119999885559082,10.119999885559082,10.119999885559082,10.119999885559082,10.119999885559082,100.0
2023-03-09 11:28:00,HBAN,14.09000015258789,14.09000015258789,14.095000267028809,14.079999923706055,14.085000038146973,24145.0
2023-03-09 11:28:00,HBANM,22.690000534057617,22.690000534057617,22.700000762939453,22.690000534057617,22.700000762939453,2303.0
2023-03-09 11:28:00,HBCP,36.2599983215332,36.2599983215332,36.2599983215332,36.2599983215332,36.2599983215332,100.0
2023-03-09 11:28:00,HBNC,14.045000076293945,14.045000076293945,14.045000076293945,14.045000076293945,14.045000076293945,202.0
2023-03-09 11:28:00,HBT,22.06999969482422,22.06999969482422,22.06999969482422,22.0,22.030000686645508,1768.0
2023-03-09 11:28:00,HIFS,263.26190185546875,263.26190185546875,263.26190185546875,263.26190185546875,263.26190185546875,221.0
2023-03-09 11:28:00,HMST,22.670000076293945,22.670000076293945,22.670000076293945,22.670000076293945,22.670000076293945,498.0
2023-03-09 11:28:00,HOPE,11.971400260925293,11.971400260925293,11.989999771118164,11.971400260925293,11.989999771118164,5918.0
2023-03-09 11:28:00,HRZN,11.998800277709961,11.998800277709961,11.998800277709961,11.998800277709961,11.998800277709961,112.0
2023-03-09 11:28:00,HTBK,11.010000228881836,11.010000228881836,11.010000228881836,11.010000228881836,11.010000228881836,149.0
2023-03-09 11:28:00,HUT,1.4249999523162842,1.4249999523162842,1.4249999523162842,1.4249999523162842,1.4249999523162842,585.0
2023-03-09 11:28:00,HWC,44.244998931884766,44.244998931884766,44.244998931884766,44.244998931884766,44.244998931884766,393.0
2023-03-09 11:28:00,IBKR,88.3499984741211,88.3499984741211,88.48999786376953,88.18000030517578,88.48200225830078,8295.0
2023-03-09 11:28:00,INDB,72.44000244140625,72.44000244140625,72.44000244140625,72.44000244140625,72.44000244140625,118.0
2023-03-09 11:28:00,INKA,10.430000305175781,10.430000305175781,10.430000305175781,10.430000305175781,10.430000305175781,100.0
2023-03-09 11:28:00,INTR,2.009999990463257,2.009999990463257,2.009999990463257,2.009999990463257,2.009999990463257,300.0
2023-03-09 11:29:00,ABCB,43.060001373291016,43.060001373291016,43.060001373291016,43.060001373291016,43.060001373291016,442.0
2023-03-09 11:29:00,ACGL,69.90119934082031,69.90119934082031,69.94000244140625,69.88500213623047,69.93000030517578,5633.0
2023-03-09 11:29:00,AMAL,21.09000015258789,21.09000015258789,21.100000381469727,21.09000015258789,21.100000381469727,705.0
2023-03-09 11:29:00,ARBK,1.5,1.5,1.5,1.5,1.5,101.0
2023-03-09 11:29:00,ARCC,19.092899322509766,19.092899322509766,19.097700119018555,19.092899322509766,19.094999313354492,2305.0
2023-03-09 11:29:00,AUB,37.150001525878906,37.150001525878906,37.189998626708984,37.150001525878906,37.189998626708984,2916.0
2023-03-09 11:29:00,BGCP,5.03000020980835,5.03000020980835,5.034999847412109,5.03000020980835,5.034999847412109,9012.0
2023-03-09 11:29:00,BHF,53.005001068115234,53.005001068115234,53.005001068115234,52.959999084472656,52.970001220703125,1103.0
2023-03-09 11:29:00,BHFAM,16.530000686645508,16.530000686645508,16.530000686645508,16.530000686645508,16.530000686645508,146.0
2023-03-09 11:29:00,BHFAN,19.0,19.0,19.010000228881836,19.0,19.010000228881836,400.0
2023-03-09 11:29:00,BKCC,3.6649999618530273,3.6649999618530273,3.6649999618530273,3.6600000858306885,3.6600000858306885,629.0
2023-03-09 11:29:00,BLFY,11.529999732971191,11.529999732971191,11.600000381469727,11.529999732971191,11.600000381469727,3400.0
2023-03-09 11:29:00,BPOP,62.462501525878906,62.462501525878906,62.462501525878906,62.400001525878906,62.400001525878906,1733.0
2023-03-09 11:29:00,BRKL,11.635000228881836,11.635000228881836,11.635000228881836,11.630000114440918,11.630000114440918,200.0
2023-03-09 11:29:00,BTBT,1.1549999713897705,1.1549999713897705,1.1549999713897705,1.149999976158142,1.149999976158142,901.0
2023-03-09 11:29:00,BUSE,22.575000762939453,22.575000762939453,22.575000762939453,22.575000762939453,22.575000762939453,272.0
2023-03-09 11:29:00,BWB,13.470100402832031,13.470100402832031,13.470100402832031,13.470100402832031,13.470100402832031,5000.0
2023-03-09 11:29:00,CARE,16.450000762939453,16.450000762939453,16.450000762939453,16.450000762939453,16.450000762939453,254.0
2023-03-09 11:29:00,CCD,22.969999313354492,22.969999313354492,22.969999313354492,22.969999313354492,22.969999313354492,264.0
2023-03-09 11:29:00,CG,34.290000915527344,34.290000915527344,34.310001373291016,34.290000915527344,34.310001373291016,1809.0
2023-03-09 11:29:00,CHW,6.071899890899658,6.071899890899658,6.071899890899658,6.071899890899658,6.071899890899658,841.0
2023-03-09 11:29:00,CIFR,1.4300999641418457,1.4300999641418457,1.434999942779541,1.4300999641418457,1.434999942779541,440.0
2023-03-09 11:29:00,CIVB,20.6299991607666,20.6299991607666,20.6299991607666,20.6299991607666,20.6299991607666,110.0
2023-03-09 11:29:00,CME,180.05499267578125,180.05499267578125,180.05499267578125,180.0399932861328,180.0399932861328,597.0
2023-03-09 11:29:00,CNOBP,20.799999237060547,20.799999237060547,20.8799991607666,20.780000686645508,20.8799991607666,2517.0
2023-03-09 11:29:00,COLB,25.5,25.5,25.509899139404297,25.485000610351562,25.485000610351562,24909.0
2023-03-09 11:29:00,COOP,44.7400016784668,44.7400016784668,44.7599983215332,44.7400016784668,44.7599983215332,407.0
2023-03-09 11:29:00,CRVL,179.0,179.0,179.0,179.0,179.0,169.0
2023-03-09 11:29:00,CSWC,18.575000762939453,18.575000762939453,18.579999923706055,18.575000762939453,18.579999923706055,566.0
2023-03-09 11:29:00,DWAC,14.11989974975586,14.11989974975586,14.11989974975586,14.11989974975586,14.11989974975586,745.0
2023-03-09 11:29:00,EBC,14.779999732971191,14.779999732971191,14.800000190734863,14.779999732971191,14.800000190734863,1084.0
2023-03-09 11:29:00,ECPG,50.73500061035156,50.73500061035156,50.73500061035156,50.73500061035156,50.73500061035156,311.0
2023-03-09 11:29:00,ESQ,42.13999938964844,42.13999938964844,42.13999938964844,42.13999938964844,42.13999938964844,280.0
2023-03-09 11:29:00,EWBC,68.91000366210938,68.91000366210938,68.91000366210938,68.91000366210938,68.91000366210938,127.0
2023-03-09 11:29:00,EZPW,8.90250015258789,8.90250015258789,8.904999732971191,8.90250015258789,8.904999732971191,202.0
2023-03-09 11:29:00,FANH,8.204999923706055,8.204999923706055,8.204999923706055,8.204999923706055,8.204999923706055,1190.0
2023-03-09 11:29:00,FBMS,28.6200008392334,28.6200008392334,28.6200008392334,28.6200008392334,28.6200008392334,701.0
2023-03-09 11:29:00,FBNC,38.54499816894531,38.54499816894531,38.54499816894531,38.54499816894531,38.54499816894531,155.0
2023-03-09 11:29:00,FCFS,88.0,88.0,88.0,87.95999908447266,87.95999908447266,288.0
2023-03-09 11:29:00,FFBC,22.520999908447266,22.520999908447266,22.520999908447266,22.520999908447266,22.520999908447266,326.0
2023-03-09 11:29:00,FFIN,33.939998626708984,33.939998626708984,33.939998626708984,33.939998626708984,33.939998626708984,317.0
2023-03-09 11:29:00,FHB,24.190000534057617,24.190000534057617,24.200000762939453,24.190000534057617,24.200000762939453,662.0
2023-03-09 11:29:00,FIBK,32.630001068115234,32.630001068115234,32.630001068115234,32.630001068115234,32.630001068115234,528.0
2023-03-09 11:29:00,FITB,32.560001373291016,32.560001373291016,32.584999084472656,32.560001373291016,32.584999084472656,2132.0
2023-03-09 11:29:00,FITBI,25.229900360107422,25.229900360107422,25.229900360107422,25.229900360107422,25.229900360107422,855.0
2023-03-09 11:29:00,FLIC,16.190000534057617,16.190000534057617,16.190000534057617,16.190000534057617,16.190000534057617,165.0
2023-03-09 11:29:00,FOCS,51.775001525878906,51.775001525878906,51.775001525878906,51.77000045776367,51.775001525878906,652.0
2023-03-09 11:29:00,FRHC,73.01000213623047,73.01000213623047,73.01000213623047,73.01000213623047,73.01000213623047,202.0
2023-03-09 11:29:00,FRON,10.1850004196167,10.1850004196167,10.1850004196167,10.1850004196167,10.1850004196167,303.0
2023-03-09 11:29:00,FUNC,20.233600616455078,20.233600616455078,20.233600616455078,20.233600616455078,20.233600616455078,209.0
2023-03-09 11:29:00,FUTU,46.38999938964844,46.38999938964844,46.400001525878906,46.290000915527344,46.380001068115234,4528.0
2023-03-09 11:29:00,GCMG,8.430000305175781,8.430000305175781,8.449999809265137,8.430000305175781,8.449999809265137,213.0
2023-03-09 11:29:00,GECC,9.449999809265137,9.449999809265137,9.449999809265137,9.449999809265137,9.449999809265137,199.0
2023-03-09 11:29:00,GGAL,12.725000381469727,12.725000381469727,12.75,12.720000267028809,12.75,4064.0
2023-03-09 11:29:00,GLRE,10.020000457763672,10.020000457763672,10.020000457763672,10.020000457763672,10.020000457763672,700.0
2023-03-09 11:29:00,HBAN,14.069999694824219,14.069999694824219,14.09000015258789,14.069999694824219,14.085000038146973,22882.0
2023-03-09 11:29:00,HIVE,2.609999895095825,2.609999895095825,2.6112000942230225,2.609999895095825,2.6112000942230225,11651.0
2023-03-09 11:29:00,HLNE,76.5,76.5,76.52999877929688,76.5,76.52999877929688,808.0
2023-03-09 11:29:00,HONE,12.765000343322754,12.765000343322754,12.765000343322754,12.760000228881836,12.760000228881836,373.0
2023-03-09 11:29:00,HOPE,11.979999542236328,11.979999542236328,11.979999542236328,11.979999542236328,11.979999542236328,100.0
2023-03-09 11:29:00,HRZN,11.999899864196777,11.999899864196777,12.0,11.99899959564209,11.99899959564209,605.0
2023-03-09 11:29:00,HUT,1.4149999618530273,1.4149999618530273,1.4199999570846558,1.409999966621399,1.4199999570846558,41760.0
2023-03-09 11:29:00,IBKR,88.44000244140625,88.44000244140625,88.47000122070312,88.3550033569336,88.3550033569336,6135.0
2023-03-09 11:29:00,INDB,72.44000244140625,72.44000244140625,72.45999908447266,72.44000244140625,72.44000244140625,514.0
2023-03-09 11:29:00,INKA,10.430000305175781,10.430000305175781,10.430000305175781,10.430000305175781,10.430000305175781,300.0
2023-03-09 11:30:00,ABCB,43.150001525878906,43.150001525878906,43.18000030517578,43.08000183105469,43.08000183105469,2084.0
2023-03-09 11:30:00,ACGL,69.79000091552734,69.79000091552734,69.91999816894531,69.79000091552734,69.9000015258789,20361.0
2023-03-09 11:30:00,AMAO,10.289999961853027,10.289999961853027,10.289999961853027,10.289899826049805,10.289899826049805,1158.0
2023-03-09 11:30:00,ARCC,19.079999923706055,19.079999923706055,19.09000015258789,19.079999923706055,19.09000015258789,7187.0
2023-03-09 11:30:00,AUB,37.18000030517578,37.18000030517578,37.18000030517578,37.18000030517578,37.18000030517578,677.0
2023-03-09 11:30:00,BANF,85.875,85.875,85.94499969482422,85.875,85.94499969482422,1388.0
2023-03-09 11:30:00,BFST,18.739999771118164,18.739999771118164,18.75,18.739999771118164,18.75,493.0
2023-03-09 11:30:00,BGCP,5.034999847412109,5.034999847412109,5.034999847412109,5.034999847412109,5.034999847412109,140.0
2023-03-09 11:30:00,BHF,52.939998626708984,52.939998626708984,53.005001068115234,52.939998626708984,52.939998626708984,1425.0
2023-03-09 11:30:00,BHFAN,19.157899856567383,19.157899856567383,19.157899856567383,19.05500030517578,19.05500030517578,2543.0
2023-03-09 11:30:00,BHFAP,24.729999542236328,24.729999542236328,24.829999923706055,24.729999542236328,24.809999465942383,2300.0
2023-03-09 11:30:00,BLFY,11.489999771118164,11.489999771118164,11.489999771118164,11.489999771118164,11.489999771118164,148.0
2023-03-09 11:30:00,BMRC,27.002500534057617,27.002500534057617,27.002500534057617,27.002500534057617,27.002500534057617,932.0
2023-03-09 11:30:00,BOKF,96.16000366210938,96.16000366210938,96.16000366210938,96.08499908447266,96.08499908447266,485.0
2023-03-09 11:30:00,BPOP,62.415000915527344,62.415000915527344,62.5099983215332,62.415000915527344,62.45000076293945,1270.0
2023-03-09 11:30:00,BRKL,11.640000343322754,11.640000343322754,11.640000343322754,11.640000343322754,11.640000343322754,882.0
2023-03-09 11:30:00,BRP,26.100000381469727,26.100000381469727,26.100000381469727,26.100000381469727,26.100000381469727,760.0
2023-03-09 11:30:00,BTBT,1.1582000255584717,1.1582000255584717,1.1582000255584717,1.1582000255584717,1.1582000255584717,102.0
2023-03-09 11:30:00,BWB,13.529999732971191,13.529999732971191,13.529999732971191,13.529999732971191,13.529999732971191,244.0
2023-03-09 11:30:00,CASH,47.79999923706055,47.79999923706055,47.79999923706055,47.79999923706055,47.79999923706055,648.0
2023-03-09 11:30:00,CATC,70.80000305175781,70.80000305175781,70.80000305175781,70.80000305175781,70.80000305175781,390.0
2023-03-09 11:30:00,CBSH,61.66999816894531,61.66999816894531,61.66999816894531,61.66999816894531,61.66999816894531,224.0
2023-03-09 11:30:00,CCAI,10.449999809265137,10.449999809265137,10.460000038146973,10.449999809265137,10.449999809265137,4099.0
2023-03-09 11:30:00,CCB,42.69499969482422,42.69499969482422,42.69499969482422,42.69499969482422,42.69499969482422,238.0
2023-03-09 11:30:00,CCBG,33.290000915527344,33.290000915527344,33.33000183105469,33.290000915527344,33.33000183105469,909.0
2023-03-09 11:30:00,CFB,12.449999809265137,12.449999809265137,12.460000038146973,12.449999809265137,12.460000038146973,515.0
2023-03-09 11:30:00,CFFN,7.585000038146973,7.585000038146973,7.585000038146973,7.585000038146973,7.585000038146973,299.0
2023-03-09 11:30:00,CG,34.290000915527344,34.290000915527344,34.30500030517578,34.290000915527344,34.29499816894531,1533.0
2023-03-09 11:30:00,CGBD,15.029999732971191,15.029999732971191,15.030500411987305,15.029999732971191,15.030099868774414,2047.0
2023-03-09 11:30:00,CHW,6.070000171661377,6.070000171661377,6.079999923706055,6.070000171661377,6.074999809265137,9626.0
2023-03-09 11:30:00,CHY,12.300000190734863,12.300000190734863,12.300000190734863,12.300000190734863,12.300000190734863,382.0
2023-03-09 11:30:00,CIFR,1.434999942779541,1.434999942779541,1.434999942779541,1.434999942779541,1.434999942779541,247.0
2023-03-09 11:30:00,CLBK,19.770000457763672,19.770000457763672,19.780000686645508,19.770000457763672,19.780000686645508,713.0
2023-03-09 11:30:00,CME,180.0749969482422,180.0749969482422,180.0749969482422,180.0749969482422,180.0749969482422,403.0
2023-03-09 11:30:00,CNOB,22.225000381469727,22.225000381469727,22.225000381469727,22.225000381469727,22.225000381469727,166.0
2023-03-09 11:30:00,COLB,25.485000610351562,25.485000610351562,25.520099639892578,25.485000610351562,25.510000228881836,13417.0
2023-03-09 11:30:00,COOP,44.78499984741211,44.78499984741211,44.810001373291016,44.779998779296875,44.779998779296875,3075.0
2023-03-09 11:30:00,CSQ,14.039999961853027,14.039999961853027,14.052599906921387,14.039999961853027,14.052599906921387,600.0
2023-03-09 11:30:00,CSWC,18.59000015258789,18.59000015258789,18.59000015258789,18.56999969482422,18.56999969482422,1250.0
2023-03-09 11:30:00,CVBF,22.045000076293945,22.045000076293945,22.045000076293945,22.040000915527344,22.040000915527344,1090.0
2023-03-09 11:30:00,DCOM,29.459999084472656,29.459999084472656,29.459999084472656,29.459999084472656,29.459999084472656,1979.0
2023-03-09 11:30:00,EBC,14.789999961853027,14.789999961853027,14.789999961853027,14.789999961853027,14.789999961853027,1743.0
2023-03-09 11:30:00,EFSC,51.709999084472656,51.709999084472656,51.709999084472656,51.709999084472656,51.709999084472656,120.0
2023-03-09 11:30:00,EGBN,40.90999984741211,40.90999984741211,40.95000076293945,40.90999984741211,40.91999816894531,2379.0
2023-03-09 11:30:00,EWBC,68.93000030517578,68.93000030517578,68.97000122070312,68.91999816894531,68.94999694824219,2249.0
2023-03-09 11:30:00,EZPW,8.899999618530273,8.899999618530273,8.899999618530273,8.899999618530273,8.899999618530273,102.0
2023-03-09 11:30:00,FBMS,28.639999389648438,28.639999389648438,28.639999389648438,28.639999389648438,28.639999389648438,575.0
2023-03-09 11:30:00,FCFS,88.08999633789062,88.08999633789062,88.09750366210938,88.04000091552734,88.04000091552734,1201.0
2023-03-09 11:30:00,FCRD,4.644999980926514,4.644999980926514,4.659999847412109,4.644999980926514,4.659999847412109,287.0
2023-03-09 11:30:00,FFBC,22.520000457763672,22.520000457763672,22.530000686645508,22.520000457763672,22.530000686645508,1181.0
2023-03-09 11:30:00,FFIN,33.974998474121094,33.974998474121094,33.974998474121094,33.974998474121094,33.974998474121094,447.0
2023-03-09 11:30:00,FHB,24.190000534057617,24.190000534057617,24.209999084472656,24.190000534057617,24.190000534057617,1437.0
2023-03-09 11:30:00,FIBK,32.61000061035156,32.61000061035156,32.61000061035156,32.61000061035156,32.61000061035156,319.0
2023-03-09 11:30:00,FITB,32.53499984741211,32.53499984741211,32.59000015258789,32.529998779296875,32.55500030517578,10047.0
2023-03-09 11:30:00,FOCS,51.77000045776367,51.77000045776367,51.779998779296875,51.77000045776367,51.77000045776367,2694.0
2023-03-09 11:30:00,FRBA,12.920000076293945,12.920000076293945,12.920000076293945,12.904999732971191,12.904999732971191,1057.0
2023-03-09 11:30:00,FRME,37.646400451660156,37.646400451660156,37.646400451660156,37.646400451660156,37.646400451660156,606.0
2023-03-09 11:30:00,FRON,10.1850004196167,10.1850004196167,10.1850004196167,10.1850004196167,10.1850004196167,500.0
2023-03-09 11:30:00,FRST,11.071000099182129,11.071000099182129,11.071000099182129,11.071000099182129,11.071000099182129,263.0
2023-03-09 11:30:00,FSBC,25.5,25.5,25.5,25.5,25.5,208.0
2023-03-09 11:30:00,FULT,15.800000190734863,15.800000190734863,15.8100004196167,15.800000190734863,15.800000190734863,693.0
2023-03-09 11:30:00,FUNC,19.25,19.25,19.25,19.25,19.25,453.0
2023-03-09 11:30:00,FUTU,46.38999938964844,46.38999938964844,46.38999938964844,46.38999938964844,46.38999938964844,342.0
2023-03-09 11:30:00,GABC,35.880001068115234,35.880001068115234,35.88999938964844,35.84000015258789,35.84000015258789,2716.0
2023-03-09 11:30:00,GAIN,13.770000457763672,13.770000457763672,13.800000190734863,13.770000457763672,13.800000190734863,2190.0
2023-03-09 11:30:00,GLAD,9.920000076293945,9.920000076293945,9.920000076293945,9.920000076293945,9.920000076293945,1896.0
2023-03-09 11:30:00,GLRE,10.020000457763672,10.020000457763672,10.020000457763672,10.020000457763672,10.020000457763672,120.0
2023-03-09 11:30:00,GSHD,52.415000915527344,52.415000915527344,52.47999954223633,52.415000915527344,52.415000915527344,630.0
2023-03-09 11:30:00,GXII,10.119999885559082,10.119999885559082,10.119999885559082,10.119999885559082,10.119999885559082,100.0
2023-03-09 11:30:00,HBAN,14.085000038146973,14.085000038146973,14.09000015258789,14.074999809265137,14.079999923706055,20572.0
2023-03-09 11:30:00,HBT,22.0,22.0,22.0,22.0,22.0,110.0
2023-03-09 11:30:00,HCMA,10.5,10.5,10.5,10.5,10.5,200.0
2023-03-09 11:30:00,HIVE,2.609999895095825,2.609999895095825,2.609999895095825,2.609999895095825,2.609999895095825,700.0
2023-03-09 11:30:00,HMPT,1.882699966430664,1.882699966430664,1.882699966430664,1.882699966430664,1.882699966430664,1368.0
2023-03-09 11:30:00,HOPE,11.979999542236328,11.979999542236328,11.989999771118164,11.979999542236328,11.979999542236328,2163.0
2023-03-09 11:30:00,HRZN,11.964200019836426,11.964200019836426,11.964200019836426,11.964200019836426,11.964200019836426,1183.0
2023-03-09 11:30:00,HTLF,45.567901611328125,45.567901611328125,45.567901611328125,45.567901611328125,45.567901611328125,299.0
2023-03-09 11:30:00,HUT,1.419700026512146,1.419700026512146,1.419700026512146,1.419700026512146,1.419700026512146,106.0
2023-03-09 11:30:00,HWC,44.209999084472656,44.209999084472656,44.209999084472656,44.209999084472656,44.209999084472656,322.0
2023-03-09 11:30:00,IBCP,20.670000076293945,20.670000076293945,20.700000762939453,20.649999618530273,20.690000534057617,1026.0
2023-03-09 11:30:00,IBKR,88.3499984741211,88.3499984741211,88.43000030517578,88.33000183105469,88.43000030517578,1239.0
2023-03-09 11:30:00,IBTX,52.90999984741211,52.90999984741211,52.90999984741211,52.90999984741211,52.90999984741211,276.0
2023-03-09 11:30:00,INDB,72.44499969482422,72.44499969482422,72.44499969482422,72.44499969482422,72.44499969482422,658.0
2023-03-09 11:30:00,INKA,10.430000305175781,10.430000305175781,10.430000305175781,10.430000305175781,10.430000305175781,200.0
2023-03-09 11:30:00,INTR,2.009999990463257,2.009999990463257,2.009999990463257,2.009999990463257,2.009999990463257,418.0
2023-03-09 11:31:00,ABCB,43.08000183105469,43.08000183105469,43.08000183105469,43.08000183105469,43.08000183105469,419.0
2023-03-09 11:31:00,ACGL,69.81999969482422,69.81999969482422,69.87000274658203,69.81999969482422,69.83999633789062,6667.0
2023-03-09 11:31:00,ARCC,19.084999084472656,19.084999084472656,19.09000015258789,19.079999923706055,19.09000015258789,3062.0
2023-03-09 11:31:00,BCML,19.579999923706055,19.579999923706055,19.579999923706055,19.579999923706055,19.579999923706055,293.0
2023-03-09 11:31:00,BGCP,5.034999847412109,5.034999847412109,5.034999847412109,5.034999847412109,5.034999847412109,1137.0
2023-03-09 11:31:00,BHF,52.93000030517578,52.93000030517578,52.93000030517578,52.90999984741211,52.91999816894531,1014.0
2023-03-09 11:31:00,BKCC,3.6600000858306885,3.6600000858306885,3.6600000858306885,3.6600000858306885,3.6600000858306885,131.0
2023-03-09 11:31:00,BOKF,96.22000122070312,96.22000122070312,96.2300033569336,96.12999725341797,96.12999725341797,1069.0
2023-03-09 11:31:00,BPOP,62.39500045776367,62.39500045776367,62.44499969482422,62.380001068115234,62.44499969482422,1142.0
2023-03-09 11:31:00,BRKL,11.640000343322754,11.640000343322754,11.649999618530273,11.640000343322754,11.649999618530273,1505.0
2023-03-09 11:31:00,BSRR,19.489999771118164,19.489999771118164,19.489999771118164,19.489999771118164,19.489999771118164,202.0
2023-03-09 11:31:00,BTBT,1.1514999866485596,1.1514999866485596,1.1579999923706055,1.1514999866485596,1.1579999923706055,595.0
2023-03-09 11:31:00,CACC,440.0299987792969,440.0299987792969,440.1099853515625,440.0299987792969,440.1099853515625,624.0
2023-03-09 11:31:00,CASH,47.724998474121094,47.724998474121094,47.75,47.724998474121094,47.75,1046.0
2023-03-09 11:31:00,CATY,39.75,39.75,39.779998779296875,39.75,39.779998779296875,1301.0
2023-03-09 11:31:00,CBNK,19.059999465942383,19.059999465942383,19.059999465942383,19.059999465942383,19.059999465942383,893.0
2023-03-09 11:31:00,CCBG,33.16999816894531,33.16999816894531,33.16999816894531,33.16999816894531,33.16999816894531,1096.0
2023-03-09 11:31:00,CFB,12.449999809265137,12.449999809265137,12.449999809265137,12.449999809265137,12.449999809265137,222.0
2023-03-09 11:31:00,CG,34.279998779296875,34.279998779296875,34.29499816894531,34.279998779296875,34.29499816894531,2027.0
2023-03-09 11:31:00,CME,180.08999633789062,180.08999633789062,180.13499450683594,180.05999755859375,180.11000061035156,2789.0
2023-03-09 11:31:00,COFS,28.399499893188477,28.399499893188477,28.399499893188477,28.389999389648438,28.389999389648438,224.0
2023-03-09 11:31:00,COLB,25.454999923706055,25.454999923706055,25.510000228881836,25.440000534057617,25.489999771118164,28836.0
2023-03-09 11:31:00,COOP,44.75,44.75,44.75,44.75,44.75,315.0
2023-03-09 11:31:00,CRVL,178.59500122070312,178.59500122070312,178.92999267578125,178.59500122070312,178.64999389648438,936.0
2023-03-09 11:31:00,CSQ,14.020000457763672,14.020000457763672,14.047200202941895,14.020000457763672,14.03499984741211,1164.0
2023-03-09 11:31:00,CSWC,18.600000381469727,18.600000381469727,18.600000381469727,18.59000015258789,18.59000015258789,1924.0
2023-03-09 11:31:00,CUBA,3.940000057220459,3.940000057220459,3.940000057220459,3.940000057220459,3.940000057220459,221.0
2023-03-09 11:31:00,CVBF,22.030000686645508,22.030000686645508,22.030000686645508,22.030000686645508,22.030000686645508,1192.0
2023-03-09 11:31:00,DCOM,29.5,29.5,29.5,29.5,29.5,213.0
2023-03-09 11:31:00,DCOMP,19.700000762939453,19.700000762939453,19.700000762939453,19.700000762939453,19.700000762939453,400.0
2023-03-09 11:31:00,DGICA,15.039999961853027,15.039999961853027,15.039999961853027,15.039999961853027,15.039999961853027,432.0
2023-03-09 11:31:00,EBC,14.779999732971191,14.779999732971191,14.789999961853027,14.779999732971191,14.789999961853027,945.0
2023-03-09 11:31:00,EFSC,51.709999084472656,51.709999084472656,51.709999084472656,51.709999084472656,51.709999084472656,128.0
2023-03-09 11:31:00,EHTH,9.035200119018555,9.035200119018555,9.035200119018555,9.035200119018555,9.035200119018555,505.0
2023-03-09 11:31:00,ENTFW,0.0625,0.0625,0.0625,0.05999999865889549,0.06109999865293503,10000.0
2023-03-09 11:31:00,EQBK,28.040000915527344,28.040000915527344,28.040000915527344,28.040000915527344,28.040000915527344,335.0
2023-03-09 11:31:00,EWBC,68.91000366210938,68.91000366210938,68.91999816894531,68.91000366210938,68.91999816894531,1287.0
2023-03-09 11:31:00,EZPW,8.904999732971191,8.904999732971191,8.904999732971191,8.90250015258789,8.904999732971191,436.0
2023-03-09 11:31:00,FCNCA,663.989990234375,663.989990234375,663.989990234375,663.989990234375,663.989990234375,1923.0
2023-03-09 11:31:00,FFIC,17.3799991607666,17.3799991607666,17.399999618530273,17.3799991607666,17.399999618530273,1313.0
2023-03-09 11:31:00,FFIN,33.959999084472656,33.959999084472656,33.970001220703125,33.94499969482422,33.970001220703125,902.0
2023-03-09 11:31:00,FFWM,13.170000076293945,13.170000076293945,13.1899995803833,13.170000076293945,13.1899995803833,264.0
2023-03-09 11:31:00,FHB,24.18000030517578,24.18000030517578,24.18000030517578,24.18000030517578,24.18000030517578,308.0
2023-03-09 11:31:00,FIBK,32.630001068115234,32.630001068115234,32.630001068115234,32.599998474121094,32.599998474121094,894.0
2023-03-09 11:31:00,FITB,32.5099983215332,32.5099983215332,32.54999923706055,32.505001068115234,32.53499984741211,5935.0
2023-03-09 11:31:00,FMNB,13.220000267028809,13.220000267028809,13.220000267028809,13.220000267028809,13.220000267028809,141.0
2023-03-09 11:31:00,FNLC,28.260000228881836,28.260000228881836,28.354999542236328,28.260000228881836,28.354999542236328,458.0
2023-03-09 11:31:00,FOCS,51.77000045776367,51.77000045776367,51.77000045776367,51.7599983215332,51.77000045776367,922.0
2023-03-09 11:31:00,FRME,37.68000030517578,37.68000030517578,37.68000030517578,37.68000030517578,37.68000030517578,630.0
2023-03-09 11:31:00,FRON,10.189900398254395,10.189900398254395,10.189900398254395,10.189900398254395,10.189900398254395,500.0
2023-03-09 11:31:00,FRST,11.079700469970703,11.079700469970703,11.079700469970703,11.079700469970703,11.079700469970703,514.0
2023-03-09 11:31:00,FSBC,25.5,25.5,25.5,25.5,25.5,655.0
2023-03-09 11:31:00,FSFG,19.15999984741211,19.15999984741211,19.15999984741211,19.15999984741211,19.15999984741211,100.0
2023-03-09 11:31:00,FULT,15.800000190734863,15.800000190734863,15.800000190734863,15.800000190734863,15.800000190734863,4194.0
2023-03-09 11:31:00,FUTU,46.45000076293945,46.45000076293945,46.5,46.439998626708984,46.439998626708984,6355.0
2023-03-09 11:31:00,GABC,35.935001373291016,35.935001373291016,35.935001373291016,35.935001373291016,35.935001373291016,240.0
2023-03-09 11:31:00,GBDC,13.493200302124023,13.493200302124023,13.493200302124023,13.493200302124023,13.493200302124023,864.0
2023-03-09 11:31:00,GCMG,8.420000076293945,8.420000076293945,8.431400299072266,8.420000076293945,8.431400299072266,1916.0
2023-03-09 11:31:00,GGAL,12.710000038146973,12.710000038146973,12.725000381469727,12.699999809265137,12.720000267028809,2145.0
2023-03-09 11:31:00,GREE,0.4431999921798706,0.4431999921798706,0.4431999921798706,0.4431999921798706,0.4431999921798706,210.0
2023-03-09 11:31:00,GXII,10.119999885559082,10.119999885559082,10.119999885559082,10.119999885559082,10.119999885559082,100.0
2023-03-09 11:31:00,HBAN,14.074999809265137,14.074999809265137,14.09000015258789,14.069999694824219,14.079999923706055,19773.0
2023-03-09 11:31:00,HBNC,14.039999961853027,14.039999961853027,14.069999694824219,14.020000457763672,14.020000457763672,1906.0
2023-03-09 11:31:00,HBT,22.020000457763672,22.020000457763672,22.020000457763672,22.020000457763672,22.020000457763672,246.0
2023-03-09 11:31:00,HCMA,10.460000038146973,10.460000038146973,10.460000038146973,10.460000038146973,10.460000038146973,703.0
2023-03-09 11:31:00,HIVE,2.619999885559082,2.619999885559082,2.619999885559082,2.619999885559082,2.619999885559082,212.0
2023-03-09 11:31:00,HUT,1.429900050163269,1.429900050163269,1.429900050163269,1.4156999588012695,1.4199999570846558,42934.0
2023-03-09 11:31:00,HWC,44.189998626708984,44.189998626708984,44.21500015258789,44.189998626708984,44.209999084472656,1554.0
2023-03-09 11:31:00,IBKR,88.16999816894531,88.16999816894531,88.2249984741211,88.16999816894531,88.2249984741211,389.0
2023-03-09 11:31:00,INDB,72.44999694824219,72.44999694824219,72.4800033569336,72.44499969482422,72.44499969482422,1048.0
2023-03-09 11:31:00,INKA,10.430000305175781,10.430000305175781,10.430000305175781,10.430000305175781,10.430000305175781,400.0
2023-03-09 11:31:00,INTR,2.0,2.0,2.0,2.0,2.0,163.0
2023-03-09 11:32:00,ABCB,43.040000915527344,43.040000915527344,43.125,43.040000915527344,43.11000061035156,1640.0
2023-03-09 11:32:00,ACGL,69.79000091552734,69.79000091552734,69.80999755859375,69.79000091552734,69.80999755859375,499.0
2023-03-09 11:32:00,ALRS,18.967500686645508,18.967500686645508,18.985000610351562,18.950000762939453,18.985000610351562,1256.0
2023-03-09 11:32:00,AMAL,21.100000381469727,21.100000381469727,21.100000381469727,21.100000381469727,21.100000381469727,103.0
2023-03-09 11:32:00,AMAO,10.29010009765625,10.29010009765625,10.29010009765625,10.289999961853027,10.29010009765625,551.0
2023-03-09 11:32:00,ARCC,19.079999923706055,19.079999923706055,19.09000015258789,19.079999923706055,19.09000015258789,1164.0
2023-03-09 11:32:00,AUB,37.09000015258789,37.09000015258789,37.16999816894531,37.09000015258789,37.16999816894531,3542.0
2023-03-09 11:32:00,BANF,85.94999694824219,85.94999694824219,85.94999694824219,85.94999694824219,85.94999694824219,154.0
2023-03-09 11:32:00,BFST,18.739999771118164,18.739999771118164,18.739999771118164,18.739999771118164,18.739999771118164,300.0
2023-03-09 11:32:00,BGCP,5.03000020980835,5.03000020980835,5.034999847412109,5.03000020980835,5.03000020980835,1357.0
2023-03-09 11:32:00,BHF,52.935001373291016,52.935001373291016,52.95000076293945,52.88999938964844,52.88999938964844,3082.0
2023-03-09 11:32:00,BITF,0.800000011920929,0.800000011920929,0.800000011920929,0.800000011920929,0.800000011920929,184.0
2023-03-09 11:32:00,BKCC,3.6649999618530273,3.6649999618530273,3.6649999618530273,3.6649999618530273,3.6649999618530273,705.0
2023-03-09 11:32:00,BPOP,62.334999084472656,62.334999084472656,62.41999816894531,62.334999084472656,62.36000061035156,890.0
2023-03-09 11:32:00,BRKL,11.630000114440918,11.630000114440918,11.635000228881836,11.630000114440918,11.635000228881836,247.0
2023-03-09 11:32:00,BUSE,22.579999923706055,22.579999923706055,22.579999923706055,22.559999465942383,22.559999465942383,349.0
2023-03-09 11:32:00,BWB,13.579999923706055,13.579999923706055,13.579999923706055,13.510100364685059,13.510100364685059,5209.0
2023-03-09 11:32:00,CASH,47.7400016784668,47.7400016784668,47.75,47.7400016784668,47.75,373.0
2023-03-09 11:32:00,CBSH,61.654998779296875,61.654998779296875,61.670799255371094,61.61000061035156,61.670799255371094,5150.0
2023-03-09 11:32:00,CCD,22.96649932861328,22.96649932861328,22.96649932861328,22.96649932861328,22.96649932861328,1241.0
2023-03-09 11:32:00,CFFN,7.574999809265137,7.574999809265137,7.579999923706055,7.574999809265137,7.579999923706055,2583.0
2023-03-09 11:32:00,CG,34.255001068115234,34.255001068115234,34.279998779296875,34.25,34.279998779296875,5578.0
2023-03-09 11:32:00,CGBD,15.050000190734863,15.050000190734863,15.0600004196167,15.039999961853027,15.039999961853027,1993.0
2023-03-09 11:32:00,CHCO,90.95999908447266,90.95999908447266,90.95999908447266,90.95999908447266,90.95999908447266,414.0
2023-03-09 11:32:00,CHY,12.289999961853027,12.289999961853027,12.289999961853027,12.289999961853027,12.289999961853027,2199.0
2023-03-09 11:32:00,CIFR,1.440000057220459,1.440000057220459,1.440000057220459,1.437999963760376,1.4392999410629272,7516.0
2023-03-09 11:32:00,CINF,116.62000274658203,116.62000274658203,116.62000274658203,116.62000274658203,116.62000274658203,581.0
2023-03-09 11:32:00,CIVB,20.6299991607666,20.6299991607666,20.6299991607666,20.6299991607666,20.6299991607666,115.0
2023-03-09 11:32:00,CLBK,19.770000457763672,19.770000457763672,19.770000457763672,19.770000457763672,19.770000457763672,671.0
2023-03-09 11:32:00,CME,179.9600067138672,179.9600067138672,180.0449981689453,179.9600067138672,180.0399932861328,1358.0
2023-03-09 11:32:00,COLB,25.479999542236328,25.479999542236328,25.479999542236328,25.44499969482422,25.459999084472656,21336.0
2023-03-09 11:32:00,CPSS,10.9399995803833,10.9399995803833,10.9399995803833,10.9399995803833,10.9399995803833,452.0
2023-03-09 11:32:00,CRVL,178.9199981689453,178.9199981689453,178.9199981689453,178.9199981689453,178.9199981689453,262.0
2023-03-09 11:32:00,CSQ,14.020000457763672,14.020000457763672,14.020000457763672,14.020000457763672,14.020000457763672,101.0
2023-03-09 11:32:00,CVBF,22.049999237060547,22.049999237060547,22.049999237060547,22.049999237060547,22.049999237060547,1213.0
2023-03-09 11:32:00,DCOM,29.5,29.5,29.5,29.5,29.5,286.0
2023-03-09 11:32:00,DCOMP,19.799999237060547,19.799999237060547,19.799999237060547,19.799999237060547,19.799999237060547,153.0
2023-03-09 11:32:00,EBC,14.779999732971191,14.779999732971191,14.779999732971191,14.779999732971191,14.779999732971191,456.0
2023-03-09 11:32:00,EHTH,9.015000343322754,9.015000343322754,9.039999961853027,8.960000038146973,9.039999961853027,6860.0
2023-03-09 11:32:00,EQBK,28.040000915527344,28.040000915527344,28.040000915527344,28.030000686645508,28.030000686645508,328.0
2023-03-09 11:32:00,EWBC,68.83000183105469,68.83000183105469,68.875,68.80000305175781,68.875,1371.0
2023-03-09 11:32:00,EZPW,8.904999732971191,8.904999732971191,8.904999732971191,8.904999732971191,8.904999732971191,100.0
2023-03-09 11:32:00,FBMS,28.579999923706055,28.579999923706055,28.649999618530273,28.579999923706055,28.649999618530273,752.0
2023-03-09 11:32:00,FCRD,4.650000095367432,4.650000095367432,4.650000095367432,4.650000095367432,4.650000095367432,187.0
2023-03-09 11:32:00,FFBC,22.489999771118164,22.489999771118164,22.489999771118164,22.489999771118164,22.489999771118164,334.0
2023-03-09 11:32:00,FFIC,17.3799991607666,17.3799991607666,17.389999389648438,17.3799991607666,17.389999389648438,1537.0
2023-03-09 11:32:00,FFIN,33.939998626708984,33.939998626708984,33.939998626708984,33.939998626708984,33.939998626708984,326.0
2023-03-09 11:32:00,FFWM,13.15999984741211,13.15999984741211,13.170000076293945,13.15999984741211,13.170000076293945,1160.0
2023-03-09 11:32:00,FHB,24.1560001373291,24.1560001373291,24.15999984741211,24.1560001373291,24.15999984741211,460.0
2023-03-09 11:32:00,FIBK,32.619998931884766,32.619998931884766,32.625,32.61000061035156,32.625,994.0
2023-03-09 11:32:00,FINW,9.029999732971191,9.029999732971191,9.029999732971191,9.029999732971191,9.029999732971191,201.0
2023-03-09 11:32:00,FITB,32.5099983215332,32.5099983215332,32.529998779296875,32.505001068115234,32.52000045776367,4216.0
2023-03-09 11:32:00,FMBH,28.354999542236328,28.354999542236328,28.40559959411621,28.354999542236328,28.40559959411621,300.0
2023-03-09 11:32:00,FMNB,13.199999809265137,13.199999809265137,13.199999809265137,13.199999809265137,13.199999809265137,2191.0
2023-03-09 11:32:00,FOCS,51.7599983215332,51.7599983215332,51.77000045776367,51.7599983215332,51.7599983215332,2613.0
2023-03-09 11:32:00,FRBK,1.7549999952316284,1.7549999952316284,1.7549999952316284,1.7549999952316284,1.7549999952316284,101.0
2023-03-09 11:32:00,FRON,10.189800262451172,10.189800262451172,10.189800262451172,10.18970012664795,10.18970012664795,500.0
2023-03-09 11:32:00,FSEA,9.930000305175781,9.930000305175781,9.930000305175781,9.930000305175781,9.930000305175781,1543.0
2023-03-09 11:32:00,FSFG,19.15999984741211,19.15999984741211,19.15999984741211,19.149999618530273,19.15999984741211,3566.0
2023-03-09 11:32:00,FULT,15.789999961853027,15.789999961853027,15.795000076293945,15.789999961853027,15.795000076293945,464.0
2023-03-09 11:32:00,FULTP,20.81999969482422,20.81999969482422,20.81999969482422,20.799999237060547,20.799999237060547,700.0
2023-03-09 11:32:00,FUTU,46.435001373291016,46.435001373291016,46.47999954223633,46.404998779296875,46.43000030517578,2798.0
2023-03-09 11:32:00,FVCB,13.300000190734863,13.300000190734863,13.359999656677246,13.300000190734863,13.359999656677246,1229.0
2023-03-09 11:32:00,GCMG,8.420000076293945,8.420000076293945,8.420000076293945,8.420000076293945,8.420000076293945,136.0
2023-03-09 11:32:00,GGAL,12.6899995803833,12.6899995803833,12.6899995803833,12.680000305175781,12.680000305175781,314.0
2023-03-09 11:32:00,GLAD,9.925000190734863,9.925000190734863,9.925000190734863,9.920000076293945,9.920000076293945,960.0
2023-03-09 11:32:00,GREE,0.4399999976158142,0.4399999976158142,0.4399999976158142,0.4399999976158142,0.4399999976158142,256.0
2023-03-09 11:32:00,GSHD,52.45000076293945,52.45000076293945,52.45000076293945,52.45000076293945,52.45000076293945,172.0
2023-03-09 11:32:00,HAFC,21.979999542236328,21.979999542236328,21.979999542236328,21.979999542236328,21.979999542236328,259.0
2023-03-09 11:32:00,HBAN,14.069999694824219,14.069999694824219,14.079999923706055,14.0649995803833,14.079999923706055,25913.0
2023-03-09 11:32:00,HBNC,14.048199653625488,14.048199653625488,14.048199653625488,14.048199653625488,14.048199653625488,421.0
2023-03-09 11:32:00,HIVE,2.615000009536743,2.615000009536743,2.615000009536743,2.615000009536743,2.615000009536743,207.0
2023-03-09 11:32:00,HONE,12.760000228881836,12.760000228881836,12.765000343322754,12.760000228881836,12.765000343322754,1176.0
2023-03-09 11:32:00,HOPE,11.970000267028809,11.970000267028809,11.970000267028809,11.970000267028809,11.970000267028809,633.0
2023-03-09 11:32:00,HTBI,27.639999389648438,27.639999389648438,27.639999389648438,27.639999389648438,27.639999389648438,100.0
2023-03-09 11:32:00,HTBK,11.010000228881836,11.010000228881836,11.010000228881836,11.010000228881836,11.010000228881836,886.0
2023-03-09 11:32:00,HTLF,45.529998779296875,45.529998779296875,45.529998779296875,45.529998779296875,45.529998779296875,142.0
2023-03-09 11:32:00,HUT,1.4206000566482544,1.4206000566482544,1.429900050163269,1.409999966621399,1.420300006866455,18226.0
2023-03-09 11:32:00,HWC,44.15999984741211,44.15999984741211,44.15999984741211,44.15999984741211,44.15999984741211,289.0
2023-03-09 11:32:00,IBKR,88.16999816894531,88.16999816894531,88.16999816894531,88.16999816894531,88.16999816894531,534.0
2023-03-09 11:32:00,INDB,72.44499969482422,72.44499969482422,72.44499969482422,72.44499969482422,72.44499969482422,209.0
2023-03-09 11:33:00,ABCB,43.209999084472656,43.209999084472656,43.25,43.16999816894531,43.16999816894531,1034.0
2023-03-09 11:33:00,ACGL,69.81999969482422,69.81999969482422,69.83999633789062,69.7699966430664,69.77999877929688,18668.0
2023-03-09 11:33:00,ACNB,34.689998626708984,34.689998626708984,34.689998626708984,34.65999984741211,34.65999984741211,617.0
2023-03-09 11:33:00,ALRS,18.950000762939453,18.950000762939453,18.959999084472656,18.950000762939453,18.959999084472656,300.0
2023-03-09 11:33:00,AMTB,25.780000686645508,25.780000686645508,25.780000686645508,25.780000686645508,25.780000686645508,241.0
2023-03-09 11:33:00,ARCC,19.09000015258789,19.09000015258789,19.100000381469727,19.09000015258789,19.09000015258789,24255.0
2023-03-09 11:33:00,ATLO,23.5,23.5,23.5,23.5,23.5,232.0
2023-03-09 11:33:00,AUB,37.13999938964844,37.13999938964844,37.15999984741211,37.11000061035156,37.11000061035156,1036.0
2023-03-09 11:33:00,BGCP,5.010000228881836,5.010000228881836,5.030099868774414,5.010000228881836,5.030099868774414,33452.0
2023-03-09 11:33:00,BHF,52.959999084472656,52.959999084472656,52.970001220703125,52.95000076293945,52.95000076293945,3642.0
2023-03-09 11:33:00,BLFY,11.555000305175781,11.555000305175781,11.555000305175781,11.555000305175781,11.555000305175781,302.0
2023-03-09 11:33:00,BMRC,27.020000457763672,27.020000457763672,27.020000457763672,27.0,27.0,502.0
2023-03-09 11:33:00,BOKF,96.19999694824219,96.19999694824219,96.19999694824219,96.19999694824219,96.19999694824219,645.0
2023-03-09 11:33:00,BPOP,62.459999084472656,62.459999084472656,62.459999084472656,62.36000061035156,62.380001068115234,2089.0
2023-03-09 11:33:00,BRKL,11.635000228881836,11.635000228881836,11.635000228881836,11.630000114440918,11.630000114440918,1472.0
2023-03-09 11:33:00,BTBT,1.1549999713897705,1.1549999713897705,1.1549999713897705,1.1500999927520752,1.1500999927520752,605.0
2023-03-09 11:33:00,BWB,13.5600004196167,13.5600004196167,13.5600004196167,13.5600004196167,13.5600004196167,101.0
2023-03-09 11:33:00,CACC,440.0,440.0,440.0,439.8900146484375,439.8900146484375,357.0
2023-03-09 11:33:00,CARE,16.360000610351562,16.360000610351562,16.360000610351562,16.360000610351562,16.360000610351562,200.0
2023-03-09 11:33:00,CASH,47.7599983215332,47.7599983215332,47.7599983215332,47.7599983215332,47.7599983215332,377.0
2023-03-09 11:33:00,CATY,39.75,39.75,39.76060104370117,39.75,39.7599983215332,1244.0
2023-03-09 11:33:00,CFFN,7.579999923706055,7.579999923706055,7.579999923706055,7.574999809265137,7.579999923706055,4407.0
2023-03-09 11:33:00,CG,34.26499938964844,34.26499938964844,34.275001525878906,34.255001068115234,34.255001068115234,1818.0
2023-03-09 11:33:00,CGBD,15.039999961853027,15.039999961853027,15.039999961853027,15.039999961853027,15.039999961853027,101.0
2023-03-09 11:33:00,CIFR,1.4500000476837158,1.4500000476837158,1.4500000476837158,1.4500000476837158,1.4500000476837158,3838.0
2023-03-09 11:33:00,CLBK,19.75,19.75,19.75,19.75,19.75,530.0
2023-03-09 11:33:00,CME,179.9199981689453,179.9199981689453,179.9375,179.8300018310547,179.9375,1876.0
2023-03-09 11:33:00,COLB,25.40999984741211,25.40999984741211,25.479999542236328,25.399999618530273,25.479999542236328,49174.0
2023-03-09 11:33:00,COOP,44.790000915527344,44.790000915527344,44.790000915527344,44.790000915527344,44.790000915527344,174.0
2023-03-09 11:33:00,CPSS,10.800000190734863,10.800000190734863,10.989999771118164,10.800000190734863,10.949999809265137,2038.0
2023-03-09 11:33:00,CSQ,14.0,14.0,14.010000228881836,14.0,14.010000228881836,6696.0
2023-03-09 11:33:00,CSTR,15.619999885559082,15.619999885559082,15.619999885559082,15.619999885559082,15.619999885559082,246.0
2023-03-09 11:33:00,CSWC,18.600000381469727,18.600000381469727,18.600000381469727,18.59000015258789,18.59000015258789,933.0
2023-03-09 11:33:00,CVBF,22.059999465942383,22.059999465942383,22.059999465942383,22.059999465942383,22.059999465942383,947.0
2023-03-09 11:33:00,CZNC,22.190000534057617,22.190000534057617,22.190000534057617,22.190000534057617,22.190000534057617,362.0
2023-03-09 11:33:00,EBC,14.78499984741211,14.78499984741211,14.78499984741211,14.774999618530273,14.779999732971191,554.0
2023-03-09 11:33:00,ECPG,50.69499969482422,50.69499969482422,50.69499969482422,50.69499969482422,50.69499969482422,207.0
2023-03-09 11:33:00,EFSC,51.77000045776367,51.77000045776367,51.77000045776367,51.77000045776367,51.77000045776367,111.0
2023-03-09 11:33:00,EWBC,68.8499984741211,68.8499984741211,68.8499984741211,68.81999969482422,68.83499908447266,2004.0
2023-03-09 11:33:00,EZPW,8.899999618530273,8.899999618530273,8.899999618530273,8.899999618530273,8.899999618530273,501.0
2023-03-09 11:33:00,FBNC,38.6349983215332,38.6349983215332,38.63999938964844,38.59000015258789,38.61000061035156,4024.0
2023-03-09 11:33:00,FCFS,88.16500091552734,88.16500091552734,88.16500091552734,88.08999633789062,88.0999984741211,898.0
2023-03-09 11:33:00,FFIC,17.389999389648438,17.389999389648438,17.389999389648438,17.389999389648438,17.389999389648438,309.0
2023-03-09 11:33:00,FFWM,13.149999618530273,13.149999618530273,13.149999618530273,13.149999618530273,13.149999618530273,145.0
2023-03-09 11:33:00,FHB,24.170000076293945,24.170000076293945,24.170000076293945,24.15999984741211,24.15999984741211,698.0
2023-03-09 11:33:00,FIBK,32.650001525878906,32.650001525878906,32.650001525878906,32.630001068115234,32.630001068115234,650.0
2023-03-09 11:33:00,FITB,32.529998779296875,32.529998779296875,32.540000915527344,32.5099983215332,32.5099983215332,3397.0
2023-03-09 11:33:00,FOCS,51.7599983215332,51.7599983215332,51.77000045776367,51.7599983215332,51.76499938964844,36014.0
2023-03-09 11:33:00,FRBA,12.938599586486816,12.938599586486816,12.938599586486816,12.938599586486816,12.938599586486816,687.0
2023-03-09 11:33:00,FRBK,1.7523000240325928,1.7523000240325928,1.7523000240325928,1.7523000240325928,1.7523000240325928,200.0
2023-03-09 11:33:00,FRON,10.1850004196167,10.1850004196167,10.1850004196167,10.1850004196167,10.1850004196167,500.0
2023-03-09 11:33:00,FULT,15.8100004196167,15.8100004196167,15.8100004196167,15.789999961853027,15.789999961853027,3222.0
2023-03-09 11:33:00,FULTP,21.05500030517578,21.05500030517578,21.05500030517578,20.81999969482422,20.81999969482422,583.0
2023-03-09 11:33:00,FUTU,46.529998779296875,46.529998779296875,46.529998779296875,46.43000030517578,46.470001220703125,1208.0
2023-03-09 11:33:00,GABC,35.900001525878906,35.900001525878906,35.900001525878906,35.900001525878906,35.900001525878906,177.0
2023-03-09 11:33:00,GGAL,12.649999618530273,12.649999618530273,12.680000305175781,12.649999618530273,12.680000305175781,3513.0
2023-03-09 11:33:00,GLAD,9.920000076293945,9.920000076293945,9.920000076293945,9.920000076293945,9.920000076293945,102.0
2023-03-09 11:33:00,GLRE,10.020000457763672,10.020000457763672,10.020000457763672,10.010000228881836,10.020000457763672,1680.0
2023-03-09 11:33:00,GXII,10.119999885559082,10.119999885559082,10.119999885559082,10.119999885559082,10.119999885559082,100.0
2023-03-09 11:33:00,HBAN,14.079999923706055,14.079999923706055,14.085000038146973,14.06350040435791,14.06350040435791,21724.0
2023-03-09 11:33:00,HBNC,14.039999961853027,14.039999961853027,14.047699928283691,14.039999961853027,14.047699928283691,649.0
2023-03-09 11:33:00,HOPE,11.970000267028809,11.970000267028809,11.970000267028809,11.970000267028809,11.970000267028809,676.0
2023-03-09 11:33:00,HTBK,11.010000228881836,11.010000228881836,11.010000228881836,11.010000228881836,11.010000228881836,364.0
2023-03-09 11:33:00,HTLF,45.584999084472656,45.584999084472656,45.584999084472656,45.584999084472656,45.584999084472656,288.0
2023-03-09 11:33:00,HUT,1.4199999570846558,1.4199999570846558,1.4285999536514282,1.4199999570846558,1.4285999536514282,580.0
2023-03-09 11:33:00,HWC,44.25,44.25,44.25,44.189998626708984,44.189998626708984,1512.0
2023-03-09 11:33:00,IBKR,88.20999908447266,88.20999908447266,88.20999908447266,88.20999908447266,88.20999908447266,371.0
2023-03-09 11:33:00,IBTX,52.935001373291016,52.935001373291016,52.935001373291016,52.935001373291016,52.935001373291016,613.0
2023-03-09 11:33:00,INDB,72.30999755859375,72.30999755859375,72.45500183105469,72.30000305175781,72.45500183105469,1947.0
2023-03-09 11:33:00,INTR,2.009999990463257,2.009999990463257,2.0199999809265137,2.009999990463257,2.0199999809265137,1746.0
2023-03-09 11:34:00,ABCB,43.150001525878906,43.150001525878906,43.209999084472656,43.150001525878906,43.209999084472656,1363.0
2023-03-09 11:34:00,ACGL,69.83999633789062,69.83999633789062,69.83999633789062,69.80000305175781,69.83000183105469,15298.0
2023-03-09 11:34:00,ACNB,34.7400016784668,34.7400016784668,34.74440002441406,34.7400016784668,34.74440002441406,382.0
2023-03-09 11:34:00,ACT,24.149999618530273,24.149999618530273,24.149999618530273,24.149999618530273,24.149999618530273,27577.0
2023-03-09 11:34:00,APLD,2.184999942779541,2.184999942779541,2.184999942779541,2.184999942779541,2.184999942779541,226.0
2023-03-09 11:34:00,ARCC,19.099199295043945,19.099199295043945,19.104999542236328,19.094999313354492,19.100000381469727,10078.0
2023-03-09 11:34:00,AUB,37.13999938964844,37.13999938964844,37.13999938964844,37.13999938964844,37.13999938964844,710.0
2023-03-09 11:34:00,BFST,18.729999542236328,18.729999542236328,18.729999542236328,18.729999542236328,18.729999542236328,200.0
2023-03-09 11:34:00,BHF,52.90999984741211,52.90999984741211,52.97999954223633,52.90999984741211,52.97999954223633,1751.0
2023-03-09 11:34:00,BKCC,3.6600000858306885,3.6600000858306885,3.6600000858306885,3.6600000858306885,3.6600000858306885,186.0
2023-03-09 11:34:00,BMRC,27.079999923706055,27.079999923706055,27.079999923706055,27.020000457763672,27.020000457763672,446.0
2023-03-09 11:34:00,BPOP,62.400001525878906,62.400001525878906,62.44499969482422,62.35499954223633,62.44499969482422,1512.0
2023-03-09 11:34:00,BRIV,10.119999885559082,10.119999885559082,10.119999885559082,10.119999885559082,10.119999885559082,248.0
2023-03-09 11:34:00,BRKL,11.630000114440918,11.630000114440918,11.630000114440918,11.630000114440918,11.630000114440918,100.0
2023-03-09 11:34:00,BRP,26.010000228881836,26.010000228881836,26.010000228881836,26.010000228881836,26.010000228881836,330.0
2023-03-09 11:34:00,BTBT,1.1553000211715698,1.1553000211715698,1.1553000211715698,1.1553000211715698,1.1553000211715698,113.0
2023-03-09 11:34:00,CARE,16.360000610351562,16.360000610351562,16.360000610351562,16.360000610351562,16.360000610351562,502.0
2023-03-09 11:34:00,CATY,39.720001220703125,39.720001220703125,39.720001220703125,39.720001220703125,39.720001220703125,402.0
2023-03-09 11:34:00,CCAI,10.410099983215332,10.410099983215332,10.410099983215332,10.410099983215332,10.410099983215332,110.0
2023-03-09 11:34:00,CCAP,15.050000190734863,15.050000190734863,15.050000190734863,15.038999557495117,15.038999557495117,987.0
2023-03-09 11:34:00,CFFN,7.579999923706055,7.579999923706055,7.579999923706055,7.579999923706055,7.579999923706055,290.0
2023-03-09 11:34:00,CG,34.25,34.25,34.279998779296875,34.244998931884766,34.26499938964844,2704.0
2023-03-09 11:34:00,CHY,12.300600051879883,12.300600051879883,12.300600051879883,12.300600051879883,12.300600051879883,315.0
2023-03-09 11:34:00,CIFR,1.4500000476837158,1.4500000476837158,1.4550000429153442,1.4500000476837158,1.4550000429153442,521.0
2023-03-09 11:34:00,CINF,116.7300033569336,116.7300033569336,116.7300033569336,116.61000061035156,116.61000061035156,1120.0
2023-03-09 11:34:00,CLBK,19.760000228881836,19.760000228881836,19.760000228881836,19.760000228881836,19.760000228881836,1226.0
2023-03-09 11:34:00,CME,179.77000427246094,179.77000427246094,179.85000610351562,179.77000427246094,179.80999755859375,2113.0
2023-03-09 11:34:00,COLB,25.375,25.375,25.43000030517578,25.360000610351562,25.405000686645508,42370.0
2023-03-09 11:34:00,COOP,44.775001525878906,44.775001525878906,44.775001525878906,44.775001525878906,44.775001525878906,101.0
2023-03-09 11:34:00,CSWC,18.597999572753906,18.597999572753906,18.599899291992188,18.594999313354492,18.594999313354492,400.0
2023-03-09 11:34:00,CVBF,22.04800033569336,22.04800033569336,22.049999237060547,22.04800033569336,22.049999237060547,816.0
2023-03-09 11:34:00,EBC,14.779999732971191,14.779999732971191,14.782699584960938,14.779999732971191,14.782699584960938,651.0
2023-03-09 11:34:00,ECBK,15.010000228881836,15.010000228881836,15.010000228881836,15.010000228881836,15.010000228881836,110.0
2023-03-09 11:34:00,EQBK,27.979999542236328,27.979999542236328,27.979999542236328,27.979999542236328,27.979999542236328,178.0
2023-03-09 11:34:00,EWBC,68.77999877929688,68.77999877929688,68.83999633789062,68.77999877929688,68.83999633789062,1153.0
2023-03-09 11:34:00,EZPW,8.899999618530273,8.899999618530273,8.904999732971191,8.899999618530273,8.904999732971191,397.0
2023-03-09 11:34:00,FBNC,38.6150016784668,38.6150016784668,38.65999984741211,38.59000015258789,38.599998474121094,4417.0
2023-03-09 11:34:00,FCNCA,662.969970703125,662.969970703125,662.969970703125,662.969970703125,662.969970703125,686.0
2023-03-09 11:34:00,FCRD,4.650000095367432,4.650000095367432,4.650000095367432,4.650000095367432,4.650000095367432,187.0
2023-03-09 11:34:00,FFBC,22.485000610351562,22.485000610351562,22.485000610351562,22.469999313354492,22.469999313354492,418.0
2023-03-09 11:34:00,FHB,24.155000686645508,24.155000686645508,24.155000686645508,24.155000686645508,24.155000686645508,100.0
2023-03-09 11:34:00,FIBK,32.63999938964844,32.63999938964844,32.650001525878906,32.63999938964844,32.650001525878906,2997.0
2023-03-09 11:34:00,FINW,9.119999885559082,9.119999885559082,9.119999885559082,9.119999885559082,9.119999885559082,217.0
2023-03-09 11:34:00,FITB,32.505001068115234,32.505001068115234,32.529998779296875,32.494998931884766,32.529998779296875,13282.0
2023-03-09 11:34:00,FMBH,28.346399307250977,28.346399307250977,28.346399307250977,28.346399307250977,28.346399307250977,876.0
2023-03-09 11:34:00,FOCS,51.75,51.75,51.7599983215332,51.75,51.7599983215332,9780.0
2023-03-09 11:34:00,FRBK,1.7549999952316284,1.7549999952316284,1.7549999952316284,1.7549999952316284,1.7549999952316284,373.0
2023-03-09 11:34:00,FULT,15.800000190734863,15.800000190734863,15.80620002746582,15.800000190734863,15.80620002746582,1322.0
2023-03-09 11:34:00,FUTU,46.47999954223633,46.47999954223633,46.54999923706055,46.470001220703125,46.540000915527344,2024.0
2023-03-09 11:34:00,GCMG,8.420000076293945,8.420000076293945,8.420000076293945,8.420000076293945,8.420000076293945,1111.0
2023-03-09 11:34:00,GGAL,12.6899995803833,12.6899995803833,12.6899995803833,12.649999618530273,12.670000076293945,5427.0
2023-03-09 11:34:00,GLAD,9.920000076293945,9.920000076293945,9.925000190734863,9.920000076293945,9.925000190734863,3344.0
2023-03-09 11:34:00,GSHD,52.525001525878906,52.525001525878906,52.525001525878906,52.47999954223633,52.525001525878906,633.0
2023-03-09 11:34:00,GXII,10.119999885559082,10.119999885559082,10.119999885559082,10.119999885559082,10.119999885559082,100.0
2023-03-09 11:34:00,HBAN,14.069899559020996,14.069899559020996,14.079999923706055,14.060099601745605,14.074999809265137,47601.0
2023-03-09 11:34:00,HBNC,14.050000190734863,14.050000190734863,14.050000190734863,14.050000190734863,14.050000190734863,509.0
2023-03-09 11:34:00,HBT,22.0,22.0,22.0,22.0,22.0,225.0
2023-03-09 11:34:00,HMST,22.690000534057617,22.690000534057617,22.690000534057617,22.690000534057617,22.690000534057617,228.0
2023-03-09 11:34:00,HONE,12.765000343322754,12.765000343322754,12.765000343322754,12.765000343322754,12.765000343322754,100.0
2023-03-09 11:34:00,HOPE,11.960000038146973,11.960000038146973,11.960000038146973,11.960000038146973,11.960000038146973,407.0
2023-03-09 11:34:00,HRZN,12.039999961853027,12.039999961853027,12.039999961853027,12.010000228881836,12.010000228881836,709.0
2023-03-09 11:34:00,HTBI,27.65999984741211,27.65999984741211,27.65999984741211,27.65999984741211,27.65999984741211,466.0
2023-03-09 11:34:00,HUT,1.4299999475479126,1.4299999475479126,1.4299999475479126,1.4299999475479126,1.4299999475479126,1000.0
2023-03-09 11:34:00,HWC,44.244998931884766,44.244998931884766,44.244998931884766,44.244998931884766,44.244998931884766,427.0
2023-03-09 11:34:00,IBKR,88.19999694824219,88.19999694824219,88.19999694824219,88.19999694824219,88.19999694824219,401.0
2023-03-09 11:34:00,IBOC,45.150001525878906,45.150001525878906,45.150001525878906,45.13999938964844,45.13999938964844,201.0
2023-03-09 11:34:00,IGIC,8.279999732971191,8.279999732971191,8.279999732971191,8.260000228881836,8.260000228881836,441.0
2023-03-09 11:35:00,ABCB,43.13999938964844,43.13999938964844,43.189998626708984,43.119998931884766,43.13999938964844,3904.0
2023-03-09 11:35:00,ACGL,69.80999755859375,69.80999755859375,69.83999633789062,69.80000305175781,69.83499908447266,19807.0
2023-03-09 11:35:00,AGBA,2.1600000858306885,2.1600000858306885,2.1600000858306885,2.1600000858306885,2.1600000858306885,331.0
2023-03-09 11:35:00,ALRS,18.959999084472656,18.959999084472656,18.959999084472656,18.959999084472656,18.959999084472656,300.0
2023-03-09 11:35:00,AMAL,21.075000762939453,21.075000762939453,21.075000762939453,21.075000762939453,21.075000762939453,327.0
2023-03-09 11:35:00,AMAO,10.280599594116211,10.280599594116211,10.280599594116211,10.279999732971191,10.279999732971191,300.0
2023-03-09 11:35:00,AMTB,25.780000686645508,25.780000686645508,25.780000686645508,25.780000686645508,25.780000686645508,396.0
2023-03-09 11:35:00,ANZU,9.9399995803833,9.9399995803833,9.9399995803833,9.9399995803833,9.9399995803833,515.0
2023-03-09 11:35:00,ARBK,1.4900000095367432,1.4900000095367432,1.4900000095367432,1.4900000095367432,1.4900000095367432,500.0
2023-03-09 11:35:00,ARCC,19.094999313354492,19.094999313354492,19.100000381469727,19.094999313354492,19.099899291992188,2026.0
2023-03-09 11:35:00,ARRW,10.1899995803833,10.1899995803833,10.1899995803833,10.1899995803833,10.1899995803833,8.0
2023-03-09 11:35:00,ARYD,10.300000190734863,10.300000190734863,10.300000190734863,10.300000190734863,10.300000190734863,200.0
2023-03-09 11:35:00,AUB,37.13999938964844,37.13999938964844,37.14500045776367,37.119998931884766,37.130001068115234,715.0
2023-03-09 11:35:00,BFC,76.38999938964844,76.38999938964844,76.38999938964844,76.38999938964844,76.38999938964844,160.0
2023-03-09 11:35:00,BFST,18.709999084472656,18.709999084472656,18.719999313354492,18.709999084472656,18.719999313354492,504.0
2023-03-09 11:35:00,BGCP,5.014999866485596,5.014999866485596,5.0192999839782715,5.014999866485596,5.0192999839782715,7488.0
2023-03-09 11:35:00,BHF,52.900001525878906,52.900001525878906,52.900001525878906,52.900001525878906,52.900001525878906,530.0
2023-03-09 11:35:00,BITF,0.800000011920929,0.800000011920929,0.8001000285148621,0.800000011920929,0.800000011920929,1914.0
2023-03-09 11:35:00,BPOP,62.34000015258789,62.34000015258789,62.38999938964844,62.34000015258789,62.38999938964844,639.0
2023-03-09 11:35:00,BRKL,11.630000114440918,11.630000114440918,11.630000114440918,11.630000114440918,11.630000114440918,709.0
2023-03-09 11:35:00,BTBT,1.1503000259399414,1.1503000259399414,1.1503000259399414,1.1503000259399414,1.1503000259399414,133.0
2023-03-09 11:35:00,CBSH,61.65999984741211,61.65999984741211,61.65999984741211,61.65999984741211,61.65999984741211,222.0
2023-03-09 11:35:00,CFB,12.430000305175781,12.430000305175781,12.430000305175781,12.430000305175781,12.430000305175781,639.0
2023-03-09 11:35:00,CG,34.209999084472656,34.209999084472656,34.25,34.209999084472656,34.244998931884766,5562.0
2023-03-09 11:35:00,CIFR,1.4500000476837158,1.4500000476837158,1.4500000476837158,1.4500000476837158,1.4500000476837158,322.0
2023-03-09 11:35:00,CINF,116.69999694824219,116.69999694824219,116.69999694824219,116.69999694824219,116.69999694824219,701.0
2023-03-09 11:35:00,CME,179.77999877929688,179.77999877929688,179.7949981689453,179.77000427246094,179.7899932861328,1396.0
2023-03-09 11:35:00,CNOB,22.290000915527344,22.290000915527344,22.290000915527344,22.290000915527344,22.290000915527344,191.0
2023-03-09 11:35:00,COLB,25.325000762939453,25.325000762939453,25.389999389648438,25.270000457763672,25.371000289916992,112470.0
2023-03-09 11:35:00,COOP,44.7599983215332,44.7599983215332,44.810001373291016,44.7599983215332,44.78499984741211,1267.0
2023-03-09 11:35:00,CSQ,13.979999542236328,13.979999542236328,13.99020004272461,13.979999542236328,13.989999771118164,1600.0
2023-03-09 11:35:00,CSWC,18.600000381469727,18.600000381469727,18.600000381469727,18.594999313354492,18.594999313354492,200.0
2023-03-09 11:35:00,CVBF,22.030000686645508,22.030000686645508,22.06999969482422,22.030000686645508,22.06999969482422,1785.0
2023-03-09 11:35:00,DTOC,10.149999618530273,10.149999618530273,10.149999618530273,10.149999618530273,10.149999618530273,1200.0
2023-03-09 11:35:00,DWAC,14.100099563598633,14.100099563598633,14.100099563598633,14.100099563598633,14.100099563598633,550.0
2023-03-09 11:35:00,EBC,14.779999732971191,14.779999732971191,14.779999732971191,14.779999732971191,14.779999732971191,1679.0
2023-03-09 11:35:00,EBTC,35.27000045776367,35.27000045776367,35.27000045776367,35.27000045776367,35.27000045776367,200.0
2023-03-09 11:35:00,ECPG,50.65999984741211,50.65999984741211,50.73500061035156,50.650001525878906,50.73500061035156,1374.0
2023-03-09 11:35:00,EFSC,51.75,51.75,51.75,51.75,51.75,200.0
2023-03-09 11:35:00,EHTH,9.020000457763672,9.020000457763672,9.020000457763672,9.010000228881836,9.010000228881836,637.0
2023-03-09 11:35:00,EWBC,68.66999816894531,68.66999816894531,68.70999908447266,68.66999816894531,68.70999908447266,735.0
2023-03-09 11:35:00,EZPW,8.895000457763672,8.895000457763672,8.895000457763672,8.895000457763672,8.895000457763672,100.0
2023-03-09 11:35:00,FBMS,28.565000534057617,28.565000534057617,28.565000534057617,28.565000534057617,28.565000534057617,179.0
2023-03-09 11:35:00,FBNC,38.6150016784668,38.6150016784668,38.6150016784668,38.6150016784668,38.6150016784668,124.0
2023-03-09 11:35:00,FCRD,4.650000095367432,4.650000095367432,4.650000095367432,4.650000095367432,4.650000095367432,251.0
2023-03-09 11:35:00,FFBC,22.480100631713867,22.480100631713867,22.480100631713867,22.480100631713867,22.480100631713867,215.0
2023-03-09 11:35:00,FFIN,33.88999938964844,33.88999938964844,33.88999938964844,33.88999938964844,33.88999938964844,270.0
2023-03-09 11:35:00,FFWM,13.15999984741211,13.15999984741211,13.15999984741211,13.149999618530273,13.149999618530273,1474.0
2023-03-09 11:35:00,FHB,24.200000762939453,24.200000762939453,24.200000762939453,24.15999984741211,24.15999984741211,1874.0
2023-03-09 11:35:00,FIBK,32.630001068115234,32.630001068115234,32.63999938964844,32.630001068115234,32.63999938964844,1142.0
2023-03-09 11:35:00,FITB,32.470001220703125,32.470001220703125,32.518001556396484,32.470001220703125,32.5099983215332,10625.0
2023-03-09 11:35:00,FOCS,51.75,51.75,51.755001068115234,51.75,51.75,2362.0
2023-03-09 11:35:00,FRON,10.1850004196167,10.1850004196167,10.1850004196167,10.1850004196167,10.1850004196167,306.0
2023-03-09 11:35:00,FULT,15.800000190734863,15.800000190734863,15.800000190734863,15.800000190734863,15.800000190734863,673.0
2023-03-09 11:35:00,FUTU,46.39500045776367,46.39500045776367,46.45000076293945,46.3849983215332,46.45000076293945,2247.0
2023-03-09 11:35:00,FVCB,13.300000190734863,13.300000190734863,13.300000190734863,13.300000190734863,13.300000190734863,633.0
2023-03-09 11:35:00,GGAL,12.65999984741211,12.65999984741211,12.699999809265137,12.65999984741211,12.694999694824219,2201.0
2023-03-09 11:35:00,GREE,0.4430989921092987,0.4430989921092987,0.4430989921092987,0.4430989921092987,0.4430989921092987,1130.0
2023-03-09 11:35:00,GSHD,52.470001220703125,52.470001220703125,52.470001220703125,52.470001220703125,52.470001220703125,455.0
2023-03-09 11:35:00,HBAN,14.055000305175781,14.055000305175781,14.074999809265137,14.055000305175781,14.069999694824219,30655.0
2023-03-09 11:35:00,HFWA,24.719999313354492,24.719999313354492,24.729999542236328,24.719999313354492,24.729999542236328,547.0
2023-03-09 11:35:00,HMPT,1.8968000411987305,1.8968000411987305,1.8968000411987305,1.8968000411987305,1.8968000411987305,700.0
2023-03-09 11:35:00,HONE,12.760000228881836,12.760000228881836,12.760000228881836,12.760000228881836,12.760000228881836,744.0
2023-03-09 11:35:00,HOPE,11.949999809265137,11.949999809265137,11.954999923706055,11.949999809265137,11.954999923706055,735.0
2023-03-09 11:35:00,HRZN,12.045000076293945,12.045000076293945,12.045000076293945,12.045000076293945,12.045000076293945,100.0
2023-03-09 11:35:00,HTBK,11.0,11.0,11.0,11.0,11.0,318.0
2023-03-09 11:35:00,HTLF,45.560001373291016,45.560001373291016,45.560001373291016,45.560001373291016,45.560001373291016,258.0
2023-03-09 11:35:00,HUT,1.4199999570846558,1.4199999570846558,1.4285000562667847,1.4199999570846558,1.4199999570846558,19047.0
2023-03-09 11:35:00,HWC,44.25,44.25,44.25,44.25,44.25,513.0
2023-03-09 11:35:00,IBKR,88.13500213623047,88.13500213623047,88.1500015258789,88.12000274658203,88.1500015258789,945.0
2023-03-09 11:35:00,IBOC,45.130001068115234,45.130001068115234,45.130001068115234,45.130001068115234,45.130001068115234,322.0
2023-03-09 11:35:00,INDB,72.30000305175781,72.30000305175781,72.31999969482422,72.30000305175781,72.31999969482422,464.0
2023-03-09 11:35:00,INTR,2.0199999809265137,2.0199999809265137,2.0199999809265137,2.009999990463257,2.015000104904175,392.0
2023-03-09 11:36:00,ABCB,43.130001068115234,43.130001068115234,43.130001068115234,43.08000183105469,43.119998931884766,3038.0
2023-03-09 11:36:00,ACGL,69.7699966430664,69.7699966430664,69.79000091552734,69.72000122070312,69.79000091552734,1958.0
2023-03-09 11:36:00,APLD,2.186000108718872,2.186000108718872,2.186000108718872,2.184999942779541,2.184999942779541,301.0
2023-03-09 11:36:00,ARBK,1.4900000095367432,1.4900000095367432,1.4900000095367432,1.4900000095367432,1.4900000095367432,414.0
2023-03-09 11:36:00,ARCC,19.084699630737305,19.084699630737305,19.094999313354492,19.079999923706055,19.09000015258789,6989.0
2023-03-09 11:36:00,AUB,37.06999969482422,37.06999969482422,37.13999938964844,37.06999969482422,37.13999938964844,3265.0
2023-03-09 11:36:00,BANF,85.94000244140625,85.94000244140625,85.94000244140625,85.94000244140625,85.94000244140625,223.0
2023-03-09 11:36:00,BFST,18.690000534057617,18.690000534057617,18.690000534057617,18.690000534057617,18.690000534057617,360.0
2023-03-09 11:36:00,BGCP,5.014999866485596,5.014999866485596,5.014999866485596,5.014999866485596,5.014999866485596,2556.0
2023-03-09 11:36:00,BHF,52.90999984741211,52.90999984741211,52.95000076293945,52.790000915527344,52.84000015258789,4001.0
2023-03-09 11:36:00,BKCC,3.6600000858306885,3.6600000858306885,3.6600000858306885,3.6600000858306885,3.6600000858306885,106.0
2023-03-09 11:36:00,BOKF,96.1500015258789,96.1500015258789,96.19999694824219,96.1500015258789,96.19999694824219,2664.0
2023-03-09 11:36:00,BPOP,62.310001373291016,62.310001373291016,62.31999969482422,62.220001220703125,62.290000915527344,3023.0
2023-03-09 11:36:00,BRKL,11.625,11.625,11.630000114440918,11.625,11.630000114440918,277.0
2023-03-09 11:36:00,BRP,26.170000076293945,26.170000076293945,26.170000076293945,26.084999084472656,26.110000610351562,2083.0
2023-03-09 11:36:00,BUSE,22.559999465942383,22.559999465942383,22.56999969482422,22.559999465942383,22.56999969482422,311.0
2023-03-09 11:36:00,BWB,13.420000076293945,13.420000076293945,13.524999618530273,13.420000076293945,13.524999618530273,8527.0
2023-03-09 11:36:00,CARE,16.270000457763672,16.270000457763672,16.270000457763672,16.270000457763672,16.270000457763672,479.0
2023-03-09 11:36:00,CASH,47.75,47.75,47.75,47.75,47.75,666.0
2023-03-09 11:36:00,CATY,39.65999984741211,39.65999984741211,39.66999816894531,39.65999984741211,39.66999816894531,555.0
2023-03-09 11:36:00,CBSH,61.654998779296875,61.654998779296875,61.65999984741211,61.59000015258789,61.64500045776367,3046.0
2023-03-09 11:36:00,CCB,42.709999084472656,42.709999084472656,42.709999084472656,42.709999084472656,42.709999084472656,263.0
2023-03-09 11:36:00,CCD,22.989999771118164,22.989999771118164,22.989999771118164,22.989999771118164,22.989999771118164,672.0
2023-03-09 11:36:00,CCNE,22.559999465942383,22.559999465942383,22.559999465942383,22.559999465942383,22.559999465942383,200.0
2023-03-09 11:36:00,CFB,12.430000305175781,12.430000305175781,12.430000305175781,12.430000305175781,12.430000305175781,320.0
2023-03-09 11:36:00,CG,34.220001220703125,34.220001220703125,34.2400016784668,34.185001373291016,34.185001373291016,6081.0
2023-03-09 11:36:00,CGBD,15.039999961853027,15.039999961853027,15.039999961853027,15.039999961853027,15.039999961853027,431.0
2023-03-09 11:36:00,CHI,11.933199882507324,11.933199882507324,11.933199882507324,11.933199882507324,11.933199882507324,188.0
2023-03-09 11:36:00,CHW,6.07889986038208,6.07889986038208,6.07889986038208,6.07889986038208,6.07889986038208,600.0
2023-03-09 11:36:00,CIFR,1.4400999546051025,1.4400999546051025,1.4400999546051025,1.4400999546051025,1.4400999546051025,1883.0
2023-03-09 11:36:00,CLBK,19.760000228881836,19.760000228881836,19.760000228881836,19.760000228881836,19.760000228881836,215.0
2023-03-09 11:36:00,CME,179.69000244140625,179.69000244140625,179.72000122070312,179.69000244140625,179.6999969482422,1220.0
2023-03-09 11:36:00,COLB,25.366199493408203,25.366199493408203,25.366199493408203,25.325000762939453,25.325000762939453,24575.0
2023-03-09 11:36:00,COOP,44.709999084472656,44.709999084472656,44.709999084472656,44.709999084472656,44.709999084472656,144.0
2023-03-09 11:36:00,CSQ,13.979999542236328,13.979999542236328,13.979999542236328,13.970000267028809,13.979999542236328,1325.0
2023-03-09 11:36:00,CSWC,18.599899291992188,18.599899291992188,18.599899291992188,18.59000015258789,18.594999313354492,1400.0
2023-03-09 11:36:00,CTBI,40.34000015258789,40.34000015258789,40.34000015258789,40.244998931884766,40.244998931884766,524.0
2023-03-09 11:36:00,CVBF,22.010000228881836,22.010000228881836,22.010000228881836,22.010000228881836,22.010000228881836,1011.0
2023-03-09 11:36:00,DCOM,29.5,29.5,29.5,29.5,29.5,779.0
2023-03-09 11:36:00,DWAC,14.117899894714355,14.117899894714355,14.117899894714355,14.117899894714355,14.117899894714355,2266.0
2023-03-09 11:36:00,EBC,14.760000228881836,14.760000228881836,14.770000457763672,14.760000228881836,14.770000457763672,4245.0
2023-03-09 11:36:00,EBTC,35.220001220703125,35.220001220703125,35.30500030517578,35.220001220703125,35.30500030517578,1630.0
2023-03-09 11:36:00,EFSC,51.53499984741211,51.53499984741211,51.55500030517578,51.5099983215332,51.55500030517578,959.0
2023-03-09 11:36:00,EGBN,40.869998931884766,40.869998931884766,40.869998931884766,40.869998931884766,40.869998931884766,241.0
2023-03-09 11:36:00,EHTH,9.020099639892578,9.020099639892578,9.039999961853027,9.020000457763672,9.020000457763672,3198.0
2023-03-09 11:36:00,EQBK,27.93000030517578,27.93000030517578,27.93000030517578,27.93000030517578,27.93000030517578,216.0
2023-03-09 11:36:00,EWBC,68.52999877929688,68.52999877929688,68.62950134277344,68.52999877929688,68.62950134277344,1279.0
2023-03-09 11:36:00,EZPW,8.899999618530273,8.899999618530273,8.90999984741211,8.895000457763672,8.90999984741211,527.0
2023-03-09 11:36:00,FBNC,38.65999984741211,38.65999984741211,38.65999984741211,38.584999084472656,38.584999084472656,4534.0
2023-03-09 11:36:00,FCNCA,658.3400268554688,658.3400268554688,659.3300170898438,658.3400268554688,659.3300170898438,579.0
2023-03-09 11:36:00,FCRD,4.630000114440918,4.630000114440918,4.630000114440918,4.630000114440918,4.630000114440918,100.0
2023-03-09 11:36:00,FFBC,22.469999313354492,22.469999313354492,22.469999313354492,22.469999313354492,22.469999313354492,133.0
2023-03-09 11:36:00,FFIC,17.350000381469727,17.350000381469727,17.3799991607666,17.350000381469727,17.3799991607666,4670.0
2023-03-09 11:36:00,FFIN,33.89500045776367,33.89500045776367,33.89500045776367,33.89500045776367,33.89500045776367,151.0
2023-03-09 11:36:00,FFWM,13.109999656677246,13.109999656677246,13.130000114440918,13.109999656677246,13.130000114440918,318.0
2023-03-09 11:36:00,FHB,24.190000534057617,24.190000534057617,24.219999313354492,24.190000534057617,24.209999084472656,2500.0
2023-03-09 11:36:00,FIBK,32.619998931884766,32.619998931884766,32.619998931884766,32.59000015258789,32.59000015258789,976.0
2023-03-09 11:36:00,FINW,9.199999809265137,9.199999809265137,9.199999809265137,9.130000114440918,9.130000114440918,491.0
2023-03-09 11:36:00,FISI,23.290000915527344,23.290000915527344,23.3799991607666,23.290000915527344,23.3799991607666,933.0
2023-03-09 11:36:00,FITB,32.40999984741211,32.40999984741211,32.470001220703125,32.40999984741211,32.470001220703125,20659.0
2023-03-09 11:36:00,FLIC,16.18000030517578,16.18000030517578,16.18000030517578,16.18000030517578,16.18000030517578,353.0
2023-03-09 11:36:00,FMNB,13.1899995803833,13.1899995803833,13.1899995803833,13.1899995803833,13.1899995803833,200.0
2023-03-09 11:36:00,FOCS,51.755001068115234,51.755001068115234,51.7599983215332,51.75,51.75,7581.0
2023-03-09 11:36:00,FRBA,12.920000076293945,12.920000076293945,12.920000076293945,12.899999618530273,12.899999618530273,576.0
2023-03-09 11:36:00,FRBK,1.7549999952316284,1.7549999952316284,1.7549999952316284,1.7549999952316284,1.7549999952316284,394.0
2023-03-09 11:36:00,FRME,37.65999984741211,37.65999984741211,37.65999984741211,37.65999984741211,37.65999984741211,256.0
2023-03-09 11:36:00,FULT,15.788599967956543,15.788599967956543,15.789999961853027,15.779999732971191,15.789999961853027,2306.0
2023-03-09 11:36:00,FUTU,46.404998779296875,46.404998779296875,46.43000030517578,46.38209915161133,46.38209915161133,665.0
2023-03-09 11:36:00,FXCOW,0.04399999976158142,0.04399999976158142,0.04399999976158142,0.04399999976158142,0.04399999976158142,0.0
2023-03-09 11:36:00,GABC,35.849998474121094,35.849998474121094,35.86000061035156,35.849998474121094,35.86000061035156,233.0
2023-03-09 11:36:00,GBDC,13.494999885559082,13.494999885559082,13.494999885559082,13.494999885559082,13.494999885559082,404.0
2023-03-09 11:36:00,GGAL,12.694999694824219,12.694999694824219,12.694999694824219,12.680000305175781,12.680000305175781,233.0
2023-03-09 11:36:00,GLAD,9.92609977722168,9.92609977722168,9.92609977722168,9.920000076293945,9.923199653625488,830.0
2023-03-09 11:36:00,GLRE,10.015000343322754,10.015000343322754,10.020000457763672,10.015000343322754,10.020000457763672,282.0
2023-03-09 11:36:00,GREE,0.4401009976863861,0.4401009976863861,0.4417000114917755,0.4401009976863861,0.4417000114917755,3506.0
2023-03-09 11:36:00,GXII,10.119999885559082,10.119999885559082,10.119999885559082,10.119999885559082,10.119999885559082,100.0
2023-03-09 11:36:00,HAFC,21.950000762939453,21.950000762939453,21.959999084472656,21.950000762939453,21.959999084472656,858.0
2023-03-09 11:36:00,HBAN,14.03499984741211,14.03499984741211,14.059900283813477,14.029999732971191,14.050000190734863,29464.0
2023-03-09 11:36:00,HBNC,14.029999732971191,14.029999732971191,14.039999961853027,14.029999732971191,14.039999961853027,233.0
2023-03-09 11:36:00,HIVE,2.609999895095825,2.609999895095825,2.609999895095825,2.609999895095825,2.609999895095825,293.0
2023-03-09 11:36:00,HMST,22.645000457763672,22.645000457763672,22.645000457763672,22.645000457763672,22.645000457763672,104.0
2023-03-09 11:36:00,HOPE,11.949999809265137,11.949999809265137,11.949999809265137,11.949999809265137,11.949999809265137,7933.0
2023-03-09 11:36:00,HTBK,10.994999885559082,10.994999885559082,10.994999885559082,10.994999885559082,10.994999885559082,204.0
2023-03-09 11:36:00,HUT,1.4282000064849854,1.4282000064849854,1.4292999505996704,1.4199999570846558,1.4199999570846558,13113.0
2023-03-09 11:36:00,HVBC,30.959999084472656,30.959999084472656,31.59000015258789,30.959999084472656,31.56999969482422,0.0
2023-03-09 11:36:00,HWC,44.29499816894531,44.29499816894531,44.29499816894531,44.2400016784668,44.25,5336.0
2023-03-09 11:36:00,IBKR,88.11499786376953,88.11499786376953,88.11499786376953,88.08499908447266,88.0999984741211,1813.0
2023-03-09 11:36:00,IBOC,45.09000015258789,45.09000015258789,45.09000015258789,45.09000015258789,45.09000015258789,170.0
2023-03-09 11:36:00,INDB,72.16999816894531,72.16999816894531,72.2300033569336,72.16999816894531,72.2300033569336,486.0
2023-03-09 11:36:00,INTR,2.0199999809265137,2.0199999809265137,2.0199999809265137,2.0199999809265137,2.0199999809265137,1664.0
2023-03-09 11:37:00,ABCB,43.08000183105469,43.08000183105469,43.11000061035156,43.08000183105469,43.11000061035156,750.0
2023-03-09 11:37:00,ACGL,69.8499984741211,69.8499984741211,69.8499984741211,69.79000091552734,69.80000305175781,6806.0
2023-03-09 11:37:00,AIB,10.509599685668945,10.509599685668945,10.510000228881836,10.5,10.5,5908.0
2023-03-09 11:37:00,AMAL,21.040000915527344,21.040000915527344,21.040000915527344,21.040000915527344,21.040000915527344,354.0
2023-03-09 11:37:00,AMAO,10.279999732971191,10.279999732971191,10.279999732971191,10.279999732971191,10.279999732971191,1800.0
2023-03-09 11:37:00,ARCC,19.049999237060547,19.049999237060547,19.084999084472656,19.049999237060547,19.084999084472656,32182.0
2023-03-09 11:37:00,AROW,28.450000762939453,28.450000762939453,28.5,28.450000762939453,28.5,783.0
2023-03-09 11:37:00,AUB,37.060001373291016,37.060001373291016,37.09000015258789,37.060001373291016,37.09000015258789,311.0
2023-03-09 11:37:00,BCML,19.6200008392334,19.6200008392334,19.6200008392334,19.6200008392334,19.6200008392334,128.0
2023-03-09 11:37:00,BGCP,5.014999866485596,5.014999866485596,5.014999866485596,5.010000228881836,5.010000228881836,547.0
2023-03-09 11:37:00,BHF,52.900001525878906,52.900001525878906,52.900001525878906,52.900001525878906,52.900001525878906,303.0
2023-03-09 11:37:00,BITF,0.8055999875068665,0.8055999875068665,0.8055999875068665,0.79830002784729,0.79830002784729,10112.0
2023-03-09 11:37:00,BPOP,62.34000015258789,62.34000015258789,62.372501373291016,62.34000015258789,62.372501373291016,1147.0
2023-03-09 11:37:00,BRKL,11.625,11.625,11.625,11.625,11.625,406.0
2023-03-09 11:37:00,BRP,26.190000534057617,26.190000534057617,26.190000534057617,26.190000534057617,26.190000534057617,255.0
2023-03-09 11:37:00,BSRR,19.489999771118164,19.489999771118164,19.489999771118164,19.489999771118164,19.489999771118164,338.0
2023-03-09 11:37:00,BTBT,1.1555999517440796,1.1555999517440796,1.1555999517440796,1.1555999517440796,1.1555999517440796,517.0
2023-03-09 11:37:00,CACC,439.9599914550781,439.9599914550781,439.9599914550781,439.9599914550781,439.9599914550781,215.0
2023-03-09 11:37:00,CARE,16.270000457763672,16.270000457763672,16.270000457763672,16.270000457763672,16.270000457763672,719.0
2023-03-09 11:37:00,CATY,39.630001068115234,39.630001068115234,39.63999938964844,39.630001068115234,39.63999938964844,250.0
2023-03-09 11:37:00,CCAI,10.449999809265137,10.449999809265137,10.449999809265137,10.449999809265137,10.449999809265137,100.0
2023-03-09 11:37:00,CCAP,15.029999732971191,15.029999732971191,15.029999732971191,15.020000457763672,15.029999732971191,1920.0
2023-03-09 11:37:00,CFFN,7.570000171661377,7.570000171661377,7.570000171661377,7.570000171661377,7.570000171661377,158.0
2023-03-09 11:37:00,CG,34.19499969482422,34.19499969482422,34.209999084472656,34.19499969482422,34.20000076293945,2139.0
2023-03-09 11:37:00,CGBD,15.039999961853027,15.039999961853027,15.039999961853027,15.039999961853027,15.039999961853027,1099.0
2023-03-09 11:37:00,CLRC,10.34000015258789,10.34000015258789,10.359999656677246,10.34000015258789,10.359999656677246,0.0
2023-03-09 11:37:00,CME,179.6199951171875,179.6199951171875,179.67999267578125,179.6199951171875,179.67999267578125,802.0
2023-03-09 11:37:00,COLB,25.34000015258789,25.34000015258789,25.399999618530273,25.309999465942383,25.3700008392334,32608.0
2023-03-09 11:37:00,COOP,44.7400016784668,44.7400016784668,44.7400016784668,44.70000076293945,44.70000076293945,3826.0
2023-03-09 11:37:00,CRVL,178.75,178.75,178.75,178.75,178.75,123.0
2023-03-09 11:37:00,CSWC,18.594999313354492,18.594999313354492,18.594999313354492,18.594999313354492,18.594999313354492,100.0
2023-03-09 11:37:00,CZWI,12.3100004196167,12.3100004196167,12.3100004196167,12.3100004196167,12.3100004196167,510.0
2023-03-09 11:37:00,EBC,14.760000228881836,14.760000228881836,14.760000228881836,14.760000228881836,14.760000228881836,830.0
2023-03-09 11:37:00,ECPG,50.59000015258789,50.59000015258789,50.59000015258789,50.59000015258789,50.59000015258789,223.0
2023-03-09 11:37:00,EFSC,51.53499984741211,51.53499984741211,51.53499984741211,51.5,51.5,383.0
2023-03-09 11:37:00,EGBN,40.88999938964844,40.88999938964844,40.88999938964844,40.88999938964844,40.88999938964844,622.0
2023-03-09 11:37:00,ERIE,235.13999938964844,235.13999938964844,235.13999938964844,235.13999938964844,235.13999938964844,435.0
2023-03-09 11:37:00,EWBC,68.48999786376953,68.48999786376953,68.52999877929688,68.4800033569336,68.52999877929688,3005.0
2023-03-09 11:37:00,EZPW,8.899999618530273,8.899999618530273,8.899999618530273,8.899999618530273,8.899999618530273,177.0
2023-03-09 11:37:00,FBNC,38.6349983215332,38.6349983215332,38.6349983215332,38.6349983215332,38.6349983215332,200.0
2023-03-09 11:37:00,FCFS,88.16000366210938,88.16000366210938,88.16000366210938,88.16000366210938,88.16000366210938,342.0
2023-03-09 11:37:00,FCRD,4.659999847412109,4.659999847412109,4.659999847412109,4.659999847412109,4.659999847412109,125.0
2023-03-09 11:37:00,FDUS,20.434999465942383,20.434999465942383,20.434999465942383,20.434999465942383,20.434999465942383,165.0
2023-03-09 11:37:00,FFIC,17.350000381469727,17.350000381469727,17.360000610351562,17.350000381469727,17.360000610351562,984.0
2023-03-09 11:37:00,FFIN,33.869998931884766,33.869998931884766,33.869998931884766,33.86000061035156,33.86000061035156,287.0
2023-03-09 11:37:00,FFWM,13.109999656677246,13.109999656677246,13.109999656677246,13.109999656677246,13.109999656677246,100.0
2023-03-09 11:37:00,FHB,24.15760040283203,24.15760040283203,24.15760040283203,24.15760040283203,24.15760040283203,105.0
2023-03-09 11:37:00,FIBK,32.63999938964844,32.63999938964844,32.63999938964844,32.630001068115234,32.630001068115234,1207.0
2023-03-09 11:37:00,FITB,32.40999984741211,32.40999984741211,32.415000915527344,32.380001068115234,32.400001525878906,6701.0
2023-03-09 11:37:00,FULT,15.779999732971191,15.779999732971191,15.779999732971191,15.774999618530273,15.779999732971191,1829.0
2023-03-09 11:37:00,FUTU,46.44499969482422,46.44499969482422,46.44499969482422,46.40999984741211,46.43000030517578,1007.0
2023-03-09 11:37:00,GABC,35.90999984741211,35.90999984741211,35.90999984741211,35.90999984741211,35.90999984741211,300.0
2023-03-09 11:37:00,GBDC,13.489999771118164,13.489999771118164,13.489999771118164,13.489999771118164,13.489999771118164,100.0
2023-03-09 11:37:00,GLLI,10.319999694824219,10.319999694824219,10.345000267028809,10.319999694824219,10.345000267028809,400.0
2023-03-09 11:37:00,GOCO,18.56999969482422,18.56999969482422,18.56999969482422,18.56999969482422,18.56999969482422,220.0
2023-03-09 11:37:00,HBAN,14.024999618530273,14.024999618530273,14.036999702453613,14.020000457763672,14.03499984741211,34449.0
2023-03-09 11:37:00,HBNC,14.020000457763672,14.020000457763672,14.020000457763672,14.020000457763672,14.020000457763672,775.0
2023-03-09 11:37:00,HMST,22.639999389648438,22.639999389648438,22.649999618530273,22.610000610351562,22.610000610351562,655.0
2023-03-09 11:37:00,HRZN,12.078200340270996,12.078200340270996,12.078200340270996,12.078200340270996,12.078200340270996,1561.0
2023-03-09 11:37:00,HUT,1.4199999570846558,1.4199999570846558,1.4199999570846558,1.4199999570846558,1.4199999570846558,343.0
2023-03-09 11:37:00,HWC,44.290000915527344,44.290000915527344,44.29999923706055,44.27000045776367,44.27000045776367,1535.0
2023-03-09 11:37:00,IBKR,88.18499755859375,88.18499755859375,88.23999786376953,88.1500015258789,88.1500015258789,2385.0
2023-03-09 11:37:00,INDB,72.30500030517578,72.30500030517578,72.30500030517578,72.25,72.25,1725.0
2023-03-09 11:37:00,INTR,2.009999990463257,2.009999990463257,2.009999990463257,2.009999990463257,2.009999990463257,100.0
2023-03-09 11:38:00,ACGL,69.80999755859375,69.80999755859375,69.8499984741211,69.80000305175781,69.8499984741211,6925.0
2023-03-09 11:38:00,ACT,24.139999389648438,24.139999389648438,24.139999389648438,24.139999389648438,24.139999389648438,155.0
2023-03-09 11:38:00,ADER,10.399999618530273,10.399999618530273,10.399999618530273,10.349900245666504,10.350000381469727,7843.0
2023-03-09 11:38:00,APLD,2.184999942779541,2.184999942779541,2.184999942779541,2.184999942779541,2.184999942779541,100.0
2023-03-09 11:38:00,ARCC,19.049999237060547,19.049999237060547,19.059900283813477,19.049999237060547,19.059900283813477,2226.0
2023-03-09 11:38:00,AUB,37.060001373291016,37.060001373291016,37.064998626708984,37.040000915527344,37.064998626708984,770.0
2023-03-09 11:38:00,BGCP,5.014999866485596,5.014999866485596,5.014999866485596,5.014999866485596,5.014999866485596,1620.0
2023-03-09 11:38:00,BHF,52.88999938964844,52.88999938964844,52.88999938964844,52.88999938964844,52.88999938964844,504.0
2023-03-09 11:38:00,BITF,0.800000011920929,0.800000011920929,0.800000011920929,0.800000011920929,0.800000011920929,112567.0
2023-03-09 11:38:00,BKCC,3.6600000858306885,3.6600000858306885,3.6600000858306885,3.6600000858306885,3.6600000858306885,1697.0
2023-03-09 11:38:00,BPOP,62.279998779296875,62.279998779296875,62.34000015258789,62.275001525878906,62.34000015258789,1082.0
2023-03-09 11:38:00,BWB,13.437100410461426,13.437100410461426,13.449999809265137,13.430000305175781,13.430000305175781,721.0
2023-03-09 11:38:00,CASH,47.75,47.75,47.75,47.7400016784668,47.75,741.0
2023-03-09 11:38:00,CATY,39.625,39.625,39.625,39.625,39.625,267.0
2023-03-09 11:38:00,CBSH,61.654998779296875,61.654998779296875,61.66379928588867,61.619998931884766,61.66379928588867,731.0
2023-03-09 11:38:00,CCAI,10.456899642944336,10.456899642944336,10.456899642944336,10.456899642944336,10.456899642944336,100.0
2023-03-09 11:38:00,CCD,22.959999084472656,22.959999084472656,22.961999893188477,22.950000762939453,22.95400047302246,2629.0
2023-03-09 11:38:00,CFFN,7.574999809265137,7.574999809265137,7.574999809265137,7.574999809265137,7.574999809265137,420.0
2023-03-09 11:38:00,CG,34.189998626708984,34.189998626708984,34.19499969482422,34.189998626708984,34.189998626708984,1039.0
2023-03-09 11:38:00,CGBD,15.029999732971191,15.029999732971191,15.029999732971191,15.029999732971191,15.029999732971191,102.0
2023-03-09 11:38:00,CHW,6.074699878692627,6.074699878692627,6.074699878692627,6.074699878692627,6.074699878692627,700.0
2023-03-09 11:38:00,CHY,12.295000076293945,12.295000076293945,12.309200286865234,12.295000076293945,12.309200286865234,890.0
2023-03-09 11:38:00,CINF,116.59500122070312,116.59500122070312,116.66000366210938,116.59500122070312,116.66000366210938,2250.0
2023-03-09 11:38:00,CLBK,19.770000457763672,19.770000457763672,19.770000457763672,19.770000457763672,19.770000457763672,153.0
2023-03-09 11:38:00,CLRC,10.359999656677246,10.359999656677246,10.359999656677246,10.359999656677246,10.359999656677246,31100.0
2023-03-09 11:38:00,CME,179.58999633789062,179.58999633789062,179.58999633789062,179.58999633789062,179.58999633789062,663.0
2023-03-09 11:38:00,CNOB,22.229999542236328,22.229999542236328,22.229999542236328,22.229999542236328,22.229999542236328,169.0
2023-03-09 11:38:00,COLB,25.34000015258789,25.34000015258789,25.364999771118164,25.329999923706055,25.350000381469727,9553.0
2023-03-09 11:38:00,CRVL,179.49000549316406,179.49000549316406,179.49000549316406,178.99000549316406,178.99000549316406,757.0
2023-03-09 11:38:00,CSWC,18.579999923706055,18.579999923706055,18.599700927734375,18.579999923706055,18.599700927734375,2178.0
2023-03-09 11:38:00,DALS,10.119999885559082,10.119999885559082,10.119999885559082,10.119999885559082,10.119999885559082,800.0
2023-03-09 11:38:00,EBC,14.760000228881836,14.760000228881836,14.760000228881836,14.760000228881836,14.760000228881836,2250.0
2023-03-09 11:38:00,EBTC,35.220001220703125,35.220001220703125,35.220001220703125,35.220001220703125,35.220001220703125,200.0
2023-03-09 11:38:00,ECPG,50.58000183105469,50.58000183105469,50.619998931884766,50.56999969482422,50.59000015258789,1921.0
2023-03-09 11:38:00,EWBC,68.41000366210938,68.41000366210938,68.48989868164062,68.41000366210938,68.41000366210938,944.0
2023-03-09 11:38:00,FBNC,38.619998931884766,38.619998931884766,38.6349983215332,38.599998474121094,38.6349983215332,5031.0
2023-03-09 11:38:00,FCFS,88.16000366210938,88.16000366210938,88.16000366210938,88.16000366210938,88.16000366210938,119.0
2023-03-09 11:38:00,FCRD,4.659999847412109,4.659999847412109,4.659999847412109,4.659999847412109,4.659999847412109,125.0
2023-03-09 11:38:00,FFBC,22.479999542236328,22.479999542236328,22.479999542236328,22.459999084472656,22.459999084472656,2044.0
2023-03-09 11:38:00,FFIN,33.84000015258789,33.84000015258789,33.86000061035156,33.84000015258789,33.86000061035156,985.0
2023-03-09 11:38:00,FHB,24.165000915527344,24.165000915527344,24.165000915527344,24.15999984741211,24.15999984741211,860.0
2023-03-09 11:38:00,FIBK,32.61000061035156,32.61000061035156,32.619998931884766,32.61000061035156,32.619998931884766,682.0
2023-03-09 11:38:00,FITB,32.380001068115234,32.380001068115234,32.400001525878906,32.369998931884766,32.400001525878906,7172.0
2023-03-09 11:38:00,FNLC,28.0,28.0,28.260000228881836,28.0,28.260000228881836,562.0
2023-03-09 11:38:00,FOCS,51.755001068115234,51.755001068115234,51.7599983215332,51.755001068115234,51.7599983215332,3046.0
2023-03-09 11:38:00,FRBK,1.75,1.75,1.75,1.75,1.75,129.0
2023-03-09 11:38:00,FRME,37.66999816894531,37.66999816894531,37.66999816894531,37.66999816894531,37.66999816894531,150.0
2023-03-09 11:38:00,FULT,15.770000457763672,15.770000457763672,15.770000457763672,15.770000457763672,15.770000457763672,945.0
2023-03-09 11:38:00,FUTU,46.412498474121094,46.412498474121094,46.412498474121094,46.412498474121094,46.412498474121094,211.0
2023-03-09 11:38:00,FWAC,10.15999984741211,10.15999984741211,10.15999984741211,10.15999984741211,10.15999984741211,0.0
2023-03-09 11:38:00,GBDC,13.484999656677246,13.484999656677246,13.494999885559082,13.484999656677246,13.489999771118164,3464.0
2023-03-09 11:38:00,GCMG,8.420000076293945,8.420000076293945,8.420000076293945,8.420000076293945,8.420000076293945,341.0
2023-03-09 11:38:00,GLAD,9.92710018157959,9.92710018157959,9.92710018157959,9.92710018157959,9.92710018157959,512.0
2023-03-09 11:38:00,GLRE,10.015000343322754,10.015000343322754,10.015000343322754,10.015000343322754,10.015000343322754,100.0
2023-03-09 11:38:00,GXII,10.119999885559082,10.119999885559082,10.119999885559082,10.119999885559082,10.119999885559082,100.0
2023-03-09 11:38:00,HAFC,21.93000030517578,21.93000030517578,21.93000030517578,21.93000030517578,21.93000030517578,134.0
2023-03-09 11:38:00,HBAN,14.025099754333496,14.025099754333496,14.029999732971191,14.020000457763672,14.024999618530273,21439.0
2023-03-09 11:38:00,HBNC,13.970000267028809,13.970000267028809,14.0,13.970000267028809,14.0,3233.0
2023-03-09 11:38:00,HBT,22.010000228881836,22.010000228881836,22.010000228881836,21.989999771118164,22.0,1301.0
2023-03-09 11:38:00,HFWA,24.670000076293945,24.670000076293945,24.690000534057617,24.670000076293945,24.690000534057617,307.0
2023-03-09 11:38:00,HIVE,2.609999895095825,2.609999895095825,2.609999895095825,2.609999895095825,2.609999895095825,204.0
2023-03-09 11:38:00,HONE,12.760000228881836,12.760000228881836,12.760000228881836,12.760000228881836,12.760000228881836,100.0
2023-03-09 11:38:00,HRZN,12.055000305175781,12.055000305175781,12.055000305175781,12.029999732971191,12.029999732971191,527.0
2023-03-09 11:38:00,HUT,1.4194999933242798,1.4194999933242798,1.4292999505996704,1.4149999618530273,1.4199999570846558,26843.0
2023-03-09 11:38:00,HWC,44.29999923706055,44.29999923706055,44.29999923706055,44.29999923706055,44.29999923706055,631.0
2023-03-09 11:38:00,IBOC,45.029998779296875,45.029998779296875,45.029998779296875,45.029998779296875,45.029998779296875,374.0
2023-03-09 11:38:00,INTR,2.009999990463257,2.009999990463257,2.009999990463257,2.009999990463257,2.009999990463257,100.0
2023-03-09 11:39:00,ABCB,43.119998931884766,43.119998931884766,43.119998931884766,43.06999969482422,43.08000183105469,1342.0
2023-03-09 11:39:00,ACGL,69.81999969482422,69.81999969482422,69.83000183105469,69.80000305175781,69.80000305175781,7234.0
2023-03-09 11:39:00,ACGLN,19.031099319458008,19.031099319458008,19.031099319458008,18.994800567626953,18.994800567626953,680.0
2023-03-09 11:39:00,ACGLO,22.531700134277344,22.531700134277344,22.531700134277344,22.531700134277344,22.531700134277344,577.0
2023-03-09 11:39:00,ALRS,19.0049991607666,19.0049991607666,19.020000457763672,18.989999771118164,18.989999771118164,670.0
2023-03-09 11:39:00,ANZU,9.930000305175781,9.930000305175781,9.930000305175781,9.930000305175781,9.930000305175781,165.0
2023-03-09 11:39:00,ARCC,19.05500030517578,19.05500030517578,19.05500030517578,19.049999237060547,19.054899215698242,972.0
2023-03-09 11:39:00,AUB,37.060001373291016,37.060001373291016,37.060001373291016,37.060001373291016,37.060001373291016,330.0
2023-03-09 11:39:00,BANF,85.93499755859375,85.93499755859375,85.94000244140625,85.80000305175781,85.80999755859375,1220.0
2023-03-09 11:39:00,BGCP,5.014999866485596,5.014999866485596,5.014999866485596,5.010000228881836,5.014999866485596,8448.0
2023-03-09 11:39:00,BHF,52.86000061035156,52.86000061035156,52.86000061035156,52.86000061035156,52.86000061035156,186.0
2023-03-09 11:39:00,BKCC,3.6600000858306885,3.6600000858306885,3.6700000762939453,3.6600000858306885,3.6700000762939453,459.0
2023-03-09 11:39:00,BLFY,11.529999732971191,11.529999732971191,11.529999732971191,11.529999732971191,11.529999732971191,157.0
2023-03-09 11:39:00,BOKF,95.94999694824219,95.94999694824219,95.94999694824219,95.94999694824219,95.94999694824219,375.0
2023-03-09 11:39:00,BPOP,62.20000076293945,62.20000076293945,62.25,62.20000076293945,62.209999084472656,1324.0
2023-03-09 11:39:00,BRKL,11.609999656677246,11.609999656677246,11.609999656677246,11.609999656677246,11.609999656677246,258.0
2023-03-09 11:39:00,BTBT,1.1517000198364258,1.1517000198364258,1.1517000198364258,1.1517000198364258,1.1517000198364258,336.0
2023-03-09 11:39:00,BTCS,1.2627999782562256,1.2627999782562256,1.2627999782562256,1.2627999782562256,1.2627999782562256,956.0
2023-03-09 11:39:00,BTWNU,10.119999885559082,10.119999885559082,10.119999885559082,10.119999885559082,10.119999885559082,0.0
2023-03-09 11:39:00,BUSE,22.55500030517578,22.55500030517578,22.559999465942383,22.55500030517578,22.559999465942383,1357.0
2023-03-09 11:39:00,BWB,13.459199905395508,13.459199905395508,13.459199905395508,13.437100410461426,13.437100410461426,643.0
2023-03-09 11:39:00,CASH,47.72999954223633,47.72999954223633,47.72999954223633,47.72999954223633,47.72999954223633,223.0
2023-03-09 11:39:00,CCAI,10.460000038146973,10.460000038146973,10.460000038146973,10.449999809265137,10.449999809265137,19075.0
2023-03-09 11:39:00,CCB,42.61000061035156,42.61000061035156,42.689998626708984,42.61000061035156,42.61000061035156,1281.0
2023-03-09 11:39:00,CCNE,22.559999465942383,22.559999465942383,22.559999465942383,22.559999465942383,22.559999465942383,266.0
2023-03-09 11:39:00,CFFN,7.570000171661377,7.570000171661377,7.570000171661377,7.570000171661377,7.570000171661377,6087.0
2023-03-09 11:39:00,CG,34.18000030517578,34.18000030517578,34.19499969482422,34.18000030517578,34.189998626708984,1231.0
2023-03-09 11:39:00,CGBD,15.010000228881836,15.010000228881836,15.020099639892578,15.010000228881836,15.020000457763672,1800.0
2023-03-09 11:39:00,CHEAU,10.510000228881836,10.510000228881836,10.510000228881836,10.510000228881836,10.510000228881836,100.0
2023-03-09 11:39:00,CINF,116.48999786376953,116.48999786376953,116.54000091552734,116.48999786376953,116.54000091552734,906.0
2023-03-09 11:39:00,CLBK,19.7549991607666,19.7549991607666,19.7549991607666,19.7549991607666,19.7549991607666,127.0
2023-03-09 11:39:00,CLRC,10.359999656677246,10.359999656677246,10.359999656677246,10.359999656677246,10.359999656677246,39700.0
2023-03-09 11:39:00,CME,179.50999450683594,179.50999450683594,179.5850067138672,179.50999450683594,179.5850067138672,682.0
2023-03-09 11:39:00,COLB,25.360000610351562,25.360000610351562,25.360000610351562,25.34000015258789,25.34000015258789,4293.0
2023-03-09 11:39:00,CSQ,13.989999771118164,13.989999771118164,13.989999771118164,13.986000061035156,13.989999771118164,685.0
2023-03-09 11:39:00,CSWC,18.59000015258789,18.59000015258789,18.59000015258789,18.59000015258789,18.59000015258789,112.0
2023-03-09 11:39:00,CVBF,22.010000228881836,22.010000228881836,22.010000228881836,22.010000228881836,22.010000228881836,1071.0
2023-03-09 11:39:00,DALS,10.170000076293945,10.170000076293945,10.470000267028809,10.119999885559082,10.119999885559082,25165.0
2023-03-09 11:39:00,EBC,14.755000114440918,14.755000114440918,14.765000343322754,14.755000114440918,14.765000343322754,7932.0
2023-03-09 11:39:00,ECPG,50.55500030517578,50.55500030517578,50.55500030517578,50.55500030517578,50.55500030517578,110.0
2023-03-09 11:39:00,EQBK,27.899999618530273,27.899999618530273,27.920000076293945,27.899999618530273,27.90999984741211,504.0
2023-03-09 11:39:00,EWBC,68.37999725341797,68.37999725341797,68.44000244140625,68.36000061035156,68.41000366210938,5950.0
2023-03-09 11:39:00,EZPW,8.890000343322754,8.890000343322754,8.890000343322754,8.890000343322754,8.890000343322754,231.0
2023-03-09 11:39:00,FBNC,38.599998474121094,38.599998474121094,38.6150016784668,38.52000045776367,38.56999969482422,5710.0
2023-03-09 11:39:00,FCFS,88.11000061035156,88.11000061035156,88.11000061035156,88.11000061035156,88.11000061035156,228.0
2023-03-09 11:39:00,FCRD,4.659999847412109,4.659999847412109,4.659999847412109,4.659999847412109,4.659999847412109,497.0
2023-03-09 11:39:00,FFIC,17.350000381469727,17.350000381469727,17.350000381469727,17.34000015258789,17.34000015258789,802.0
2023-03-09 11:39:00,FFIN,33.83000183105469,33.83000183105469,33.83000183105469,33.83000183105469,33.83000183105469,536.0
2023-03-09 11:39:00,FFWM,13.109999656677246,13.109999656677246,13.130000114440918,13.109999656677246,13.114999771118164,608.0
2023-03-09 11:39:00,FHB,24.145000457763672,24.145000457763672,24.149999618530273,24.145000457763672,24.149999618530273,487.0
2023-03-09 11:39:00,FIBK,32.61000061035156,32.61000061035156,32.61000061035156,32.599998474121094,32.599998474121094,739.0
2023-03-09 11:39:00,FITB,32.37730026245117,32.37730026245117,32.380001068115234,32.36000061035156,32.380001068115234,4883.0
2023-03-09 11:39:00,FITBI,25.209999084472656,25.209999084472656,25.209999084472656,25.209999084472656,25.209999084472656,565.0
2023-03-09 11:39:00,FITBO,22.137399673461914,22.137399673461914,22.137399673461914,22.137399673461914,22.137399673461914,272.0
2023-03-09 11:39:00,FLIC,16.15999984741211,16.15999984741211,16.170000076293945,16.15999984741211,16.170000076293945,1893.0
2023-03-09 11:39:00,FMNB,13.180000305175781,13.180000305175781,13.180000305175781,13.180000305175781,13.180000305175781,501.0
2023-03-09 11:39:00,FOCS,51.755001068115234,51.755001068115234,51.755001068115234,51.755001068115234,51.755001068115234,283.0
2023-03-09 11:39:00,FRBA,12.920000076293945,12.920000076293945,12.920000076293945,12.920000076293945,12.920000076293945,205.0
2023-03-09 11:39:00,FRBK,1.7598999738693237,1.7598999738693237,1.7598999738693237,1.7598999738693237,1.7598999738693237,201.0
2023-03-09 11:39:00,FRME,37.650001525878906,37.650001525878906,37.650001525878906,37.650001525878906,37.650001525878906,131.0
2023-03-09 11:39:00,FULT,15.770000457763672,15.770000457763672,15.770000457763672,15.770000457763672,15.770000457763672,1500.0
2023-03-09 11:39:00,FUTU,46.5,46.5,46.5,46.380001068115234,46.380001068115234,2561.0
2023-03-09 11:39:00,GGAL,12.6850004196167,12.6850004196167,12.6850004196167,12.6850004196167,12.6850004196167,270.0
2023-03-09 11:39:00,GLAD,9.92959976196289,9.92959976196289,9.92959976196289,9.925000190734863,9.925000190734863,723.0
2023-03-09 11:39:00,GREE,0.4428499937057495,0.4428499937057495,0.4428499937057495,0.4428499937057495,0.4428499937057495,118.0
2023-03-09 11:39:00,HAFC,21.920000076293945,21.920000076293945,21.920000076293945,21.920000076293945,21.920000076293945,340.0
2023-03-09 11:39:00,HBAN,14.020000457763672,14.020000457763672,14.029999732971191,14.015000343322754,14.020899772644043,57833.0
2023-03-09 11:39:00,HBANP,19.168100357055664,19.168100357055664,19.168100357055664,19.06529998779297,19.06529998779297,373.0
2023-03-09 11:39:00,HFWA,24.68000030517578,24.68000030517578,24.68000030517578,24.68000030517578,24.68000030517578,100.0
2023-03-09 11:39:00,HIVE,2.609999895095825,2.609999895095825,2.609999895095825,2.609999895095825,2.609999895095825,643.0
2023-03-09 11:39:00,HMST,22.610000610351562,22.610000610351562,22.610000610351562,22.56999969482422,22.600000381469727,5772.0
2023-03-09 11:39:00,HONE,12.75,12.75,12.75,12.75,12.75,277.0
2023-03-09 11:39:00,HOPE,11.949999809265137,11.949999809265137,11.949999809265137,11.949999809265137,11.949999809265137,10315.0
2023-03-09 11:39:00,HRZN,12.042400360107422,12.042400360107422,12.042400360107422,12.042400360107422,12.042400360107422,176.0
2023-03-09 11:39:00,HTBI,27.639999389648438,27.639999389648438,27.674999237060547,27.6299991607666,27.6299991607666,1193.0
2023-03-09 11:39:00,HTLF,45.45000076293945,45.45000076293945,45.53499984741211,45.45000076293945,45.529998779296875,2145.0
2023-03-09 11:39:00,HUT,1.419700026512146,1.419700026512146,1.4199999570846558,1.409999966621399,1.4199999570846558,26341.0
2023-03-09 11:39:00,HWC,44.25,44.25,44.27000045776367,44.25,44.27000045776367,1942.0
2023-03-09 11:39:00,IBKR,88.1500015258789,88.1500015258789,88.1500015258789,88.1500015258789,88.1500015258789,227.0
2023-03-09 11:39:00,IBTX,52.65999984741211,52.65999984741211,52.65999984741211,52.65999984741211,52.65999984741211,497.0
2023-03-09 11:39:00,IGTA,10.3100004196167,10.3100004196167,10.3100004196167,10.3100004196167,10.3100004196167,18050.0
2023-03-09 11:39:00,INDB,72.25,72.25,72.25,72.25,72.25,317.0
2023-03-09 11:39:00,INTR,2.009999990463257,2.009999990463257,2.009999990463257,2.009999990463257,2.009999990463257,100.0
2023-03-09 11:40:00,ABCB,43.119998931884766,43.119998931884766,43.119998931884766,43.119998931884766,43.119998931884766,192.0
2023-03-09 11:40:00,ACGL,69.76000213623047,69.76000213623047,69.80999755859375,69.76000213623047,69.80999755859375,3403.0
2023-03-09 11:40:00,ACT,24.100000381469727,24.100000381469727,24.100000381469727,24.100000381469727,24.100000381469727,253.0
2023-03-09 11:40:00,AMAL,21.049999237060547,21.049999237060547,21.069900512695312,21.049999237060547,21.069900512695312,1182.0
2023-03-09 11:40:00,APLD,2.188800096511841,2.188800096511841,2.188800096511841,2.188800096511841,2.188800096511841,368.0
2023-03-09 11:40:00,ARCC,19.05500030517578,19.05500030517578,19.059900283813477,19.049999237060547,19.05500030517578,6304.0
2023-03-09 11:40:00,AUB,37.040000915527344,37.040000915527344,37.066001892089844,37.040000915527344,37.066001892089844,1047.0
2023-03-09 11:40:00,BANF,85.93000030517578,85.93000030517578,85.93000030517578,85.93000030517578,85.93000030517578,143.0
2023-03-09 11:40:00,BCBP,16.0,16.0,16.0,16.0,16.0,10923.0
2023-03-09 11:40:00,BFST,18.639999389648438,18.639999389648438,18.649999618530273,18.639999389648438,18.649999618530273,707.0
2023-03-09 11:40:00,BGCP,5.014999866485596,5.014999866485596,5.014999866485596,5.010000228881836,5.014999866485596,1974.0
2023-03-09 11:40:00,BHF,52.91999816894531,52.91999816894531,52.91999816894531,52.810001373291016,52.869998931884766,2868.0
2023-03-09 11:40:00,BITF,0.7954999804496765,0.7954999804496765,0.7954999804496765,0.7954999804496765,0.7954999804496765,2970.0
2023-03-09 11:40:00,BKCC,3.6600000858306885,3.6600000858306885,3.6649999618530273,3.6600000858306885,3.6649999618530273,2158.0
2023-03-09 11:40:00,BLFY,11.545000076293945,11.545000076293945,11.545000076293945,11.545000076293945,11.545000076293945,519.0
2023-03-09 11:40:00,BPOP,62.20000076293945,62.20000076293945,62.20000076293945,62.20000076293945,62.20000076293945,586.0
2023-03-09 11:40:00,BPRN,33.55500030517578,33.55500030517578,33.55500030517578,33.55500030517578,33.55500030517578,140.0
2023-03-09 11:40:00,BRKL,11.600000381469727,11.600000381469727,11.609999656677246,11.600000381469727,11.609999656677246,561.0
2023-03-09 11:40:00,BRP,26.139999389648438,26.139999389648438,26.139999389648438,26.139999389648438,26.139999389648438,699.0
2023-03-09 11:40:00,BWFG,27.889999389648438,27.889999389648438,27.889999389648438,27.889999389648438,27.889999389648438,714.0
2023-03-09 11:40:00,CASH,47.744998931884766,47.744998931884766,47.744998931884766,47.744998931884766,47.744998931884766,216.0
2023-03-09 11:40:00,CBNK,19.0,19.0,19.0,19.0,19.0,200.0
2023-03-09 11:40:00,CBSH,61.65999984741211,61.65999984741211,61.65999984741211,61.630001068115234,61.630001068115234,1683.0
2023-03-09 11:40:00,CCAP,15.021499633789062,15.021499633789062,15.021499633789062,15.021499633789062,15.021499633789062,142.0
2023-03-09 11:40:00,CCD,22.950000762939453,22.950000762939453,22.950000762939453,22.950000762939453,22.950000762939453,1043.0
2023-03-09 11:40:00,CFFN,7.579800128936768,7.579800128936768,7.579800128936768,7.579800128936768,7.579800128936768,1493.0
2023-03-09 11:40:00,CG,34.16999816894531,34.16999816894531,34.185001373291016,34.16999816894531,34.185001373291016,3478.0
2023-03-09 11:40:00,CHCO,90.83999633789062,90.83999633789062,90.83999633789062,90.77999877929688,90.77999877929688,381.0
2023-03-09 11:40:00,CINF,116.4800033569336,116.4800033569336,116.51000213623047,116.47100067138672,116.48999786376953,1099.0
2023-03-09 11:40:00,CIVB,20.689899444580078,20.689899444580078,20.689899444580078,20.689899444580078,20.689899444580078,100.0
2023-03-09 11:40:00,CLRC,10.359999656677246,10.359999656677246,10.359999656677246,10.354999542236328,10.354999542236328,3061.0
2023-03-09 11:40:00,CME,179.3800048828125,179.3800048828125,179.50999450683594,179.3800048828125,179.50999450683594,1205.0
2023-03-09 11:40:00,COLB,25.40999984741211,25.40999984741211,25.420000076293945,25.3700008392334,25.3700008392334,25540.0
2023-03-09 11:40:00,COOP,44.7400016784668,44.7400016784668,44.7400016784668,44.7400016784668,44.7400016784668,560.0
2023-03-09 11:40:00,CSQ,13.979999542236328,13.979999542236328,13.979999542236328,13.975000381469727,13.975000381469727,1316.0
2023-03-09 11:40:00,CSTR,15.579999923706055,15.579999923706055,15.600000381469727,15.579999923706055,15.600000381469727,1469.0
2023-03-09 11:40:00,CSWC,18.575000762939453,18.575000762939453,18.59000015258789,18.575000762939453,18.59000015258789,1742.0
2023-03-09 11:40:00,CUBA,3.9100000858306885,3.9100000858306885,3.9100000858306885,3.9100000858306885,3.9100000858306885,501.0
2023-03-09 11:40:00,CVBF,21.989999771118164,21.989999771118164,22.010000228881836,21.989999771118164,22.0,1138.0
2023-03-09 11:40:00,DALS,10.188699722290039,10.188699722290039,10.670000076293945,10.188699722290039,10.449999809265137,2602.0
2023-03-09 11:40:00,EBC,14.75,14.75,14.75,14.75,14.75,925.0
2023-03-09 11:40:00,EBTC,35.220001220703125,35.220001220703125,35.220001220703125,35.220001220703125,35.220001220703125,238.0
2023-03-09 11:40:00,ECPG,50.5,50.5,50.5,50.5,50.5,429.0
2023-03-09 11:40:00,EFSC,51.57500076293945,51.57500076293945,51.57500076293945,51.57500076293945,51.57500076293945,229.0
2023-03-09 11:40:00,EGBN,40.86000061035156,40.86000061035156,40.86000061035156,40.83000183105469,40.86000061035156,1238.0
2023-03-09 11:40:00,EHTH,9.039999961853027,9.039999961853027,9.039999961853027,9.039999961853027,9.039999961853027,643.0
2023-03-09 11:40:00,EWBC,68.44999694824219,68.44999694824219,68.44999694824219,68.29000091552734,68.375,4382.0
2023-03-09 11:40:00,FCNCA,657.6950073242188,657.6950073242188,657.6950073242188,657.6950073242188,657.6950073242188,389.0
2023-03-09 11:40:00,FDUS,20.40999984741211,20.40999984741211,20.40999984741211,20.40999984741211,20.40999984741211,545.0
2023-03-09 11:40:00,FHB,24.139999389648438,24.139999389648438,24.139999389648438,24.139999389648438,24.139999389648438,789.0
2023-03-09 11:40:00,FIBK,32.61000061035156,32.61000061035156,32.61000061035156,32.599998474121094,32.599998474121094,553.0
2023-03-09 11:40:00,FITB,32.3650016784668,32.3650016784668,32.369998931884766,32.349998474121094,32.3650016784668,13847.0
2023-03-09 11:40:00,FOCS,51.755001068115234,51.755001068115234,51.755001068115234,51.75,51.755001068115234,3908.0
2023-03-09 11:40:00,FRBK,1.7549999952316284,1.7549999952316284,1.7549999952316284,1.7549999952316284,1.7549999952316284,106.0
2023-03-09 11:40:00,FRME,37.67499923706055,37.67499923706055,37.67499923706055,37.67499923706055,37.67499923706055,229.0
2023-03-09 11:40:00,FULT,15.760000228881836,15.760000228881836,15.770000457763672,15.760000228881836,15.770000457763672,1409.0
2023-03-09 11:40:00,FUTU,46.49250030517578,46.49250030517578,46.49250030517578,46.47999954223633,46.47999954223633,1439.0
2023-03-09 11:40:00,GBDC,13.484999656677246,13.484999656677246,13.484999656677246,13.479999542236328,13.484999656677246,10022.0
2023-03-09 11:40:00,GCMG,8.430000305175781,8.430000305175781,8.430000305175781,8.430000305175781,8.430000305175781,110.0
2023-03-09 11:40:00,GGAL,12.6850004196167,12.6850004196167,12.6850004196167,12.6850004196167,12.6850004196167,163.0
2023-03-09 11:40:00,GLRE,10.020000457763672,10.020000457763672,10.020000457763672,10.020000457763672,10.020000457763672,100.0
2023-03-09 11:40:00,GSBC,54.38999938964844,54.38999938964844,54.38999938964844,54.38999938964844,54.38999938964844,426.0
2023-03-09 11:40:00,GXII,10.119999885559082,10.119999885559082,10.119999885559082,10.119999885559082,10.119999885559082,100.0
2023-03-09 11:40:00,HBAN,14.015000343322754,14.015000343322754,14.024999618530273,14.010000228881836,14.020000457763672,22138.0
2023-03-09 11:40:00,HBNC,13.970000267028809,13.970000267028809,13.970000267028809,13.930000305175781,13.970000267028809,2927.0
2023-03-09 11:40:00,HFWA,24.665000915527344,24.665000915527344,24.665000915527344,24.65999984741211,24.65999984741211,1013.0
2023-03-09 11:40:00,HIVE,2.610599994659424,2.610599994659424,2.610599994659424,2.610599994659424,2.610599994659424,412.0
2023-03-09 11:40:00,HMST,22.6299991607666,22.6299991607666,22.6299991607666,22.6200008392334,22.6200008392334,420.0
2023-03-09 11:40:00,HOPE,11.949999809265137,11.949999809265137,11.949999809265137,11.949999809265137,11.949999809265137,3982.0
2023-03-09 11:40:00,HRZN,12.02869987487793,12.02869987487793,12.029999732971191,12.02869987487793,12.029999732971191,1285.0
2023-03-09 11:40:00,HTBK,10.979999542236328,10.979999542236328,10.979999542236328,10.979999542236328,10.979999542236328,310.0
2023-03-09 11:40:00,HTLF,45.52000045776367,45.52000045776367,45.52000045776367,45.52000045776367,45.52000045776367,531.0
2023-03-09 11:40:00,HUT,1.4199999570846558,1.4199999570846558,1.4199999570846558,1.4149999618530273,1.4198999404907227,50182.0
2023-03-09 11:40:00,HWC,44.33000183105469,44.33000183105469,44.33000183105469,44.25,44.25,1527.0
2023-03-09 11:40:00,IBKR,88.1449966430664,88.1449966430664,88.1449966430664,88.13480377197266,88.13480377197266,984.0
2023-03-09 11:40:00,INTR,2.015000104904175,2.015000104904175,2.015000104904175,2.015000104904175,2.015000104904175,105.0
2023-03-09 11:41:00,ABCB,43.16999816894531,43.16999816894531,43.16999816894531,43.130001068115234,43.130001068115234,648.0
2023-03-09 11:41:00,ACGL,69.80000305175781,69.80000305175781,69.83000183105469,69.7699966430664,69.7699966430664,16532.0
2023-03-09 11:41:00,ACT,24.1299991607666,24.1299991607666,24.1299991607666,24.100000381469727,24.100000381469727,604.0
2023-03-09 11:41:00,AIHS,0.8899000287055969,0.8899000287055969,0.8899000287055969,0.8899000287055969,0.8899000287055969,275.0
2023-03-09 11:41:00,AMTB,25.719999313354492,25.719999313354492,25.719999313354492,25.719999313354492,25.719999313354492,528.0
2023-03-09 11:41:00,ARBK,1.4900000095367432,1.4900000095367432,1.4900000095367432,1.4900000095367432,1.4900000095367432,466.0
2023-03-09 11:41:00,ARCC,19.055700302124023,19.055700302124023,19.059900283813477,19.05500030517578,19.05500030517578,6556.0
2023-03-09 11:41:00,ATLO,23.600000381469727,23.600000381469727,23.6299991607666,23.600000381469727,23.6299991607666,796.0
2023-03-09 11:41:00,AUB,37.02000045776367,37.02000045776367,37.03499984741211,37.02000045776367,37.02000045776367,576.0
2023-03-09 11:41:00,BCBP,15.9399995803833,15.9399995803833,15.9399995803833,15.9399995803833,15.9399995803833,100.0
2023-03-09 11:41:00,BGCP,5.014999866485596,5.014999866485596,5.014999866485596,5.014999866485596,5.014999866485596,580.0
2023-03-09 11:41:00,BHF,52.97999954223633,52.97999954223633,52.97999954223633,52.97999954223633,52.97999954223633,201.0
2023-03-09 11:41:00,BITF,0.7950000166893005,0.7950000166893005,0.7954999804496765,0.7950000166893005,0.7954999804496765,3714.0
2023-03-09 11:41:00,BKCC,3.6600000858306885,3.6600000858306885,3.6600000858306885,3.6600000858306885,3.6600000858306885,214.0
2023-03-09 11:41:00,BOKF,95.86000061035156,95.86000061035156,95.86000061035156,95.86000061035156,95.86000061035156,445.0
2023-03-09 11:41:00,BPAC,10.404999732971191,10.404999732971191,10.404999732971191,10.404999732971191,10.404999732971191,500.0
2023-03-09 11:41:00,BPOP,62.209999084472656,62.209999084472656,62.209999084472656,62.130001068115234,62.130001068115234,715.0
2023-03-09 11:41:00,BRKL,11.579999923706055,11.579999923706055,11.604999542236328,11.579999923706055,11.600000381469727,4048.0
2023-03-09 11:41:00,BSRR,19.479999542236328,19.479999542236328,19.479999542236328,19.479999542236328,19.479999542236328,100.0
2023-03-09 11:41:00,BTBT,1.1549999713897705,1.1549999713897705,1.1549999713897705,1.149999976158142,1.149999976158142,1235.0
2023-03-09 11:41:00,BWB,13.4399995803833,13.4399995803833,13.4399995803833,13.43970012664795,13.439900398254395,654.0
2023-03-09 11:41:00,CACC,438.5299987792969,438.5299987792969,438.5299987792969,438.5299987792969,438.5299987792969,125.0
2023-03-09 11:41:00,CASH,47.75,47.75,47.7599983215332,47.75,47.75,1386.0
2023-03-09 11:41:00,CATY,39.59000015258789,39.59000015258789,39.61000061035156,39.59000015258789,39.61000061035156,1036.0
2023-03-09 11:41:00,CCAI,10.489800453186035,10.489800453186035,10.489800453186035,10.484999656677246,10.484999656677246,400.0
2023-03-09 11:41:00,CCAP,15.020000457763672,15.020000457763672,15.020000457763672,15.020000457763672,15.020000457763672,276.0
2023-03-09 11:41:00,CG,34.16999816894531,34.16999816894531,34.19499969482422,34.165000915527344,34.16999816894531,5446.0
2023-03-09 11:41:00,CHCO,90.91999816894531,90.91999816894531,90.91999816894531,90.83999633789062,90.83999633789062,600.0
2023-03-09 11:41:00,CINF,116.63999938964844,116.63999938964844,116.63999938964844,116.55000305175781,116.55000305175781,1739.0
2023-03-09 11:41:00,CME,179.2550048828125,179.2550048828125,179.35000610351562,179.22000122070312,179.31500244140625,4352.0
2023-03-09 11:41:00,COLB,25.393999099731445,25.393999099731445,25.41990089416504,25.393999099731445,25.401399612426758,14640.0
2023-03-09 11:41:00,COOP,44.70000076293945,44.70000076293945,44.70000076293945,44.70000076293945,44.70000076293945,311.0
2023-03-09 11:41:00,CSQ,13.984999656677246,13.984999656677246,13.984999656677246,13.984999656677246,13.984999656677246,136.0
2023-03-09 11:41:00,CSWC,18.579999923706055,18.579999923706055,18.579999923706055,18.579999923706055,18.579999923706055,668.0
2023-03-09 11:41:00,CTBI,40.27000045776367,40.27000045776367,40.27000045776367,40.27000045776367,40.27000045776367,334.0
2023-03-09 11:41:00,DCOM,29.479999542236328,29.479999542236328,29.5,29.479999542236328,29.5,210.0
2023-03-09 11:41:00,DCOMP,19.649999618530273,19.649999618530273,19.700000762939453,19.649999618530273,19.700000762939453,609.0
2023-03-09 11:41:00,EBC,14.755000114440918,14.755000114440918,14.755000114440918,14.75,14.75,1005.0
2023-03-09 11:41:00,ECBK,15.100000381469727,15.100000381469727,15.100000381469727,15.09000015258789,15.100000381469727,377.0
2023-03-09 11:41:00,ECPG,50.5,50.5,50.5,50.5,50.5,103.0
2023-03-09 11:41:00,EGBN,40.849998474121094,40.849998474121094,40.869998931884766,40.849998474121094,40.869998931884766,1096.0
2023-03-09 11:41:00,EWBC,68.43000030517578,68.43000030517578,68.48500061035156,68.43000030517578,68.48500061035156,1010.0
2023-03-09 11:41:00,EZPW,8.869999885559082,8.869999885559082,8.890000343322754,8.869999885559082,8.890000343322754,1631.0
2023-03-09 11:41:00,FBMS,28.530000686645508,28.530000686645508,28.530000686645508,28.530000686645508,28.530000686645508,1109.0
2023-03-09 11:41:00,FCNCA,656.8499755859375,656.8499755859375,656.8499755859375,656.8499755859375,656.8499755859375,204.0
2023-03-09 11:41:00,FFIN,33.84000015258789,33.84000015258789,33.84000015258789,33.82500076293945,33.84000015258789,709.0
2023-03-09 11:41:00,FFWM,13.100000381469727,13.100000381469727,13.109999656677246,13.09000015258789,13.100000381469727,1404.0
2023-03-09 11:41:00,FHB,24.149999618530273,24.149999618530273,24.149999618530273,24.149999618530273,24.149999618530273,358.0
2023-03-09 11:41:00,FIBK,32.630001068115234,32.630001068115234,32.63999938964844,32.630001068115234,32.63999938964844,694.0
2023-03-09 11:41:00,FITB,32.34000015258789,32.34000015258789,32.36000061035156,32.334999084472656,32.36000061035156,11195.0
2023-03-09 11:41:00,FMNB,13.15999984741211,13.15999984741211,13.15999984741211,13.15999984741211,13.15999984741211,468.0
2023-03-09 11:41:00,FOCS,51.7599983215332,51.7599983215332,51.7599983215332,51.7599983215332,51.7599983215332,202.0
2023-03-09 11:41:00,FRST,11.039999961853027,11.039999961853027,11.039999961853027,11.039999961853027,11.039999961853027,502.0
2023-03-09 11:41:00,FSBW,33.630001068115234,33.630001068115234,33.630001068115234,33.630001068115234,33.630001068115234,182.0
2023-03-09 11:41:00,FULT,15.770000457763672,15.770000457763672,15.774999618530273,15.770000457763672,15.770000457763672,1499.0
2023-03-09 11:41:00,FUTU,46.47999954223633,46.47999954223633,46.5099983215332,46.47999954223633,46.5099983215332,425.0
2023-03-09 11:41:00,GCMG,8.430000305175781,8.430000305175781,8.430000305175781,8.430000305175781,8.430000305175781,101.0
2023-03-09 11:41:00,GGAL,12.6899995803833,12.6899995803833,12.6899995803833,12.680000305175781,12.6850004196167,1096.0
2023-03-09 11:41:00,GLAD,9.920000076293945,9.920000076293945,9.920000076293945,9.920000076293945,9.920000076293945,1192.0
2023-03-09 11:41:00,GLRE,10.020000457763672,10.020000457763672,10.020000457763672,10.020000457763672,10.020000457763672,200.0
2023-03-09 11:41:00,GXII,10.119999885559082,10.119999885559082,10.119999885559082,10.119999885559082,10.119999885559082,100.0
2023-03-09 11:41:00,HBAN,13.994999885559082,13.994999885559082,14.015000343322754,13.989999771118164,14.015000343322754,128279.0
2023-03-09 11:41:00,HLNE,76.55999755859375,76.55999755859375,76.55999755859375,76.55999755859375,76.55999755859375,341.0
2023-03-09 11:41:00,HONE,12.755000114440918,12.755000114440918,12.755000114440918,12.755000114440918,12.755000114440918,175.0
2023-03-09 11:41:00,HTBK,10.970000267028809,10.970000267028809,10.970000267028809,10.970000267028809,10.970000267028809,135.0
2023-03-09 11:41:00,HUT,1.4200999736785889,1.4200999736785889,1.4299999475479126,1.409999966621399,1.419100046157837,75108.0
2023-03-09 11:41:00,HWC,44.31999969482422,44.31999969482422,44.33000183105469,44.31999969482422,44.33000183105469,757.0
2023-03-09 11:41:00,IGIC,8.220000267028809,8.220000267028809,8.274999618530273,8.220000267028809,8.274999618530273,380.0
2023-03-09 11:41:00,INDB,72.0199966430664,72.0199966430664,72.19999694824219,72.0199966430664,72.19000244140625,3252.0
2023-03-09 11:41:00,INTR,2.015000104904175,2.015000104904175,2.015000104904175,2.015000104904175,2.015000104904175,100.0
2023-03-09 11:42:00,ABCB,43.08000183105469,43.08000183105469,43.11000061035156,43.08000183105469,43.11000061035156,773.0
2023-03-09 11:42:00,ACGL,69.81999969482422,69.81999969482422,69.81999969482422,69.79000091552734,69.79000091552734,7383.0
2023-03-09 11:42:00,AMAL,21.030000686645508,21.030000686645508,21.030000686645508,21.0,21.0,1277.0
2023-03-09 11:42:00,AMNB,31.86199951171875,31.86199951171875,31.86199951171875,31.86199951171875,31.86199951171875,210.0
2023-03-09 11:42:00,APLD,2.184999942779541,2.184999942779541,2.184999942779541,2.180000066757202,2.180000066757202,469.0
2023-03-09 11:42:00,ARCC,19.05500030517578,19.05500030517578,19.059900283813477,19.049999237060547,19.049999237060547,5771.0
2023-03-09 11:42:00,ATLO,23.5049991607666,23.5049991607666,23.5049991607666,23.5049991607666,23.5049991607666,201.0
2023-03-09 11:42:00,AUB,36.970001220703125,36.970001220703125,37.02000045776367,36.970001220703125,37.02000045776367,3346.0
2023-03-09 11:42:00,BANF,85.93000030517578,85.93000030517578,85.93000030517578,85.93000030517578,85.93000030517578,126.0
2023-03-09 11:42:00,BANR,58.25,58.25,58.380001068115234,58.25,58.380001068115234,1650.0
2023-03-09 11:42:00,BGCP,5.011000156402588,5.011000156402588,5.011000156402588,5.011000156402588,5.011000156402588,3083.0
2023-03-09 11:42:00,BHF,52.939998626708984,52.939998626708984,52.96500015258789,52.939998626708984,52.96500015258789,935.0
2023-03-09 11:42:00,BHFAM,16.479999542236328,16.479999542236328,16.500099182128906,16.479999542236328,16.5,3623.0
2023-03-09 11:42:00,BHFAN,18.93000030517578,18.93000030517578,18.989999771118164,18.899999618530273,18.950000762939453,1505.0
2023-03-09 11:42:00,BKCC,3.6600000858306885,3.6600000858306885,3.667799949645996,3.6600000858306885,3.667799949645996,1065.0
2023-03-09 11:42:00,BMRC,27.110000610351562,27.110000610351562,27.110000610351562,27.110000610351562,27.110000610351562,290.0
2023-03-09 11:42:00,BOTJ,13.119999885559082,13.119999885559082,13.119999885559082,13.119999885559082,13.119999885559082,0.0
2023-03-09 11:42:00,BPOP,62.18000030517578,62.18000030517578,62.18000030517578,62.08000183105469,62.08000183105469,1655.0
2023-03-09 11:42:00,BRKL,11.578900337219238,11.578900337219238,11.578900337219238,11.569999694824219,11.574999809265137,862.0
2023-03-09 11:42:00,BRP,26.165000915527344,26.165000915527344,26.18000030517578,26.15999984741211,26.15999984741211,2198.0
2023-03-09 11:42:00,BTBT,1.1549999713897705,1.1549999713897705,1.1549999713897705,1.1549999713897705,1.1549999713897705,209.0
2023-03-09 11:42:00,CAC,39.0,39.0,39.0099983215332,39.0,39.0099983215332,1651.0
2023-03-09 11:42:00,CARE,16.219999313354492,16.219999313354492,16.219999313354492,16.219999313354492,16.219999313354492,244.0
2023-03-09 11:42:00,CASH,47.744998931884766,47.744998931884766,47.75,47.7400016784668,47.75,1575.0
2023-03-09 11:42:00,CBNK,19.0,19.0,19.0,19.0,19.0,439.0
2023-03-09 11:42:00,CBSH,61.619998931884766,61.619998931884766,61.65999984741211,61.599998474121094,61.65999984741211,2392.0
2023-03-09 11:42:00,CCNE,22.540000915527344,22.540000915527344,22.540000915527344,22.540000915527344,22.540000915527344,2429.0
2023-03-09 11:42:00,CFB,12.380000114440918,12.380000114440918,12.40999984741211,12.380000114440918,12.40999984741211,1690.0
2023-03-09 11:42:00,CG,34.185001373291016,34.185001373291016,34.185001373291016,34.15999984741211,34.15999984741211,1588.0
2023-03-09 11:42:00,CGBD,14.994999885559082,14.994999885559082,15.010000228881836,14.994999885559082,15.010000228881836,5207.0
2023-03-09 11:42:00,CHCO,90.71510314941406,90.71510314941406,90.71510314941406,90.71510314941406,90.71510314941406,244.0
2023-03-09 11:42:00,CINF,116.62999725341797,116.62999725341797,116.62999725341797,116.62999725341797,116.62999725341797,244.0
2023-03-09 11:42:00,CIVB,20.6299991607666,20.6299991607666,20.6299991607666,20.6299991607666,20.6299991607666,121.0
2023-03-09 11:42:00,CLBK,19.719999313354492,19.719999313354492,19.75,19.719999313354492,19.75,1301.0
2023-03-09 11:42:00,CME,179.21530151367188,179.21530151367188,179.27999877929688,179.1999969482422,179.23500061035156,6198.0
2023-03-09 11:42:00,CNOB,22.170000076293945,22.170000076293945,22.21500015258789,22.170000076293945,22.21500015258789,656.0
2023-03-09 11:42:00,COLB,25.399999618530273,25.399999618530273,25.409099578857422,25.3799991607666,25.389999389648438,23338.0
2023-03-09 11:42:00,COOP,44.56999969482422,44.56999969482422,44.724998474121094,44.56999969482422,44.70000076293945,3111.0
2023-03-09 11:42:00,CSTR,15.5600004196167,15.5600004196167,15.5600004196167,15.5600004196167,15.5600004196167,640.0
2023-03-09 11:42:00,CVBF,21.969999313354492,21.969999313354492,21.989999771118164,21.969999313354492,21.989999771118164,1212.0
2023-03-09 11:42:00,DCOM,29.5049991607666,29.5049991607666,29.5049991607666,29.5,29.5,533.0
2023-03-09 11:42:00,EBC,14.744999885559082,14.744999885559082,14.75,14.739999771118164,14.75,1407.0
2023-03-09 11:42:00,ECPG,50.459999084472656,50.459999084472656,50.459999084472656,50.459999084472656,50.459999084472656,217.0
2023-03-09 11:42:00,EGBN,40.77000045776367,40.77000045776367,40.83000183105469,40.77000045776367,40.83000183105469,1241.0
2023-03-09 11:42:00,EQBK,27.934999465942383,27.934999465942383,27.950000762939453,27.8700008392334,27.8799991607666,2296.0
2023-03-09 11:42:00,EWBC,68.31999969482422,68.31999969482422,68.38999938964844,68.31999969482422,68.38999938964844,1754.0
2023-03-09 11:42:00,EZPW,8.869999885559082,8.869999885559082,8.875,8.864999771118164,8.869999885559082,1939.0
2023-03-09 11:42:00,FBIZ,33.77000045776367,33.77000045776367,33.779998779296875,33.77000045776367,33.779998779296875,683.0
2023-03-09 11:42:00,FBMS,28.5,28.5,28.5,28.479999542236328,28.5,941.0
2023-03-09 11:42:00,FBNC,38.560001373291016,38.560001373291016,38.560001373291016,38.54999923706055,38.560001373291016,661.0
2023-03-09 11:42:00,FCFS,88.03500366210938,88.03500366210938,88.03500366210938,88.03500366210938,88.03500366210938,568.0
2023-03-09 11:42:00,FCNCA,657.0,657.0,657.0,656.25,657.0,954.0
2023-03-09 11:42:00,FFBC,22.43000030517578,22.43000030517578,22.450000762939453,22.43000030517578,22.450000762939453,1784.0
2023-03-09 11:42:00,FFIC,17.309999465942383,17.309999465942383,17.34000015258789,17.309999465942383,17.34000015258789,1173.0
2023-03-09 11:42:00,FFIN,33.779998779296875,33.779998779296875,33.810001373291016,33.779998779296875,33.810001373291016,1717.0
2023-03-09 11:42:00,FHB,24.139999389648438,24.139999389648438,24.139999389648438,24.1299991607666,24.139999389648438,1140.0
2023-03-09 11:42:00,FIBK,32.599998474121094,32.599998474121094,32.599998474121094,32.599998474121094,32.599998474121094,318.0
2023-03-09 11:42:00,FITB,32.314998626708984,32.314998626708984,32.34000015258789,32.29999923706055,32.34000015258789,7614.0
2023-03-09 11:42:00,FOCS,51.755001068115234,51.755001068115234,51.755001068115234,51.75,51.75,511.0
2023-03-09 11:42:00,FRBA,12.899999618530273,12.899999618530273,12.899999618530273,12.899999618530273,12.899999618530273,1060.0
2023-03-09 11:42:00,FRBK,1.7549999952316284,1.7549999952316284,1.7549999952316284,1.75,1.75,301.0
2023-03-09 11:42:00,FRME,37.60499954223633,37.60499954223633,37.65999984741211,37.599998474121094,37.65999984741211,2032.0
2023-03-09 11:42:00,FSBC,25.5,25.5,25.5,25.5,25.5,418.0
2023-03-09 11:42:00,FSEA,9.920000076293945,9.920000076293945,9.920000076293945,9.90999984741211,9.90999984741211,854.0
2023-03-09 11:42:00,FULT,15.744999885559082,15.744999885559082,15.760000228881836,15.744999885559082,15.760000228881836,1862.0
2023-03-09 11:42:00,FUTU,46.47999954223633,46.47999954223633,46.5,46.45000076293945,46.494998931884766,3508.0
2023-03-09 11:42:00,GABC,35.79999923706055,35.79999923706055,35.79999923706055,35.79999923706055,35.79999923706055,557.0
2023-03-09 11:42:00,GBDC,13.479999542236328,13.479999542236328,13.479999542236328,13.479999542236328,13.479999542236328,203.0
2023-03-09 11:42:00,GCMG,8.430000305175781,8.430000305175781,8.430000305175781,8.430000305175781,8.430000305175781,108.0
2023-03-09 11:42:00,GGAL,12.6899995803833,12.6899995803833,12.6899995803833,12.6899995803833,12.6899995803833,100.0
2023-03-09 11:42:00,GLAD,9.899999618530273,9.899999618530273,9.920100212097168,9.899999618530273,9.920000076293945,7880.0
2023-03-09 11:42:00,GLRE,10.01990032196045,10.01990032196045,10.01990032196045,10.01990032196045,10.01990032196045,204.0
2023-03-09 11:42:00,HAFC,21.899999618530273,21.899999618530273,21.90999984741211,21.899999618530273,21.90999984741211,1025.0
2023-03-09 11:42:00,HBAN,13.979999542236328,13.979999542236328,14.0,13.960000038146973,13.989999771118164,260247.0
2023-03-09 11:42:00,HBCP,36.25,36.25,36.25,36.25,36.25,110.0
2023-03-09 11:42:00,HBNC,13.960000038146973,13.960000038146973,13.960000038146973,13.960000038146973,13.960000038146973,862.0
2023-03-09 11:42:00,HIVE,2.609999895095825,2.609999895095825,2.609999895095825,2.609999895095825,2.609999895095825,192.0
2023-03-09 11:42:00,HLNE,76.5,76.5,76.5,76.45999908447266,76.45999908447266,458.0
2023-03-09 11:42:00,HMST,22.610000610351562,22.610000610351562,22.610000610351562,22.610000610351562,22.610000610351562,413.0
2023-03-09 11:42:00,HONE,12.744999885559082,12.744999885559082,12.75,12.744999885559082,12.75,985.0
2023-03-09 11:42:00,HOPE,11.920000076293945,11.920000076293945,11.949999809265137,11.920000076293945,11.949999809265137,7457.0
2023-03-09 11:42:00,HTBI,27.610000610351562,27.610000610351562,27.610000610351562,27.610000610351562,27.610000610351562,519.0
2023-03-09 11:42:00,HTBK,10.960000038146973,10.960000038146973,10.970000267028809,10.960000038146973,10.970000267028809,329.0
2023-03-09 11:42:00,HTLF,45.5099983215332,45.5099983215332,45.54999923706055,45.5099983215332,45.54999923706055,1164.0
2023-03-09 11:42:00,HUT,1.4189000129699707,1.4189000129699707,1.4249999523162842,1.4112999439239502,1.4199999570846558,122767.0
2023-03-09 11:42:00,HWC,44.2599983215332,44.2599983215332,44.31999969482422,44.2599983215332,44.31999969482422,1638.0
2023-03-09 11:42:00,IBCP,20.56999969482422,20.56999969482422,20.56999969482422,20.56999969482422,20.56999969482422,111.0
2023-03-09 11:42:00,IBKR,87.93000030517578,87.93000030517578,88.08999633789062,87.93000030517578,88.08999633789062,2220.0
2023-03-09 11:42:00,IBOC,44.9900016784668,44.9900016784668,45.0099983215332,44.97999954223633,45.0099983215332,1477.0
2023-03-09 11:42:00,IBTX,52.650001525878906,52.650001525878906,52.650001525878906,52.650001525878906,52.650001525878906,278.0
2023-03-09 11:42:00,INDB,72.01000213623047,72.01000213623047,72.01000213623047,72.01000213623047,72.01000213623047,623.0
2023-03-09 11:42:00,INTR,2.009999990463257,2.009999990463257,2.009999990463257,2.009999990463257,2.009999990463257,100.0
2023-03-09 11:43:00,ABCB,43.09000015258789,43.09000015258789,43.119998931884766,43.09000015258789,43.119998931884766,816.0
2023-03-09 11:43:00,ACGL,69.83999633789062,69.83999633789062,69.84500122070312,69.82499694824219,69.82499694824219,2895.0
2023-03-09 11:43:00,ACT,24.125,24.125,24.125,24.125,24.125,595.0
2023-03-09 11:43:00,AMAL,21.049999237060547,21.049999237060547,21.049999237060547,21.049999237060547,21.049999237060547,200.0
2023-03-09 11:43:00,ARCC,19.050100326538086,19.050100326538086,19.059900283813477,19.049999237060547,19.059900283813477,3288.0
2023-03-09 11:43:00,ARYD,10.289999961853027,10.289999961853027,10.289999961853027,10.289999961853027,10.289999961853027,1000.0
2023-03-09 11:43:00,ATLO,23.56999969482422,23.56999969482422,23.56999969482422,23.56999969482422,23.56999969482422,125.0
2023-03-09 11:43:00,AUB,37.0,37.0,37.029998779296875,36.9900016784668,36.9900016784668,4008.0
2023-03-09 11:43:00,BANF,85.93000030517578,85.93000030517578,85.93000030517578,85.93000030517578,85.93000030517578,313.0
2023-03-09 11:43:00,BANR,58.22999954223633,58.22999954223633,58.22999954223633,58.22999954223633,58.22999954223633,223.0
2023-03-09 11:43:00,BCBP,15.930000305175781,15.930000305175781,15.930000305175781,15.930000305175781,15.930000305175781,125.0
2023-03-09 11:43:00,BCML,19.610000610351562,19.610000610351562,19.610000610351562,19.610000610351562,19.610000610351562,149.0
2023-03-09 11:43:00,BGCP,5.009900093078613,5.009900093078613,5.014999866485596,5.009900093078613,5.014999866485596,1886.0
2023-03-09 11:43:00,BHF,52.97999954223633,52.97999954223633,52.97999954223633,52.97999954223633,52.97999954223633,271.0
2023-03-09 11:43:00,BKCC,3.6600000858306885,3.6600000858306885,3.6600000858306885,3.6600000858306885,3.6600000858306885,255.0
2023-03-09 11:43:00,BOKF,95.70999908447266,95.70999908447266,95.70999908447266,95.70999908447266,95.70999908447266,200.0
2023-03-09 11:43:00,BPOP,62.20500183105469,62.20500183105469,62.209999084472656,62.150001525878906,62.189998626708984,1332.0
2023-03-09 11:43:00,BPRN,33.349998474121094,33.349998474121094,33.349998474121094,33.349998474121094,33.349998474121094,521.0
2023-03-09 11:43:00,BRP,26.114999771118164,26.114999771118164,26.190000534057617,26.100000381469727,26.190000534057617,2811.0
2023-03-09 11:43:00,BSRR,19.450000762939453,19.450000762939453,19.479999542236328,19.450000762939453,19.450000762939453,658.0
2023-03-09 11:43:00,BWB,13.430000305175781,13.430000305175781,13.430000305175781,13.430000305175781,13.430000305175781,462.0
2023-03-09 11:43:00,CARE,16.209999084472656,16.209999084472656,16.209999084472656,16.209999084472656,16.209999084472656,200.0
2023-03-09 11:43:00,CASH,47.720001220703125,47.720001220703125,47.720001220703125,47.720001220703125,47.720001220703125,878.0
2023-03-09 11:43:00,CATC,70.56999969482422,70.56999969482422,70.56999969482422,70.56999969482422,70.56999969482422,478.0
2023-03-09 11:43:00,CBSH,61.595001220703125,61.595001220703125,61.595001220703125,61.595001220703125,61.595001220703125,100.0
2023-03-09 11:43:00,CCAP,15.0,15.0,15.010000228881836,15.0,15.010000228881836,3474.0
2023-03-09 11:43:00,CCNE,22.530000686645508,22.530000686645508,22.530000686645508,22.530000686645508,22.530000686645508,241.0
2023-03-09 11:43:00,CG,34.165000915527344,34.165000915527344,34.20000076293945,34.165000915527344,34.18000030517578,7222.0
2023-03-09 11:43:00,CGBD,15.020000457763672,15.020000457763672,15.029999732971191,15.010000228881836,15.010000228881836,4119.0
2023-03-09 11:43:00,CHCO,90.55999755859375,90.55999755859375,90.55999755859375,90.55999755859375,90.55999755859375,182.0
2023-03-09 11:43:00,CME,179.20550537109375,179.20550537109375,179.26499938964844,179.19000244140625,179.24000549316406,1232.0
2023-03-09 11:43:00,COLB,25.280000686645508,25.280000686645508,25.409900665283203,25.280000686645508,25.409900665283203,16971.0
2023-03-09 11:43:00,COOP,44.56999969482422,44.56999969482422,44.599998474121094,44.56999969482422,44.59000015258789,543.0
2023-03-09 11:43:00,CSWC,18.57509994506836,18.57509994506836,18.579999923706055,18.56999969482422,18.575000762939453,8554.0
2023-03-09 11:43:00,CVBF,21.979999542236328,21.979999542236328,21.9950008392334,21.969999313354492,21.969999313354492,2334.0
2023-03-09 11:43:00,CZNC,22.15999984741211,22.15999984741211,22.15999984741211,22.15999984741211,22.15999984741211,200.0
2023-03-09 11:43:00,DCOM,29.5,29.5,29.5,29.5,29.5,1515.0
2023-03-09 11:43:00,DNAD,10.204999923706055,10.204999923706055,10.204999923706055,10.204999923706055,10.204999923706055,100.0
2023-03-09 11:43:00,EBC,14.75,14.75,14.75529956817627,14.75,14.75,1200.0
2023-03-09 11:43:00,EHTH,9.0,9.0,9.020000457763672,9.0,9.020000457763672,467.0
2023-03-09 11:43:00,EQBK,28.0,28.0,28.0,28.0,28.0,723.0
2023-03-09 11:43:00,EWBC,68.22000122070312,68.22000122070312,68.30999755859375,68.22000122070312,68.30999755859375,1876.0
2023-03-09 11:43:00,FBNC,38.505001068115234,38.505001068115234,38.540000915527344,38.470001220703125,38.47999954223633,2682.0
2023-03-09 11:43:00,FCFS,87.91999816894531,87.91999816894531,87.91999816894531,87.91999816894531,87.91999816894531,575.0
2023-03-09 11:43:00,FCNCA,657.0,657.0,657.0,657.0,657.0,460.0
2023-03-09 11:43:00,FDUS,20.40570068359375,20.40570068359375,20.40570068359375,20.40570068359375,20.40570068359375,414.0
2023-03-09 11:43:00,FFIN,33.7599983215332,33.7599983215332,33.790000915527344,33.7599983215332,33.790000915527344,1291.0
2023-03-09 11:43:00,FFWM,13.079999923706055,13.079999923706055,13.09000015258789,13.079999923706055,13.09000015258789,781.0
2023-03-09 11:43:00,FHB,24.1299991607666,24.1299991607666,24.1299991607666,24.1299991607666,24.1299991607666,651.0
2023-03-09 11:43:00,FIBK,32.61000061035156,32.61000061035156,32.61000061035156,32.595001220703125,32.595001220703125,835.0
2023-03-09 11:43:00,FITB,32.30500030517578,32.30500030517578,32.34000015258789,32.29999923706055,32.310001373291016,6091.0
2023-03-09 11:43:00,FLIC,16.16990089416504,16.16990089416504,16.18000030517578,16.155000686645508,16.155000686645508,1462.0
2023-03-09 11:43:00,FOCS,51.75,51.75,51.755001068115234,51.75,51.75,413.0
2023-03-09 11:43:00,FRBK,1.75,1.75,1.75,1.75,1.75,100.0
2023-03-09 11:43:00,FRON,10.1850004196167,10.1850004196167,10.1899995803833,10.1850004196167,10.1850004196167,718.0
2023-03-09 11:43:00,FSBC,25.510000228881836,25.510000228881836,25.510000228881836,25.5,25.5,428.0
2023-03-09 11:43:00,FULT,15.739999771118164,15.739999771118164,15.75,15.739999771118164,15.75,2064.0
2023-03-09 11:43:00,FUTU,46.529998779296875,46.529998779296875,46.529998779296875,46.45000076293945,46.47010040283203,4770.0
2023-03-09 11:43:00,GBDC,13.479999542236328,13.479999542236328,13.484999656677246,13.479999542236328,13.479999542236328,346.0
2023-03-09 11:43:00,GCMG,8.430000305175781,8.430000305175781,8.430000305175781,8.430000305175781,8.430000305175781,102.0
2023-03-09 11:43:00,GLBZ,8.0,8.0,8.0,8.0,8.0,100.0
2023-03-09 11:43:00,GXII,10.119999885559082,10.119999885559082,10.119999885559082,10.119999885559082,10.119999885559082,100.0
2023-03-09 11:43:00,HBAN,13.949999809265137,13.949999809265137,13.979999542236328,13.949999809265137,13.972399711608887,21851.0
2023-03-09 11:43:00,HLNE,76.58000183105469,76.58000183105469,76.58000183105469,76.58000183105469,76.58000183105469,128.0
2023-03-09 11:43:00,HOPE,11.920000076293945,11.920000076293945,11.920000076293945,11.920000076293945,11.920000076293945,2677.0
2023-03-09 11:43:00,HTBK,10.960000038146973,10.960000038146973,10.960000038146973,10.960000038146973,10.960000038146973,428.0
2023-03-09 11:43:00,HUT,1.4110000133514404,1.4110000133514404,1.4198999404907227,1.4110000133514404,1.4149999618530273,10800.0
2023-03-09 11:43:00,HWC,44.25,44.25,44.25,44.25,44.25,1442.0
2023-03-09 11:43:00,IBCP,20.559999465942383,20.559999465942383,20.565000534057617,20.559999465942383,20.565000534057617,482.0
2023-03-09 11:43:00,IBKR,87.93000030517578,87.93000030517578,87.95999908447266,87.93000030517578,87.95999908447266,647.0
2023-03-09 11:43:00,IBOC,45.02000045776367,45.02000045776367,45.02000045776367,45.02000045776367,45.02000045776367,250.0
2023-03-09 11:43:00,IBTX,52.66999816894531,52.66999816894531,52.66999816894531,52.66999816894531,52.66999816894531,304.0
2023-03-09 11:43:00,INTR,2.009999990463257,2.009999990463257,2.009999990463257,2.009999990463257,2.009999990463257,222.0
2023-03-09 11:44:00,ABCB,43.07830047607422,43.07830047607422,43.07830047607422,43.07830047607422,43.07830047607422,914.0
2023-03-09 11:44:00,ACGL,69.87999725341797,69.87999725341797,69.87999725341797,69.83999633789062,69.84539794921875,4486.0
2023-03-09 11:44:00,ACT,24.125,24.125,24.125,24.125,24.125,111.0
2023-03-09 11:44:00,AMAL,21.040000915527344,21.040000915527344,21.040000915527344,21.040000915527344,21.040000915527344,193.0
2023-03-09 11:44:00,APLD,2.1649999618530273,2.1649999618530273,2.1700000762939453,2.1649999618530273,2.1700000762939453,983.0
2023-03-09 11:44:00,ARCC,19.052900314331055,19.052900314331055,19.059900283813477,19.049999237060547,19.05500030517578,1121.0
2023-03-09 11:44:00,AUB,37.029998779296875,37.029998779296875,37.029998779296875,36.97999954223633,36.97999954223633,1074.0
2023-03-09 11:44:00,BANR,58.20000076293945,58.20000076293945,58.20000076293945,58.20000076293945,58.20000076293945,359.0
2023-03-09 11:44:00,BFIN,10.260000228881836,10.260000228881836,10.302499771118164,10.260000228881836,10.260000228881836,2314.0
2023-03-09 11:44:00,BFST,18.649999618530273,18.649999618530273,18.649999618530273,18.649999618530273,18.649999618530273,395.0
2023-03-09 11:44:00,BGCP,5.005000114440918,5.005000114440918,5.005000114440918,5.0,5.0,1781.0
2023-03-09 11:44:00,BHF,53.0099983215332,53.0099983215332,53.0099983215332,52.99150085449219,52.99150085449219,713.0
2023-03-09 11:44:00,BITF,0.7932000160217285,0.7932000160217285,0.7932000160217285,0.7930999994277954,0.7930999994277954,200.0
2023-03-09 11:44:00,BKCC,3.6600000858306885,3.6600000858306885,3.6600000858306885,3.6600000858306885,3.6600000858306885,227.0
2023-03-09 11:44:00,BPOP,62.13999938964844,62.13999938964844,62.224998474121094,62.119998931884766,62.224998474121094,3570.0
2023-03-09 11:44:00,BRKL,11.569999694824219,11.569999694824219,11.569999694824219,11.569999694824219,11.569999694824219,692.0
2023-03-09 11:44:00,BRP,26.1299991607666,26.1299991607666,26.139999389648438,26.1299991607666,26.1299991607666,577.0
2023-03-09 11:44:00,BTBT,1.1504000425338745,1.1504000425338745,1.1504000425338745,1.1504000425338745,1.1504000425338745,971.0
2023-03-09 11:44:00,BWFG,27.92970085144043,27.92970085144043,27.92970085144043,27.92970085144043,27.92970085144043,479.0
2023-03-09 11:44:00,CATY,39.474998474121094,39.474998474121094,39.474998474121094,39.474998474121094,39.474998474121094,686.0
2023-03-09 11:44:00,CBSH,61.63999938964844,61.63999938964844,61.63999938964844,61.63999938964844,61.63999938964844,274.0
2023-03-09 11:44:00,CFFN,7.565000057220459,7.565000057220459,7.570000171661377,7.565000057220459,7.570000171661377,1492.0
2023-03-09 11:44:00,CG,34.16999816894531,34.16999816894531,34.189998626708984,34.15999984741211,34.15999984741211,3708.0
2023-03-09 11:44:00,CGBD,15.005000114440918,15.005000114440918,15.005000114440918,15.005000114440918,15.005000114440918,800.0
2023-03-09 11:44:00,CHCO,90.62999725341797,90.62999725341797,90.62999725341797,90.62999725341797,90.62999725341797,524.0
2023-03-09 11:44:00,CINF,116.69999694824219,116.69999694824219,116.69999694824219,116.62999725341797,116.69000244140625,862.0
2023-03-09 11:44:00,CME,179.2899932861328,179.2899932861328,179.3000030517578,179.1699981689453,179.23500061035156,7452.0
2023-03-09 11:44:00,COLB,25.309999465942383,25.309999465942383,25.329999923706055,25.270000457763672,25.270000457763672,11356.0
2023-03-09 11:44:00,COOP,44.70000076293945,44.70000076293945,44.7400016784668,44.630001068115234,44.63999938964844,5585.0
2023-03-09 11:44:00,CRVL,179.1999969482422,179.1999969482422,179.1999969482422,178.89999389648438,178.89999389648438,1026.0
2023-03-09 11:44:00,CSWC,18.56999969482422,18.56999969482422,18.56999969482422,18.56999969482422,18.56999969482422,845.0
2023-03-09 11:44:00,CVCY,24.350000381469727,24.350000381469727,24.389999389648438,24.350000381469727,24.389999389648438,1262.0
2023-03-09 11:44:00,CZNC,22.165000915527344,22.165000915527344,22.18000030517578,22.165000915527344,22.18000030517578,800.0
2023-03-09 11:44:00,DCOM,29.5,29.5,29.5,29.479999542236328,29.479999542236328,1674.0
2023-03-09 11:44:00,ESGR,230.27000427246094,230.27000427246094,230.27000427246094,230.27000427246094,230.27000427246094,256.0
2023-03-09 11:44:00,EWBC,68.26000213623047,68.26000213623047,68.31999969482422,68.22000122070312,68.22000122070312,2292.0
2023-03-09 11:44:00,EZPW,8.869999885559082,8.869999885559082,8.869999885559082,8.869999885559082,8.869999885559082,170.0
2023-03-09 11:44:00,FBMS,28.43000030517578,28.43000030517578,28.43000030517578,28.43000030517578,28.43000030517578,675.0
2023-03-09 11:44:00,FFIC,17.299999237060547,17.299999237060547,17.299999237060547,17.299999237060547,17.299999237060547,619.0
2023-03-09 11:44:00,FFIN,33.79999923706055,33.79999923706055,33.810001373291016,33.72999954223633,33.75,7620.0
2023-03-09 11:44:00,FFWM,13.0600004196167,13.0600004196167,13.069999694824219,13.0600004196167,13.069999694824219,385.0
2023-03-09 11:44:00,FIBK,32.595001220703125,32.595001220703125,32.595001220703125,32.58000183105469,32.58000183105469,515.0
2023-03-09 11:44:00,FITB,32.28499984741211,32.28499984741211,32.310001373291016,32.28499984741211,32.310001373291016,13751.0
2023-03-09 11:44:00,FMNB,13.130000114440918,13.130000114440918,13.140000343322754,13.130000114440918,13.140000343322754,610.0
2023-03-09 11:44:00,FOCS,51.755001068115234,51.755001068115234,51.755001068115234,51.75,51.75,1328.0
2023-03-09 11:44:00,FRBK,1.75,1.75,1.7549999952316284,1.75,1.7549999952316284,212.0
2023-03-09 11:44:00,FULT,15.739999771118164,15.739999771118164,15.739999771118164,15.739999771118164,15.739999771118164,2423.0
2023-03-09 11:44:00,FUTU,46.529998779296875,46.529998779296875,46.56999969482422,46.529998779296875,46.560001373291016,1688.0
2023-03-09 11:44:00,GBDC,13.484999656677246,13.484999656677246,13.484999656677246,13.479999542236328,13.479999542236328,777.0
2023-03-09 11:44:00,GGAL,12.710000038146973,12.710000038146973,12.710000038146973,12.710000038146973,12.710000038146973,106.0
2023-03-09 11:44:00,GSHD,52.44499969482422,52.44499969482422,52.44499969482422,52.44499969482422,52.44499969482422,102.0
2023-03-09 11:44:00,HBAN,13.954999923706055,13.954999923706055,13.960000038146973,13.949999809265137,13.954999923706055,15325.0
2023-03-09 11:44:00,HBANP,19.139999389648438,19.139999389648438,19.168899536132812,19.139999389648438,19.168899536132812,400.0
2023-03-09 11:44:00,HIVE,2.6050000190734863,2.6050000190734863,2.6050000190734863,2.6050000190734863,2.6050000190734863,100.0
2023-03-09 11:44:00,HMPT,1.899899959564209,1.899899959564209,1.899999976158142,1.899899959564209,1.899999976158142,1571.0
2023-03-09 11:44:00,HMST,22.56999969482422,22.56999969482422,22.56999969482422,22.56999969482422,22.56999969482422,100.0
2023-03-09 11:44:00,HONE,12.755000114440918,12.755000114440918,12.755000114440918,12.744999885559082,12.744999885559082,2320.0
2023-03-09 11:44:00,HOPE,11.920000076293945,11.920000076293945,11.925000190734863,11.920000076293945,11.925000190734863,3947.0
2023-03-09 11:44:00,HUT,1.412600040435791,1.412600040435791,1.4149999618530273,1.409999966621399,1.410099983215332,4153.0
2023-03-09 11:44:00,IBKR,87.93499755859375,87.93499755859375,87.93499755859375,87.77999877929688,87.9000015258789,2755.0
2023-03-09 11:44:00,INKA,10.430000305175781,10.430000305175781,10.430000305175781,10.430000305175781,10.430000305175781,100.0
2023-03-09 11:44:00,INTR,2.009999990463257,2.009999990463257,2.009999990463257,2.009999990463257,2.009999990463257,105.0
2023-03-09 11:45:00,ACGL,69.88999938964844,69.88999938964844,69.88999938964844,69.87999725341797,69.87999725341797,10988.0
2023-03-09 11:45:00,AMAL,21.06999969482422,21.06999969482422,21.06999969482422,21.06999969482422,21.06999969482422,390.0
2023-03-09 11:45:00,APLD,2.1549999713897705,2.1549999713897705,2.1600000858306885,2.1500000953674316,2.1600000858306885,14283.0
2023-03-09 11:45:00,ARBK,1.4800000190734863,1.4800000190734863,1.4803999662399292,1.4800000190734863,1.4803999662399292,817.0
2023-03-09 11:45:00,ARCC,19.059900283813477,19.059900283813477,19.059900283813477,19.049999237060547,19.050100326538086,4422.0
2023-03-09 11:45:00,AROW,28.3799991607666,28.3799991607666,28.3799991607666,28.3799991607666,28.3799991607666,112.0
2023-03-09 11:45:00,AUB,36.97999954223633,36.97999954223633,36.97999954223633,36.97999954223633,36.97999954223633,103.0
2023-03-09 11:45:00,BANR,58.220001220703125,58.220001220703125,58.220001220703125,58.150001525878906,58.150001525878906,321.0
2023-03-09 11:45:00,BCBP,15.930000305175781,15.930000305175781,15.930000305175781,15.930000305175781,15.930000305175781,1004.0
2023-03-09 11:45:00,BGCP,5.0,5.0,5.005000114440918,5.0,5.005000114440918,465.0
2023-03-09 11:45:00,BHF,53.060001373291016,53.060001373291016,53.060001373291016,53.060001373291016,53.060001373291016,428.0
2023-03-09 11:45:00,BHFAM,16.449399948120117,16.449399948120117,16.449399948120117,16.424999237060547,16.424999237060547,200.0
2023-03-09 11:45:00,BITF,0.7746000289916992,0.7746000289916992,0.7930999994277954,0.7702000141143799,0.7930999994277954,278087.0
2023-03-09 11:45:00,BMRC,27.09000015258789,27.09000015258789,27.09000015258789,27.09000015258789,27.09000015258789,120.0
2023-03-09 11:45:00,BPOP,62.13999938964844,62.13999938964844,62.189998626708984,62.13249969482422,62.13249969482422,2609.0
2023-03-09 11:45:00,BRKL,11.569999694824219,11.569999694824219,11.569999694824219,11.569999694824219,11.569999694824219,147.0
2023-03-09 11:45:00,BWB,13.430000305175781,13.430000305175781,13.430000305175781,13.430000305175781,13.430000305175781,658.0
2023-03-09 11:45:00,BYTS,10.1899995803833,10.1899995803833,10.190199851989746,10.1899995803833,10.1899995803833,648.0
2023-03-09 11:45:00,BYTSU,10.180000305175781,10.180000305175781,10.199999809265137,10.170000076293945,10.170000076293945,0.0
2023-03-09 11:45:00,CASH,47.70000076293945,47.70000076293945,47.70000076293945,47.70000076293945,47.70000076293945,247.0
2023-03-09 11:45:00,CATY,39.46500015258789,39.46500015258789,39.46500015258789,39.46500015258789,39.46500015258789,540.0
2023-03-09 11:45:00,CCAP,14.989999771118164,14.989999771118164,14.989999771118164,14.989999771118164,14.989999771118164,1600.0
2023-03-09 11:45:00,CCD,22.959999084472656,22.959999084472656,22.959999084472656,22.959999084472656,22.959999084472656,176.0
2023-03-09 11:45:00,CFFN,7.565000057220459,7.565000057220459,7.565000057220459,7.565000057220459,7.565000057220459,111.0
2023-03-09 11:45:00,CG,34.18000030517578,34.18000030517578,34.18000030517578,34.165000915527344,34.16999816894531,3035.0
2023-03-09 11:45:00,CIFR,1.4500000476837158,1.4500000476837158,1.4500000476837158,1.4500000476837158,1.4500000476837158,100.0
2023-03-09 11:45:00,CINF,116.70999908447266,116.70999908447266,116.70999908447266,116.70999908447266,116.70999908447266,106.0
2023-03-09 11:45:00,CME,179.2899932861328,179.2899932861328,179.2899932861328,179.28500366210938,179.2899932861328,838.0
2023-03-09 11:45:00,COLB,25.260000228881836,25.260000228881836,25.299999237060547,25.239999771118164,25.299999237060547,4245.0
2023-03-09 11:45:00,COOP,44.70000076293945,44.70000076293945,44.724998474121094,44.70000076293945,44.724998474121094,822.0
2023-03-09 11:45:00,CRVL,179.1999969482422,179.1999969482422,179.1999969482422,179.19000244140625,179.19000244140625,1204.0
2023-03-09 11:45:00,CSQ,13.979999542236328,13.979999542236328,13.979999542236328,13.979999542236328,13.979999542236328,853.0
2023-03-09 11:45:00,CSWC,18.56999969482422,18.56999969482422,18.57069969177246,18.56999969482422,18.57069969177246,2086.0
2023-03-09 11:45:00,CVBF,22.0,22.0,22.0,21.985000610351562,21.985000610351562,896.0
2023-03-09 11:45:00,CVCY,24.389999389648438,24.389999389648438,24.389999389648438,24.389999389648438,24.389999389648438,1423.0
2023-03-09 11:45:00,CZNC,22.170000076293945,22.170000076293945,22.17009925842285,22.170000076293945,22.170000076293945,1417.0
2023-03-09 11:45:00,EHTH,9.020000457763672,9.020000457763672,9.020000457763672,9.020000457763672,9.020000457763672,149.0
2023-03-09 11:45:00,ERIE,235.57000732421875,235.57000732421875,235.57000732421875,235.57000732421875,235.57000732421875,352.0
2023-03-09 11:45:00,ESGR,230.86000061035156,230.86000061035156,230.86000061035156,230.86000061035156,230.86000061035156,171.0
2023-03-09 11:45:00,EWBC,68.38999938964844,68.38999938964844,68.38999938964844,68.33999633789062,68.33999633789062,1053.0
2023-03-09 11:45:00,FFIN,33.79999923706055,33.79999923706055,33.79999923706055,33.79999923706055,33.79999923706055,125.0
2023-03-09 11:45:00,FFWM,13.069999694824219,13.069999694824219,13.09000015258789,13.050000190734863,13.050000190734863,5763.0
2023-03-09 11:45:00,FHB,24.1200008392334,24.1200008392334,24.1200008392334,24.1200008392334,24.1200008392334,142.0
2023-03-09 11:45:00,FIBK,32.599998474121094,32.599998474121094,32.599998474121094,32.59000015258789,32.59000015258789,597.0
2023-03-09 11:45:00,FITB,32.27000045776367,32.27000045776367,32.30500030517578,32.27000045776367,32.290000915527344,10695.0
2023-03-09 11:45:00,FMNB,13.130000114440918,13.130000114440918,13.130000114440918,13.130000114440918,13.130000114440918,399.0
2023-03-09 11:45:00,FOCS,51.75,51.75,51.7599983215332,51.75,51.7599983215332,4383.0
2023-03-09 11:45:00,FRHC,72.73069763183594,72.73069763183594,72.73069763183594,72.73069763183594,72.73069763183594,373.0
2023-03-09 11:45:00,FSBC,25.459999084472656,25.459999084472656,25.459999084472656,25.459999084472656,25.459999084472656,387.0
2023-03-09 11:45:00,FSBW,33.400001525878906,33.400001525878906,33.45000076293945,33.400001525878906,33.45000076293945,1681.0
2023-03-09 11:45:00,FULT,15.734999656677246,15.734999656677246,15.739999771118164,15.734999656677246,15.739999771118164,874.0
2023-03-09 11:45:00,FUTU,46.540000915527344,46.540000915527344,46.59000015258789,46.52190017700195,46.52190017700195,1816.0
2023-03-09 11:45:00,GBDC,13.482099533081055,13.482099533081055,13.482099533081055,13.481499671936035,13.481499671936035,510.0
2023-03-09 11:45:00,GCMG,8.4399995803833,8.4399995803833,8.4399995803833,8.4350004196167,8.4350004196167,467.0
2023-03-09 11:45:00,GGAL,12.729999542236328,12.729999542236328,12.729999542236328,12.708000183105469,12.708000183105469,2063.0
2023-03-09 11:45:00,GLRE,10.020000457763672,10.020000457763672,10.020000457763672,10.015000343322754,10.015000343322754,443.0
2023-03-09 11:45:00,GOCO,18.65999984741211,18.65999984741211,18.65999984741211,18.65999984741211,18.65999984741211,100.0
2023-03-09 11:45:00,GREE,0.44255000352859497,0.44255000352859497,0.4426000118255615,0.44255000352859497,0.4426000118255615,438.0
2023-03-09 11:45:00,GSHD,52.505001068115234,52.505001068115234,52.505001068115234,52.505001068115234,52.505001068115234,362.0
2023-03-09 11:45:00,GXII,10.119999885559082,10.119999885559082,10.119999885559082,10.119999885559082,10.119999885559082,100.0
2023-03-09 11:45:00,HAFC,21.875,21.875,21.875,21.875,21.875,143.0
2023-03-09 11:45:00,HBAN,13.949999809265137,13.949999809265137,13.960000038146973,13.949999809265137,13.952300071716309,25297.0
2023-03-09 11:45:00,HIVE,2.6012001037597656,2.6012001037597656,2.6012001037597656,2.5999999046325684,2.5999999046325684,1088.0
2023-03-09 11:45:00,HMST,22.5,22.5,22.5,22.5,22.5,123.0
2023-03-09 11:45:00,HONE,12.755000114440918,12.755000114440918,12.755000114440918,12.755000114440918,12.755000114440918,318.0
2023-03-09 11:45:00,HOPE,11.930000305175781,11.930000305175781,11.930000305175781,11.920000076293945,11.920000076293945,4971.0
2023-03-09 11:45:00,HTBI,27.565000534057617,27.565000534057617,27.565000534057617,27.565000534057617,27.565000534057617,401.0
2023-03-09 11:45:00,HTBK,10.9399995803833,10.9399995803833,10.9399995803833,10.930100440979004,10.9399995803833,3245.0
2023-03-09 11:45:00,HTLFP,25.360000610351562,25.360000610351562,25.3799991607666,25.239999771118164,25.3799991607666,1100.0
2023-03-09 11:45:00,HUT,1.409999966621399,1.409999966621399,1.4199999570846558,1.409999966621399,1.4198999404907227,26484.0
2023-03-09 11:45:00,HWBK,25.0,25.0,25.0,25.0,25.0,325.0
2023-03-09 11:45:00,IBKR,87.98999786376953,87.98999786376953,87.98999786376953,87.87999725341797,87.87999725341797,1824.0
2023-03-09 11:45:00,INDB,71.95500183105469,71.95500183105469,71.95500183105469,71.95500183105469,71.95500183105469,2376.0
2023-03-09 11:45:00,INTR,2.009999990463257,2.009999990463257,2.009999990463257,2.009999990463257,2.009999990463257,300.0
2023-03-09 11:46:00,ABCB,43.10499954223633,43.10499954223633,43.10499954223633,43.084999084472656,43.084999084472656,307.0
2023-03-09 11:46:00,ACGL,69.88999938964844,69.88999938964844,69.91000366210938,69.87000274658203,69.88999938964844,14803.0
2023-03-09 11:46:00,ACT,24.125,24.125,24.125,24.125,24.125,232.0
2023-03-09 11:46:00,APLD,2.1600000858306885,2.1600000858306885,2.1600000858306885,2.1600000858306885,2.1600000858306885,314.0
2023-03-09 11:46:00,ARCC,19.05500030517578,19.05500030517578,19.059999465942383,19.049999237060547,19.059999465942383,4893.0
2023-03-09 11:46:00,AROW,28.360000610351562,28.360000610351562,28.360000610351562,28.360000610351562,28.360000610351562,194.0
2023-03-09 11:46:00,AUB,37.025001525878906,37.025001525878906,37.040000915527344,37.025001525878906,37.040000915527344,1191.0
2023-03-09 11:46:00,BANF,85.93000030517578,85.93000030517578,85.93000030517578,85.93000030517578,85.93000030517578,377.0
2023-03-09 11:46:00,BGCP,5.005000114440918,5.005000114440918,5.005000114440918,5.005000114440918,5.005000114440918,636.0
2023-03-09 11:46:00,BHF,53.15999984741211,53.15999984741211,53.15999984741211,53.06999969482422,53.06999969482422,661.0
2023-03-09 11:46:00,BITF,0.7730000019073486,0.7730000019073486,0.7749999761581421,0.7720999717712402,0.7749940156936646,68107.0
2023-03-09 11:46:00,BKCC,3.6600000858306885,3.6600000858306885,3.6640000343322754,3.6600000858306885,3.6640000343322754,898.0
2023-03-09 11:46:00,BOKF,95.9000015258789,95.9000015258789,95.9000015258789,95.9000015258789,95.9000015258789,226.0
2023-03-09 11:46:00,BPOP,62.09000015258789,62.09000015258789,62.20000076293945,62.08000183105469,62.20000076293945,3493.0
2023-03-09 11:46:00,BRKL,11.59000015258789,11.59000015258789,11.59000015258789,11.579899787902832,11.579999923706055,1878.0
2023-03-09 11:46:00,CACC,439.6099853515625,439.6099853515625,439.6099853515625,438.45001220703125,438.45001220703125,870.0
2023-03-09 11:46:00,CASH,47.779998779296875,47.779998779296875,47.790000915527344,47.72999954223633,47.72999954223633,676.0
2023-03-09 11:46:00,CATY,39.540000915527344,39.540000915527344,39.540000915527344,39.540000915527344,39.540000915527344,544.0
2023-03-09 11:46:00,CBSH,61.63999938964844,61.63999938964844,61.63999938964844,61.63999938964844,61.63999938964844,342.0
2023-03-09 11:46:00,CCAP,14.996199607849121,14.996199607849121,14.996199607849121,14.996199607849121,14.996199607849121,311.0
2023-03-09 11:46:00,CFFN,7.570000171661377,7.570000171661377,7.570000171661377,7.570000171661377,7.570000171661377,1294.0
2023-03-09 11:46:00,CG,34.185001373291016,34.185001373291016,34.185001373291016,34.16999816894531,34.16999816894531,3941.0
2023-03-09 11:46:00,CGBD,14.98009967803955,14.98009967803955,15.0,14.98009967803955,15.0,378.0
2023-03-09 11:46:00,CHEAU,10.510000228881836,10.510000228881836,10.510000228881836,10.510000228881836,10.510000228881836,100.0
2023-03-09 11:46:00,CHY,12.301600456237793,12.301600456237793,12.301600456237793,12.301600456237793,12.301600456237793,343.0
2023-03-09 11:46:00,CIFR,1.4551000595092773,1.4551000595092773,1.4551000595092773,1.4500000476837158,1.4500000476837158,692.0
2023-03-09 11:46:00,CINF,116.70999908447266,116.70999908447266,116.7699966430664,116.70999908447266,116.7699966430664,527.0
2023-03-09 11:46:00,CIVB,20.649999618530273,20.649999618530273,20.649999618530273,20.639999389648438,20.639999389648438,305.0
2023-03-09 11:46:00,CLBK,19.719999313354492,19.719999313354492,19.719999313354492,19.719999313354492,19.719999313354492,482.0
2023-03-09 11:46:00,CME,179.27000427246094,179.27000427246094,179.33999633789062,179.23500061035156,179.31500244140625,3451.0
2023-03-09 11:46:00,CNOB,22.212499618530273,22.212499618530273,22.212499618530273,22.212499618530273,22.212499618530273,132.0
2023-03-09 11:46:00,COLB,25.260000228881836,25.260000228881836,25.295000076293945,25.239999771118164,25.260000228881836,23550.0
2023-03-09 11:46:00,CSWC,18.549999237060547,18.549999237060547,18.559999465942383,18.549999237060547,18.559999465942383,4502.0
2023-03-09 11:46:00,CVBF,21.979999542236328,21.979999542236328,22.0,21.969999313354492,22.0,1768.0
2023-03-09 11:46:00,CVCY,24.510000228881836,24.510000228881836,24.510000228881836,24.510000228881836,24.510000228881836,607.0
2023-03-09 11:46:00,DALS,10.100000381469727,10.100000381469727,10.149999618530273,10.100000381469727,10.149999618530273,3859.0
2023-03-09 11:46:00,DCOM,29.510000228881836,29.510000228881836,29.510000228881836,29.510000228881836,29.510000228881836,768.0
2023-03-09 11:46:00,DCOMP,19.931400299072266,19.931400299072266,19.931400299072266,19.931400299072266,19.931400299072266,722.0
2023-03-09 11:46:00,DGICA,14.989999771118164,14.989999771118164,15.010000228881836,14.989999771118164,15.010000228881836,669.0
2023-03-09 11:46:00,DWAC,14.10990047454834,14.10990047454834,14.10990047454834,14.10990047454834,14.10990047454834,255.0
2023-03-09 11:46:00,EBC,14.770000457763672,14.770000457763672,14.770000457763672,14.75,14.75,3759.0
2023-03-09 11:46:00,ECPG,50.560001373291016,50.560001373291016,50.560001373291016,50.560001373291016,50.560001373291016,504.0
2023-03-09 11:46:00,EFSC,51.45000076293945,51.45000076293945,51.45000076293945,51.45000076293945,51.45000076293945,218.0
2023-03-09 11:46:00,EWBC,68.51499938964844,68.51499938964844,68.52639770507812,68.44000244140625,68.44000244140625,1233.0
2023-03-09 11:46:00,EZPW,8.864999771118164,8.864999771118164,8.864999771118164,8.864999771118164,8.864999771118164,117.0
2023-03-09 11:46:00,FBMS,28.489999771118164,28.489999771118164,28.489999771118164,28.459999084472656,28.459999084472656,965.0
2023-03-09 11:46:00,FCRD,4.619999885559082,4.619999885559082,4.619999885559082,4.619999885559082,4.619999885559082,247.0
2023-03-09 11:46:00,FFBC,22.420000076293945,22.420000076293945,22.420000076293945,22.420000076293945,22.420000076293945,915.0
2023-03-09 11:46:00,FFIN,33.810001373291016,33.810001373291016,33.810001373291016,33.79999923706055,33.810001373291016,896.0
2023-03-09 11:46:00,FHB,24.139400482177734,24.139400482177734,24.139400482177734,24.100000381469727,24.1299991607666,6167.0
2023-03-09 11:46:00,FIBK,32.61000061035156,32.61000061035156,32.61000061035156,32.61000061035156,32.61000061035156,128.0
2023-03-09 11:46:00,FITB,32.349998474121094,32.349998474121094,32.349998474121094,32.27000045776367,32.27000045776367,7368.0
2023-03-09 11:46:00,FLIC,16.184999465942383,16.184999465942383,16.184999465942383,16.184999465942383,16.184999465942383,128.0
2023-03-09 11:46:00,FMBH,28.18269920349121,28.18269920349121,28.190000534057617,28.149999618530273,28.190000534057617,1141.0
2023-03-09 11:46:00,FMNB,13.140000343322754,13.140000343322754,13.149999618530273,13.140000343322754,13.149999618530273,675.0
2023-03-09 11:46:00,FNCB,7.329999923706055,7.329999923706055,7.329999923706055,7.329999923706055,7.329999923706055,259.0
2023-03-09 11:46:00,FNWB,13.699999809265137,13.699999809265137,13.699999809265137,13.699999809265137,13.699999809265137,2291.0
2023-03-09 11:46:00,FOCS,51.75,51.75,51.7599983215332,51.75,51.7599983215332,1810.0
2023-03-09 11:46:00,FRBK,1.7598999738693237,1.7598999738693237,1.7598999738693237,1.7598999738693237,1.7598999738693237,101.0
2023-03-09 11:46:00,FSBW,33.11000061035156,33.11000061035156,33.38999938964844,33.11000061035156,33.38999938964844,889.0
2023-03-09 11:46:00,FULT,15.75,15.75,15.75,15.75,15.75,418.0
2023-03-09 11:46:00,FUTU,46.5099983215332,46.5099983215332,46.540000915527344,46.5099983215332,46.540000915527344,1040.0
2023-03-09 11:46:00,GABC,35.7599983215332,35.7599983215332,35.7599983215332,35.75,35.7599983215332,569.0
2023-03-09 11:46:00,GBDC,13.479999542236328,13.479999542236328,13.479999542236328,13.479999542236328,13.479999542236328,143.0
2023-03-09 11:46:00,GECC,9.449999809265137,9.449999809265137,9.449999809265137,9.449999809265137,9.449999809265137,1004.0
2023-03-09 11:46:00,GGAL,12.729999542236328,12.729999542236328,12.729999542236328,12.720000267028809,12.720000267028809,1172.0
2023-03-09 11:46:00,GLRE,9.989999771118164,9.989999771118164,10.010000228881836,9.989999771118164,10.010000228881836,586.0
2023-03-09 11:46:00,HAFC,21.875,21.875,21.875,21.875,21.875,520.0
2023-03-09 11:46:00,HBAN,13.970000267028809,13.970000267028809,13.970000267028809,13.949999809265137,13.949999809265137,21169.0
2023-03-09 11:46:00,HBANP,19.124300003051758,19.124300003051758,19.124300003051758,19.124300003051758,19.124300003051758,517.0
2023-03-09 11:46:00,HBNC,13.9350004196167,13.9350004196167,13.9399995803833,13.9350004196167,13.9399995803833,431.0
2023-03-09 11:46:00,HFWA,24.6299991607666,24.6299991607666,24.6299991607666,24.6200008392334,24.6200008392334,514.0
2023-03-09 11:46:00,HLNE,76.55000305175781,76.55000305175781,76.55000305175781,76.55000305175781,76.55000305175781,170.0
2023-03-09 11:46:00,HMST,22.53499984741211,22.53499984741211,22.53499984741211,22.53499984741211,22.53499984741211,517.0
2023-03-09 11:46:00,HOPE,11.928000450134277,11.928000450134277,11.928000450134277,11.928000450134277,11.928000450134277,444.0
2023-03-09 11:46:00,HRZN,12.031000137329102,12.031000137329102,12.050000190734863,12.031000137329102,12.050000190734863,263.0
2023-03-09 11:46:00,HTBK,10.949999809265137,10.949999809265137,10.949999809265137,10.944999694824219,10.944999694824219,209.0
2023-03-09 11:46:00,HTLF,45.55500030517578,45.55500030517578,45.55500030517578,45.540000915527344,45.540000915527344,272.0
2023-03-09 11:46:00,HTLFP,25.260099411010742,25.260099411010742,25.260099411010742,25.260099411010742,25.260099411010742,200.0
2023-03-09 11:46:00,HUT,1.409999966621399,1.409999966621399,1.4149999618530273,1.409999966621399,1.409999966621399,40597.0
2023-03-09 11:46:00,HWC,44.31999969482422,44.31999969482422,44.31999969482422,44.290000915527344,44.290000915527344,1449.0
2023-03-09 11:46:00,IBKR,87.93000030517578,87.93000030517578,87.94000244140625,87.93000030517578,87.94000244140625,656.0
2023-03-09 11:46:00,IBTX,52.68000030517578,52.68000030517578,52.68000030517578,52.68000030517578,52.68000030517578,1312.0
2023-03-09 11:46:00,INDB,72.08000183105469,72.08000183105469,72.08000183105469,72.0199966430664,72.0199966430664,1828.0
2023-03-09 11:46:00,INKA,10.420000076293945,10.420000076293945,10.420000076293945,10.420000076293945,10.420000076293945,276.0
2023-03-09 11:47:00,ABCB,43.1150016784668,43.1150016784668,43.1150016784668,43.1150016784668,43.1150016784668,841.0
2023-03-09 11:47:00,ACGL,69.86499786376953,69.86499786376953,69.87999725341797,69.83000183105469,69.87750244140625,7390.0
2023-03-09 11:47:00,ACT,24.125,24.125,24.125,24.125,24.125,413.0
2023-03-09 11:47:00,AFBI,15.5,15.5,15.5,15.5,15.5,147.0
2023-03-09 11:47:00,AMAL,21.09000015258789,21.09000015258789,21.09000015258789,21.09000015258789,21.09000015258789,388.0
2023-03-09 11:47:00,APLD,2.1600000858306885,2.1600000858306885,2.1600000858306885,2.1584999561309814,2.1584999561309814,1556.0
2023-03-09 11:47:00,ARCC,19.044200897216797,19.044200897216797,19.05500030517578,19.040000915527344,19.05500030517578,8845.0
2023-03-09 11:47:00,AUB,37.070499420166016,37.070499420166016,37.070499420166016,37.070499420166016,37.070499420166016,201.0
2023-03-09 11:47:00,BCML,19.520000457763672,19.520000457763672,19.520000457763672,19.520000457763672,19.520000457763672,537.0
2023-03-09 11:47:00,BFST,18.65999984741211,18.65999984741211,18.65999984741211,18.65999984741211,18.65999984741211,619.0
2023-03-09 11:47:00,BGCP,5.005000114440918,5.005000114440918,5.005000114440918,5.005000114440918,5.005000114440918,625.0
2023-03-09 11:47:00,BHF,53.189998626708984,53.189998626708984,53.189998626708984,53.189998626708984,53.189998626708984,331.0
2023-03-09 11:47:00,BITF,0.788798987865448,0.788798987865448,0.788798987865448,0.7730799913406372,0.7731000185012817,5690.0
2023-03-09 11:47:00,BPOP,62.15999984741211,62.15999984741211,62.15999984741211,62.06999969482422,62.13800048828125,3115.0
2023-03-09 11:47:00,CACC,439.6000061035156,439.6000061035156,440.19000244140625,439.6000061035156,440.19000244140625,626.0
2023-03-09 11:47:00,CARE,16.209999084472656,16.209999084472656,16.209999084472656,16.209999084472656,16.209999084472656,747.0
2023-03-09 11:47:00,CASH,47.790000915527344,47.790000915527344,47.790000915527344,47.790000915527344,47.790000915527344,207.0
2023-03-09 11:47:00,CATY,39.54499816894531,39.54499816894531,39.54499816894531,39.54499816894531,39.54499816894531,127.0
2023-03-09 11:47:00,CBSH,61.65999984741211,61.65999984741211,61.65999984741211,61.625,61.625,1405.0
2023-03-09 11:47:00,CCAI,10.484999656677246,10.484999656677246,10.484999656677246,10.484999656677246,10.484999656677246,110.0
2023-03-09 11:47:00,CCB,42.65999984741211,42.65999984741211,42.65999984741211,42.63999938964844,42.63999938964844,389.0
2023-03-09 11:47:00,CG,34.19499969482422,34.19499969482422,34.20500183105469,34.18000030517578,34.18000030517578,3967.0
2023-03-09 11:47:00,CINF,116.70999908447266,116.70999908447266,116.70999908447266,116.69999694824219,116.69999694824219,495.0
2023-03-09 11:47:00,CME,179.1999969482422,179.1999969482422,179.32000732421875,179.1999969482422,179.32000732421875,4503.0
2023-03-09 11:47:00,COLB,25.2549991607666,25.2549991607666,25.278200149536133,25.25,25.2549991607666,6209.0
2023-03-09 11:47:00,COOP,44.720001220703125,44.720001220703125,44.720001220703125,44.720001220703125,44.720001220703125,371.0
2023-03-09 11:47:00,CSWC,18.559900283813477,18.559900283813477,18.559900283813477,18.559900283813477,18.559900283813477,126.0
2023-03-09 11:47:00,DCOM,29.5,29.5,29.5,29.4950008392334,29.4950008392334,274.0
2023-03-09 11:47:00,DWAC,14.07800006866455,14.07800006866455,14.100000381469727,14.069999694824219,14.100000381469727,2652.0
2023-03-09 11:47:00,EGBN,40.77000045776367,40.77000045776367,40.79999923706055,40.77000045776367,40.79999923706055,656.0
2023-03-09 11:47:00,EHTH,9.010000228881836,9.010000228881836,9.010000228881836,9.010000228881836,9.010000228881836,430.0
2023-03-09 11:47:00,EWBC,68.51000213623047,68.51000213623047,68.55000305175781,68.4800033569336,68.51000213623047,4016.0
2023-03-09 11:47:00,FBMS,28.5,28.5,28.5,28.5,28.5,1191.0
2023-03-09 11:47:00,FCNCA,657.0,657.0,657.0,657.0,657.0,586.0
2023-03-09 11:47:00,FFIN,33.849998474121094,33.849998474121094,33.849998474121094,33.83000183105469,33.83000183105469,1470.0
2023-03-09 11:47:00,FHB,24.139999389648438,24.139999389648438,24.139999389648438,24.139999389648438,24.139999389648438,559.0
2023-03-09 11:47:00,FITB,32.3650016784668,32.3650016784668,32.369998931884766,32.34000015258789,32.349998474121094,19575.0
2023-03-09 11:47:00,FOCS,51.75,51.75,51.75,51.75,51.75,1402.0
2023-03-09 11:47:00,FRBK,1.75,1.75,1.7599999904632568,1.75,1.753999948501587,818.0
2023-03-09 11:47:00,FRME,37.65999984741211,37.65999984741211,37.65999984741211,37.65999984741211,37.65999984741211,303.0
2023-03-09 11:47:00,FSBW,33.529998779296875,33.529998779296875,33.529998779296875,33.4900016784668,33.4900016784668,205.0
2023-03-09 11:47:00,FUTU,46.59000015258789,46.59000015258789,46.599998474121094,46.494998931884766,46.540000915527344,6209.0
2023-03-09 11:47:00,FVCB,13.300000190734863,13.300000190734863,13.345000267028809,13.300000190734863,13.345000267028809,413.0
2023-03-09 11:47:00,GABC,35.77000045776367,35.77000045776367,35.77000045776367,35.77000045776367,35.77000045776367,277.0
2023-03-09 11:47:00,GBDC,13.484999656677246,13.484999656677246,13.484999656677246,13.484999656677246,13.484999656677246,1179.0
2023-03-09 11:47:00,GLAD,9.90999984741211,9.90999984741211,9.90999984741211,9.90999984741211,9.90999984741211,176.0
2023-03-09 11:47:00,GSHD,52.494998931884766,52.494998931884766,52.494998931884766,52.459999084472656,52.459999084472656,942.0
2023-03-09 11:47:00,GXII,10.119999885559082,10.119999885559082,10.119999885559082,10.119999885559082,10.119999885559082,200.0
2023-03-09 11:47:00,HAFC,21.899999618530273,21.899999618530273,21.899999618530273,21.889999389648438,21.889999389648438,464.0
2023-03-09 11:47:00,HBAN,13.984999656677246,13.984999656677246,13.984999656677246,13.960000038146973,13.96500015258789,22834.0
2023-03-09 11:47:00,HBNC,13.930000305175781,13.930000305175781,13.930000305175781,13.930000305175781,13.930000305175781,524.0
2023-03-09 11:47:00,HMPT,1.899999976158142,1.899999976158142,1.899999976158142,1.899999976158142,1.899999976158142,1492.0
2023-03-09 11:47:00,HOPE,11.949999809265137,11.949999809265137,11.949999809265137,11.925000190734863,11.925000190734863,9822.0
2023-03-09 11:47:00,HTLFP,25.350000381469727,25.350000381469727,25.350000381469727,25.350000381469727,25.350000381469727,1634.0
2023-03-09 11:47:00,HUT,1.4198999404907227,1.4198999404907227,1.4198999404907227,1.409999966621399,1.410099983215332,3376.0
2023-03-09 11:47:00,HWC,44.36000061035156,44.36000061035156,44.36000061035156,44.359901428222656,44.359901428222656,1436.0
2023-03-09 11:47:00,IBKR,87.95999908447266,87.95999908447266,87.95999908447266,87.88999938964844,87.88999938964844,967.0
2023-03-09 11:47:00,IBOC,45.04999923706055,45.04999923706055,45.04999923706055,45.029998779296875,45.029998779296875,516.0
2023-03-09 11:47:00,IGIC,8.329999923706055,8.329999923706055,8.329999923706055,8.329999923706055,8.329999923706055,100.0
2023-03-09 11:47:00,INDB,72.0,72.0,72.01000213623047,72.0,72.01000213623047,242.0
2023-03-09 11:48:00,ABCB,43.209999084472656,43.209999084472656,43.209999084472656,43.209999084472656,43.209999084472656,431.0
2023-03-09 11:48:00,ACGL,69.88999938964844,69.88999938964844,69.88999938964844,69.8499984741211,69.86000061035156,9443.0
2023-03-09 11:48:00,ARCC,19.045000076293945,19.045000076293945,19.049999237060547,19.045000076293945,19.045000076293945,9402.0
2023-03-09 11:48:00,AUB,37.06999969482422,37.06999969482422,37.11000061035156,37.040000915527344,37.064998626708984,2376.0
2023-03-09 11:48:00,BANR,58.349998474121094,58.349998474121094,58.349998474121094,58.2400016784668,58.2400016784668,2121.0
2023-03-09 11:48:00,BGCP,5.005000114440918,5.005000114440918,5.010000228881836,5.005000114440918,5.005000114440918,4318.0
2023-03-09 11:48:00,BITF,0.7768999934196472,0.7768999934196472,0.7799999713897705,0.776199996471405,0.7799999713897705,12260.0
2023-03-09 11:48:00,BKCC,3.6600000858306885,3.6600000858306885,3.6600000858306885,3.6600000858306885,3.6600000858306885,248.0
2023-03-09 11:48:00,BOKF,95.95249938964844,95.95249938964844,96.0199966430664,95.95249938964844,96.01000213623047,776.0
2023-03-09 11:48:00,BPOP,62.22999954223633,62.22999954223633,62.22999954223633,62.16999816894531,62.18000030517578,3495.0
2023-03-09 11:48:00,BRKL,11.609999656677246,11.609999656677246,11.609999656677246,11.59000015258789,11.59000015258789,634.0
2023-03-09 11:48:00,BTBT,1.149999976158142,1.149999976158142,1.159999966621399,1.149999976158142,1.1549999713897705,11017.0
2023-03-09 11:48:00,BUSE,22.530000686645508,22.530000686645508,22.530000686645508,22.510000228881836,22.510000228881836,588.0
2023-03-09 11:48:00,CAC,39.040000915527344,39.040000915527344,39.040000915527344,39.040000915527344,39.040000915527344,1092.0
2023-03-09 11:48:00,CARE,16.239999771118164,16.239999771118164,16.239999771118164,16.229999542236328,16.229999542236328,419.0
2023-03-09 11:48:00,CASH,47.775001525878906,47.775001525878906,47.79499816894531,47.775001525878906,47.79499816894531,825.0
2023-03-09 11:48:00,CATY,39.567501068115234,39.567501068115234,39.58000183105469,39.54999923706055,39.54999923706055,494.0
2023-03-09 11:48:00,CBSH,61.71500015258789,61.71500015258789,61.720001220703125,61.689998626708984,61.689998626708984,1757.0
2023-03-09 11:48:00,CCB,42.720001220703125,42.720001220703125,42.720001220703125,42.720001220703125,42.720001220703125,585.0
2023-03-09 11:48:00,CCNE,22.610000610351562,22.610000610351562,22.610000610351562,22.540000915527344,22.540000915527344,1173.0
2023-03-09 11:48:00,CFB,12.399999618530273,12.399999618530273,12.420000076293945,12.380000114440918,12.380000114440918,1751.0
2023-03-09 11:48:00,CFFN,7.579999923706055,7.579999923706055,7.579999923706055,7.579999923706055,7.579999923706055,101.0
2023-03-09 11:48:00,CG,34.238800048828125,34.238800048828125,34.238800048828125,34.20500183105469,34.20500183105469,2096.0
2023-03-09 11:48:00,CINF,116.80000305175781,116.80000305175781,116.80000305175781,116.75,116.75,683.0
2023-03-09 11:48:00,CME,179.2449951171875,179.2449951171875,179.27000427246094,179.22500610351562,179.22500610351562,4193.0
2023-03-09 11:48:00,CNOB,22.25,22.25,22.25,22.25,22.25,267.0
2023-03-09 11:48:00,COLB,25.299999237060547,25.299999237060547,25.299999237060547,25.260000228881836,25.260000228881836,13039.0
2023-03-09 11:48:00,COOP,44.70000076293945,44.70000076293945,44.755001068115234,44.70000076293945,44.70000076293945,3475.0
2023-03-09 11:48:00,CSWC,18.56760025024414,18.56760025024414,18.56760025024414,18.55470085144043,18.559999465942383,2661.0
2023-03-09 11:48:00,CTBI,40.29309844970703,40.29309844970703,40.29309844970703,40.29309844970703,40.29309844970703,416.0
2023-03-09 11:48:00,CVBF,21.989999771118164,21.989999771118164,21.989999771118164,21.989999771118164,21.989999771118164,442.0
2023-03-09 11:48:00,CZNC,22.15999984741211,22.15999984741211,22.170000076293945,22.15999984741211,22.170000076293945,238.0
2023-03-09 11:48:00,DALS,10.130000114440918,10.130000114440918,10.130000114440918,10.109999656677246,10.109999656677246,600.0
2023-03-09 11:48:00,DCOM,29.520000457763672,29.520000457763672,29.520000457763672,29.520000457763672,29.520000457763672,282.0
2023-03-09 11:48:00,DWAC,14.09000015258789,14.09000015258789,14.09000015258789,14.079999923706055,14.079999923706055,297.0
2023-03-09 11:48:00,EBC,14.789999961853027,14.789999961853027,14.789999961853027,14.770000457763672,14.770000457763672,1210.0
2023-03-09 11:48:00,ECPG,50.755001068115234,50.755001068115234,50.7599983215332,50.58000183105469,50.58000183105469,1765.0
2023-03-09 11:48:00,EFSC,51.58000183105469,51.58000183105469,51.58000183105469,51.58000183105469,51.58000183105469,412.0
2023-03-09 11:48:00,EGBN,40.790000915527344,40.790000915527344,40.790000915527344,40.790000915527344,40.790000915527344,250.0
2023-03-09 11:48:00,EHTH,9.020000457763672,9.020000457763672,9.020000457763672,9.010000228881836,9.020000457763672,1978.0
2023-03-09 11:48:00,ERIE,235.0399932861328,235.0399932861328,235.0399932861328,235.0399932861328,235.0399932861328,515.0
2023-03-09 11:48:00,EWBC,68.54000091552734,68.54000091552734,68.56999969482422,68.5,68.51000213623047,4828.0
2023-03-09 11:48:00,EZPW,8.875,8.875,8.875,8.868900299072266,8.868900299072266,2089.0
2023-03-09 11:48:00,FBNC,38.59000015258789,38.59000015258789,38.59000015258789,38.560001373291016,38.560001373291016,1010.0
2023-03-09 11:48:00,FCFS,88.05500030517578,88.05500030517578,88.05500030517578,88.0199966430664,88.0199966430664,506.0
2023-03-09 11:48:00,FCNCA,657.6469116210938,657.6469116210938,658.3200073242188,657.6469116210938,658.1900024414062,2323.0
2023-03-09 11:48:00,FFBC,22.479999542236328,22.479999542236328,22.479999542236328,22.43000030517578,22.43000030517578,2541.0
2023-03-09 11:48:00,FFIN,33.915000915527344,33.915000915527344,33.915000915527344,33.880001068115234,33.880001068115234,1326.0
2023-03-09 11:48:00,FFWM,13.114999771118164,13.114999771118164,13.114999771118164,13.09000015258789,13.09000015258789,930.0
2023-03-09 11:48:00,FHB,24.18000030517578,24.18000030517578,24.18000030517578,24.149999618530273,24.149999618530273,1007.0
2023-03-09 11:48:00,FIBK,32.66999816894531,32.66999816894531,32.66999816894531,32.619998931884766,32.619998931884766,1805.0
2023-03-09 11:48:00,FITB,32.42499923706055,32.42499923706055,32.42499923706055,32.369998931884766,32.369998931884766,9868.0
2023-03-09 11:48:00,FLIC,16.200000762939453,16.200000762939453,16.200000762939453,16.184999465942383,16.184999465942383,362.0
2023-03-09 11:48:00,FOCS,51.7599983215332,51.7599983215332,51.7599983215332,51.75,51.7599983215332,2110.0
2023-03-09 11:48:00,FRME,37.66999816894531,37.66999816894531,37.66999816894531,37.66999816894531,37.66999816894531,233.0
2023-03-09 11:48:00,FULT,15.770000457763672,15.770000457763672,15.770000457763672,15.755000114440918,15.760000228881836,2497.0
2023-03-09 11:48:00,FUTU,46.59000015258789,46.59000015258789,46.63999938964844,46.58000183105469,46.63999938964844,5924.0
2023-03-09 11:48:00,GABC,35.779998779296875,35.779998779296875,35.779998779296875,35.779998779296875,35.779998779296875,187.0
2023-03-09 11:48:00,GFGD,10.210000038146973,10.210000038146973,10.220000267028809,10.210000038146973,10.220000267028809,1426.0
2023-03-09 11:48:00,GGAL,12.739999771118164,12.739999771118164,12.739999771118164,12.739999771118164,12.739999771118164,468.0
2023-03-09 11:48:00,GREE,0.4426000118255615,0.4426000118255615,0.4426000118255615,0.4426000118255615,0.4426000118255615,150.0
2023-03-09 11:48:00,HBAN,14.015000343322754,14.015000343322754,14.015000343322754,13.984999656677246,13.989999771118164,18715.0
2023-03-09 11:48:00,HBNC,13.899999618530273,13.899999618530273,13.9399995803833,13.899999618530273,13.9399995803833,1274.0
2023-03-09 11:48:00,HLNE,76.55500030517578,76.55500030517578,76.5999984741211,76.54499816894531,76.5875015258789,826.0
2023-03-09 11:48:00,HONE,12.770000457763672,12.770000457763672,12.770000457763672,12.760000228881836,12.760000228881836,654.0
2023-03-09 11:48:00,HOPE,11.960000038146973,11.960000038146973,11.960000038146973,11.949999809265137,11.949999809265137,7334.0
2023-03-09 11:48:00,HRZN,12.048999786376953,12.048999786376953,12.050000190734863,12.048999786376953,12.050000190734863,277.0
2023-03-09 11:48:00,HTBK,10.975000381469727,10.975000381469727,10.975000381469727,10.960000038146973,10.960000038146973,1128.0
2023-03-09 11:48:00,HTLF,45.619998931884766,45.619998931884766,45.619998931884766,45.560001373291016,45.560001373291016,874.0
2023-03-09 11:48:00,HUT,1.409999966621399,1.409999966621399,1.4183000326156616,1.409999966621399,1.4183000326156616,7387.0
2023-03-09 11:48:00,HWBK,24.899999618530273,24.899999618530273,24.90999984741211,24.899999618530273,24.90999984741211,382.0
2023-03-09 11:48:00,HWC,44.38999938964844,44.38999938964844,44.38999938964844,44.380001068115234,44.380001068115234,811.0
2023-03-09 11:48:00,IBOC,45.064998626708984,45.064998626708984,45.09000015258789,45.064998626708984,45.09000015258789,355.0
2023-03-09 11:48:00,ICMB,3.930000066757202,3.930000066757202,3.930000066757202,3.930000066757202,3.930000066757202,417.0
2023-03-09 11:48:00,IGIC,8.315199851989746,8.315199851989746,8.315199851989746,8.315199851989746,8.315199851989746,150.0
2023-03-09 11:48:00,INDB,71.9800033569336,71.9800033569336,72.1500015258789,71.9800033569336,72.08000183105469,6685.0
2023-03-09 11:48:00,INTR,2.009999990463257,2.009999990463257,2.015000104904175,2.009999990463257,2.015000104904175,245.0
2023-03-09 11:49:00,ACGL,69.8949966430664,69.8949966430664,69.91000366210938,69.88999938964844,69.88999938964844,2454.0
2023-03-09 11:49:00,ALRS,19.004499435424805,19.004499435424805,19.004499435424805,19.004499435424805,19.004499435424805,501.0
2023-03-09 11:49:00,AMRK,28.149999618530273,28.149999618530273,28.190000534057617,28.149999618530273,28.190000534057617,1164.0
2023-03-09 11:49:00,APLD,2.1500000953674316,2.1500000953674316,2.1600000858306885,2.1500000953674316,2.1600000858306885,6150.0
2023-03-09 11:49:00,ARCC,19.045000076293945,19.045000076293945,19.048599243164062,19.040000915527344,19.045799255371094,7288.0
2023-03-09 11:49:00,AUB,37.11000061035156,37.11000061035156,37.11000061035156,37.06999969482422,37.09000015258789,552.0
2023-03-09 11:49:00,BGCP,5.005000114440918,5.005000114440918,5.010000228881836,5.005000114440918,5.005000114440918,5117.0
2023-03-09 11:49:00,BHF,53.375,53.375,53.375,53.375,53.375,240.0
2023-03-09 11:49:00,BITF,0.7771999835968018,0.7771999835968018,0.7795190215110779,0.7770000100135803,0.7795190215110779,1501.0
2023-03-09 11:49:00,BOKF,96.05000305175781,96.05000305175781,96.05000305175781,96.05000305175781,96.05000305175781,375.0
2023-03-09 11:49:00,BRKL,11.629899978637695,11.629899978637695,11.629899978637695,11.629899978637695,11.629899978637695,200.0
2023-03-09 11:49:00,BRP,26.100000381469727,26.100000381469727,26.125,26.100000381469727,26.125,876.0
2023-03-09 11:49:00,BUSE,22.54010009765625,22.54010009765625,22.559999465942383,22.540000915527344,22.545000076293945,640.0
2023-03-09 11:49:00,CASH,47.720001220703125,47.720001220703125,47.7599983215332,47.720001220703125,47.7599983215332,1110.0
2023-03-09 11:49:00,CATY,39.59000015258789,39.59000015258789,39.59000015258789,39.59000015258789,39.59000015258789,351.0
2023-03-09 11:49:00,CBSH,61.66469955444336,61.66469955444336,61.69419860839844,61.66469955444336,61.69419860839844,1974.0
2023-03-09 11:49:00,CCAP,15.020000457763672,15.020000457763672,15.020000457763672,15.0,15.0,1019.0
2023-03-09 11:49:00,CFFN,7.585000038146973,7.585000038146973,7.590000152587891,7.579999923706055,7.579999923706055,1748.0
2023-03-09 11:49:00,CG,34.2400016784668,34.2400016784668,34.25,34.23500061035156,34.23500061035156,2121.0
2023-03-09 11:49:00,CGBD,14.994999885559082,14.994999885559082,14.994999885559082,14.994999885559082,14.994999885559082,203.0
2023-03-09 11:49:00,CHW,6.079999923706055,6.079999923706055,6.079999923706055,6.079999923706055,6.079999923706055,100.0
2023-03-09 11:49:00,CME,179.10000610351562,179.10000610351562,179.23500061035156,179.07000732421875,179.23500061035156,2009.0
2023-03-09 11:49:00,CNOB,22.260000228881836,22.260000228881836,22.260000228881836,22.229999542236328,22.229999542236328,254.0
2023-03-09 11:49:00,COLB,25.299999237060547,25.299999237060547,25.31999969482422,25.299999237060547,25.309999465942383,8163.0
2023-03-09 11:49:00,COOP,44.70000076293945,44.70000076293945,44.70000076293945,44.70000076293945,44.70000076293945,209.0
2023-03-09 11:49:00,CSQ,14.013199806213379,14.013199806213379,14.013199806213379,14.0,14.0,1503.0
2023-03-09 11:49:00,CSWC,18.559999465942383,18.559999465942383,18.559999465942383,18.559999465942383,18.559999465942383,850.0
2023-03-09 11:49:00,CZNC,22.170000076293945,22.170000076293945,22.170000076293945,22.170000076293945,22.170000076293945,273.0
2023-03-09 11:49:00,DALS,10.1899995803833,10.1899995803833,10.319999694824219,10.100000381469727,10.140000343322754,19406.0
2023-03-09 11:49:00,DWAC,14.080100059509277,14.080100059509277,14.080100059509277,14.080100059509277,14.080100059509277,570.0
2023-03-09 11:49:00,EBC,14.789999961853027,14.789999961853027,14.805000305175781,14.789999961853027,14.795000076293945,1690.0
2023-03-09 11:49:00,EHTH,8.979999542236328,8.979999542236328,9.000399589538574,8.972999572753906,9.000399589538574,2200.0
2023-03-09 11:49:00,EWBC,68.62000274658203,68.62000274658203,68.65499877929688,68.62000274658203,68.65059661865234,2388.0
2023-03-09 11:49:00,FBNC,38.619998931884766,38.619998931884766,38.619998931884766,38.59000015258789,38.59000015258789,775.0
2023-03-09 11:49:00,FCFS,88.03510284423828,88.03510284423828,88.03510284423828,88.03510284423828,88.03510284423828,183.0
2023-03-09 11:49:00,FCNCA,658.0,658.0,658.0,658.0,658.0,491.0
2023-03-09 11:49:00,FFBC,22.440099716186523,22.440099716186523,22.440099716186523,22.440099716186523,22.440099716186523,1304.0
2023-03-09 11:49:00,FFIN,33.935001373291016,33.935001373291016,33.95000076293945,33.90999984741211,33.90999984741211,1834.0
2023-03-09 11:49:00,FFWM,13.109999656677246,13.109999656677246,13.114999771118164,13.109999656677246,13.114999771118164,2955.0
2023-03-09 11:49:00,FGF,2.569999933242798,2.569999933242798,2.569999933242798,2.569999933242798,2.569999933242798,100.0
2023-03-09 11:49:00,FHB,24.200000762939453,24.200000762939453,24.200000762939453,24.190000534057617,24.19499969482422,1037.0
2023-03-09 11:49:00,FIBK,32.66999816894531,32.66999816894531,32.685001373291016,32.66999816894531,32.685001373291016,1397.0
2023-03-09 11:49:00,FITB,32.439998626708984,32.439998626708984,32.44499969482422,32.41999816894531,32.43000030517578,11563.0
2023-03-09 11:49:00,FMIV,10.128999710083008,10.128999710083008,10.128999710083008,10.128999710083008,10.128999710083008,100.0
2023-03-09 11:49:00,FOCS,51.75,51.75,51.755001068115234,51.75,51.75,1950.0
2023-03-09 11:49:00,FSBW,33.26900100708008,33.26900100708008,33.26900100708008,33.26900100708008,33.26900100708008,461.0
2023-03-09 11:49:00,GAIN,13.770000457763672,13.770000457763672,13.770000457763672,13.770000457763672,13.770000457763672,569.0
2023-03-09 11:49:00,GBDC,13.484999656677246,13.484999656677246,13.484999656677246,13.479999542236328,13.479999542236328,2323.0
2023-03-09 11:49:00,GCMG,8.449999809265137,8.449999809265137,8.449999809265137,8.449999809265137,8.449999809265137,207.0
2023-03-09 11:49:00,GGAL,12.734999656677246,12.734999656677246,12.734999656677246,12.734999656677246,12.734999656677246,660.0
2023-03-09 11:49:00,GLAD,9.920000076293945,9.920000076293945,9.920000076293945,9.920000076293945,9.920000076293945,936.0
2023-03-09 11:49:00,GLBZ,7.982699871063232,7.982699871063232,7.982699871063232,7.982699871063232,7.982699871063232,200.0
2023-03-09 11:49:00,GNTY,29.3799991607666,29.3799991607666,29.3799991607666,29.350000381469727,29.350000381469727,765.0
2023-03-09 11:49:00,GSHD,52.5,52.5,52.560001373291016,52.494998931884766,52.494998931884766,2311.0
2023-03-09 11:49:00,HBAN,14.01729965209961,14.01729965209961,14.020000457763672,14.005000114440918,14.015000343322754,51246.0
2023-03-09 11:49:00,HBNC,13.90999984741211,13.90999984741211,13.90999984741211,13.90999984741211,13.90999984741211,102.0
2023-03-09 11:49:00,HFWA,24.68000030517578,24.68000030517578,24.68000030517578,24.68000030517578,24.68000030517578,228.0
2023-03-09 11:49:00,HIVE,2.5999999046325684,2.5999999046325684,2.61899995803833,2.5999999046325684,2.609999895095825,12282.0
2023-03-09 11:49:00,HMST,22.6200008392334,22.6200008392334,22.65999984741211,22.610000610351562,22.610000610351562,406.0
2023-03-09 11:49:00,HOPE,11.960000038146973,11.960000038146973,11.960000038146973,11.960000038146973,11.960000038146973,493.0
2023-03-09 11:49:00,HUT,1.4194999933242798,1.4194999933242798,1.4198999404907227,1.409999966621399,1.4198999404907227,7256.0
2023-03-09 11:49:00,IBKR,87.94000244140625,87.94000244140625,87.9749984741211,87.94000244140625,87.9749984741211,1092.0
2023-03-09 11:49:00,IBOC,45.064998626708984,45.064998626708984,45.064998626708984,45.064998626708984,45.064998626708984,130.0
2023-03-09 11:49:00,INDB,71.9749984741211,71.9749984741211,71.9749984741211,71.9749984741211,71.9749984741211,411.0
2023-03-09 11:49:00,INTR,2.009999990463257,2.009999990463257,2.009999990463257,2.009999990463257,2.009999990463257,100.0
2023-03-09 11:50:00,ACGL,69.86000061035156,69.86000061035156,69.9000015258789,69.8499984741211,69.9000015258789,5174.0
2023-03-09 11:50:00,ACT,24.190000534057617,24.190000534057617,24.190000534057617,24.139999389648438,24.139999389648438,989.0
2023-03-09 11:50:00,AFBI,15.34000015258789,15.34000015258789,15.34000015258789,15.34000015258789,15.34000015258789,217.0
2023-03-09 11:50:00,AMAL,21.090099334716797,21.090099334716797,21.090099334716797,21.090099334716797,21.090099334716797,224.0
2023-03-09 11:50:00,APLD,2.1500000953674316,2.1500000953674316,2.1500000953674316,2.1500000953674316,2.1500000953674316,621.0
2023-03-09 11:50:00,ARCC,19.040000915527344,19.040000915527344,19.04599952697754,19.040000915527344,19.040000915527344,1321.0
2023-03-09 11:50:00,ATLO,23.565000534057617,23.565000534057617,23.565000534057617,23.565000534057617,23.565000534057617,313.0
2023-03-09 11:50:00,AUB,37.11000061035156,37.11000061035156,37.11000061035156,37.11000061035156,37.11000061035156,539.0
2023-03-09 11:50:00,BGCP,5.005000114440918,5.005000114440918,5.005000114440918,5.005000114440918,5.005000114440918,261.0
2023-03-09 11:50:00,BHF,53.32500076293945,53.32500076293945,53.32500076293945,53.32500076293945,53.32500076293945,171.0
2023-03-09 11:50:00,BITF,0.782800018787384,0.782800018787384,0.782800018787384,0.7771000266075134,0.7789000272750854,2122.0
2023-03-09 11:50:00,BKCC,3.6600000858306885,3.6600000858306885,3.6600000858306885,3.6600000858306885,3.6600000858306885,248.0
2023-03-09 11:50:00,BPOP,62.189998626708984,62.189998626708984,62.189998626708984,62.189998626708984,62.189998626708984,222.0
2023-03-09 11:50:00,BRKL,11.619999885559082,11.619999885559082,11.619999885559082,11.619999885559082,11.619999885559082,200.0
2023-03-09 11:50:00,BRP,26.09000015258789,26.09000015258789,26.09000015258789,26.09000015258789,26.09000015258789,339.0
2023-03-09 11:50:00,BTBT,1.1449999809265137,1.1449999809265137,1.149999976158142,1.1449999809265137,1.149999976158142,8856.0
2023-03-09 11:50:00,CACC,439.5249938964844,439.5249938964844,439.56500244140625,439.1099853515625,439.56500244140625,323.0
2023-03-09 11:50:00,CALB,24.90999984741211,24.90999984741211,24.90999984741211,24.90999984741211,24.90999984741211,3374.0
2023-03-09 11:50:00,CBNK,19.030000686645508,19.030000686645508,19.030000686645508,19.030000686645508,19.030000686645508,130.0
2023-03-09 11:50:00,CBSH,61.685001373291016,61.685001373291016,61.685001373291016,61.685001373291016,61.685001373291016,534.0
2023-03-09 11:50:00,CCD,23.030000686645508,23.030000686645508,23.030000686645508,23.030000686645508,23.030000686645508,416.0
2023-03-09 11:50:00,CG,34.255001068115234,34.255001068115234,34.255001068115234,34.224998474121094,34.23500061035156,1606.0
2023-03-09 11:50:00,CGBD,15.008500099182129,15.008500099182129,15.008500099182129,15.008500099182129,15.008500099182129,3000.0
2023-03-09 11:50:00,CIFR,1.4600000381469727,1.4600000381469727,1.4600000381469727,1.4600000381469727,1.4600000381469727,110.0
2023-03-09 11:50:00,CINF,116.8499984741211,116.8499984741211,116.8499984741211,116.83000183105469,116.83000183105469,586.0
2023-03-09 11:50:00,CLBK,19.739999771118164,19.739999771118164,19.739999771118164,19.739999771118164,19.739999771118164,666.0
2023-03-09 11:50:00,CME,179.17999267578125,179.17999267578125,179.17999267578125,179.0500030517578,179.05999755859375,3256.0
2023-03-09 11:50:00,COLB,25.360000610351562,25.360000610351562,25.364999771118164,25.299999237060547,25.299999237060547,17784.0
2023-03-09 11:50:00,COOP,44.650001525878906,44.650001525878906,44.72999954223633,44.61000061035156,44.70000076293945,8912.0
2023-03-09 11:50:00,CRVL,179.25,179.25,179.27000427246094,179.0500030517578,179.0500030517578,1397.0
2023-03-09 11:50:00,CSWC,18.559999465942383,18.559999465942383,18.559999465942383,18.555200576782227,18.555200576782227,514.0
2023-03-09 11:50:00,CTBI,40.34000015258789,40.34000015258789,40.34000015258789,40.34000015258789,40.34000015258789,431.0
2023-03-09 11:50:00,CVBF,22.0,22.0,22.0,22.0,22.0,140.0
2023-03-09 11:50:00,CZNC,22.15679931640625,22.15679931640625,22.15679931640625,22.15679931640625,22.15679931640625,706.0
2023-03-09 11:50:00,DALS,10.15999984741211,10.15999984741211,10.274999618530273,10.149999618530273,10.180000305175781,2200.0
2023-03-09 11:50:00,ECBK,15.0,15.0,15.0,15.0,15.0,178.0
2023-03-09 11:50:00,EFSC,51.689998626708984,51.689998626708984,51.689998626708984,51.689998626708984,51.689998626708984,255.0
2023-03-09 11:50:00,EGBN,40.834999084472656,40.834999084472656,40.834999084472656,40.834999084472656,40.834999084472656,100.0
2023-03-09 11:50:00,EHTH,8.979999542236328,8.979999542236328,8.979999542236328,8.979999542236328,8.979999542236328,353.0
2023-03-09 11:50:00,EWBC,68.62000274658203,68.62000274658203,68.69000244140625,68.62000274658203,68.69000244140625,2665.0
2023-03-09 11:50:00,FBMS,28.489999771118164,28.489999771118164,28.489999771118164,28.489999771118164,28.489999771118164,390.0
2023-03-09 11:50:00,FBNC,38.63999938964844,38.63999938964844,38.63999938964844,38.63999938964844,38.63999938964844,494.0
2023-03-09 11:50:00,FCFS,88.02999877929688,88.02999877929688,88.02999877929688,88.02999877929688,88.02999877929688,584.0
2023-03-09 11:50:00,FCRD,4.619999885559082,4.619999885559082,4.619999885559082,4.619999885559082,4.619999885559082,100.0
2023-03-09 11:50:00,FFIN,33.95000076293945,33.95000076293945,33.95000076293945,33.95000076293945,33.95000076293945,685.0
2023-03-09 11:50:00,FFWM,13.100000381469727,13.100000381469727,13.100000381469727,13.100000381469727,13.100000381469727,289.0
2023-03-09 11:50:00,FIBK,32.619998931884766,32.619998931884766,32.66999816894531,32.619998931884766,32.66999816894531,2604.0
2023-03-09 11:50:00,FITB,32.46500015258789,32.46500015258789,32.470001220703125,32.45000076293945,32.45000076293945,5135.0
2023-03-09 11:50:00,FMIV,10.109999656677246,10.109999656677246,10.109999656677246,10.109999656677246,10.109999656677246,200.0
2023-03-09 11:50:00,FNWB,13.699999809265137,13.699999809265137,13.699999809265137,13.699999809265137,13.699999809265137,201.0
2023-03-09 11:50:00,FOCS,51.75,51.75,51.7599983215332,51.75,51.755001068115234,2707.0
2023-03-09 11:50:00,FRBA,12.90999984741211,12.90999984741211,12.90999984741211,12.90999984741211,12.90999984741211,247.0
2023-03-09 11:50:00,FRBK,1.75,1.75,1.75,1.75,1.75,100.0
2023-03-09 11:50:00,FRME,37.7400016784668,37.7400016784668,37.7400016784668,37.73609924316406,37.7400016784668,994.0
2023-03-09 11:50:00,FULT,15.779999732971191,15.779999732971191,15.779999732971191,15.779999732971191,15.779999732971191,314.0
2023-03-09 11:50:00,FUTU,46.58000183105469,46.58000183105469,46.58000183105469,46.58000183105469,46.58000183105469,1025.0
2023-03-09 11:50:00,FVCB,13.300000190734863,13.300000190734863,13.34000015258789,13.300000190734863,13.34000015258789,2546.0
2023-03-09 11:50:00,GABC,35.81999969482422,35.81999969482422,35.81999969482422,35.81999969482422,35.81999969482422,100.0
2023-03-09 11:50:00,GBDC,13.479999542236328,13.479999542236328,13.484999656677246,13.475000381469727,13.479999542236328,7211.0
2023-03-09 11:50:00,GCMG,8.449999809265137,8.449999809265137,8.449999809265137,8.449999809265137,8.449999809265137,229.0
2023-03-09 11:50:00,GOCO,18.610000610351562,18.610000610351562,18.610000610351562,18.610000610351562,18.610000610351562,104.0
2023-03-09 11:50:00,GREE,0.44154998660087585,0.44154998660087585,0.44190001487731934,0.4399999976158142,0.44190001487731934,14446.0
2023-03-09 11:50:00,GSHD,52.404998779296875,52.404998779296875,52.404998779296875,52.404998779296875,52.404998779296875,102.0
2023-03-09 11:50:00,GTACW,0.16509999334812164,0.16509999334812164,0.1704999953508377,0.15504999458789825,0.15504999458789825,704.0
2023-03-09 11:50:00,GXII,10.119999885559082,10.119999885559082,10.119999885559082,10.119999885559082,10.119999885559082,100.0
2023-03-09 11:50:00,HBAN,14.015000343322754,14.015000343322754,14.020000457763672,14.010000228881836,14.020000457763672,7403.0
2023-03-09 11:50:00,HBNC,13.930000305175781,13.930000305175781,13.930000305175781,13.91100025177002,13.920000076293945,2074.0
2023-03-09 11:50:00,HBT,22.0,22.0,22.0,22.0,22.0,676.0
2023-03-09 11:50:00,HCVI,10.09000015258789,10.09000015258789,10.095000267028809,10.09000015258789,10.095000267028809,2440.0
2023-03-09 11:50:00,HIVE,2.6015000343322754,2.6015000343322754,2.6098999977111816,2.6015000343322754,2.6098999977111816,440.0
2023-03-09 11:50:00,HONE,12.770000457763672,12.770000457763672,12.770000457763672,12.770000457763672,12.770000457763672,858.0
2023-03-09 11:50:00,HUT,1.409999966621399,1.409999966621399,1.4114999771118164,1.409999966621399,1.409999966621399,16126.0
2023-03-09 11:50:00,HWC,44.439998626708984,44.439998626708984,44.439998626708984,44.439998626708984,44.439998626708984,769.0
2023-03-09 11:50:00,IBKR,87.8499984741211,87.8499984741211,87.86000061035156,87.68000030517578,87.86000061035156,6192.0
2023-03-09 11:50:00,INDB,72.08499908447266,72.08499908447266,72.16000366210938,72.04000091552734,72.04000091552734,5798.0
2023-03-09 11:50:00,INTR,2.009999990463257,2.009999990463257,2.009999990463257,2.009999990463257,2.009999990463257,122.0
2023-03-09 11:51:00,ABCB,43.20500183105469,43.20500183105469,43.20500183105469,43.20500183105469,43.20500183105469,533.0
2023-03-09 11:51:00,ACGL,69.87999725341797,69.87999725341797,69.87999725341797,69.86000061035156,69.87000274658203,3308.0
2023-03-09 11:51:00,AGBA,2.1600000858306885,2.1600000858306885,2.1600000858306885,2.1600000858306885,2.1600000858306885,247.0
2023-03-09 11:51:00,AMAL,21.12299919128418,21.12299919128418,21.12299919128418,21.12299919128418,21.12299919128418,791.0
2023-03-09 11:51:00,APLD,2.1500000953674316,2.1500000953674316,2.1549999713897705,2.1500000953674316,2.1500000953674316,4741.0
2023-03-09 11:51:00,ARCC,19.040000915527344,19.040000915527344,19.045000076293945,19.040000915527344,19.045000076293945,1188.0
2023-03-09 11:51:00,AUB,37.07500076293945,37.07500076293945,37.11000061035156,37.06999969482422,37.11000061035156,1897.0
2023-03-09 11:51:00,BCML,19.520000457763672,19.520000457763672,19.520000457763672,19.5,19.5,50403.0
2023-03-09 11:51:00,BFC,76.37000274658203,76.37000274658203,76.37000274658203,76.31999969482422,76.31999969482422,965.0
2023-03-09 11:51:00,BFST,18.673999786376953,18.673999786376953,18.673999786376953,18.673999786376953,18.673999786376953,1653.0
2023-03-09 11:51:00,BGCP,5.005000114440918,5.005000114440918,5.005000114440918,5.005000114440918,5.005000114440918,727.0
2023-03-09 11:51:00,BITF,0.7796739935874939,0.7796739935874939,0.7825000286102295,0.7770000100135803,0.7770000100135803,2823.0
2023-03-09 11:51:00,BKCC,3.6649999618530273,3.6649999618530273,3.6649999618530273,3.6649999618530273,3.6649999618530273,314.0
2023-03-09 11:51:00,BMRC,27.1200008392334,27.1200008392334,27.1200008392334,27.1200008392334,27.1200008392334,986.0
2023-03-09 11:51:00,BOKF,96.13500213623047,96.13500213623047,96.13500213623047,96.05999755859375,96.05999755859375,1230.0
2023-03-09 11:51:00,BPOP,62.15999984741211,62.15999984741211,62.220001220703125,62.15999984741211,62.189998626708984,4250.0
2023-03-09 11:51:00,BRKL,11.619999885559082,11.619999885559082,11.619999885559082,11.619999885559082,11.619999885559082,393.0
2023-03-09 11:51:00,BTBT,1.1399999856948853,1.1399999856948853,1.1449999809265137,1.1399999856948853,1.1449999809265137,10411.0
2023-03-09 11:51:00,BWB,13.4399995803833,13.4399995803833,13.4399995803833,13.4399995803833,13.4399995803833,100.0
2023-03-09 11:51:00,CACC,439.06500244140625,439.06500244140625,439.06500244140625,439.06500244140625,439.06500244140625,402.0
2023-03-09 11:51:00,CASH,47.650001525878906,47.650001525878906,47.685001373291016,47.650001525878906,47.685001373291016,1640.0
2023-03-09 11:51:00,CATY,39.599998474121094,39.599998474121094,39.599998474121094,39.599998474121094,39.599998474121094,722.0
2023-03-09 11:51:00,CBSH,61.755001068115234,61.755001068115234,61.7599983215332,61.720001220703125,61.720001220703125,809.0
2023-03-09 11:51:00,CCD,23.06999969482422,23.06999969482422,23.06999969482422,23.06999969482422,23.06999969482422,1378.0
2023-03-09 11:51:00,CG,34.29999923706055,34.29999923706055,34.29999923706055,34.2599983215332,34.2599983215332,5287.0
2023-03-09 11:51:00,CINF,116.7750015258789,116.7750015258789,116.7750015258789,116.7750015258789,116.7750015258789,410.0
2023-03-09 11:51:00,CME,179.2050018310547,179.2050018310547,179.2050018310547,179.2050018310547,179.2050018310547,607.0
2023-03-09 11:51:00,COLB,25.41069984436035,25.41069984436035,25.41069984436035,25.3799991607666,25.385000228881836,8050.0
2023-03-09 11:51:00,COOP,44.650001525878906,44.650001525878906,44.650001525878906,44.650001525878906,44.650001525878906,800.0
2023-03-09 11:51:00,CRVL,179.14999389648438,179.14999389648438,179.1999969482422,179.14999389648438,179.1999969482422,410.0
2023-03-09 11:51:00,CSQ,14.020000457763672,14.020000457763672,14.020000457763672,14.020000457763672,14.020000457763672,502.0
2023-03-09 11:51:00,CSWC,18.56399917602539,18.56399917602539,18.56399917602539,18.56399917602539,18.56399917602539,102.0
2023-03-09 11:51:00,CVBF,22.0,22.0,22.0,22.0,22.0,653.0
2023-03-09 11:51:00,DWAC,14.089400291442871,14.089400291442871,14.089400291442871,14.089400291442871,14.089400291442871,869.0
2023-03-09 11:51:00,EBC,14.78499984741211,14.78499984741211,14.78499984741211,14.78499984741211,14.78499984741211,202.0
2023-03-09 11:51:00,EWBC,68.7311019897461,68.7311019897461,68.7311019897461,68.6500015258789,68.6500015258789,1786.0
2023-03-09 11:51:00,FBNC,38.65999984741211,38.65999984741211,38.65999984741211,38.65999984741211,38.65999984741211,201.0
2023-03-09 11:51:00,FFBC,22.479999542236328,22.479999542236328,22.479999542236328,22.479999542236328,22.479999542236328,551.0
2023-03-09 11:51:00,FFIC,17.350000381469727,17.350000381469727,17.350000381469727,17.350000381469727,17.350000381469727,200.0
2023-03-09 11:51:00,FHB,24.190000534057617,24.190000534057617,24.190000534057617,24.189899444580078,24.189899444580078,868.0
2023-03-09 11:51:00,FIBK,32.599998474121094,32.599998474121094,32.599998474121094,32.599998474121094,32.599998474121094,684.0
2023-03-09 11:51:00,FITB,32.47999954223633,32.47999954223633,32.4900016784668,32.470001220703125,32.470001220703125,9178.0
2023-03-09 11:51:00,FOCS,51.75,51.75,51.755001068115234,51.75,51.75,1504.0
2023-03-09 11:51:00,FRBK,1.75,1.75,1.75,1.75,1.75,254.0
2023-03-09 11:51:00,FRME,37.73500061035156,37.73500061035156,37.7400016784668,37.73500061035156,37.7400016784668,567.0
2023-03-09 11:51:00,FULT,15.774999618530273,15.774999618530273,15.774999618530273,15.774999618530273,15.774999618530273,201.0
2023-03-09 11:51:00,FUTU,46.58000183105469,46.58000183105469,46.58000183105469,46.54999923706055,46.54999923706055,397.0
2023-03-09 11:51:00,FVCB,13.300000190734863,13.300000190734863,13.300000190734863,13.300000190734863,13.300000190734863,325.0
2023-03-09 11:51:00,GABC,35.83000183105469,35.83000183105469,35.83000183105469,35.83000183105469,35.83000183105469,180.0
2023-03-09 11:51:00,GBDC,13.479999542236328,13.479999542236328,13.479999542236328,13.479999542236328,13.479999542236328,202.0
2023-03-09 11:51:00,GCMG,8.4399995803833,8.4399995803833,8.4399995803833,8.4399995803833,8.4399995803833,955.0
2023-03-09 11:51:00,GREE,0.4415999948978424,0.4415999948978424,0.4415999948978424,0.4415999948978424,0.4415999948978424,151.0
2023-03-09 11:51:00,GSHD,52.39500045776367,52.39500045776367,52.39500045776367,52.39500045776367,52.39500045776367,225.0
2023-03-09 11:51:00,GTACW,0.1500999927520752,0.1500999927520752,0.16509999334812164,0.15000000596046448,0.1551000028848648,2097.0
2023-03-09 11:51:00,HBAN,14.024999618530273,14.024999618530273,14.029999732971191,14.020000457763672,14.020000457763672,48558.0
2023-03-09 11:51:00,HBANM,22.690900802612305,22.690900802612305,22.700000762939453,22.690900802612305,22.700000762939453,515.0
2023-03-09 11:51:00,HFWA,24.670000076293945,24.670000076293945,24.670000076293945,24.670000076293945,24.670000076293945,394.0
2023-03-09 11:51:00,HIVE,2.609999895095825,2.609999895095825,2.609999895095825,2.609999895095825,2.609999895095825,709.0
2023-03-09 11:51:00,HLNE,76.5,76.5,76.5,76.47000122070312,76.47000122070312,1776.0
2023-03-09 11:51:00,HOPE,11.960000038146973,11.960000038146973,11.960000038146973,11.951000213623047,11.960000038146973,3692.0
2023-03-09 11:51:00,HTBI,27.65999984741211,27.65999984741211,27.65999984741211,27.6299991607666,27.6299991607666,531.0
2023-03-09 11:51:00,HUT,1.4098999500274658,1.4098999500274658,1.4184999465942383,1.399999976158142,1.409999966621399,75162.0
2023-03-09 11:51:00,HWBK,24.700000762939453,24.700000762939453,24.700000762939453,24.700000762939453,24.700000762939453,100.0
2023-03-09 11:51:00,IBKR,87.94000244140625,87.94000244140625,87.94000244140625,87.83499908447266,87.83499908447266,690.0
2023-03-09 11:51:00,IBOC,45.064998626708984,45.064998626708984,45.064998626708984,45.064998626708984,45.064998626708984,161.0
2023-03-09 11:51:00,INDB,72.0199966430664,72.0199966430664,72.08499908447266,71.9800033569336,71.9800033569336,3790.0
2023-03-09 11:51:00,INTR,2.015000104904175,2.015000104904175,2.015000104904175,2.015000104904175,2.015000104904175,350.0
2023-03-09 11:52:00,ABCB,43.2599983215332,43.2599983215332,43.2599983215332,43.2599983215332,43.2599983215332,1646.0
2023-03-09 11:52:00,ACGL,69.8499984741211,69.8499984741211,69.9000015258789,69.8499984741211,69.88999938964844,6542.0
2023-03-09 11:52:00,AIB,10.470000267028809,10.470000267028809,10.470000267028809,10.470000267028809,10.470000267028809,201.0
2023-03-09 11:52:00,APLD,2.1500000953674316,2.1500000953674316,2.1500000953674316,2.1500000953674316,2.1500000953674316,313.0
2023-03-09 11:52:00,ARCC,19.040000915527344,19.040000915527344,19.049999237060547,19.040000915527344,19.049999237060547,3335.0
2023-03-09 11:52:00,AUB,37.08000183105469,37.08000183105469,37.08000183105469,37.07500076293945,37.07500076293945,871.0
2023-03-09 11:52:00,BCBP,15.9399995803833,15.9399995803833,15.960000038146973,15.9399995803833,15.949999809265137,729.0
2023-03-09 11:52:00,BFST,18.700000762939453,18.700000762939453,18.700000762939453,18.700000762939453,18.700000762939453,428.0
2023-03-09 11:52:00,BGCP,5.005000114440918,5.005000114440918,5.010000228881836,5.005000114440918,5.010000228881836,814.0
2023-03-09 11:52:00,BHF,53.34000015258789,53.34000015258789,53.34000015258789,53.34000015258789,53.34000015258789,513.0
2023-03-09 11:52:00,BHFAM,16.479999542236328,16.479999542236328,16.489999771118164,16.479999542236328,16.489999771118164,657.0
2023-03-09 11:52:00,BHFAN,18.93000030517578,18.93000030517578,18.969999313354492,18.93000030517578,18.959999084472656,525.0
2023-03-09 11:52:00,BITF,0.7788000106811523,0.7788000106811523,0.7788000106811523,0.7788000106811523,0.7788000106811523,1425.0
2023-03-09 11:52:00,BKCC,3.6600000858306885,3.6600000858306885,3.6600000858306885,3.6600000858306885,3.6600000858306885,242.0
2023-03-09 11:52:00,BPOP,62.13999938964844,62.13999938964844,62.16999816894531,62.130001068115234,62.15999984741211,1949.0
2023-03-09 11:52:00,BRKL,11.630000114440918,11.630000114440918,11.630000114440918,11.630000114440918,11.630000114440918,325.0
2023-03-09 11:52:00,BRP,26.09000015258789,26.09000015258789,26.09000015258789,26.09000015258789,26.09000015258789,274.0
2023-03-09 11:52:00,BTBT,1.1404000520706177,1.1404000520706177,1.1404000520706177,1.1404000520706177,1.1404000520706177,454.0
2023-03-09 11:52:00,BUSE,22.575000762939453,22.575000762939453,22.575000762939453,22.575000762939453,22.575000762939453,198.0
2023-03-09 11:52:00,BWB,13.515000343322754,13.515000343322754,13.515000343322754,13.4399995803833,13.4399995803833,1252.0
2023-03-09 11:52:00,CASH,47.650001525878906,47.650001525878906,47.650001525878906,47.650001525878906,47.650001525878906,208.0
2023-03-09 11:52:00,CBSH,61.775001525878906,61.775001525878906,61.775001525878906,61.775001525878906,61.775001525878906,942.0
2023-03-09 11:52:00,CFFN,7.585000038146973,7.585000038146973,7.585000038146973,7.585000038146973,7.585000038146973,271.0
2023-03-09 11:52:00,CG,34.29499816894531,34.29499816894531,34.310001373291016,34.29499816894531,34.29999923706055,3443.0
2023-03-09 11:52:00,CGBD,15.009900093078613,15.009900093078613,15.009900093078613,15.009900093078613,15.009900093078613,2089.0
2023-03-09 11:52:00,CHCO,91.04000091552734,91.04000091552734,91.04000091552734,90.83000183105469,90.83000183105469,1069.0
2023-03-09 11:52:00,CINF,116.72000122070312,116.72000122070312,116.73999786376953,116.72000122070312,116.73999786376953,1041.0
2023-03-09 11:52:00,CME,179.2050018310547,179.2050018310547,179.2050018310547,179.2050018310547,179.2050018310547,578.0
2023-03-09 11:52:00,CNOB,22.25,22.25,22.260000228881836,22.25,22.260000228881836,897.0
2023-03-09 11:52:00,COLB,25.420000076293945,25.420000076293945,25.43000030517578,25.40999984741211,25.40999984741211,9836.0
2023-03-09 11:52:00,CRVL,178.91000366210938,178.91000366210938,179.1699981689453,178.91000366210938,179.1699981689453,877.0
2023-03-09 11:52:00,CSTR,15.540300369262695,15.540300369262695,15.540300369262695,15.539999961853027,15.54010009765625,832.0
2023-03-09 11:52:00,CSWC,18.552000045776367,18.552000045776367,18.552000045776367,18.549999237060547,18.549999237060547,244.0
2023-03-09 11:52:00,CVBF,22.0,22.0,22.0,22.0,22.0,1519.0
2023-03-09 11:52:00,EBC,14.770000457763672,14.770000457763672,14.779999732971191,14.770000457763672,14.779999732971191,1379.0
2023-03-09 11:52:00,EGBN,40.849998474121094,40.849998474121094,40.849998474121094,40.849998474121094,40.849998474121094,681.0
2023-03-09 11:52:00,EWBC,68.75,68.75,68.75,68.73999786376953,68.75,1688.0
2023-03-09 11:52:00,FBMS,28.530000686645508,28.530000686645508,28.530000686645508,28.530000686645508,28.530000686645508,580.0
2023-03-09 11:52:00,FBNC,38.65999984741211,38.65999984741211,38.65999984741211,38.65999984741211,38.65999984741211,209.0
2023-03-09 11:52:00,FCNCO,21.84000015258789,21.84000015258789,21.84000015258789,21.84000015258789,21.84000015258789,100.0
2023-03-09 11:52:00,FFBC,22.506000518798828,22.506000518798828,22.506000518798828,22.506000518798828,22.506000518798828,215.0
2023-03-09 11:52:00,FFIC,17.344999313354492,17.344999313354492,17.350000381469727,17.344999313354492,17.350000381469727,300.0
2023-03-09 11:52:00,FFIN,33.959999084472656,33.959999084472656,33.959999084472656,33.959999084472656,33.959999084472656,593.0
2023-03-09 11:52:00,FHB,24.204999923706055,24.204999923706055,24.204999923706055,24.204999923706055,24.204999923706055,403.0
2023-03-09 11:52:00,FIBK,32.630001068115234,32.630001068115234,32.630001068115234,32.619998931884766,32.619998931884766,983.0
2023-03-09 11:52:00,FITB,32.5099983215332,32.5099983215332,32.51499938964844,32.4900016784668,32.4900016784668,4795.0
2023-03-09 11:52:00,FRBK,1.75,1.75,1.75,1.75,1.75,334.0
2023-03-09 11:52:00,FULT,15.779999732971191,15.779999732971191,15.779999732971191,15.779999732971191,15.779999732971191,691.0
2023-03-09 11:52:00,FUTU,46.650001525878906,46.650001525878906,46.67499923706055,46.54999923706055,46.54999923706055,5954.0
2023-03-09 11:52:00,GABC,35.849998474121094,35.849998474121094,35.849998474121094,35.849998474121094,35.849998474121094,505.0
2023-03-09 11:52:00,GBDC,13.484999656677246,13.484999656677246,13.484999656677246,13.475000381469727,13.479999542236328,4668.0
2023-03-09 11:52:00,GLBZ,7.999899864196777,7.999899864196777,7.999899864196777,7.999899864196777,7.999899864196777,101.0
2023-03-09 11:52:00,GLLI,10.3100004196167,10.3100004196167,10.319999694824219,10.3100004196167,10.319999694824219,3200.0
2023-03-09 11:52:00,GSHD,52.36000061035156,52.36000061035156,52.41999816894531,52.349998474121094,52.349998474121094,1339.0
2023-03-09 11:52:00,GXII,10.119999885559082,10.119999885559082,10.119999885559082,10.119999885559082,10.119999885559082,100.0
2023-03-09 11:52:00,HAFC,21.90999984741211,21.90999984741211,21.90999984741211,21.90999984741211,21.90999984741211,525.0
2023-03-09 11:52:00,HBAN,14.03499984741211,14.03499984741211,14.039999961853027,14.024999618530273,14.024999618530273,29740.0
2023-03-09 11:52:00,HTBK,10.970000267028809,10.970000267028809,10.970000267028809,10.970000267028809,10.970000267028809,127.0
2023-03-09 11:52:00,HUT,1.409999966621399,1.409999966621399,1.4199999570846558,1.4098999500274658,1.4098999500274658,31815.0
2023-03-09 11:52:00,IBKR,87.98999786376953,87.98999786376953,87.98999786376953,87.9800033569336,87.9800033569336,1239.0
2023-03-09 11:52:00,IBOC,45.11000061035156,45.11000061035156,45.11000061035156,45.09000015258789,45.09000015258789,700.0
2023-03-09 11:52:00,INDB,72.12999725341797,72.12999725341797,72.16000366210938,72.12000274658203,72.12000274658203,1465.0
2023-03-09 11:53:00,ABCB,43.189998626708984,43.189998626708984,43.209999084472656,43.189998626708984,43.209999084472656,1077.0
2023-03-09 11:53:00,ACGL,69.83999633789062,69.83999633789062,69.8499984741211,69.83999633789062,69.8499984741211,3745.0
2023-03-09 11:53:00,ACT,24.15999984741211,24.15999984741211,24.190000534057617,24.15999984741211,24.190000534057617,401.0
2023-03-09 11:53:00,ALRS,19.0,19.0,19.0,19.0,19.0,460.0
2023-03-09 11:53:00,AMNB,32.01499938964844,32.01499938964844,32.01499938964844,32.01499938964844,32.01499938964844,175.0
2023-03-09 11:53:00,AMRK,28.15999984741211,28.15999984741211,28.15999984741211,28.1299991607666,28.15999984741211,604.0
2023-03-09 11:53:00,ARCC,19.03499984741211,19.03499984741211,19.045799255371094,19.030000686645508,19.045000076293945,9190.0
2023-03-09 11:53:00,AROW,28.34000015258789,28.34000015258789,28.350000381469727,28.34000015258789,28.350000381469727,301.0
2023-03-09 11:53:00,AUB,37.0099983215332,37.0099983215332,37.06999969482422,37.0099983215332,37.06999969482422,5309.0
2023-03-09 11:53:00,BANF,85.83999633789062,85.83999633789062,85.94999694824219,85.83999633789062,85.94999694824219,209.0
2023-03-09 11:53:00,BCBP,15.940099716186523,15.940099716186523,15.940099716186523,15.9399995803833,15.9399995803833,541.0
2023-03-09 11:53:00,BFST,18.735000610351562,18.735000610351562,18.735000610351562,18.709999084472656,18.719999313354492,445.0
2023-03-09 11:53:00,BGCP,5.0,5.0,5.010000228881836,5.0,5.010000228881836,934.0
2023-03-09 11:53:00,BHF,53.29999923706055,53.29999923706055,53.29999923706055,53.279998779296875,53.29999923706055,1511.0
2023-03-09 11:53:00,BITF,0.7886000275611877,0.7886000275611877,0.7886000275611877,0.7788010239601135,0.7788010239601135,10173.0
2023-03-09 11:53:00,BKCC,3.6600000858306885,3.6600000858306885,3.6600000858306885,3.6600000858306885,3.6600000858306885,216.0
2023-03-09 11:53:00,BOKF,96.05999755859375,96.05999755859375,96.1500015258789,96.05999755859375,96.1500015258789,3385.0
2023-03-09 11:53:00,BPOP,62.1349983215332,62.1349983215332,62.170799255371094,62.095001220703125,62.13999938964844,6130.0
2023-03-09 11:53:00,BRKL,11.617300033569336,11.617300033569336,11.619999885559082,11.609999656677246,11.619999885559082,1180.0
2023-03-09 11:53:00,BTBT,1.1399999856948853,1.1399999856948853,1.1399999856948853,1.1399999856948853,1.1399999856948853,480.0
2023-03-09 11:53:00,BUSE,22.540000915527344,22.540000915527344,22.549999237060547,22.540000915527344,22.549999237060547,233.0
2023-03-09 11:53:00,CARE,16.269899368286133,16.269899368286133,16.269899368286133,16.269899368286133,16.269899368286133,193.0
2023-03-09 11:53:00,CASH,47.65999984741211,47.65999984741211,47.66999816894531,47.650001525878906,47.650001525878906,900.0
2023-03-09 11:53:00,CATY,39.630001068115234,39.630001068115234,39.64500045776367,39.61000061035156,39.619998931884766,2357.0
2023-03-09 11:53:00,CBFV,24.010099411010742,24.010099411010742,24.010099411010742,24.010099411010742,24.010099411010742,0.0
2023-03-09 11:53:00,CBSH,61.75,61.75,61.779998779296875,61.7400016784668,61.7400016784668,1986.0
2023-03-09 11:53:00,CCNE,22.6299991607666,22.6299991607666,22.6299991607666,22.6299991607666,22.6299991607666,531.0
2023-03-09 11:53:00,CFFN,7.574999809265137,7.574999809265137,7.585000038146973,7.574999809265137,7.585000038146973,1917.0
2023-03-09 11:53:00,CG,34.2400016784668,34.2400016784668,34.290000915527344,34.2400016784668,34.290000915527344,2251.0
2023-03-09 11:53:00,CHY,12.299699783325195,12.299699783325195,12.299699783325195,12.299699783325195,12.299699783325195,514.0
2023-03-09 11:53:00,CINF,116.7750015258789,116.7750015258789,116.7750015258789,116.7750015258789,116.7750015258789,896.0
2023-03-09 11:53:00,CME,179.0850067138672,179.0850067138672,179.16000366210938,179.02000427246094,179.16000366210938,2015.0
2023-03-09 11:53:00,CNOB,22.219999313354492,22.219999313354492,22.229999542236328,22.219999313354492,22.229999542236328,524.0
2023-03-09 11:53:00,COLB,25.393999099731445,25.393999099731445,25.40999984741211,25.3799991607666,25.40999984741211,18421.0
2023-03-09 11:53:00,COOP,44.58000183105469,44.58000183105469,44.619998931884766,44.54999923706055,44.564998626708984,3639.0
2023-03-09 11:53:00,CRVL,179.08999633789062,179.08999633789062,179.08999633789062,179.08999633789062,179.08999633789062,169.0
2023-03-09 11:53:00,CSQ,14.029999732971191,14.029999732971191,14.029999732971191,14.0246000289917,14.029999732971191,700.0
2023-03-09 11:53:00,CSTR,15.569999694824219,15.569999694824219,15.569999694824219,15.539999961853027,15.539999961853027,1506.0
2023-03-09 11:53:00,CSWC,18.549999237060547,18.549999237060547,18.549999237060547,18.549999237060547,18.549999237060547,599.0
2023-03-09 11:53:00,CVBF,21.959999084472656,21.959999084472656,21.989999771118164,21.950000762939453,21.989999771118164,4119.0
2023-03-09 11:53:00,CZNC,22.18000030517578,22.18000030517578,22.18000030517578,22.15999984741211,22.15999984741211,1871.0
2023-03-09 11:53:00,CZWI,12.3100004196167,12.3100004196167,12.3100004196167,12.3100004196167,12.3100004196167,221.0
2023-03-09 11:53:00,DCOM,29.5,29.5,29.5,29.5,29.5,148.0
2023-03-09 11:53:00,EBC,14.729999542236328,14.729999542236328,14.765000343322754,14.729999542236328,14.760000228881836,7011.0
2023-03-09 11:53:00,ECPG,50.63999938964844,50.63999938964844,50.63999938964844,50.63999938964844,50.63999938964844,818.0
2023-03-09 11:53:00,EFSC,51.70000076293945,51.70000076293945,51.70000076293945,51.70000076293945,51.70000076293945,157.0
2023-03-09 11:53:00,EHTH,8.961999893188477,8.961999893188477,8.979999542236328,8.942000389099121,8.960000038146973,4466.0
2023-03-09 11:53:00,ERIE,234.8800048828125,234.8800048828125,234.8800048828125,234.8800048828125,234.8800048828125,254.0
2023-03-09 11:53:00,EWBC,68.6449966430664,68.6449966430664,68.72000122070312,68.62999725341797,68.72000122070312,3524.0
2023-03-09 11:53:00,EZPW,8.8725004196167,8.8725004196167,8.875,8.8725004196167,8.875,302.0
2023-03-09 11:53:00,FBMS,28.469999313354492,28.469999313354492,28.469999313354492,28.469999313354492,28.469999313354492,427.0
2023-03-09 11:53:00,FBNC,38.67499923706055,38.67499923706055,38.709999084472656,38.630001068115234,38.689998626708984,1740.0
2023-03-09 11:53:00,FCNCO,21.81999969482422,21.81999969482422,21.825000762939453,21.81999969482422,21.81999969482422,501.0
2023-03-09 11:53:00,FCRD,4.590000152587891,4.590000152587891,4.639999866485596,4.590000152587891,4.639999866485596,4111.0
2023-03-09 11:53:00,FDUS,20.399999618530273,20.399999618530273,20.399999618530273,20.399999618530273,20.399999618530273,1437.0
2023-03-09 11:53:00,FFBC,22.469999313354492,22.469999313354492,22.489999771118164,22.469999313354492,22.489999771118164,942.0
2023-03-09 11:53:00,FFIC,17.34000015258789,17.34000015258789,17.342100143432617,17.329999923706055,17.329999923706055,2140.0
2023-03-09 11:53:00,FFIN,33.915000915527344,33.915000915527344,33.95000076293945,33.915000915527344,33.93000030517578,1798.0
2023-03-09 11:53:00,FFWM,13.100000381469727,13.100000381469727,13.100000381469727,13.100000381469727,13.100000381469727,326.0
2023-03-09 11:53:00,FGF,2.4800000190734863,2.4800000190734863,2.4800000190734863,2.4800000190734863,2.4800000190734863,515.0
2023-03-09 11:53:00,FHB,24.18000030517578,24.18000030517578,24.200000762939453,24.18000030517578,24.200000762939453,1754.0
2023-03-09 11:53:00,FIBK,32.560001373291016,32.560001373291016,32.619998931884766,32.560001373291016,32.619998931884766,2162.0
2023-03-09 11:53:00,FITB,32.470001220703125,32.470001220703125,32.505001068115234,32.459999084472656,32.505001068115234,6436.0
2023-03-09 11:53:00,FLIC,16.190000534057617,16.190000534057617,16.200000762939453,16.190000534057617,16.200000762939453,500.0
2023-03-09 11:53:00,FNCB,7.320000171661377,7.320000171661377,7.340000152587891,7.300000190734863,7.340000152587891,5488.0
2023-03-09 11:53:00,FNWB,13.694999694824219,13.694999694824219,13.699999809265137,13.694999694824219,13.699999809265137,7977.0
2023-03-09 11:53:00,FOCS,51.720001220703125,51.720001220703125,51.75,51.71500015258789,51.75,12253.0
2023-03-09 11:53:00,FRBA,12.9399995803833,12.9399995803833,12.9399995803833,12.9399995803833,12.9399995803833,404.0
2023-03-09 11:53:00,FRME,37.720001220703125,37.720001220703125,37.720001220703125,37.720001220703125,37.720001220703125,405.0
2023-03-09 11:53:00,FSEA,9.920000076293945,9.920000076293945,9.920000076293945,9.920000076293945,9.920000076293945,260.0
2023-03-09 11:53:00,FULT,15.770000457763672,15.770000457763672,15.779999732971191,15.770000457763672,15.779999732971191,3705.0
2023-03-09 11:53:00,FUTU,46.630001068115234,46.630001068115234,46.630001068115234,46.619998931884766,46.619998931884766,1088.0
2023-03-09 11:53:00,GAIN,13.765600204467773,13.765600204467773,13.770000457763672,13.765600204467773,13.770000457763672,816.0
2023-03-09 11:53:00,GBDC,13.460000038146973,13.460000038146973,13.479999542236328,13.460000038146973,13.479999542236328,22566.0
2023-03-09 11:53:00,GGAL,12.729999542236328,12.729999542236328,12.729999542236328,12.720000267028809,12.720000267028809,1565.0
2023-03-09 11:53:00,GLRE,9.970000267028809,9.970000267028809,9.970000267028809,9.970000267028809,9.970000267028809,124.0
2023-03-09 11:53:00,GSHD,52.290000915527344,52.290000915527344,52.3650016784668,52.290000915527344,52.3650016784668,265.0
2023-03-09 11:53:00,HAFC,21.90999984741211,21.90999984741211,21.90999984741211,21.90999984741211,21.90999984741211,172.0
2023-03-09 11:53:00,HBAN,14.010000228881836,14.010000228881836,14.03499984741211,14.010000228881836,14.029999732971191,20283.0
2023-03-09 11:53:00,HBNC,13.930000305175781,13.930000305175781,13.930000305175781,13.930000305175781,13.930000305175781,513.0
2023-03-09 11:53:00,HIVE,2.619999885559082,2.619999885559082,2.619999885559082,2.619999885559082,2.619999885559082,3010.0
2023-03-09 11:53:00,HLNE,76.38999938964844,76.38999938964844,76.45999908447266,76.38999938964844,76.45999908447266,350.0
2023-03-09 11:53:00,HMST,22.65999984741211,22.65999984741211,22.65999984741211,22.65999984741211,22.65999984741211,271.0
2023-03-09 11:53:00,HONE,12.765000343322754,12.765000343322754,12.765000343322754,12.765000343322754,12.765000343322754,214.0
2023-03-09 11:53:00,HOPE,11.949999809265137,11.949999809265137,11.960000038146973,11.949999809265137,11.960000038146973,903.0
2023-03-09 11:53:00,HTBK,10.970000267028809,10.970000267028809,10.970000267028809,10.970000267028809,10.970000267028809,981.0
2023-03-09 11:53:00,HUT,1.4149999618530273,1.4149999618530273,1.417799949645996,1.409999966621399,1.409999966621399,3626.0
2023-03-09 11:53:00,HWC,44.43000030517578,44.43000030517578,44.459999084472656,44.41999816894531,44.459999084472656,3310.0
2023-03-09 11:53:00,IBKR,88.0250015258789,88.0250015258789,88.0250015258789,88.0250015258789,88.0250015258789,289.0
2023-03-09 11:53:00,IBOC,45.099998474121094,45.099998474121094,45.099998474121094,45.06999969482422,45.06999969482422,773.0
2023-03-09 11:53:00,IBTX,52.8650016784668,52.8650016784668,52.8650016784668,52.79999923706055,52.79999923706055,643.0
2023-03-09 11:53:00,INDB,72.08000183105469,72.08000183105469,72.08000183105469,72.08000183105469,72.08000183105469,434.0
2023-03-09 11:53:00,INTR,2.009999990463257,2.009999990463257,2.009999990463257,2.009999990463257,2.009999990463257,5370.0
2023-03-09 11:54:00,ACGL,69.88999938964844,69.88999938964844,69.9000015258789,69.8499984741211,69.8499984741211,5271.0
2023-03-09 11:54:00,APLD,2.140000104904175,2.140000104904175,2.140000104904175,2.140000104904175,2.140000104904175,166.0
2023-03-09 11:54:00,ARCC,19.02039909362793,19.02039909362793,19.040000915527344,19.020000457763672,19.030000686645508,18579.0
2023-03-09 11:54:00,AROW,28.350000381469727,28.350000381469727,28.350000381469727,28.350000381469727,28.350000381469727,212.0
2023-03-09 11:54:00,AUB,37.04999923706055,37.04999923706055,37.04999923706055,37.0099983215332,37.0099983215332,1251.0
2023-03-09 11:54:00,BANF,85.91000366210938,85.91000366210938,85.91000366210938,85.91000366210938,85.91000366210938,377.0
2023-03-09 11:54:00,BCML,19.309999465942383,19.309999465942383,19.450000762939453,19.309999465942383,19.450000762939453,408.0
2023-03-09 11:54:00,BGCP,5.0,5.0,5.007500171661377,5.0,5.0,1530.0
2023-03-09 11:54:00,BHF,53.349998474121094,53.349998474121094,53.349998474121094,53.22999954223633,53.2400016784668,1848.0
2023-03-09 11:54:00,BHFAN,18.956899642944336,18.956899642944336,18.956899642944336,18.956899642944336,18.956899642944336,461.0
2023-03-09 11:54:00,BHFAO,25.200000762939453,25.200000762939453,25.200000762939453,25.170000076293945,25.170000076293945,1004.0
2023-03-09 11:54:00,BITF,0.7884989976882935,0.7884989976882935,0.7885000109672546,0.7836999893188477,0.7885000109672546,987.0
2023-03-09 11:54:00,BOKF,96.18000030517578,96.18000030517578,96.18000030517578,96.06999969482422,96.06999969482422,970.0
2023-03-09 11:54:00,BPOP,62.11000061035156,62.11000061035156,62.15999984741211,62.084999084472656,62.11000061035156,11886.0
2023-03-09 11:54:00,BRKL,11.619999885559082,11.619999885559082,11.619999885559082,11.619999885559082,11.619999885559082,325.0
2023-03-09 11:54:00,BRP,26.114999771118164,26.114999771118164,26.139999389648438,26.114999771118164,26.139999389648438,969.0
2023-03-09 11:54:00,BUSE,22.540000915527344,22.540000915527344,22.540000915527344,22.540000915527344,22.540000915527344,465.0
2023-03-09 11:54:00,CASH,47.73500061035156,47.73500061035156,47.73500061035156,47.709999084472656,47.720001220703125,306.0
2023-03-09 11:54:00,CBSH,61.66999816894531,61.66999816894531,61.68000030517578,61.66999816894531,61.672000885009766,2137.0
2023-03-09 11:54:00,CCNEP,25.850000381469727,25.850000381469727,25.850000381469727,25.850000381469727,25.850000381469727,897.0
2023-03-09 11:54:00,CFFN,7.579999923706055,7.579999923706055,7.585000038146973,7.574999809265137,7.574999809265137,1636.0
2023-03-09 11:54:00,CG,34.2599983215332,34.2599983215332,34.26499938964844,34.2400016784668,34.2400016784668,1661.0
2023-03-09 11:54:00,CGBD,14.989999771118164,14.989999771118164,15.003999710083008,14.989999771118164,15.003999710083008,830.0
2023-03-09 11:54:00,CIFR,1.4600000381469727,1.4600000381469727,1.4600000381469727,1.4600000381469727,1.4600000381469727,521.0
2023-03-09 11:54:00,CINF,116.86000061035156,116.86000061035156,116.86000061035156,116.69000244140625,116.69000244140625,2215.0
2023-03-09 11:54:00,CME,179.09500122070312,179.09500122070312,179.09500122070312,179.0800018310547,179.0800018310547,739.0
2023-03-09 11:54:00,COLB,25.415000915527344,25.415000915527344,25.415000915527344,25.360000610351562,25.389999389648438,18190.0
2023-03-09 11:54:00,COOP,44.56999969482422,44.56999969482422,44.58000183105469,44.56999969482422,44.58000183105469,690.0
2023-03-09 11:54:00,CSQ,14.029999732971191,14.029999732971191,14.029999732971191,14.029999732971191,14.029999732971191,100.0
2023-03-09 11:54:00,CSWC,18.539899826049805,18.539899826049805,18.539899826049805,18.539899826049805,18.539899826049805,104.0
2023-03-09 11:54:00,CUBA,3.9100000858306885,3.9100000858306885,3.9100000858306885,3.9100000858306885,3.9100000858306885,395.0
2023-03-09 11:54:00,CVBF,21.969999313354492,21.969999313354492,21.969999313354492,21.954999923706055,21.954999923706055,848.0
2023-03-09 11:54:00,DCOM,29.5,29.5,29.5,29.489999771118164,29.489999771118164,725.0
2023-03-09 11:54:00,EBC,14.729999542236328,14.729999542236328,14.729999542236328,14.720999717712402,14.729999542236328,2802.0
2023-03-09 11:54:00,EGBN,40.77000045776367,40.77000045776367,40.81999969482422,40.77000045776367,40.81999969482422,579.0
2023-03-09 11:54:00,EHTH,8.960000038146973,8.960000038146973,8.970000267028809,8.9399995803833,8.970000267028809,1904.0
2023-03-09 11:54:00,EMCGU,10.5,10.5,10.5,10.5,10.5,0.0
2023-03-09 11:54:00,ESGR,231.18499755859375,231.18499755859375,231.18499755859375,230.77999877929688,230.77999877929688,227.0
2023-03-09 11:54:00,EZPW,8.869999885559082,8.869999885559082,8.869999885559082,8.869999885559082,8.869999885559082,1130.0
2023-03-09 11:54:00,FBNC,38.709999084472656,38.709999084472656,38.709999084472656,38.709999084472656,38.709999084472656,757.0
2023-03-09 11:54:00,FCNCA,657.0,657.0,657.0,657.0,657.0,288.0
2023-03-09 11:54:00,FFBC,22.479999542236328,22.479999542236328,22.479999542236328,22.469999313354492,22.469999313354492,371.0
2023-03-09 11:54:00,FFIN,33.8849983215332,33.8849983215332,33.90999984741211,33.8849983215332,33.90999984741211,259.0
2023-03-09 11:54:00,FFWM,13.0600004196167,13.0600004196167,13.079999923706055,13.0600004196167,13.079999923706055,789.0
2023-03-09 11:54:00,FHB,24.200000762939453,24.200000762939453,24.200000762939453,24.170000076293945,24.170000076293945,1067.0
2023-03-09 11:54:00,FIBK,32.56999969482422,32.56999969482422,32.56999969482422,32.54999923706055,32.54999923706055,1592.0
2023-03-09 11:54:00,FITB,32.47999954223633,32.47999954223633,32.5,32.45000076293945,32.459999084472656,5397.0
2023-03-09 11:54:00,FLIC,16.170000076293945,16.170000076293945,16.170000076293945,16.170000076293945,16.170000076293945,100.0
2023-03-09 11:54:00,FNCB,7.320000171661377,7.320000171661377,7.340000152587891,7.320000171661377,7.340000152587891,959.0
2023-03-09 11:54:00,FOCS,51.720001220703125,51.720001220703125,51.72999954223633,51.709999084472656,51.709999084472656,11110.0
2023-03-09 11:54:00,FRBK,1.753999948501587,1.753999948501587,1.753999948501587,1.753999948501587,1.753999948501587,100.0
2023-03-09 11:54:00,FULT,15.770000457763672,15.770000457763672,15.770000457763672,15.760000228881836,15.760000228881836,2219.0
2023-03-09 11:54:00,FUTU,46.63999938964844,46.63999938964844,46.64500045776367,46.59000015258789,46.630001068115234,6090.0
2023-03-09 11:54:00,GAIN,13.760000228881836,13.760000228881836,13.760000228881836,13.760000228881836,13.760000228881836,140.0
2023-03-09 11:54:00,GBDC,13.449999809265137,13.449999809265137,13.449999809265137,13.449999809265137,13.449999809265137,209.0
2023-03-09 11:54:00,GCMG,8.430000305175781,8.430000305175781,8.430000305175781,8.420000076293945,8.420000076293945,1636.0
2023-03-09 11:54:00,GTACW,0.15150000154972076,0.15150000154972076,0.15150000154972076,0.15000000596046448,0.1500999927520752,3000.0
2023-03-09 11:54:00,GXII,10.119999885559082,10.119999885559082,10.119999885559082,10.119999885559082,10.119999885559082,100.0
2023-03-09 11:54:00,HAFC,21.90999984741211,21.90999984741211,21.920000076293945,21.889999389648438,21.889999389648438,1693.0
2023-03-09 11:54:00,HBAN,14.020000457763672,14.020000457763672,14.024999618530273,14.0,14.010000228881836,23266.0
2023-03-09 11:54:00,HBNC,13.90999984741211,13.90999984741211,13.920000076293945,13.90999984741211,13.920000076293945,1960.0
2023-03-09 11:54:00,HCMA,10.460000038146973,10.460000038146973,10.460000038146973,10.460000038146973,10.460000038146973,198.0
2023-03-09 11:54:00,HIVE,2.6159000396728516,2.6159000396728516,2.6159000396728516,2.6159000396728516,2.6159000396728516,205.0
2023-03-09 11:54:00,HOPE,11.960000038146973,11.960000038146973,11.960000038146973,11.954999923706055,11.954999923706055,501.0
2023-03-09 11:54:00,HRZN,12.04990005493164,12.04990005493164,12.050000190734863,12.029999732971191,12.050000190734863,1701.0
2023-03-09 11:54:00,HTLF,45.689998626708984,45.689998626708984,45.689998626708984,45.630001068115234,45.630001068115234,416.0
2023-03-09 11:54:00,HUT,1.409999966621399,1.409999966621399,1.4149999618530273,1.409999966621399,1.409999966621399,18375.0
2023-03-09 11:54:00,HWC,44.43000030517578,44.43000030517578,44.43000030517578,44.39500045776367,44.39500045776367,645.0
2023-03-09 11:54:00,IBOC,45.084999084472656,45.084999084472656,45.084999084472656,45.084999084472656,45.084999084472656,152.0
2023-03-09 11:54:00,IBTX,52.8650016784668,52.8650016784668,52.8650016784668,52.8650016784668,52.8650016784668,207.0
2023-03-09 11:54:00,INDB,71.98999786376953,71.98999786376953,72.02999877929688,71.98999786376953,72.02999877929688,795.0
2023-03-09 11:54:00,INTR,2.009999990463257,2.009999990463257,2.009999990463257,2.009999990463257,2.009999990463257,100.0
2023-03-09 11:55:00,ACGL,69.87999725341797,69.87999725341797,69.87999725341797,69.87000274658203,69.87000274658203,699.0
2023-03-09 11:55:00,ALRS,19.040000915527344,19.040000915527344,19.040000915527344,19.010000228881836,19.030000686645508,845.0
2023-03-09 11:55:00,APLD,2.140000104904175,2.140000104904175,2.1449999809265137,2.140000104904175,2.1449999809265137,667.0
2023-03-09 11:55:00,ARCC,19.02989959716797,19.02989959716797,19.030000686645508,19.020000457763672,19.030000686645508,6583.0
2023-03-09 11:55:00,BGCP,5.005000114440918,5.005000114440918,5.007500171661377,5.005000114440918,5.007500171661377,510.0
2023-03-09 11:55:00,BHFAM,16.440000534057617,16.440000534057617,16.440000534057617,16.40999984741211,16.40999984741211,401.0
2023-03-09 11:55:00,BITF,0.7781000137329102,0.7781000137329102,0.7788000106811523,0.777999997138977,0.7788000106811523,1200.0
2023-03-09 11:55:00,BKCC,3.6600000858306885,3.6600000858306885,3.6600000858306885,3.6600000858306885,3.6600000858306885,216.0
2023-03-09 11:55:00,BLFY,11.524999618530273,11.524999618530273,11.524999618530273,11.524999618530273,11.524999618530273,341.0
2023-03-09 11:55:00,BOKF,96.22000122070312,96.22000122070312,96.22000122070312,96.22000122070312,96.22000122070312,185.0
2023-03-09 11:55:00,CARE,16.25,16.25,16.25,16.239999771118164,16.239999771118164,565.0
2023-03-09 11:55:00,CASH,47.73500061035156,47.73500061035156,47.73500061035156,47.73500061035156,47.73500061035156,315.0
2023-03-09 11:55:00,CFFN,7.583799839019775,7.583799839019775,7.585000038146973,7.583799839019775,7.585000038146973,1636.0
2023-03-09 11:55:00,CG,34.22999954223633,34.22999954223633,34.24599838256836,34.22999954223633,34.24599838256836,2744.0
2023-03-09 11:55:00,CGBD,14.979999542236328,14.979999542236328,14.979999542236328,14.979999542236328,14.979999542236328,745.0
2023-03-09 11:55:00,CHW,6.079899787902832,6.079899787902832,6.079899787902832,6.079899787902832,6.079899787902832,528.0
2023-03-09 11:55:00,CINF,116.77999877929688,116.77999877929688,116.77999877929688,116.77999877929688,116.77999877929688,261.0
2023-03-09 11:55:00,CME,179.00999450683594,179.00999450683594,179.09500122070312,179.00999450683594,179.09500122070312,907.0
2023-03-09 11:55:00,COLB,25.3700008392334,25.3700008392334,25.420000076293945,25.3700008392334,25.415000915527344,11876.0
2023-03-09 11:55:00,CSWC,18.510000228881836,18.510000228881836,18.53499984741211,18.510000228881836,18.53499984741211,1401.0
2023-03-09 11:55:00,DWACW,3.0601000785827637,3.0601000785827637,3.0601000785827637,3.0601000785827637,3.0601000785827637,139.0
2023-03-09 11:55:00,EBC,14.744999885559082,14.744999885559082,14.744999885559082,14.744999885559082,14.744999885559082,319.0
2023-03-09 11:55:00,EGBN,40.779998779296875,40.779998779296875,40.779998779296875,40.779998779296875,40.779998779296875,258.0
2023-03-09 11:55:00,EHTH,8.930000305175781,8.930000305175781,8.930000305175781,8.930000305175781,8.930000305175781,316.0
2023-03-09 11:55:00,EWBC,68.75,68.75,68.76499938964844,68.75,68.76000213623047,2155.0
2023-03-09 11:55:00,EZPW,8.869999885559082,8.869999885559082,8.869999885559082,8.869999885559082,8.869999885559082,121.0
2023-03-09 11:55:00,FBMS,28.510000228881836,28.510000228881836,28.510000228881836,28.510000228881836,28.510000228881836,386.0
2023-03-09 11:55:00,FFBC,22.520000457763672,22.520000457763672,22.559999465942383,22.5,22.5,5563.0
2023-03-09 11:55:00,FFIC,17.332000732421875,17.332000732421875,17.34000015258789,17.329999923706055,17.329999923706055,1295.0
2023-03-09 11:55:00,FFIN,33.880001068115234,33.880001068115234,33.880001068115234,33.880001068115234,33.880001068115234,244.0
2023-03-09 11:55:00,FHB,24.209999084472656,24.209999084472656,24.209999084472656,24.209999084472656,24.209999084472656,146.0
2023-03-09 11:55:00,FIBK,32.61000061035156,32.61000061035156,32.630001068115234,32.61000061035156,32.630001068115234,830.0
2023-03-09 11:55:00,FITB,32.5,32.5,32.5,32.47999954223633,32.47999954223633,4756.0
2023-03-09 11:55:00,FNCB,7.320000171661377,7.320000171661377,7.320000171661377,7.320000171661377,7.320000171661377,301.0
2023-03-09 11:55:00,FOCS,51.720001220703125,51.720001220703125,51.720001220703125,51.720001220703125,51.720001220703125,660.0
2023-03-09 11:55:00,FRBA,12.900099754333496,12.900099754333496,12.900099754333496,12.899999618530273,12.899999618530273,615.0
2023-03-09 11:55:00,FRBK,1.75,1.75,1.7549999952316284,1.75,1.7549999952316284,201.0
2023-03-09 11:55:00,FRONU,10.180100440979004,10.180100440979004,10.180100440979004,10.180000305175781,10.180000305175781,400.0
2023-03-09 11:55:00,FSEA,9.90999984741211,9.90999984741211,9.90999984741211,9.90999984741211,9.90999984741211,163.0
2023-03-09 11:55:00,FULT,15.774999618530273,15.774999618530273,15.779999732971191,15.774999618530273,15.779999732971191,3128.0
2023-03-09 11:55:00,FUTU,46.65999984741211,46.65999984741211,46.65999984741211,46.6349983215332,46.65999984741211,314.0
2023-03-09 11:55:00,FVCB,13.25,13.25,13.25,13.25,13.25,319.0
2023-03-09 11:55:00,GBDC,13.454999923706055,13.454999923706055,13.454999923706055,13.454999923706055,13.454999923706055,216.0
2023-03-09 11:55:00,GCMG,8.430000305175781,8.430000305175781,8.430000305175781,8.430000305175781,8.430000305175781,117.0
2023-03-09 11:55:00,GHIX,10.039999961853027,10.039999961853027,10.039999961853027,10.039999961853027,10.039999961853027,126.0
2023-03-09 11:55:00,GOCO,18.954999923706055,18.954999923706055,18.954999923706055,18.954999923706055,18.954999923706055,580.0
2023-03-09 11:55:00,GREE,0.44119998812675476,0.44119998812675476,0.44119998812675476,0.44119998812675476,0.44119998812675476,238.0
2023-03-09 11:55:00,GSBC,54.38999938964844,54.38999938964844,54.38999938964844,54.38999938964844,54.38999938964844,125.0
2023-03-09 11:55:00,GTACW,0.15150000154972076,0.15150000154972076,0.15160000324249268,0.15150000154972076,0.15160000324249268,1200.0
2023-03-09 11:55:00,HBAN,14.015000343322754,14.015000343322754,14.020000457763672,14.010000228881836,14.020000457763672,10932.0
2023-03-09 11:55:00,HBNC,13.930000305175781,13.930000305175781,13.930000305175781,13.930000305175781,13.930000305175781,100.0
2023-03-09 11:55:00,HONE,12.765000343322754,12.765000343322754,12.765000343322754,12.760000228881836,12.760000228881836,301.0
2023-03-09 11:55:00,HOPE,11.970000267028809,11.970000267028809,11.970000267028809,11.970000267028809,11.970000267028809,144.0
2023-03-09 11:55:00,HUT,1.4000999927520752,1.4000999927520752,1.4199999570846558,1.399999976158142,1.409999966621399,106056.0
2023-03-09 11:55:00,IBCP,20.545000076293945,20.545000076293945,20.545000076293945,20.545000076293945,20.545000076293945,134.0
2023-03-09 11:55:00,IBKR,87.9800033569336,87.9800033569336,88.0,87.9800033569336,88.0,526.0
2023-03-09 11:55:00,INDB,71.90499877929688,71.90499877929688,72.06999969482422,71.9000015258789,72.06999969482422,3365.0
2023-03-09 11:55:00,INTR,2.009999990463257,2.009999990463257,2.009999990463257,2.009999990463257,2.009999990463257,192.0
2023-03-09 11:56:00,ACGL,69.8499984741211,69.8499984741211,69.87000274658203,69.83899688720703,69.87000274658203,6356.0
2023-03-09 11:56:00,ACT,24.104999542236328,24.104999542236328,24.104999542236328,24.104999542236328,24.104999542236328,112.0
2023-03-09 11:56:00,AMRK,28.13159942626953,28.13159942626953,28.13159942626953,28.13159942626953,28.13159942626953,300.0
2023-03-09 11:56:00,ARCC,19.020000457763672,19.020000457763672,19.02989959716797,19.020000457763672,19.024999618530273,2629.0
2023-03-09 11:56:00,ATLO,23.5,23.5,23.510000228881836,23.5,23.510000228881836,1045.0
2023-03-09 11:56:00,AUB,37.04999923706055,37.04999923706055,37.04999923706055,37.029998779296875,37.029998779296875,214.0
2023-03-09 11:56:00,BGCP,5.005000114440918,5.005000114440918,5.010000228881836,5.0,5.0,1554.0
2023-03-09 11:56:00,BHFAN,18.920000076293945,18.920000076293945,18.920000076293945,18.920000076293945,18.920000076293945,435.0
2023-03-09 11:56:00,BITF,0.777999997138977,0.777999997138977,0.7781000137329102,0.777999997138977,0.777999997138977,1657.0
2023-03-09 11:56:00,BKCC,3.6649999618530273,3.6649999618530273,3.6649999618530273,3.6600000858306885,3.6600000858306885,2766.0
2023-03-09 11:56:00,BPOP,62.029998779296875,62.029998779296875,62.099998474121094,62.0099983215332,62.06999969482422,3799.0
2023-03-09 11:56:00,BRKL,11.609999656677246,11.609999656677246,11.609999656677246,11.609999656677246,11.609999656677246,341.0
2023-03-09 11:56:00,BTBT,1.1399999856948853,1.1399999856948853,1.1399999856948853,1.1399999856948853,1.1399999856948853,170.0
2023-03-09 11:56:00,BUSE,22.540000915527344,22.540000915527344,22.540000915527344,22.540000915527344,22.540000915527344,114.0
2023-03-09 11:56:00,CASH,47.73500061035156,47.73500061035156,47.73500061035156,47.73500061035156,47.73500061035156,200.0
2023-03-09 11:56:00,CATY,39.64500045776367,39.64500045776367,39.64500045776367,39.630001068115234,39.630001068115234,748.0
2023-03-09 11:56:00,CBSH,61.72999954223633,61.72999954223633,61.72999954223633,61.68000030517578,61.68199920654297,3936.0
2023-03-09 11:56:00,CCAP,15.020000457763672,15.020000457763672,15.020000457763672,15.0,15.0,577.0
2023-03-09 11:56:00,CG,34.21189880371094,34.21189880371094,34.220001220703125,34.20000076293945,34.220001220703125,3666.0
2023-03-09 11:56:00,CGBD,14.975000381469727,14.975000381469727,14.975000381469727,14.975000381469727,14.975000381469727,301.0
2023-03-09 11:56:00,CINF,116.68000030517578,116.68000030517578,116.83000183105469,116.6500015258789,116.83000183105469,1583.0
2023-03-09 11:56:00,CME,178.9550018310547,178.9550018310547,179.02999877929688,178.94000244140625,179.00999450683594,6080.0
2023-03-09 11:56:00,COLB,25.360000610351562,25.360000610351562,25.364999771118164,25.344999313354492,25.364999771118164,8719.0
2023-03-09 11:56:00,COOP,44.540000915527344,44.540000915527344,44.540000915527344,44.540000915527344,44.540000915527344,101.0
2023-03-09 11:56:00,CVBF,21.959999084472656,21.959999084472656,21.959999084472656,21.959999084472656,21.959999084472656,619.0
2023-03-09 11:56:00,DNAB,10.1899995803833,10.1899995803833,10.1899995803833,10.1899995803833,10.1899995803833,100.0
2023-03-09 11:56:00,EBC,14.739999771118164,14.739999771118164,14.739999771118164,14.73289966583252,14.739999771118164,751.0
2023-03-09 11:56:00,ECPG,50.61000061035156,50.61000061035156,50.63999938964844,50.58000183105469,50.58000183105469,1760.0
2023-03-09 11:56:00,EFSC,51.70000076293945,51.70000076293945,51.70000076293945,51.70000076293945,51.70000076293945,118.0
2023-03-09 11:56:00,EGBN,40.77000045776367,40.77000045776367,40.77000045776367,40.77000045776367,40.77000045776367,100.0
2023-03-09 11:56:00,EMCGU,10.5,10.5,10.5,10.5,10.5,100.0
2023-03-09 11:56:00,EWBC,68.72000122070312,68.72000122070312,68.72000122070312,68.72000122070312,68.72000122070312,245.0
2023-03-09 11:56:00,FBMS,28.540000915527344,28.540000915527344,28.540000915527344,28.540000915527344,28.540000915527344,703.0
2023-03-09 11:56:00,FCNCA,656.719970703125,656.719970703125,656.719970703125,655.510009765625,655.510009765625,827.0
2023-03-09 11:56:00,FCRD,4.599999904632568,4.599999904632568,4.599999904632568,4.599999904632568,4.599999904632568,100.0
2023-03-09 11:56:00,FDUS,20.354999542236328,20.354999542236328,20.3700008392334,20.329999923706055,20.3700008392334,2277.0
2023-03-09 11:56:00,FFBC,22.479999542236328,22.479999542236328,22.489999771118164,22.479999542236328,22.489999771118164,969.0
2023-03-09 11:56:00,FFIC,17.34000015258789,17.34000015258789,17.34000015258789,17.34000015258789,17.34000015258789,640.0
2023-03-09 11:56:00,FFWM,13.0600004196167,13.0600004196167,13.0600004196167,13.0600004196167,13.0600004196167,193.0
2023-03-09 11:56:00,FHB,24.209999084472656,24.209999084472656,24.209999084472656,24.209999084472656,24.209999084472656,424.0
2023-03-09 11:56:00,FIBK,32.61000061035156,32.61000061035156,32.61000061035156,32.61000061035156,32.61000061035156,390.0
2023-03-09 11:56:00,FITB,32.4900016784668,32.4900016784668,32.5,32.4900016784668,32.4900016784668,4828.0
2023-03-09 11:56:00,FNCB,7.300000190734863,7.300000190734863,7.300000190734863,7.300000190734863,7.300000190734863,470.0
2023-03-09 11:56:00,FOCS,51.709999084472656,51.709999084472656,51.720001220703125,51.709999084472656,51.720001220703125,12652.0
2023-03-09 11:56:00,FRBK,1.7549999952316284,1.7549999952316284,1.7599999904632568,1.75,1.75,701.0
2023-03-09 11:56:00,FSBW,33.130001068115234,33.130001068115234,33.130001068115234,33.130001068115234,33.130001068115234,104.0
2023-03-09 11:56:00,FSEA,9.90999984741211,9.90999984741211,9.90999984741211,9.90999984741211,9.90999984741211,217.0
2023-03-09 11:56:00,FULT,15.770000457763672,15.770000457763672,15.770000457763672,15.770000457763672,15.770000457763672,1439.0
2023-03-09 11:56:00,FUTU,46.61000061035156,46.61000061035156,46.6349983215332,46.59000015258789,46.6349983215332,1796.0
2023-03-09 11:56:00,GBDC,13.444999694824219,13.444999694824219,13.449999809265137,13.444999694824219,13.449999809265137,4080.0
2023-03-09 11:56:00,GREE,0.4399999976158142,0.4399999976158142,0.4399999976158142,0.4399999976158142,0.4399999976158142,102.0
2023-03-09 11:56:00,GSHD,52.314998626708984,52.314998626708984,52.314998626708984,52.314998626708984,52.314998626708984,717.0
2023-03-09 11:56:00,GXII,10.119999885559082,10.119999885559082,10.119999885559082,10.119999885559082,10.119999885559082,100.0
2023-03-09 11:56:00,HBAN,14.015000343322754,14.015000343322754,14.020000457763672,14.010000228881836,14.015000343322754,13817.0
2023-03-09 11:56:00,HIVE,2.609999895095825,2.609999895095825,2.609999895095825,2.609999895095825,2.609999895095825,2930.0
2023-03-09 11:56:00,HLNE,76.3499984741211,76.3499984741211,76.37000274658203,76.3499984741211,76.37000274658203,1055.0
2023-03-09 11:56:00,HMPT,1.899899959564209,1.899899959564209,1.899999976158142,1.899899959564209,1.899999976158142,411.0
2023-03-09 11:56:00,HMST,22.594999313354492,22.594999313354492,22.594999313354492,22.594999313354492,22.594999313354492,200.0
2023-03-09 11:56:00,HOPE,11.960100173950195,11.960100173950195,11.960100173950195,11.960000038146973,11.960000038146973,3064.0
2023-03-09 11:56:00,HRZN,12.050000190734863,12.050000190734863,12.050000190734863,12.050000190734863,12.050000190734863,218.0
2023-03-09 11:56:00,HTLF,45.65999984741211,45.65999984741211,45.65999984741211,45.63999938964844,45.65999984741211,790.0
2023-03-09 11:56:00,HUT,1.3949999809265137,1.3949999809265137,1.40910005569458,1.3899999856948853,1.40910005569458,225821.0
2023-03-09 11:56:00,HWC,44.41999816894531,44.41999816894531,44.43000030517578,44.41999816894531,44.43000030517578,1477.0
2023-03-09 11:56:00,IBKR,88.04000091552734,88.04000091552734,88.04000091552734,87.93000030517578,87.94999694824219,2170.0
2023-03-09 11:56:00,IBOC,45.084999084472656,45.084999084472656,45.084999084472656,45.084999084472656,45.084999084472656,108.0
2023-03-09 11:56:00,IBTX,52.900001525878906,52.900001525878906,52.900001525878906,52.900001525878906,52.900001525878906,159.0
2023-03-09 11:56:00,INTR,2.009999990463257,2.009999990463257,2.009999990463257,2.009999990463257,2.009999990463257,108.0
2023-03-09 11:57:00,ABCB,43.18000030517578,43.18000030517578,43.18000030517578,43.18000030517578,43.18000030517578,374.0
2023-03-09 11:57:00,ACGL,69.80999755859375,69.80999755859375,69.8499984741211,69.80999755859375,69.83999633789062,3105.0
2023-03-09 11:57:00,AMRK,28.100000381469727,28.100000381469727,28.100000381469727,28.100000381469727,28.100000381469727,456.0
2023-03-09 11:57:00,APLD,2.1449999809265137,2.1449999809265137,2.1449999809265137,2.1449999809265137,2.1449999809265137,100.0
2023-03-09 11:57:00,ARCC,19.020000457763672,19.020000457763672,19.028900146484375,19.020000457763672,19.023500442504883,3375.0
2023-03-09 11:57:00,ARYE,10.170000076293945,10.170000076293945,10.170000076293945,10.170000076293945,10.170000076293945,2286.0
2023-03-09 11:57:00,ATLO,23.5,23.5,23.510000228881836,23.5,23.510000228881836,1654.0
2023-03-09 11:57:00,AUB,37.06999969482422,37.06999969482422,37.06999969482422,37.06999969482422,37.06999969482422,206.0
2023-03-09 11:57:00,BFC,75.93000030517578,75.93000030517578,76.12999725341797,75.62999725341797,75.93000030517578,1330.0
2023-03-09 11:57:00,BGCP,5.005000114440918,5.005000114440918,5.005000114440918,5.005000114440918,5.005000114440918,1263.0
2023-03-09 11:57:00,BHF,53.36000061035156,53.36000061035156,53.36000061035156,53.36000061035156,53.36000061035156,678.0
2023-03-09 11:57:00,BITF,0.7759990096092224,0.7759990096092224,0.777999997138977,0.7749999761581421,0.777999997138977,14274.0
2023-03-09 11:57:00,BKCC,3.6600000858306885,3.6600000858306885,3.6600000858306885,3.6600000858306885,3.6600000858306885,263.0
2023-03-09 11:57:00,BOKF,96.2300033569336,96.2300033569336,96.2300033569336,96.2300033569336,96.2300033569336,309.0
2023-03-09 11:57:00,BPOP,62.119998931884766,62.119998931884766,62.119998931884766,62.0,62.0,6730.0
2023-03-09 11:57:00,BRKL,11.609999656677246,11.609999656677246,11.609999656677246,11.609999656677246,11.609999656677246,380.0
2023-03-09 11:57:00,BRP,26.139999389648438,26.139999389648438,26.139999389648438,26.139999389648438,26.139999389648438,220.0
2023-03-09 11:57:00,BTBT,1.149899959564209,1.149899959564209,1.149899959564209,1.1399999856948853,1.149899959564209,416.0
2023-03-09 11:57:00,CASH,47.7400016784668,47.7400016784668,47.7400016784668,47.7400016784668,47.7400016784668,101.0
2023-03-09 11:57:00,CATY,39.63999938964844,39.63999938964844,39.63999938964844,39.63999938964844,39.63999938964844,179.0
2023-03-09 11:57:00,CBSH,61.72999954223633,61.72999954223633,61.72999954223633,61.709999084472656,61.720001220703125,1144.0
2023-03-09 11:57:00,CCAP,15.020000457763672,15.020000457763672,15.020000457763672,15.020000457763672,15.020000457763672,198.0
2023-03-09 11:57:00,CG,34.21500015258789,34.21500015258789,34.220001220703125,34.20000076293945,34.209999084472656,4183.0
2023-03-09 11:57:00,CGBD,14.960000038146973,14.960000038146973,14.970100402832031,14.960000038146973,14.970000267028809,5100.0
2023-03-09 11:57:00,CINF,116.62000274658203,116.62000274658203,116.62000274658203,116.62000274658203,116.62000274658203,186.0
2023-03-09 11:57:00,CIVB,20.600000381469727,20.600000381469727,20.600000381469727,20.600000381469727,20.600000381469727,149.0
2023-03-09 11:57:00,CME,178.97999572753906,178.97999572753906,179.0,178.94000244140625,178.96499633789062,3346.0
2023-03-09 11:57:00,COLB,25.375,25.375,25.375,25.34000015258789,25.354999542236328,30142.0
2023-03-09 11:57:00,COOP,44.5099983215332,44.5099983215332,44.54499816894531,44.5099983215332,44.54499816894531,582.0
2023-03-09 11:57:00,CPSS,10.989999771118164,10.989999771118164,10.989999771118164,10.989999771118164,10.989999771118164,287.0
2023-03-09 11:57:00,CSQ,14.005000114440918,14.005000114440918,14.0201997756958,14.005000114440918,14.0201997756958,1415.0
2023-03-09 11:57:00,CSWC,18.489999771118164,18.489999771118164,18.510000228881836,18.489999771118164,18.510000228881836,18950.0
2023-03-09 11:57:00,CVBF,21.969999313354492,21.969999313354492,21.969999313354492,21.959999084472656,21.959999084472656,817.0
2023-03-09 11:57:00,DCOM,29.510000228881836,29.510000228881836,29.510000228881836,29.5,29.5,650.0
2023-03-09 11:57:00,DNAD,10.20009994506836,10.20009994506836,10.20009994506836,10.20009994506836,10.20009994506836,300.0
2023-03-09 11:57:00,DWAC,14.068699836730957,14.068699836730957,14.068699836730957,14.063199996948242,14.063199996948242,869.0
2023-03-09 11:57:00,EBC,14.734999656677246,14.734999656677246,14.739999771118164,14.734999656677246,14.734999656677246,1048.0
2023-03-09 11:57:00,ECPG,50.58000183105469,50.58000183105469,50.58000183105469,50.58000183105469,50.58000183105469,481.0
2023-03-09 11:57:00,EGBN,40.77000045776367,40.77000045776367,40.77000045776367,40.77000045776367,40.77000045776367,160.0
2023-03-09 11:57:00,EWBC,68.70999908447266,68.70999908447266,68.76000213623047,68.70999908447266,68.75,1280.0
2023-03-09 11:57:00,EZPW,8.862500190734863,8.862500190734863,8.864999771118164,8.862500190734863,8.864999771118164,244.0
2023-03-09 11:57:00,FCFS,87.97000122070312,87.97000122070312,87.97000122070312,87.97000122070312,87.97000122070312,750.0
2023-03-09 11:57:00,FCNCA,656.1799926757812,656.1799926757812,656.1799926757812,656.0999755859375,656.0999755859375,445.0
2023-03-09 11:57:00,FCRD,4.610000133514404,4.610000133514404,4.610000133514404,4.610000133514404,4.610000133514404,102.0
2023-03-09 11:57:00,FFBC,22.489999771118164,22.489999771118164,22.489999771118164,22.489999771118164,22.489999771118164,492.0
2023-03-09 11:57:00,FFIN,33.849998474121094,33.849998474121094,33.849998474121094,33.84000015258789,33.84000015258789,596.0
2023-03-09 11:57:00,FFWM,13.0600004196167,13.0600004196167,13.0600004196167,13.0600004196167,13.0600004196167,127.0
2023-03-09 11:57:00,FHB,24.239999771118164,24.239999771118164,24.239999771118164,24.239999771118164,24.239999771118164,224.0
2023-03-09 11:57:00,FIBK,32.61000061035156,32.61000061035156,32.61000061035156,32.599998474121094,32.599998474121094,1117.0
2023-03-09 11:57:00,FITB,32.4900016784668,32.4900016784668,32.49089813232422,32.47999954223633,32.4900016784668,3314.0
2023-03-09 11:57:00,FLIC,16.18000030517578,16.18000030517578,16.18000030517578,16.18000030517578,16.18000030517578,241.0
2023-03-09 11:57:00,FMIV,10.114999771118164,10.114999771118164,10.114999771118164,10.114999771118164,10.114999771118164,100.0
2023-03-09 11:57:00,FOCS,51.709999084472656,51.709999084472656,51.720001220703125,51.709999084472656,51.720001220703125,6798.0
2023-03-09 11:57:00,FRBK,1.7549999952316284,1.7549999952316284,1.7549999952316284,1.7549999952316284,1.7549999952316284,122.0
2023-03-09 11:57:00,FRME,37.779998779296875,37.779998779296875,37.779998779296875,37.77000045776367,37.77000045776367,1230.0
2023-03-09 11:57:00,FULT,15.779999732971191,15.779999732971191,15.779999732971191,15.774999618530273,15.774999618530273,429.0
2023-03-09 11:57:00,FUND,8.539999961853027,8.539999961853027,8.560199737548828,8.539999961853027,8.5600004196167,9000.0
2023-03-09 11:57:00,FUTU,46.505001068115234,46.505001068115234,46.63999938964844,46.4900016784668,46.58000183105469,8574.0
2023-03-09 11:57:00,GAIN,13.760000228881836,13.760000228881836,13.760000228881836,13.760000228881836,13.760000228881836,369.0
2023-03-09 11:57:00,GBDC,13.4350004196167,13.4350004196167,13.4350004196167,13.430000305175781,13.430000305175781,2707.0
2023-03-09 11:57:00,GGAL,12.729999542236328,12.729999542236328,12.729999542236328,12.720000267028809,12.729999542236328,1801.0
2023-03-09 11:57:00,GLRE,9.970000267028809,9.970000267028809,9.994999885559082,9.90999984741211,9.970000267028809,2868.0
2023-03-09 11:57:00,GSHD,52.20000076293945,52.20000076293945,52.29999923706055,52.20000076293945,52.29999923706055,1225.0
2023-03-09 11:57:00,HBAN,14.020000457763672,14.020000457763672,14.029999732971191,14.010000228881836,14.015000343322754,14955.0
2023-03-09 11:57:00,HBNC,13.920000076293945,13.920000076293945,13.920000076293945,13.920000076293945,13.920000076293945,1200.0
2023-03-09 11:57:00,HOPE,11.960000038146973,11.960000038146973,11.960100173950195,11.960000038146973,11.960000038146973,3337.0
2023-03-09 11:57:00,HTLF,45.619998931884766,45.619998931884766,45.619998931884766,45.61000061035156,45.61000061035156,244.0
2023-03-09 11:57:00,HUT,1.3920999765396118,1.3920999765396118,1.3985999822616577,1.3899999856948853,1.3901000022888184,6572.0
2023-03-09 11:57:00,HWC,44.43000030517578,44.43000030517578,44.43000030517578,44.43000030517578,44.43000030517578,1080.0
2023-03-09 11:57:00,IBKR,87.98999786376953,87.98999786376953,88.05999755859375,87.9800033569336,88.04000091552734,1169.0
2023-03-09 11:57:00,IBOC,45.084999084472656,45.084999084472656,45.084999084472656,45.084999084472656,45.084999084472656,674.0
2023-03-09 11:57:00,IBTX,52.900001525878906,52.900001525878906,52.900001525878906,52.900001525878906,52.900001525878906,161.0
2023-03-09 11:57:00,INKA,10.420000076293945,10.420000076293945,10.430000305175781,10.420000076293945,10.420000076293945,2824.0
2023-03-09 11:57:00,INTR,2.009999990463257,2.009999990463257,2.009999990463257,2.009999990463257,2.009999990463257,252.0
2023-03-09 11:58:00,AACI,10.039999961853027,10.039999961853027,10.039999961853027,10.039999961853027,10.039999961853027,901.0
2023-03-09 11:58:00,ABCB,43.189998626708984,43.189998626708984,43.20000076293945,43.189998626708984,43.20000076293945,737.0
2023-03-09 11:58:00,ACGL,69.83999633789062,69.83999633789062,69.8499984741211,69.80000305175781,69.80999755859375,9465.0
2023-03-09 11:58:00,AGBA,2.1612000465393066,2.1612000465393066,2.1612000465393066,2.1612000465393066,2.1612000465393066,120.0
2023-03-09 11:58:00,APLD,2.1449999809265137,2.1449999809265137,2.1449999809265137,2.1449999809265137,2.1449999809265137,172.0
2023-03-09 11:58:00,ARCC,19.014999389648438,19.014999389648438,19.024999618530273,19.014999389648438,19.024999618530273,13033.0
2023-03-09 11:58:00,AUB,37.09000015258789,37.09000015258789,37.09000015258789,37.060001373291016,37.06999969482422,929.0
2023-03-09 11:58:00,BANF,85.94999694824219,85.94999694824219,85.94999694824219,85.94999694824219,85.94999694824219,506.0
2023-03-09 11:58:00,BCML,19.264999389648438,19.264999389648438,19.264999389648438,19.264999389648438,19.264999389648438,297.0
2023-03-09 11:58:00,BGCP,5.010000228881836,5.010000228881836,5.010000228881836,5.0,5.005000114440918,12571.0
2023-03-09 11:58:00,BHFAM,16.469999313354492,16.469999313354492,16.469999313354492,16.440000534057617,16.440000534057617,1011.0
2023-03-09 11:58:00,BHFAP,24.875,24.875,24.875,24.780000686645508,24.809999465942383,1074.0
2023-03-09 11:58:00,BITF,0.7723990082740784,0.7723990082740784,0.7749999761581421,0.7723990082740784,0.7749999761581421,2310.0
2023-03-09 11:58:00,BPOP,62.11000061035156,62.11000061035156,62.11000061035156,62.11000061035156,62.11000061035156,112.0
2023-03-09 11:58:00,BSRR,19.489999771118164,19.489999771118164,19.489999771118164,19.479999542236328,19.479999542236328,895.0
2023-03-09 11:58:00,CARE,16.270000457763672,16.270000457763672,16.270000457763672,16.270000457763672,16.270000457763672,353.0
2023-03-09 11:58:00,CASH,47.75,47.75,47.75,47.75,47.75,259.0
2023-03-09 11:58:00,CBNK,19.010000228881836,19.010000228881836,19.010000228881836,19.010000228881836,19.010000228881836,183.0
2023-03-09 11:58:00,CBSH,61.7400016784668,61.7400016784668,61.75,61.724998474121094,61.724998474121094,3687.0
2023-03-09 11:58:00,CCD,23.110000610351562,23.110000610351562,23.110000610351562,23.04990005493164,23.049999237060547,1000.0
2023-03-09 11:58:00,CG,34.189998626708984,34.189998626708984,34.209999084472656,34.189998626708984,34.209999084472656,1657.0
2023-03-09 11:58:00,CGBD,14.960000038146973,14.960000038146973,14.960000038146973,14.960000038146973,14.960000038146973,210.0
2023-03-09 11:58:00,CHEAU,10.510000228881836,10.510000228881836,10.510000228881836,10.510000228881836,10.510000228881836,100.0
2023-03-09 11:58:00,CHY,12.319999694824219,12.319999694824219,12.319999694824219,12.3100004196167,12.3100004196167,4700.0
2023-03-09 11:58:00,CIFR,1.4600000381469727,1.4600000381469727,1.4600000381469727,1.4550000429153442,1.4550000429153442,10605.0
2023-03-09 11:58:00,CINF,116.62000274658203,116.62000274658203,116.62000274658203,116.55010223388672,116.62000274658203,3235.0
2023-03-09 11:58:00,CIVB,20.610000610351562,20.610000610351562,20.649999618530273,20.610000610351562,20.649999618530273,805.0
2023-03-09 11:58:00,CME,178.92999267578125,178.92999267578125,178.98500061035156,178.92999267578125,178.98500061035156,640.0
2023-03-09 11:58:00,COLB,25.360000610351562,25.360000610351562,25.3700008392334,25.34000015258789,25.3700008392334,7705.0
2023-03-09 11:58:00,COOP,44.31999969482422,44.31999969482422,44.68000030517578,44.31999969482422,44.54499816894531,21368.0
2023-03-09 11:58:00,CSWC,18.48419952392578,18.48419952392578,18.48419952392578,18.48419952392578,18.48419952392578,605.0
2023-03-09 11:58:00,DWAC,14.085000038146973,14.085000038146973,14.085000038146973,14.085000038146973,14.085000038146973,1153.0
2023-03-09 11:58:00,EBC,14.729999542236328,14.729999542236328,14.729999542236328,14.729999542236328,14.729999542236328,718.0
2023-03-09 11:58:00,EHTH,8.930000305175781,8.930000305175781,8.936699867248535,8.930000305175781,8.936699867248535,241.0
2023-03-09 11:58:00,EWBC,68.66000366210938,68.66000366210938,68.69000244140625,68.6500015258789,68.69000244140625,1434.0
2023-03-09 11:58:00,EZPW,8.864999771118164,8.864999771118164,8.864999771118164,8.864999771118164,8.864999771118164,159.0
2023-03-09 11:58:00,FCNCA,656.6900024414062,656.6900024414062,656.6900024414062,656.2899780273438,656.2899780273438,339.0
2023-03-09 11:58:00,FCNCO,21.650100708007812,21.650100708007812,21.68000030517578,21.649999618530273,21.68000030517578,2300.0
2023-03-09 11:58:00,FFBC,22.5,22.5,22.5,22.5,22.5,658.0
2023-03-09 11:58:00,FFIN,33.84830093383789,33.84830093383789,33.84830093383789,33.83000183105469,33.83000183105469,601.0
2023-03-09 11:58:00,FFWM,13.050000190734863,13.050000190734863,13.0600004196167,13.050000190734863,13.0600004196167,3264.0
2023-03-09 11:58:00,FHB,24.229999542236328,24.229999542236328,24.229999542236328,24.229999542236328,24.229999542236328,1450.0
2023-03-09 11:58:00,FIBK,32.56999969482422,32.56999969482422,32.59000015258789,32.56999969482422,32.59000015258789,735.0
2023-03-09 11:58:00,FITB,32.45500183105469,32.45500183105469,32.4900016784668,32.45500183105469,32.4900016784668,2798.0
2023-03-09 11:58:00,FITBI,25.190000534057617,25.190000534057617,25.190000534057617,25.190000534057617,25.190000534057617,294.0
2023-03-09 11:58:00,FITBO,22.110000610351562,22.110000610351562,22.110000610351562,22.110000610351562,22.110000610351562,1961.0
2023-03-09 11:58:00,FNLC,28.100000381469727,28.100000381469727,28.100000381469727,28.100000381469727,28.100000381469727,138.0
2023-03-09 11:58:00,FOCS,51.709999084472656,51.709999084472656,51.71500015258789,51.709999084472656,51.71500015258789,1022.0
2023-03-09 11:58:00,FRHC,73.0,73.0,73.0,73.0,73.0,197.0
2023-03-09 11:58:00,FULT,15.770000457763672,15.770000457763672,15.779999732971191,15.770000457763672,15.779999732971191,644.0
2023-03-09 11:58:00,FUTU,46.52000045776367,46.52000045776367,46.54999923706055,46.4900016784668,46.4900016784668,6127.0
2023-03-09 11:58:00,GAIN,13.760000228881836,13.760000228881836,13.76990032196045,13.760000228881836,13.76990032196045,821.0
2023-03-09 11:58:00,GREE,0.4431000053882599,0.4431000053882599,0.4431000053882599,0.4431000053882599,0.4431000053882599,100.0
2023-03-09 11:58:00,GSHD,52.20000076293945,52.20000076293945,52.20000076293945,52.20000076293945,52.20000076293945,141.0
2023-03-09 11:58:00,GXII,10.119999885559082,10.119999885559082,10.119999885559082,10.119999885559082,10.119999885559082,100.0
2023-03-09 11:58:00,HBAN,14.015000343322754,14.015000343322754,14.024999618530273,14.010000228881836,14.024999618530273,43792.0
2023-03-09 11:58:00,HFWA,24.719999313354492,24.719999313354492,24.719999313354492,24.68000030517578,24.68000030517578,400.0
2023-03-09 11:58:00,HOPE,11.960000038146973,11.960000038146973,11.960000038146973,11.960000038146973,11.960000038146973,102.0
2023-03-09 11:58:00,HUT,1.3940999507904053,1.3940999507904053,1.399899959564209,1.3899999856948853,1.3904000520706177,18050.0
2023-03-09 11:58:00,IBKR,87.9749984741211,87.9749984741211,87.9749984741211,87.9749984741211,87.9749984741211,327.0
2023-03-09 11:58:00,INDB,71.86000061035156,71.86000061035156,71.86000061035156,71.86000061035156,71.86000061035156,350.0
2023-03-09 11:58:00,INKA,10.430000305175781,10.430000305175781,10.430000305175781,10.430000305175781,10.430000305175781,3600.0
2023-03-09 11:58:00,INTR,2.0,2.0,2.0,2.0,2.0,200.0
2023-03-09 11:59:00,ACGL,69.83000183105469,69.83000183105469,69.83000183105469,69.81999969482422,69.83000183105469,2213.0
2023-03-09 11:59:00,ACT,24.104999542236328,24.104999542236328,24.104999542236328,24.104999542236328,24.104999542236328,210.0
2023-03-09 11:59:00,AGBA,2.1928000450134277,2.1928000450134277,2.200000047683716,2.1928000450134277,2.200000047683716,681.0
2023-03-09 11:59:00,ARCC,19.013500213623047,19.013500213623047,19.017499923706055,19.010000228881836,19.014999389648438,5515.0
2023-03-09 11:59:00,AROW,28.2549991607666,28.2549991607666,28.34000015258789,28.2549991607666,28.34000015258789,444.0
2023-03-09 11:59:00,AUB,37.09000015258789,37.09000015258789,37.09000015258789,37.09000015258789,37.09000015258789,394.0
2023-03-09 11:59:00,BAFN,18.18000030517578,18.18000030517578,18.25,18.18000030517578,18.25,0.0
2023-03-09 11:59:00,BITF,0.7720000147819519,0.7720000147819519,0.7720000147819519,0.7720000147819519,0.7720000147819519,1000.0
2023-03-09 11:59:00,BKCC,3.6600000858306885,3.6600000858306885,3.6600000858306885,3.6600000858306885,3.6600000858306885,262.0
2023-03-09 11:59:00,BMRC,27.139999389648438,27.139999389648438,27.139999389648438,27.1299991607666,27.139999389648438,975.0
2023-03-09 11:59:00,BOKF,96.22000122070312,96.22000122070312,96.22000122070312,96.22000122070312,96.22000122070312,905.0
2023-03-09 11:59:00,BPOP,62.15999984741211,62.15999984741211,62.15999984741211,62.099998474121094,62.11000061035156,8201.0
2023-03-09 11:59:00,BRP,26.1299991607666,26.1299991607666,26.1299991607666,26.09000015258789,26.09000015258789,1616.0
2023-03-09 11:59:00,BTBT,1.1449999809265137,1.1449999809265137,1.149999976158142,1.1449999809265137,1.1449999809265137,1204.0
2023-03-09 11:59:00,BWB,13.449999809265137,13.449999809265137,13.5,13.449999809265137,13.479999542236328,2340.0
2023-03-09 11:59:00,CASH,47.724998474121094,47.724998474121094,47.744998931884766,47.724998474121094,47.744998931884766,218.0
2023-03-09 11:59:00,CATY,39.66999816894531,39.66999816894531,39.66999816894531,39.63999938964844,39.63999938964844,998.0
2023-03-09 11:59:00,CG,34.16999816894531,34.16999816894531,34.18000030517578,34.16999816894531,34.18000030517578,2941.0
2023-03-09 11:59:00,CHCO,91.05000305175781,91.05000305175781,91.05000305175781,91.05000305175781,91.05000305175781,790.0
2023-03-09 11:59:00,CHY,12.324999809265137,12.324999809265137,12.324999809265137,12.319999694824219,12.319999694824219,750.0
2023-03-09 11:59:00,CINF,116.44999694824219,116.44999694824219,116.55000305175781,116.44999694824219,116.55000305175781,957.0
2023-03-09 11:59:00,CLBK,19.739999771118164,19.739999771118164,19.739999771118164,19.739999771118164,19.739999771118164,1205.0
2023-03-09 11:59:00,CME,178.9499969482422,178.9499969482422,178.9499969482422,178.9499969482422,178.9499969482422,220.0
2023-03-09 11:59:00,COFS,28.56399917602539,28.56399917602539,28.56399917602539,28.56399917602539,28.56399917602539,533.0
2023-03-09 11:59:00,COLB,25.344999313354492,25.344999313354492,25.360000610351562,25.344999313354492,25.354999542236328,2610.0
2023-03-09 11:59:00,COOP,44.29999923706055,44.29999923706055,44.29999923706055,44.209999084472656,44.209999084472656,1676.0
2023-03-09 11:59:00,CSWC,18.473499298095703,18.473499298095703,18.479999542236328,18.473499298095703,18.479999542236328,349.0
2023-03-09 11:59:00,CVBF,21.959999084472656,21.959999084472656,21.959999084472656,21.959999084472656,21.959999084472656,135.0
2023-03-09 11:59:00,DALS,10.15999984741211,10.15999984741211,10.15999984741211,10.15999984741211,10.15999984741211,900.0
2023-03-09 11:59:00,DCOM,29.510000228881836,29.510000228881836,29.510000228881836,29.510000228881836,29.510000228881836,431.0
2023-03-09 11:59:00,DWAC,14.069999694824219,14.069999694824219,14.069999694824219,14.069999694824219,14.069999694824219,230.0
2023-03-09 11:59:00,EBC,14.720000267028809,14.720000267028809,14.720000267028809,14.720000267028809,14.720000267028809,1045.0
2023-03-09 11:59:00,EFSC,51.70000076293945,51.70000076293945,51.70000076293945,51.70000076293945,51.70000076293945,177.0
2023-03-09 11:59:00,ESQ,41.560001373291016,41.560001373291016,41.560001373291016,41.560001373291016,41.560001373291016,124.0
2023-03-09 11:59:00,EWBC,68.66999816894531,68.66999816894531,68.66999816894531,68.62000274658203,68.63999938964844,3016.0
2023-03-09 11:59:00,EZPW,8.851699829101562,8.851699829101562,8.859999656677246,8.851699829101562,8.859999656677246,1611.0
2023-03-09 11:59:00,FBIZ,33.619998931884766,33.619998931884766,33.619998931884766,33.619998931884766,33.619998931884766,174.0
2023-03-09 11:59:00,FFIN,33.85499954223633,33.85499954223633,33.86000061035156,33.85499954223633,33.86000061035156,365.0
2023-03-09 11:59:00,FHB,24.25,24.25,24.260000228881836,24.239999771118164,24.239999771118164,3024.0
2023-03-09 11:59:00,FITB,32.435001373291016,32.435001373291016,32.45029830932617,32.41999816894531,32.45029830932617,3030.0
2023-03-09 11:59:00,FMNB,13.149999618530273,13.149999618530273,13.149999618530273,13.149999618530273,13.149999618530273,123.0
2023-03-09 11:59:00,FRBK,1.75,1.75,1.75,1.75,1.75,101.0
2023-03-09 11:59:00,FSBW,33.529998779296875,33.529998779296875,33.529998779296875,33.529998779296875,33.529998779296875,179.0
2023-03-09 11:59:00,FUND,8.53499984741211,8.53499984741211,8.53499984741211,8.53499984741211,8.53499984741211,193.0
2023-03-09 11:59:00,FUTU,46.5099983215332,46.5099983215332,46.529998779296875,46.5099983215332,46.529998779296875,2656.0
2023-03-09 11:59:00,GBDC,13.430000305175781,13.430000305175781,13.430000305175781,13.430000305175781,13.430000305175781,655.0
2023-03-09 11:59:00,GCMG,8.425000190734863,8.425000190734863,8.425000190734863,8.425000190734863,8.425000190734863,205.0
2023-03-09 11:59:00,GLAD,9.909600257873535,9.909600257873535,9.909600257873535,9.909600257873535,9.909600257873535,181.0
2023-03-09 11:59:00,HBAN,14.005000114440918,14.005000114440918,14.010000228881836,14.0,14.010000228881836,10758.0
2023-03-09 11:59:00,HBNC,13.90999984741211,13.90999984741211,13.90999984741211,13.90999984741211,13.90999984741211,842.0
2023-03-09 11:59:00,HIVE,2.5999999046325684,2.5999999046325684,2.609999895095825,2.5999999046325684,2.609999895095825,1014.0
2023-03-09 11:59:00,HMST,22.594999313354492,22.594999313354492,22.639999389648438,22.594999313354492,22.639999389648438,234.0
2023-03-09 11:59:00,HOPE,11.949999809265137,11.949999809265137,11.954999923706055,11.949999809265137,11.949999809265137,676.0
2023-03-09 11:59:00,HTBK,10.970000267028809,10.970000267028809,10.970000267028809,10.970000267028809,10.970000267028809,763.0
2023-03-09 11:59:00,HUT,1.3949999809265137,1.3949999809265137,1.399899959564209,1.3899999856948853,1.3906999826431274,6656.0
2023-03-09 11:59:00,IBKR,87.98999786376953,87.98999786376953,87.98999786376953,87.94999694824219,87.98999786376953,423.0
2023-03-09 11:59:00,INKA,10.430000305175781,10.430000305175781,10.430000305175781,10.430000305175781,10.430000305175781,200.0
2023-03-09 11:59:00,INTR,2.009999990463257,2.009999990463257,2.009999990463257,2.009999990463257,2.009999990463257,1018.0
2023-03-09 12:00:00,ACGL,69.81999969482422,69.81999969482422,69.83999633789062,69.80999755859375,69.83999633789062,2858.0
2023-03-09 12:00:00,ACT,24.104999542236328,24.104999542236328,24.104999542236328,24.104999542236328,24.104999542236328,251.0
2023-03-09 12:00:00,AMRK,28.059999465942383,28.059999465942383,28.079999923706055,28.059999465942383,28.06999969482422,1363.0
2023-03-09 12:00:00,AMTB,25.690000534057617,25.690000534057617,25.690000534057617,25.690000534057617,25.690000534057617,271.0
2023-03-09 12:00:00,ARCC,19.014999389648438,19.014999389648438,19.020000457763672,19.014999389648438,19.01919937133789,3817.0
2023-03-09 12:00:00,AROW,28.25,28.25,28.25,28.229999542236328,28.25,669.0
2023-03-09 12:00:00,AUB,37.040000915527344,37.040000915527344,37.08000183105469,37.040000915527344,37.08000183105469,349.0
2023-03-09 12:00:00,BAFN,17.8799991607666,17.8799991607666,17.90999984741211,17.8799991607666,17.90999984741211,575.0
2023-03-09 12:00:00,BCBP,15.9399995803833,15.9399995803833,15.9399995803833,15.9399995803833,15.9399995803833,518.0
2023-03-09 12:00:00,BITF,0.7710999846458435,0.7710999846458435,0.7713000178337097,0.7710999846458435,0.7713000178337097,3436.0
2023-03-09 12:00:00,BKCC,3.666100025177002,3.666100025177002,3.666100025177002,3.666100025177002,3.666100025177002,425.0
2023-03-09 12:00:00,BMRC,27.149999618530273,27.149999618530273,27.149999618530273,27.149999618530273,27.149999618530273,226.0
2023-03-09 12:00:00,BOKF,96.23999786376953,96.23999786376953,96.23999786376953,96.22000122070312,96.22000122070312,272.0
2023-03-09 12:00:00,BPOP,62.150001525878906,62.150001525878906,62.15999984741211,62.099998474121094,62.15999984741211,3539.0
2023-03-09 12:00:00,BRKL,11.595000267028809,11.595000267028809,11.595000267028809,11.595000267028809,11.595000267028809,151.0
2023-03-09 12:00:00,BSRR,19.479999542236328,19.479999542236328,19.489999771118164,19.479999542236328,19.489999771118164,578.0
2023-03-09 12:00:00,BTBT,1.1399999856948853,1.1399999856948853,1.1449999809265137,1.1399999856948853,1.1449999809265137,814.0
2023-03-09 12:00:00,BUSE,22.54949951171875,22.54949951171875,22.559999465942383,22.540000915527344,22.559999465942383,1859.0
2023-03-09 12:00:00,BWB,13.449999809265137,13.449999809265137,13.449999809265137,13.449999809265137,13.449999809265137,239.0
2023-03-09 12:00:00,CASH,47.73500061035156,47.73500061035156,47.73500061035156,47.73500061035156,47.73500061035156,203.0
2023-03-09 12:00:00,CATY,39.689998626708984,39.689998626708984,39.689998626708984,39.66999816894531,39.66999816894531,507.0
2023-03-09 12:00:00,CBSH,61.7400016784668,61.7400016784668,61.7400016784668,61.7400016784668,61.7400016784668,487.0
2023-03-09 12:00:00,CFFN,7.579999923706055,7.579999923706055,7.579999923706055,7.579999923706055,7.579999923706055,2062.0
2023-03-09 12:00:00,CG,34.165000915527344,34.165000915527344,34.189998626708984,34.165000915527344,34.17499923706055,2612.0
2023-03-09 12:00:00,CGBD,14.953300476074219,14.953300476074219,14.953300476074219,14.949999809265137,14.949999809265137,1260.0
2023-03-09 12:00:00,CHY,12.324199676513672,12.324199676513672,12.324199676513672,12.324199676513672,12.324199676513672,1055.0
2023-03-09 12:00:00,CINF,116.66999816894531,116.66999816894531,116.66999816894531,116.44000244140625,116.44999694824219,2457.0
2023-03-09 12:00:00,CME,178.97999572753906,178.97999572753906,178.99000549316406,178.94500732421875,178.94500732421875,2146.0
2023-03-09 12:00:00,COLB,25.354999542236328,25.354999542236328,25.364999771118164,25.34000015258789,25.344999313354492,21183.0
2023-03-09 12:00:00,COOP,44.2599983215332,44.2599983215332,44.2599983215332,44.20000076293945,44.20000076293945,560.0
2023-03-09 12:00:00,CSQ,14.017399787902832,14.017399787902832,14.017399787902832,14.017399787902832,14.017399787902832,100.0
2023-03-09 12:00:00,CSTR,15.569999694824219,15.569999694824219,15.569999694824219,15.569999694824219,15.569999694824219,216.0
2023-03-09 12:00:00,CVBF,21.950000762939453,21.950000762939453,21.959999084472656,21.950000762939453,21.959999084472656,777.0
2023-03-09 12:00:00,DNAD,10.199999809265137,10.199999809265137,10.199999809265137,10.199999809265137,10.199999809265137,200.0
2023-03-09 12:00:00,EBC,14.710000038146973,14.710000038146973,14.710000038146973,14.704999923706055,14.710000038146973,5448.0
2023-03-09 12:00:00,EGBN,40.7599983215332,40.7599983215332,40.79499816894531,40.7599983215332,40.79499816894531,843.0
2023-03-09 12:00:00,EHTH,8.944999694824219,8.944999694824219,8.944999694824219,8.944999694824219,8.944999694824219,300.0
2023-03-09 12:00:00,EWBC,68.63500213623047,68.63500213623047,68.63999938964844,68.63500213623047,68.63999938964844,623.0
2023-03-09 12:00:00,EZPW,8.852499961853027,8.852499961853027,8.859999656677246,8.852499961853027,8.854999542236328,1150.0
2023-03-09 12:00:00,FANH,8.210000038146973,8.210000038146973,8.210000038146973,8.210000038146973,8.210000038146973,124.0
2023-03-09 12:00:00,FCNCA,656.5,656.5,656.5,656.5,656.5,292.0
2023-03-09 12:00:00,FFBC,22.479999542236328,22.479999542236328,22.479999542236328,22.469999313354492,22.479999542236328,790.0
2023-03-09 12:00:00,FFIN,33.869998931884766,33.869998931884766,33.869998931884766,33.869998931884766,33.869998931884766,331.0
2023-03-09 12:00:00,FFWM,13.039999961853027,13.039999961853027,13.039999961853027,13.029999732971191,13.039999961853027,415.0
2023-03-09 12:00:00,FIBK,32.54999923706055,32.54999923706055,32.560001373291016,32.54999923706055,32.560001373291016,489.0
2023-03-09 12:00:00,FITB,32.43000030517578,32.43000030517578,32.439998626708984,32.41999816894531,32.439998626708984,2610.0
2023-03-09 12:00:00,FOCS,51.709999084472656,51.709999084472656,51.71500015258789,51.709999084472656,51.71500015258789,703.0
2023-03-09 12:00:00,FRBK,1.75,1.75,1.75,1.75,1.75,2122.0
2023-03-09 12:00:00,FRST,11.010000228881836,11.010000228881836,11.010000228881836,11.010000228881836,11.010000228881836,104.0
2023-03-09 12:00:00,FUTU,46.53499984741211,46.53499984741211,46.54999923706055,46.5,46.5,2875.0
2023-03-09 12:00:00,GBDC,13.4350004196167,13.4350004196167,13.4350004196167,13.430000305175781,13.430000305175781,327.0
2023-03-09 12:00:00,GLAD,9.895000457763672,9.895000457763672,9.899999618530273,9.895000457763672,9.899999618530273,4133.0
2023-03-09 12:00:00,GREE,0.4415999948978424,0.4415999948978424,0.4430989921092987,0.4415999948978424,0.4430989921092987,270.0
2023-03-09 12:00:00,GSHD,52.21500015258789,52.21500015258789,52.21500015258789,52.21500015258789,52.21500015258789,550.0
2023-03-09 12:00:00,GXII,10.119999885559082,10.119999885559082,10.119999885559082,10.119999885559082,10.119999885559082,100.0
2023-03-09 12:00:00,HBAN,14.0,14.0,14.009900093078613,14.0,14.005000114440918,6360.0
2023-03-09 12:00:00,HFWA,24.690000534057617,24.690000534057617,24.690000534057617,24.690000534057617,24.690000534057617,810.0
2023-03-09 12:00:00,HIFS,261.0,261.0,261.0,261.0,261.0,300.0
2023-03-09 12:00:00,HIVE,2.6096999645233154,2.6096999645233154,2.6096999645233154,2.6006999015808105,2.6050000190734863,6099.0
2023-03-09 12:00:00,HMST,22.631900787353516,22.631900787353516,22.649999618530273,22.631900787353516,22.639999389648438,1557.0
2023-03-09 12:00:00,HOPE,11.949999809265137,11.949999809265137,11.949999809265137,11.949999809265137,11.949999809265137,530.0
2023-03-09 12:00:00,HTBI,27.719999313354492,27.719999313354492,27.719999313354492,27.719999313354492,27.719999313354492,492.0
2023-03-09 12:00:00,HUT,1.3949999809265137,1.3949999809265137,1.399999976158142,1.3901000022888184,1.399999976158142,8761.0
2023-03-09 12:00:00,IBKR,87.83999633789062,87.83999633789062,88.0199966430664,87.83999633789062,88.0199966430664,1772.0
2023-03-09 12:00:00,IBTX,52.91999816894531,52.91999816894531,52.97999954223633,52.91999816894531,52.959999084472656,327.0
2023-03-09 12:00:00,INDB,71.72000122070312,71.72000122070312,71.72000122070312,71.70999908447266,71.70999908447266,428.0
2023-03-09 12:00:00,INKA,10.430000305175781,10.430000305175781,10.430000305175781,10.430000305175781,10.430000305175781,2300.0
2023-03-09 12:00:00,INTR,2.0,2.0,2.0,2.0,2.0,198.0
2023-03-09 12:01:00,ABCB,43.154998779296875,43.154998779296875,43.154998779296875,43.154998779296875,43.154998779296875,292.0
2023-03-09 12:01:00,ACGL,69.76000213623047,69.76000213623047,69.81999969482422,69.76000213623047,69.81999969482422,3183.0
2023-03-09 12:01:00,ACT,24.139999389648438,24.139999389648438,24.139999389648438,24.104999542236328,24.104999542236328,1447.0
2023-03-09 12:01:00,AFBI,15.34000015258789,15.34000015258789,15.34000015258789,15.34000015258789,15.34000015258789,411.0
2023-03-09 12:01:00,AMRK,28.100000381469727,28.100000381469727,28.100000381469727,28.100000381469727,28.100000381469727,526.0
2023-03-09 12:01:00,APLD,2.140000104904175,2.140000104904175,2.1449999809265137,2.140000104904175,2.1449999809265137,1189.0
2023-03-09 12:01:00,ARCC,19.014999389648438,19.014999389648438,19.020000457763672,19.010000228881836,19.014999389648438,2544.0
2023-03-09 12:01:00,AUB,37.0,37.0,37.040000915527344,37.0,37.040000915527344,4483.0
2023-03-09 12:01:00,BANR,58.27000045776367,58.27000045776367,58.27000045776367,58.27000045776367,58.27000045776367,765.0
2023-03-09 12:01:00,BFST,18.700000762939453,18.700000762939453,18.700000762939453,18.700000762939453,18.700000762939453,706.0
2023-03-09 12:01:00,BGCP,5.0005998611450195,5.0005998611450195,5.001800060272217,5.0,5.0,1352.0
2023-03-09 12:01:00,BITF,0.7639999985694885,0.7639999985694885,0.7710000276565552,0.7613999843597412,0.7710000276565552,65890.0
2023-03-09 12:01:00,BKCC,3.6600000858306885,3.6600000858306885,3.6600000858306885,3.6600000858306885,3.6600000858306885,232.0
2023-03-09 12:01:00,BPOP,62.13999938964844,62.13999938964844,62.150001525878906,62.13999938964844,62.13999938964844,468.0
2023-03-09 12:01:00,BRKL,11.59000015258789,11.59000015258789,11.59000015258789,11.59000015258789,11.59000015258789,660.0
2023-03-09 12:01:00,CASH,47.720001220703125,47.720001220703125,47.744998931884766,47.720001220703125,47.744998931884766,1141.0
2023-03-09 12:01:00,CATY,39.689998626708984,39.689998626708984,39.689998626708984,39.650001525878906,39.689998626708984,10804.0
2023-03-09 12:01:00,CBSH,61.7599983215332,61.7599983215332,61.77000045776367,61.709999084472656,61.7400016784668,6897.0
2023-03-09 12:01:00,CCD,23.09000015258789,23.09000015258789,23.09000015258789,23.09000015258789,23.09000015258789,250.0
2023-03-09 12:01:00,CCNE,22.6200008392334,22.6200008392334,22.6200008392334,22.6200008392334,22.6200008392334,449.0
2023-03-09 12:01:00,CFB,12.390000343322754,12.390000343322754,12.399999618530273,12.390000343322754,12.399999618530273,683.0
2023-03-09 12:01:00,CFFN,7.570000171661377,7.570000171661377,7.570000171661377,7.570000171661377,7.570000171661377,1841.0
2023-03-09 12:01:00,CG,34.130001068115234,34.130001068115234,34.15999984741211,34.130001068115234,34.15999984741211,2103.0
2023-03-09 12:01:00,CHI,11.954000473022461,11.954000473022461,11.954000473022461,11.954000473022461,11.954000473022461,240.0
2023-03-09 12:01:00,CIFR,1.4500000476837158,1.4500000476837158,1.4500000476837158,1.4500000476837158,1.4500000476837158,1135.0
2023-03-09 12:01:00,CINF,116.58999633789062,116.58999633789062,116.63500213623047,116.58999633789062,116.62999725341797,754.0
2023-03-09 12:01:00,CLBK,19.709999084472656,19.709999084472656,19.719999313354492,19.709999084472656,19.719999313354492,469.0
2023-03-09 12:01:00,CME,178.9499969482422,178.9499969482422,178.9499969482422,178.8300018310547,178.9250030517578,4826.0
2023-03-09 12:01:00,CNOB,22.18000030517578,22.18000030517578,22.190000534057617,22.18000030517578,22.190000534057617,293.0
2023-03-09 12:01:00,COLB,25.354999542236328,25.354999542236328,25.360000610351562,25.31999969482422,25.350000381469727,29065.0
2023-03-09 12:01:00,COOP,44.2599983215332,44.2599983215332,44.2599983215332,44.2599983215332,44.2599983215332,207.0
2023-03-09 12:01:00,CSQ,14.005000114440918,14.005000114440918,14.005000114440918,14.005000114440918,14.005000114440918,100.0
2023-03-09 12:01:00,CSTR,15.550000190734863,15.550000190734863,15.550000190734863,15.550000190734863,15.550000190734863,386.0
2023-03-09 12:01:00,CSWC,18.450000762939453,18.450000762939453,18.459999084472656,18.450000762939453,18.459999084472656,8411.0
2023-03-09 12:01:00,CVBF,21.940000534057617,21.940000534057617,21.950000762939453,21.940000534057617,21.950000762939453,1213.0
2023-03-09 12:01:00,DCOM,29.489999771118164,29.489999771118164,29.5,29.489999771118164,29.5,551.0
2023-03-09 12:01:00,DGICA,15.010000228881836,15.010000228881836,15.015000343322754,15.010000228881836,15.015000343322754,380.0
2023-03-09 12:01:00,DWAC,14.069999694824219,14.069999694824219,14.069999694824219,14.0600004196167,14.069999694824219,2047.0
2023-03-09 12:01:00,EBC,14.710000038146973,14.710000038146973,14.710000038146973,14.704999923706055,14.710000038146973,3132.0
2023-03-09 12:01:00,ECPG,50.529998779296875,50.529998779296875,50.529998779296875,50.529998779296875,50.529998779296875,721.0
2023-03-09 12:01:00,EHTH,8.930000305175781,8.930000305175781,8.930000305175781,8.930000305175781,8.930000305175781,1319.0
2023-03-09 12:01:00,ERIE,234.9199981689453,234.9199981689453,234.9199981689453,234.9199981689453,234.9199981689453,748.0
2023-03-09 12:01:00,EWBC,68.5999984741211,68.5999984741211,68.5999984741211,68.5999984741211,68.5999984741211,379.0
2023-03-09 12:01:00,EZPW,8.850000381469727,8.850000381469727,8.850000381469727,8.850000381469727,8.850000381469727,366.0
2023-03-09 12:01:00,FBNC,38.72999954223633,38.72999954223633,38.72999954223633,38.72999954223633,38.72999954223633,100.0
2023-03-09 12:01:00,FCNCA,656.5,656.5,656.5,656.4949951171875,656.5,444.0
2023-03-09 12:01:00,FCRD,4.610000133514404,4.610000133514404,4.610000133514404,4.610000133514404,4.610000133514404,199.0
2023-03-09 12:01:00,FDUS,20.31999969482422,20.31999969482422,20.31999969482422,20.31999969482422,20.31999969482422,471.0
2023-03-09 12:01:00,FFBC,22.510000228881836,22.510000228881836,22.510000228881836,22.5,22.5,698.0
2023-03-09 12:01:00,FFBW,12.359999656677246,12.359999656677246,12.36870002746582,12.359999656677246,12.36870002746582,0.0
2023-03-09 12:01:00,FFIC,17.329999923706055,17.329999923706055,17.329999923706055,17.329999923706055,17.329999923706055,351.0
2023-03-09 12:01:00,FFIN,33.849998474121094,33.849998474121094,33.86000061035156,33.83000183105469,33.83000183105469,1591.0
2023-03-09 12:01:00,FFWM,13.050000190734863,13.050000190734863,13.050000190734863,13.050000190734863,13.050000190734863,2586.0
2023-03-09 12:01:00,FHB,24.239999771118164,24.239999771118164,24.239999771118164,24.239999771118164,24.239999771118164,884.0
2023-03-09 12:01:00,FIBK,32.52000045776367,32.52000045776367,32.540000915527344,32.52000045776367,32.540000915527344,1301.0
2023-03-09 12:01:00,FISI,23.239999771118164,23.239999771118164,23.239999771118164,23.239999771118164,23.239999771118164,302.0
2023-03-09 12:01:00,FITB,32.40999984741211,32.40999984741211,32.43000030517578,32.404998779296875,32.43000030517578,12512.0
2023-03-09 12:01:00,FMNB,13.154999732971191,13.154999732971191,13.15999984741211,13.154999732971191,13.15999984741211,982.0
2023-03-09 12:01:00,FOCS,51.71500015258789,51.71500015258789,51.720001220703125,51.709999084472656,51.71500015258789,595.0
2023-03-09 12:01:00,FRBK,1.75,1.75,1.75,1.75,1.75,2736.0
2023-03-09 12:01:00,FRME,37.7599983215332,37.7599983215332,37.77000045776367,37.7599983215332,37.77000045776367,492.0
2023-03-09 12:01:00,FULT,15.770000457763672,15.770000457763672,15.770000457763672,15.765000343322754,15.770000457763672,3011.0
2023-03-09 12:01:00,FUTU,46.55500030517578,46.55500030517578,46.59000015258789,46.55500030517578,46.56999969482422,2471.0
2023-03-09 12:01:00,GAIN,13.750100135803223,13.750100135803223,13.750100135803223,13.75,13.75,1020.0
2023-03-09 12:01:00,GBDC,13.444999694824219,13.444999694824219,13.444999694824219,13.430000305175781,13.4350004196167,7202.0
2023-03-09 12:01:00,GCMG,8.425000190734863,8.425000190734863,8.425000190734863,8.425000190734863,8.425000190734863,330.0
2023-03-09 12:01:00,GGAL,12.729999542236328,12.729999542236328,12.729999542236328,12.729999542236328,12.729999542236328,165.0
2023-03-09 12:01:00,GLAD,9.890000343322754,9.890000343322754,9.890000343322754,9.890000343322754,9.890000343322754,350.0
2023-03-09 12:01:00,GLBZ,7.999899864196777,7.999899864196777,7.999899864196777,7.999899864196777,7.999899864196777,206.0
2023-03-09 12:01:00,GSHD,52.15999984741211,52.15999984741211,52.15999984741211,52.15999984741211,52.15999984741211,439.0
2023-03-09 12:01:00,HAFC,21.8799991607666,21.8799991607666,21.899999618530273,21.8799991607666,21.899999618530273,856.0
2023-03-09 12:01:00,HBAN,13.994999885559082,13.994999885559082,14.010000228881836,13.989999771118164,14.010000228881836,18502.0
2023-03-09 12:01:00,HBNC,13.890000343322754,13.890000343322754,13.899999618530273,13.869999885559082,13.899999618530273,2435.0
2023-03-09 12:01:00,HIFS,260.0,260.0,260.0,260.0,260.0,597.0
2023-03-09 12:01:00,HIVE,2.5999999046325684,2.5999999046325684,2.5999999046325684,2.5999999046325684,2.5999999046325684,6075.0
2023-03-09 12:01:00,HONE,12.760000228881836,12.760000228881836,12.760000228881836,12.760000228881836,12.760000228881836,820.0
2023-03-09 12:01:00,HOPE,11.960000038146973,11.960000038146973,11.960000038146973,11.9399995803833,11.9399995803833,5178.0
2023-03-09 12:01:00,HRZN,12.069600105285645,12.069600105285645,12.069600105285645,12.069600105285645,12.069600105285645,1001.0
2023-03-09 12:01:00,HTBK,10.970000267028809,10.970000267028809,10.970000267028809,10.970000267028809,10.970000267028809,1419.0
2023-03-09 12:01:00,HTLF,45.66999816894531,45.66999816894531,45.66999816894531,45.66999816894531,45.66999816894531,155.0
2023-03-09 12:01:00,HUT,1.392799973487854,1.392799973487854,1.392799973487854,1.3899999856948853,1.3899999856948853,8560.0
2023-03-09 12:01:00,HWC,44.33000183105469,44.33000183105469,44.33000183105469,44.33000183105469,44.33000183105469,101.0
2023-03-09 12:01:00,IBCP,20.520000457763672,20.520000457763672,20.520000457763672,20.520000457763672,20.520000457763672,402.0
2023-03-09 12:01:00,IBKR,87.82499694824219,87.82499694824219,87.87999725341797,87.82499694824219,87.87999725341797,1212.0
2023-03-09 12:01:00,IBTX,52.904998779296875,52.904998779296875,52.92499923706055,52.86000061035156,52.86000061035156,1796.0
2023-03-09 12:01:00,INDB,71.81500244140625,71.81500244140625,71.81500244140625,71.81500244140625,71.81500244140625,301.0
2023-03-09 12:02:00,ABCB,43.119998931884766,43.119998931884766,43.16999816894531,43.119998931884766,43.154998779296875,2089.0
2023-03-09 12:02:00,ACGL,69.68000030517578,69.68000030517578,69.73999786376953,69.66000366210938,69.70999908447266,6932.0
2023-03-09 12:02:00,ACT,24.139999389648438,24.139999389648438,24.139999389648438,24.139999389648438,24.139999389648438,102.0
2023-03-09 12:02:00,AMRK,28.06999969482422,28.06999969482422,28.06999969482422,28.06999969482422,28.06999969482422,382.0
2023-03-09 12:02:00,AMTB,25.639999389648438,25.639999389648438,25.639999389648438,25.639999389648438,25.639999389648438,213.0
2023-03-09 12:02:00,ARCC,19.014999389648438,19.014999389648438,19.020000457763672,19.010000228881836,19.014999389648438,55272.0
2023-03-09 12:02:00,AROW,28.229999542236328,28.229999542236328,28.229999542236328,28.174999237060547,28.174999237060547,694.0
2023-03-09 12:02:00,AUB,36.97999954223633,36.97999954223633,37.0,36.97999954223633,36.97999954223633,1423.0
2023-03-09 12:02:00,AUBN,24.0,24.0,24.0,24.0,24.0,259.0
2023-03-09 12:02:00,BANF,85.80000305175781,85.80000305175781,85.80000305175781,85.80000305175781,85.80000305175781,3010.0
2023-03-09 12:02:00,BANR,58.189998626708984,58.189998626708984,58.189998626708984,58.189998626708984,58.189998626708984,247.0
2023-03-09 12:02:00,BFST,18.700000762939453,18.700000762939453,18.700000762939453,18.700000762939453,18.700000762939453,112.0
2023-03-09 12:02:00,BGCP,4.989999771118164,4.989999771118164,5.0,4.989999771118164,5.0,4355.0
2023-03-09 12:02:00,BHF,53.220001220703125,53.220001220703125,53.290000915527344,53.220001220703125,53.290000915527344,1960.0
2023-03-09 12:02:00,BITF,0.7615000009536743,0.7615000009536743,0.7616009712219238,0.7615000009536743,0.7616009712219238,4106.0
2023-03-09 12:02:00,BKCC,3.6600000858306885,3.6600000858306885,3.6649999618530273,3.6600000858306885,3.6649999618530273,429.0
2023-03-09 12:02:00,BLFY,11.524999618530273,11.524999618530273,11.524999618530273,11.5,11.5,1061.0
2023-03-09 12:02:00,BMRC,27.1200008392334,27.1200008392334,27.1200008392334,27.1200008392334,27.1200008392334,729.0
2023-03-09 12:02:00,BOKF,96.06999969482422,96.06999969482422,96.18000030517578,96.06999969482422,96.18000030517578,2405.0
2023-03-09 12:02:00,BOTJ,13.119999885559082,13.119999885559082,13.119999885559082,13.119999885559082,13.119999885559082,544.0
2023-03-09 12:02:00,BPOP,62.209999084472656,62.209999084472656,62.275001525878906,62.15999984741211,62.15999984741211,2756.0
2023-03-09 12:02:00,BRKL,11.579999923706055,11.579999923706055,11.579999923706055,11.579999923706055,11.579999923706055,1230.0
2023-03-09 12:02:00,BTBT,1.1399999856948853,1.1399999856948853,1.149999976158142,1.1399999856948853,1.1399999856948853,3861.0
2023-03-09 12:02:00,BUSE,22.520000457763672,22.520000457763672,22.530000686645508,22.520000457763672,22.530000686645508,824.0
2023-03-09 12:02:00,BWB,13.420000076293945,13.420000076293945,13.449999809265137,13.420000076293945,13.449999809265137,672.0
2023-03-09 12:02:00,CACC,438.6549987792969,438.6549987792969,438.6549987792969,438.6549987792969,438.6549987792969,590.0
2023-03-09 12:02:00,CASH,47.65999984741211,47.65999984741211,47.709999084472656,47.65999984741211,47.709999084472656,1867.0
2023-03-09 12:02:00,CATY,39.650001525878906,39.650001525878906,39.650001525878906,39.59000015258789,39.63999938964844,1499.0
2023-03-09 12:02:00,CBSH,61.599998474121094,61.599998474121094,61.7400016784668,61.599998474121094,61.7400016784668,3538.0
2023-03-09 12:02:00,CCNE,22.600000381469727,22.600000381469727,22.600000381469727,22.579999923706055,22.600000381469727,508.0
2023-03-09 12:02:00,CFFN,7.559999942779541,7.559999942779541,7.559999942779541,7.559999942779541,7.559999942779541,2274.0
2023-03-09 12:02:00,CG,34.060001373291016,34.060001373291016,34.119998931884766,34.060001373291016,34.119998931884766,1916.0
2023-03-09 12:02:00,CGBD,14.930000305175781,14.930000305175781,14.9399995803833,14.930000305175781,14.9399995803833,698.0
2023-03-09 12:02:00,CGO,9.850000381469727,9.850000381469727,9.850000381469727,9.850000381469727,9.850000381469727,454.0
2023-03-09 12:02:00,CHI,11.9399995803833,11.9399995803833,11.9399995803833,11.9399995803833,11.9399995803833,162.0
2023-03-09 12:02:00,CHW,6.070000171661377,6.070000171661377,6.070000171661377,6.070000171661377,6.070000171661377,300.0
2023-03-09 12:02:00,CIFR,1.4500000476837158,1.4500000476837158,1.4500000476837158,1.4500000476837158,1.4500000476837158,100.0
2023-03-09 12:02:00,CINF,116.44000244140625,116.44000244140625,116.58000183105469,116.44000244140625,116.58000183105469,923.0
2023-03-09 12:02:00,CME,178.7449951171875,178.7449951171875,178.9550018310547,178.74000549316406,178.92430114746094,2857.0
2023-03-09 12:02:00,CNOB,22.145000457763672,22.145000457763672,22.145000457763672,22.145000457763672,22.145000457763672,134.0
2023-03-09 12:02:00,COLB,25.239999771118164,25.239999771118164,25.350000381469727,25.239999771118164,25.350000381469727,5347.0
2023-03-09 12:02:00,COOP,44.15999984741211,44.15999984741211,44.244998931884766,44.15999984741211,44.189998626708984,837.0
2023-03-09 12:02:00,CRVL,178.7449951171875,178.7449951171875,178.7449951171875,178.7449951171875,178.7449951171875,141.0
2023-03-09 12:02:00,CSQ,13.989999771118164,13.989999771118164,13.989999771118164,13.989999771118164,13.989999771118164,2803.0
2023-03-09 12:02:00,CSTR,15.529999732971191,15.529999732971191,15.550000190734863,15.529999732971191,15.550000190734863,1347.0
2023-03-09 12:02:00,CSWC,18.440000534057617,18.440000534057617,18.451099395751953,18.440000534057617,18.451099395751953,906.0
2023-03-09 12:02:00,CTBI,40.41999816894531,40.41999816894531,40.41999816894531,40.41999816894531,40.41999816894531,328.0
2023-03-09 12:02:00,CVBF,21.899999618530273,21.899999618530273,21.93000030517578,21.899999618530273,21.93000030517578,1108.0
2023-03-09 12:02:00,DCOM,29.5,29.5,29.510000228881836,29.459999084472656,29.490100860595703,7003.0
2023-03-09 12:02:00,EBC,14.670000076293945,14.670000076293945,14.699999809265137,14.670000076293945,14.699999809265137,2548.0
2023-03-09 12:02:00,ECBK,14.920000076293945,14.920000076293945,14.989999771118164,14.920000076293945,14.970000267028809,944.0
2023-03-09 12:02:00,EFSC,51.63999938964844,51.63999938964844,51.63999938964844,51.58000183105469,51.58000183105469,1384.0
2023-03-09 12:02:00,EHTH,8.930000305175781,8.930000305175781,8.930000305175781,8.920000076293945,8.920000076293945,204.0
2023-03-09 12:02:00,ESGR,231.21499633789062,231.21499633789062,231.21499633789062,231.21499633789062,231.21499633789062,499.0
2023-03-09 12:02:00,EWBC,68.47000122070312,68.47000122070312,68.56500244140625,68.47000122070312,68.56500244140625,1340.0
2023-03-09 12:02:00,EZPW,8.835000038146973,8.835000038146973,8.845000267028809,8.835000038146973,8.842499732971191,1144.0
2023-03-09 12:02:00,FBIZ,33.61000061035156,33.61000061035156,33.77159881591797,33.61000061035156,33.77159881591797,1356.0
2023-03-09 12:02:00,FBMS,28.459999084472656,28.459999084472656,28.479999542236328,28.459999084472656,28.479999542236328,1077.0
2023-03-09 12:02:00,FBNC,38.56999969482422,38.56999969482422,38.68000030517578,38.56999969482422,38.68000030517578,1542.0
2023-03-09 12:02:00,FCFS,87.86000061035156,87.86000061035156,87.86000061035156,87.8499984741211,87.8499984741211,511.0
2023-03-09 12:02:00,FCNCA,655.9500122070312,655.9500122070312,656.5,655.9500122070312,656.5,970.0
2023-03-09 12:02:00,FFBC,22.459999084472656,22.459999084472656,22.5,22.459999084472656,22.5,923.0
2023-03-09 12:02:00,FFIC,17.309999465942383,17.309999465942383,17.318599700927734,17.309999465942383,17.318599700927734,884.0
2023-03-09 12:02:00,FFIN,33.790000915527344,33.790000915527344,33.79999923706055,33.790000915527344,33.79999923706055,560.0
2023-03-09 12:02:00,FFWM,13.039999961853027,13.039999961853027,13.050000190734863,13.039999961853027,13.050000190734863,989.0
2023-03-09 12:02:00,FGF,2.4600000381469727,2.4600000381469727,2.4600000381469727,2.4600000381469727,2.4600000381469727,100.0
2023-03-09 12:02:00,FHB,24.190000534057617,24.190000534057617,24.229999542236328,24.190000534057617,24.229999542236328,1787.0
2023-03-09 12:02:00,FIBK,32.474998474121094,32.474998474121094,32.5099983215332,32.474998474121094,32.5099983215332,2087.0
2023-03-09 12:02:00,FITB,32.34000015258789,32.34000015258789,32.400001525878906,32.34000015258789,32.400001525878906,7413.0
2023-03-09 12:02:00,FMNB,13.149999618530273,13.149999618530273,13.149999618530273,13.149999618530273,13.149999618530273,854.0
2023-03-09 12:02:00,FOCS,51.70000076293945,51.70000076293945,51.71500015258789,51.70000076293945,51.709999084472656,6231.0
2023-03-09 12:02:00,FRBK,1.75,1.75,1.7592999935150146,1.75,1.75,2701.0
2023-03-09 12:02:00,FRHC,73.0,73.0,73.0,73.0,73.0,482.0
2023-03-09 12:02:00,FRME,37.70000076293945,37.70000076293945,37.75,37.70000076293945,37.72999954223633,954.0
2023-03-09 12:02:00,FRST,11.010000228881836,11.010000228881836,11.010000228881836,11.010000228881836,11.010000228881836,312.0
2023-03-09 12:02:00,FULT,15.744999885559082,15.744999885559082,15.770000457763672,15.744999885559082,15.770000457763672,3151.0
2023-03-09 12:02:00,FUTU,46.5625,46.5625,46.58000183105469,46.529998779296875,46.56999969482422,5929.0
2023-03-09 12:02:00,GBDC,13.444999694824219,13.444999694824219,13.444999694824219,13.4399995803833,13.444999694824219,1731.0
2023-03-09 12:02:00,GGAL,12.770000457763672,12.770000457763672,12.770000457763672,12.729999542236328,12.729999542236328,4106.0
2023-03-09 12:02:00,GSHD,52.150001525878906,52.150001525878906,52.150001525878906,52.150001525878906,52.150001525878906,692.0
2023-03-09 12:02:00,GXII,10.119999885559082,10.119999885559082,10.119999885559082,10.119999885559082,10.119999885559082,100.0
2023-03-09 12:02:00,HAFC,21.899999618530273,21.899999618530273,21.899999618530273,21.899999618530273,21.899999618530273,475.0
2023-03-09 12:02:00,HBAN,13.960000038146973,13.960000038146973,13.989999771118164,13.950200080871582,13.989999771118164,26972.0
2023-03-09 12:02:00,HBANP,19.049999237060547,19.049999237060547,19.100000381469727,19.049999237060547,19.09000015258789,1231.0
2023-03-09 12:02:00,HBNC,13.899999618530273,13.899999618530273,13.90999984741211,13.885000228881836,13.887499809265137,4609.0
2023-03-09 12:02:00,HFWA,24.649999618530273,24.649999618530273,24.649999618530273,24.649999618530273,24.649999618530273,162.0
2023-03-09 12:02:00,HIFS,260.0199890136719,260.0199890136719,260.0199890136719,260.0199890136719,260.0199890136719,305.0
2023-03-09 12:02:00,HIVE,2.5999999046325684,2.5999999046325684,2.5999999046325684,2.5999999046325684,2.5999999046325684,11154.0
2023-03-09 12:02:00,HMST,22.639999389648438,22.639999389648438,22.639999389648438,22.600000381469727,22.600000381469727,600.0
2023-03-09 12:02:00,HONE,12.755000114440918,12.755000114440918,12.760000228881836,12.75,12.75,1375.0
2023-03-09 12:02:00,HOPE,11.930000305175781,11.930000305175781,11.949999809265137,11.930000305175781,11.949999809265137,1143.0
2023-03-09 12:02:00,HRZN,12.029999732971191,12.029999732971191,12.03499984741211,12.029999732971191,12.029999732971191,1014.0
2023-03-09 12:02:00,HTBK,10.96500015258789,10.96500015258789,10.970000267028809,10.96500015258789,10.970000267028809,678.0
2023-03-09 12:02:00,HTLF,45.56999969482422,45.56999969482422,45.630001068115234,45.56999969482422,45.630001068115234,1102.0
2023-03-09 12:02:00,HUT,1.381500005722046,1.381500005722046,1.399999976158142,1.3799999952316284,1.3899999856948853,19462.0
2023-03-09 12:02:00,HWBK,24.700000762939453,24.700000762939453,24.700000762939453,24.700000762939453,24.700000762939453,174.0
2023-03-09 12:02:00,HWC,44.310001373291016,44.310001373291016,44.369998931884766,44.310001373291016,44.369998931884766,775.0
2023-03-09 12:02:00,IBKR,87.5,87.5,87.86000061035156,87.5,87.82499694824219,5094.0
2023-03-09 12:02:00,IBOC,45.040000915527344,45.040000915527344,45.040000915527344,45.040000915527344,45.040000915527344,1346.0
2023-03-09 12:02:00,IBTX,52.72999954223633,52.72999954223633,52.86000061035156,52.72999954223633,52.86000061035156,1429.0
2023-03-09 12:02:00,INDB,71.63999938964844,71.63999938964844,71.76000213623047,71.63999938964844,71.76000213623047,1485.0
2023-03-09 12:02:00,INTR,2.009999990463257,2.009999990463257,2.009999990463257,2.009999990463257,2.009999990463257,844.0
2023-03-09 12:03:00,ABCB,43.220001220703125,43.220001220703125,43.220001220703125,43.15999984741211,43.15999984741211,1223.0
2023-03-09 12:03:00,ACGL,69.5999984741211,69.5999984741211,69.69000244140625,69.5999984741211,69.69000244140625,5304.0
2023-03-09 12:03:00,ACT,24.135000228881836,24.135000228881836,24.139999389648438,24.135000228881836,24.139999389648438,363.0
2023-03-09 12:03:00,AMRK,28.040000915527344,28.040000915527344,28.040000915527344,28.040000915527344,28.040000915527344,589.0
2023-03-09 12:03:00,APLD,2.130000114440918,2.130000114440918,2.130000114440918,2.130000114440918,2.130000114440918,2324.0
2023-03-09 12:03:00,ARCC,19.014999389648438,19.014999389648438,19.020000457763672,19.010000228881836,19.010000228881836,23728.0
2023-03-09 12:03:00,ATLO,23.450000762939453,23.450000762939453,23.450000762939453,23.450000762939453,23.450000762939453,100.0
2023-03-09 12:03:00,AUB,37.0099983215332,37.0099983215332,37.0099983215332,36.98500061035156,36.98500061035156,651.0
2023-03-09 12:03:00,BANF,85.80000305175781,85.80000305175781,85.80000305175781,85.80000305175781,85.80000305175781,1151.0
2023-03-09 12:03:00,BFST,18.719999313354492,18.719999313354492,18.719999313354492,18.719999313354492,18.719999313354492,116.0
2023-03-09 12:03:00,BGCP,4.994999885559082,4.994999885559082,5.0,4.994999885559082,4.994999885559082,635.0
2023-03-09 12:03:00,BHF,53.18000030517578,53.18000030517578,53.18000030517578,53.18000030517578,53.18000030517578,1128.0
2023-03-09 12:03:00,BHFAM,16.5,16.5,16.5,16.5,16.5,896.0
2023-03-09 12:03:00,BITF,0.7734990119934082,0.7734990119934082,0.7734990119934082,0.7734990119934082,0.7734990119934082,500.0
2023-03-09 12:03:00,BKCC,3.6600000858306885,3.6600000858306885,3.6600000858306885,3.6600000858306885,3.6600000858306885,213.0
2023-03-09 12:03:00,BPOP,62.29999923706055,62.29999923706055,62.310001373291016,62.23500061035156,62.2599983215332,3926.0
2023-03-09 12:03:00,BRKL,11.579999923706055,11.579999923706055,11.585000038146973,11.579899787902832,11.579999923706055,4514.0
2023-03-09 12:03:00,BRP,26.06999969482422,26.06999969482422,26.084999084472656,26.06999969482422,26.06999969482422,752.0
2023-03-09 12:03:00,BTBT,1.1349999904632568,1.1349999904632568,1.1399999856948853,1.1299999952316284,1.1399999856948853,3222.0
2023-03-09 12:03:00,BUSE,22.510000228881836,22.510000228881836,22.510000228881836,22.510000228881836,22.510000228881836,434.0
2023-03-09 12:03:00,BWB,13.4399995803833,13.4399995803833,13.4399995803833,13.4399995803833,13.4399995803833,468.0
2023-03-09 12:03:00,CASH,47.70000076293945,47.70000076293945,47.70000076293945,47.70000076293945,47.70000076293945,178.0
2023-03-09 12:03:00,CATY,39.630001068115234,39.630001068115234,39.630001068115234,39.630001068115234,39.630001068115234,307.0
2023-03-09 12:03:00,CBNK,18.989999771118164,18.989999771118164,18.989999771118164,18.989999771118164,18.989999771118164,178.0
2023-03-09 12:03:00,CBSH,61.6349983215332,61.6349983215332,61.6349983215332,61.6349983215332,61.6349983215332,409.0
2023-03-09 12:03:00,CCD,22.979999542236328,22.979999542236328,23.040000915527344,22.979999542236328,23.040000915527344,1100.0
2023-03-09 12:03:00,CFFN,7.559999942779541,7.559999942779541,7.565000057220459,7.559999942779541,7.559999942779541,5468.0
2023-03-09 12:03:00,CG,34.060001373291016,34.060001373291016,34.064998626708984,34.060001373291016,34.064998626708984,1164.0
2023-03-09 12:03:00,CHW,6.070000171661377,6.070000171661377,6.070000171661377,6.070000171661377,6.070000171661377,410.0
2023-03-09 12:03:00,CINF,116.4749984741211,116.4749984741211,116.4749984741211,116.41999816894531,116.41999816894531,633.0
2023-03-09 12:03:00,CIZN,15.359999656677246,15.359999656677246,15.600000381469727,15.359999656677246,15.600000381469727,561.0
2023-03-09 12:03:00,CME,178.80999755859375,178.80999755859375,178.80999755859375,178.75999450683594,178.75999450683594,1255.0
2023-03-09 12:03:00,COLB,25.219999313354492,25.219999313354492,25.239999771118164,25.209999084472656,25.229999542236328,4822.0
2023-03-09 12:03:00,COOP,44.0099983215332,44.0099983215332,44.125,44.0099983215332,44.125,906.0
2023-03-09 12:03:00,CRVL,178.64500427246094,178.64500427246094,178.64500427246094,178.64500427246094,178.64500427246094,197.0
2023-03-09 12:03:00,CSWC,18.4281005859375,18.4281005859375,18.439899444580078,18.4281005859375,18.439899444580078,381.0
2023-03-09 12:03:00,CVBF,21.920000076293945,21.920000076293945,21.940000534057617,21.920000076293945,21.920000076293945,778.0
2023-03-09 12:03:00,DCOM,29.5,29.5,29.5,29.479999542236328,29.479999542236328,1636.0
2023-03-09 12:03:00,DWAC,14.050000190734863,14.050000190734863,14.050000190734863,14.050000190734863,14.050000190734863,641.0
2023-03-09 12:03:00,EBC,14.65999984741211,14.65999984741211,14.675000190734863,14.65999984741211,14.670000076293945,628.0
2023-03-09 12:03:00,EGBN,40.709999084472656,40.709999084472656,40.709999084472656,40.66999816894531,40.70000076293945,3935.0
2023-03-09 12:03:00,EHTH,8.930000305175781,8.930000305175781,8.930000305175781,8.930000305175781,8.930000305175781,762.0
2023-03-09 12:03:00,EWBC,68.52999877929688,68.52999877929688,68.52999877929688,68.52999877929688,68.52999877929688,629.0
2023-03-09 12:03:00,EZPW,8.84000015258789,8.84000015258789,8.84000015258789,8.835000038146973,8.84000015258789,717.0
2023-03-09 12:03:00,FBMS,28.489999771118164,28.489999771118164,28.489999771118164,28.489999771118164,28.489999771118164,841.0
2023-03-09 12:03:00,FCNCA,654.4299926757812,654.4299926757812,655.9299926757812,654.4299926757812,655.9299926757812,2260.0
2023-03-09 12:03:00,FFBC,22.489999771118164,22.489999771118164,22.489999771118164,22.479999542236328,22.479999542236328,901.0
2023-03-09 12:03:00,FFIC,17.309999465942383,17.309999465942383,17.309999465942383,17.309999465942383,17.309999465942383,333.0
2023-03-09 12:03:00,FFWM,13.039999961853027,13.039999961853027,13.050000190734863,13.039999961853027,13.050000190734863,477.0
2023-03-09 12:03:00,FHB,24.18000030517578,24.18000030517578,24.190000534057617,24.18000030517578,24.190000534057617,1165.0
2023-03-09 12:03:00,FIBK,32.52000045776367,32.52000045776367,32.52000045776367,32.4900016784668,32.4900016784668,1182.0
2023-03-09 12:03:00,FITB,32.38999938964844,32.38999938964844,32.38999938964844,32.349998474121094,32.349998474121094,8364.0
2023-03-09 12:03:00,FLIC,16.174999237060547,16.174999237060547,16.174999237060547,16.174999237060547,16.174999237060547,100.0
2023-03-09 12:03:00,FMNB,13.170000076293945,13.170000076293945,13.170000076293945,13.15999984741211,13.15999984741211,353.0
2023-03-09 12:03:00,FNCB,7.329999923706055,7.329999923706055,7.332200050354004,7.329999923706055,7.332200050354004,660.0
2023-03-09 12:03:00,FOCS,51.71500015258789,51.71500015258789,51.720001220703125,51.70000076293945,51.70500183105469,9124.0
2023-03-09 12:03:00,FRBK,1.7549999952316284,1.7549999952316284,1.7549999952316284,1.7549999952316284,1.7549999952316284,222.0
2023-03-09 12:03:00,FULT,15.760000228881836,15.760000228881836,15.760000228881836,15.75,15.75,1281.0
2023-03-09 12:03:00,FUND,8.530200004577637,8.530200004577637,8.530200004577637,8.529999732971191,8.529999732971191,1000.0
2023-03-09 12:03:00,FUTU,46.59000015258789,46.59000015258789,46.59000015258789,46.564998626708984,46.564998626708984,204.0
2023-03-09 12:03:00,GGAAW,0.02800000086426735,0.02800000086426735,0.02800000086426735,0.02800000086426735,0.02800000086426735,200.0
2023-03-09 12:03:00,GNTY,29.3700008392334,29.3700008392334,29.389999389648438,29.360000610351562,29.360000610351562,1245.0
2023-03-09 12:03:00,GXII,10.119999885559082,10.119999885559082,10.119999885559082,10.119999885559082,10.119999885559082,100.0
2023-03-09 12:03:00,HAFC,21.90999984741211,21.90999984741211,21.90999984741211,21.90999984741211,21.90999984741211,188.0
2023-03-09 12:03:00,HBAN,13.970000267028809,13.970000267028809,13.979900360107422,13.954999923706055,13.960000038146973,56137.0
2023-03-09 12:03:00,HBCP,36.25,36.25,36.25,36.15999984741211,36.15999984741211,259.0
2023-03-09 12:03:00,HIVE,2.591099977493286,2.591099977493286,2.591099977493286,2.591099977493286,2.591099977493286,2614.0
2023-03-09 12:03:00,HMST,22.65999984741211,22.65999984741211,22.65999984741211,22.65999984741211,22.65999984741211,100.0
2023-03-09 12:03:00,HOPE,11.9350004196167,11.9350004196167,11.9399995803833,11.929900169372559,11.930000305175781,3573.0
2023-03-09 12:03:00,HRZN,12.0,12.0,12.027000427246094,12.0,12.010000228881836,979.0
2023-03-09 12:03:00,HTBK,10.975000381469727,10.975000381469727,10.975000381469727,10.960000038146973,10.960000038146973,862.0
2023-03-09 12:03:00,HUT,1.3804999589920044,1.3804999589920044,1.386299967765808,1.3799999952316284,1.3833999633789062,18287.0
2023-03-09 12:03:00,IBKR,87.56999969482422,87.56999969482422,87.66500091552734,87.56999969482422,87.56999969482422,2908.0
2023-03-09 12:03:00,IBOC,45.04999923706055,45.04999923706055,45.04999923706055,45.029998779296875,45.029998779296875,768.0
2023-03-09 12:03:00,INDB,71.58000183105469,71.58000183105469,71.63999938964844,71.58000183105469,71.63999938964844,807.0
2023-03-09 12:03:00,INTR,2.009999990463257,2.009999990463257,2.009999990463257,2.009999990463257,2.009999990463257,110.0
2023-03-09 12:04:00,ABCB,43.26499938964844,43.26499938964844,43.290000915527344,43.25,43.25,641.0
2023-03-09 12:04:00,ACGL,69.69000244140625,69.69000244140625,69.69000244140625,69.62000274658203,69.62000274658203,7219.0
2023-03-09 12:04:00,AMNB,32.04859924316406,32.04859924316406,32.04859924316406,32.04859924316406,32.04859924316406,370.0
2023-03-09 12:04:00,ARCC,19.014999389648438,19.014999389648438,19.020000457763672,19.010000228881836,19.014999389648438,9678.0
2023-03-09 12:04:00,ATLO,23.350000381469727,23.350000381469727,23.360000610351562,23.350000381469727,23.360000610351562,1798.0
2023-03-09 12:04:00,AUB,37.060001373291016,37.060001373291016,37.060001373291016,37.040000915527344,37.040000915527344,601.0
2023-03-09 12:04:00,BAFN,17.8799991607666,17.8799991607666,17.8799991607666,17.8799991607666,17.8799991607666,1426.0
2023-03-09 12:04:00,BCBP,15.90999984741211,15.90999984741211,15.90999984741211,15.90999984741211,15.90999984741211,153.0
2023-03-09 12:04:00,BFST,18.719999313354492,18.719999313354492,18.719999313354492,18.719999313354492,18.719999313354492,316.0
2023-03-09 12:04:00,BGCP,5.010000228881836,5.010000228881836,5.010000228881836,4.994999885559082,4.994999885559082,14499.0
2023-03-09 12:04:00,BHF,53.2599983215332,53.2599983215332,53.27000045776367,53.20000076293945,53.20000076293945,1680.0
2023-03-09 12:04:00,BHFAN,18.825000762939453,18.825000762939453,18.825000762939453,18.825000762939453,18.825000762939453,139.0
2023-03-09 12:04:00,BITF,0.7635489702224731,0.7635489702224731,0.7649999856948853,0.7615000009536743,0.7615000009536743,3492.0
2023-03-09 12:04:00,BKCC,3.6600000858306885,3.6600000858306885,3.6600000858306885,3.6600000858306885,3.6600000858306885,229.0
2023-03-09 12:04:00,BOKF,96.23999786376953,96.23999786376953,96.23999786376953,96.2300033569336,96.2300033569336,534.0
2023-03-09 12:04:00,BPOP,62.52000045776367,62.52000045776367,62.52000045776367,62.369998931884766,62.369998931884766,1613.0
2023-03-09 12:04:00,BRKL,11.59000015258789,11.59000015258789,11.59000015258789,11.579999923706055,11.579999923706055,730.0
2023-03-09 12:04:00,BRP,26.06999969482422,26.06999969482422,26.06999969482422,26.06999969482422,26.06999969482422,119.0
2023-03-09 12:04:00,BSRR,19.450000762939453,19.450000762939453,19.450000762939453,19.450000762939453,19.450000762939453,534.0
2023-03-09 12:04:00,BTBT,1.131500005722046,1.131500005722046,1.1399999856948853,1.131500005722046,1.1349999904632568,2000.0
2023-03-09 12:04:00,BUSE,22.524999618530273,22.524999618530273,22.524999618530273,22.524999618530273,22.524999618530273,649.0
2023-03-09 12:04:00,CASH,47.75,47.75,47.75,47.75,47.75,794.0
2023-03-09 12:04:00,CATY,39.71500015258789,39.71500015258789,39.71500015258789,39.65999984741211,39.66999816894531,737.0
2023-03-09 12:04:00,CBSH,61.73500061035156,61.73500061035156,61.73500061035156,61.68000030517578,61.68000030517578,915.0
2023-03-09 12:04:00,CCD,22.989999771118164,22.989999771118164,22.989999771118164,22.989999771118164,22.989999771118164,400.0
2023-03-09 12:04:00,CCNE,22.59000015258789,22.59000015258789,22.59000015258789,22.59000015258789,22.59000015258789,100.0
2023-03-09 12:04:00,CFFN,7.559999942779541,7.559999942779541,7.559999942779541,7.559999942779541,7.559999942779541,1508.0
2023-03-09 12:04:00,CG,34.060001373291016,34.060001373291016,34.084999084472656,34.04999923706055,34.06930160522461,12783.0
2023-03-09 12:04:00,CIFR,1.4500000476837158,1.4500000476837158,1.4550000429153442,1.4500000476837158,1.4500000476837158,3312.0
2023-03-09 12:04:00,CINF,116.54000091552734,116.54000091552734,116.54000091552734,116.4800033569336,116.4800033569336,1209.0
2023-03-09 12:04:00,CME,178.6699981689453,178.6699981689453,178.8300018310547,178.64999389648438,178.8300018310547,5471.0
2023-03-09 12:04:00,COLB,25.250999450683594,25.250999450683594,25.270000457763672,25.21500015258789,25.21500015258789,16005.0
2023-03-09 12:04:00,COOP,44.18000030517578,44.18000030517578,44.20000076293945,44.16999816894531,44.16999816894531,1205.0
2023-03-09 12:04:00,CSQ,13.997599601745605,13.997599601745605,13.997599601745605,13.997599601745605,13.997599601745605,1430.0
2023-03-09 12:04:00,CSWC,18.424999237060547,18.424999237060547,18.424999237060547,18.424999237060547,18.424999237060547,1050.0
2023-03-09 12:04:00,CVBF,21.950000762939453,21.950000762939453,21.950000762939453,21.940000534057617,21.940000534057617,1109.0
2023-03-09 12:04:00,CVLY,24.21500015258789,24.21500015258789,24.21500015258789,24.21500015258789,24.21500015258789,465.0
2023-03-09 12:04:00,DCOMP,19.649999618530273,19.649999618530273,19.649999618530273,19.649999618530273,19.649999618530273,348.0
2023-03-09 12:04:00,DWAC,14.0600004196167,14.0600004196167,14.0600004196167,14.0600004196167,14.0600004196167,1010.0
2023-03-09 12:04:00,EBC,14.694999694824219,14.694999694824219,14.694999694824219,14.670000076293945,14.670000076293945,3317.0
2023-03-09 12:04:00,ECBK,14.927000045776367,14.927000045776367,14.989999771118164,14.927000045776367,14.989999771118164,870.0
2023-03-09 12:04:00,ECPG,50.54999923706055,50.54999923706055,50.54999923706055,50.540000915527344,50.540000915527344,498.0
2023-03-09 12:04:00,EFSC,51.685001373291016,51.685001373291016,51.685001373291016,51.63999938964844,51.63999938964844,763.0
2023-03-09 12:04:00,EGBN,40.689998626708984,40.689998626708984,40.709999084472656,40.66999816894531,40.68000030517578,1501.0
2023-03-09 12:04:00,EQBK,27.96500015258789,27.96500015258789,27.96500015258789,27.96500015258789,27.96500015258789,418.0
2023-03-09 12:04:00,ERIE,235.1199951171875,235.1199951171875,235.1199951171875,235.1199951171875,235.1199951171875,126.0
2023-03-09 12:04:00,ESGR,230.69000244140625,230.69000244140625,230.69000244140625,230.625,230.625,450.0
2023-03-09 12:04:00,EWBC,68.57420349121094,68.57420349121094,68.63999938964844,68.57420349121094,68.63999938964844,432.0
2023-03-09 12:04:00,EZPW,8.845000267028809,8.845000267028809,8.845000267028809,8.84000015258789,8.84000015258789,888.0
2023-03-09 12:04:00,FANH,8.199999809265137,8.199999809265137,8.199999809265137,8.199999809265137,8.199999809265137,100.0
2023-03-09 12:04:00,FBMS,28.510000228881836,28.510000228881836,28.510000228881836,28.510000228881836,28.510000228881836,386.0
2023-03-09 12:04:00,FCFS,87.87999725341797,87.87999725341797,87.87999725341797,87.87999725341797,87.87999725341797,241.0
2023-03-09 12:04:00,FCNCA,655.1400146484375,655.1400146484375,655.1599731445312,654.514892578125,655.1599731445312,630.0
2023-03-09 12:04:00,FCNCO,21.700000762939453,21.700000762939453,21.700000762939453,21.700000762939453,21.700000762939453,663.0
2023-03-09 12:04:00,FDUS,20.299999237060547,20.299999237060547,20.299999237060547,20.299999237060547,20.299999237060547,1050.0
2023-03-09 12:04:00,FFBC,22.520000457763672,22.520000457763672,22.520000457763672,22.5,22.5,740.0
2023-03-09 12:04:00,FFIC,17.34000015258789,17.34000015258789,17.34000015258789,17.31999969482422,17.31999969482422,691.0
2023-03-09 12:04:00,FFIN,33.86000061035156,33.86000061035156,33.86000061035156,33.84000015258789,33.84000015258789,1307.0
2023-03-09 12:04:00,FFWM,13.069999694824219,13.069999694824219,13.069999694824219,13.050000190734863,13.050000190734863,1088.0
2023-03-09 12:04:00,FHB,24.18000030517578,24.18000030517578,24.18000030517578,24.18000030517578,24.18000030517578,784.0
2023-03-09 12:04:00,FIBK,32.55500030517578,32.55500030517578,32.55500030517578,32.540000915527344,32.540000915527344,819.0
2023-03-09 12:04:00,FITB,32.38999938964844,32.38999938964844,32.40079879760742,32.3849983215332,32.39500045776367,5913.0
2023-03-09 12:04:00,FLIC,16.190000534057617,16.190000534057617,16.190000534057617,16.18000030517578,16.18000030517578,761.0
2023-03-09 12:04:00,FMBH,28.200000762939453,28.200000762939453,28.200000762939453,28.200000762939453,28.200000762939453,269.0
2023-03-09 12:04:00,FMNB,13.170000076293945,13.170000076293945,13.170000076293945,13.170000076293945,13.170000076293945,100.0
2023-03-09 12:04:00,FOCS,51.720001220703125,51.720001220703125,51.720001220703125,51.709999084472656,51.720001220703125,1275.0
2023-03-09 12:04:00,FSEA,9.90999984741211,9.90999984741211,9.90999984741211,9.90999984741211,9.90999984741211,572.0
2023-03-09 12:04:00,FULT,15.779999732971191,15.779999732971191,15.779999732971191,15.770000457763672,15.770000457763672,997.0
2023-03-09 12:04:00,FUTU,46.560001373291016,46.560001373291016,46.5880012512207,46.560001373291016,46.5880012512207,771.0
2023-03-09 12:04:00,GBDC,13.444999694824219,13.444999694824219,13.444999694824219,13.444999694824219,13.444999694824219,247.0
2023-03-09 12:04:00,GGAL,12.779999732971191,12.779999732971191,12.789999961853027,12.7524995803833,12.7524995803833,2704.0
2023-03-09 12:04:00,GSHD,52.25,52.25,52.2599983215332,52.119998931884766,52.119998931884766,5044.0
2023-03-09 12:04:00,HAFC,21.924999237060547,21.924999237060547,21.924999237060547,21.924999237060547,21.924999237060547,482.0
2023-03-09 12:04:00,HBAN,13.984999656677246,13.984999656677246,13.989899635314941,13.970000267028809,13.970000267028809,29663.0
2023-03-09 12:04:00,HBNC,13.920000076293945,13.920000076293945,13.930000305175781,13.895000457763672,13.895000457763672,1279.0
2023-03-09 12:04:00,HFWA,24.68000030517578,24.68000030517578,24.68000030517578,24.68000030517578,24.68000030517578,583.0
2023-03-09 12:04:00,HIVE,2.5999999046325684,2.5999999046325684,2.5999999046325684,2.5999999046325684,2.5999999046325684,1059.0
2023-03-09 12:04:00,HMST,22.65999984741211,22.65999984741211,22.65999984741211,22.65999984741211,22.65999984741211,155.0
2023-03-09 12:04:00,HONE,12.765000343322754,12.765000343322754,12.765000343322754,12.760000228881836,12.760000228881836,1473.0
2023-03-09 12:04:00,HOPE,11.944999694824219,11.944999694824219,11.949999809265137,11.937399864196777,11.937399864196777,1899.0
2023-03-09 12:04:00,HRZN,12.0,12.0,12.0,11.990599632263184,11.990599632263184,1454.0
2023-03-09 12:04:00,HTBK,10.984999656677246,10.984999656677246,10.984999656677246,10.979999542236328,10.979999542236328,428.0
2023-03-09 12:04:00,HTLF,45.630001068115234,45.630001068115234,45.630001068115234,45.599998474121094,45.599998474121094,1089.0
2023-03-09 12:04:00,HUT,1.3849999904632568,1.3849999904632568,1.3899999856948853,1.3799999952316284,1.3801000118255615,57203.0
2023-03-09 12:04:00,HWC,44.33000183105469,44.33000183105469,44.33000183105469,44.31999969482422,44.31999969482422,817.0
2023-03-09 12:04:00,IBKR,87.62000274658203,87.62000274658203,87.62999725341797,87.55500030517578,87.58000183105469,3834.0
2023-03-09 12:04:00,IBTX,52.84000015258789,52.84000015258789,52.84000015258789,52.779998779296875,52.779998779296875,684.0
2023-03-09 12:04:00,INTR,2.009999990463257,2.009999990463257,2.009999990463257,2.009999990463257,2.009999990463257,200.0
2023-03-09 12:05:00,ACGL,69.61499786376953,69.61499786376953,69.6500015258789,69.61499786376953,69.6500015258789,1020.0
2023-03-09 12:05:00,ACT,24.149999618530273,24.149999618530273,24.149999618530273,24.149999618530273,24.149999618530273,342.0
2023-03-09 12:05:00,AMTB,25.610000610351562,25.610000610351562,25.610000610351562,25.610000610351562,25.610000610351562,297.0
2023-03-09 12:05:00,ARCC,18.969999313354492,18.969999313354492,19.010000228881836,18.969999313354492,19.010000228881836,227857.0
2023-03-09 12:05:00,ATAKW,0.023099999874830246,0.023099999874830246,0.023099999874830246,0.023099999874830246,0.023099999874830246,0.0
2023-03-09 12:05:00,ATLO,23.510000228881836,23.510000228881836,23.510000228881836,23.510000228881836,23.510000228881836,978.0
2023-03-09 12:05:00,AUB,37.0099983215332,37.0099983215332,37.0099983215332,37.0099983215332,37.0099983215332,1150.0
2023-03-09 12:05:00,BANF,85.77999877929688,85.77999877929688,85.77999877929688,85.77999877929688,85.77999877929688,318.0
2023-03-09 12:05:00,BCML,19.219999313354492,19.219999313354492,19.219999313354492,19.219999313354492,19.219999313354492,166.0
2023-03-09 12:05:00,BGCP,5.0,5.0,5.005000114440918,5.0,5.005000114440918,4266.0
2023-03-09 12:05:00,BHFAM,16.489999771118164,16.489999771118164,16.489999771118164,16.489999771118164,16.489999771118164,362.0
2023-03-09 12:05:00,BOKF,96.31999969482422,96.31999969482422,96.31999969482422,96.23999786376953,96.23999786376953,923.0
2023-03-09 12:05:00,BPOP,62.650001525878906,62.650001525878906,62.650001525878906,62.540000915527344,62.540000915527344,552.0
2023-03-09 12:05:00,BPRN,33.349998474121094,33.349998474121094,33.349998474121094,33.349998474121094,33.349998474121094,140.0
2023-03-09 12:05:00,BRKL,11.59000015258789,11.59000015258789,11.59000015258789,11.59000015258789,11.59000015258789,125.0
2023-03-09 12:05:00,CATC,70.32499694824219,70.32499694824219,70.32499694824219,70.32499694824219,70.32499694824219,148.0
2023-03-09 12:05:00,CBSH,61.75,61.75,61.75,61.73500061035156,61.73500061035156,556.0
2023-03-09 12:05:00,CG,34.04999923706055,34.04999923706055,34.05500030517578,34.04499816894531,34.05500030517578,4408.0
2023-03-09 12:05:00,CHW,6.068600177764893,6.068600177764893,6.068600177764893,6.068600177764893,6.068600177764893,250.0
2023-03-09 12:05:00,CME,178.58999633789062,178.58999633789062,178.67999267578125,178.5850067138672,178.67999267578125,2017.0
2023-03-09 12:05:00,CNOB,22.145000457763672,22.145000457763672,22.145000457763672,22.145000457763672,22.145000457763672,210.0
2023-03-09 12:05:00,COLB,25.28499984741211,25.28499984741211,25.28499984741211,25.25,25.25,14360.0
2023-03-09 12:05:00,COOP,44.13999938964844,44.13999938964844,44.13999938964844,44.13999938964844,44.13999938964844,234.0
2023-03-09 12:05:00,CSQ,13.994999885559082,13.994999885559082,13.994999885559082,13.994999885559082,13.994999885559082,100.0
2023-03-09 12:05:00,CSWC,18.40999984741211,18.40999984741211,18.439899444580078,18.40999984741211,18.43000030517578,3975.0
2023-03-09 12:05:00,CVBF,21.940000534057617,21.940000534057617,21.950000762939453,21.93000030517578,21.950000762939453,1356.0
2023-03-09 12:05:00,DCOMP,19.649999618530273,19.649999618530273,19.649999618530273,19.649999618530273,19.649999618530273,250.0
2023-03-09 12:05:00,DNAD,10.204999923706055,10.204999923706055,10.204999923706055,10.204999923706055,10.204999923706055,100.0
2023-03-09 12:05:00,DWACW,3.049999952316284,3.049999952316284,3.069999933242798,3.049999952316284,3.069999933242798,3212.0
2023-03-09 12:05:00,EBC,14.699999809265137,14.699999809265137,14.699999809265137,14.6899995803833,14.6899995803833,2303.0
2023-03-09 12:05:00,EFSC,51.689998626708984,51.689998626708984,51.689998626708984,51.689998626708984,51.689998626708984,264.0
2023-03-09 12:05:00,EGBN,40.65999984741211,40.65999984741211,40.65999984741211,40.65999984741211,40.65999984741211,477.0
2023-03-09 12:05:00,EHTH,8.970000267028809,8.970000267028809,8.970000267028809,8.934499740600586,8.949999809265137,1408.0
2023-03-09 12:05:00,EWBC,68.62999725341797,68.62999725341797,68.63330078125,68.5999984741211,68.63330078125,1120.0
2023-03-09 12:05:00,EZPW,8.835000038146973,8.835000038146973,8.84000015258789,8.835000038146973,8.84000015258789,468.0
2023-03-09 12:05:00,FANH,8.199999809265137,8.199999809265137,8.199999809265137,8.199999809265137,8.199999809265137,100.0
2023-03-09 12:05:00,FBIZ,33.790000915527344,33.790000915527344,33.790000915527344,33.619998931884766,33.619998931884766,610.0
2023-03-09 12:05:00,FCNCA,655.1099853515625,655.1099853515625,655.114990234375,655.1099853515625,655.114990234375,628.0
2023-03-09 12:05:00,FCRD,4.610000133514404,4.610000133514404,4.610000133514404,4.610000133514404,4.610000133514404,100.0
2023-03-09 12:05:00,FFBC,22.520000457763672,22.520000457763672,22.520000457763672,22.520000457763672,22.520000457763672,173.0
2023-03-09 12:05:00,FFBW,12.359999656677246,12.359999656677246,12.395000457763672,12.359999656677246,12.395000457763672,671.0
2023-03-09 12:05:00,FFIC,17.329999923706055,17.329999923706055,17.34000015258789,17.329999923706055,17.34000015258789,325.0
2023-03-09 12:05:00,FFWM,13.0600004196167,13.0600004196167,13.0600004196167,13.0600004196167,13.0600004196167,584.0
2023-03-09 12:05:00,FGF,2.375499963760376,2.375499963760376,2.375499963760376,2.375499963760376,2.375499963760376,182.0
2023-03-09 12:05:00,FHB,24.170000076293945,24.170000076293945,24.170000076293945,24.170000076293945,24.170000076293945,963.0
2023-03-09 12:05:00,FIBK,32.560001373291016,32.560001373291016,32.560001373291016,32.540000915527344,32.540000915527344,342.0
2023-03-09 12:05:00,FITB,32.38999938964844,32.38999938964844,32.38999938964844,32.380001068115234,32.38999938964844,3199.0
2023-03-09 12:05:00,FMNB,13.170000076293945,13.170000076293945,13.170000076293945,13.170000076293945,13.170000076293945,459.0
2023-03-09 12:05:00,FOCS,51.720001220703125,51.720001220703125,51.720001220703125,51.709999084472656,51.709999084472656,1162.0
2023-03-09 12:05:00,FRBK,1.75,1.75,1.7549999952316284,1.75,1.75,4982.0
2023-03-09 12:05:00,FRME,37.72999954223633,37.72999954223633,37.72999954223633,37.72999954223633,37.72999954223633,1003.0
2023-03-09 12:05:00,FULT,15.789999961853027,15.789999961853027,15.789999961853027,15.78499984741211,15.789999961853027,2020.0
2023-03-09 12:05:00,FUND,8.510000228881836,8.510000228881836,8.520000457763672,8.510000228881836,8.520000457763672,300.0
2023-03-09 12:05:00,FUTU,46.45000076293945,46.45000076293945,46.54999923706055,46.369998931884766,46.54999923706055,7423.0
2023-03-09 12:05:00,GBDC,13.4399995803833,13.4399995803833,13.4399995803833,13.4399995803833,13.4399995803833,382.0
2023-03-09 12:05:00,GCMG,8.420000076293945,8.420000076293945,8.425000190734863,8.420000076293945,8.425000190734863,202.0
2023-03-09 12:05:00,GGAL,12.787300109863281,12.787300109863281,12.787300109863281,12.787300109863281,12.787300109863281,468.0
2023-03-09 12:05:00,GNTY,29.360000610351562,29.360000610351562,29.360000610351562,29.360000610351562,29.360000610351562,1113.0
2023-03-09 12:05:00,GSBC,54.34000015258789,54.34000015258789,54.34000015258789,54.34000015258789,54.34000015258789,459.0
2023-03-09 12:05:00,GSHD,52.25,52.25,52.25,52.25,52.25,298.0
2023-03-09 12:05:00,GXII,10.119999885559082,10.119999885559082,10.119999885559082,10.119999885559082,10.119999885559082,100.0
2023-03-09 12:05:00,HBAN,13.984999656677246,13.984999656677246,13.984999656677246,13.975000381469727,13.979999542236328,14050.0
2023-03-09 12:05:00,HBANP,19.06999969482422,19.06999969482422,19.06999969482422,19.06999969482422,19.06999969482422,100.0
2023-03-09 12:05:00,HBNC,13.9350004196167,13.9350004196167,13.9350004196167,13.9350004196167,13.9350004196167,135.0
2023-03-09 12:05:00,HNVR,19.700000762939453,19.700000762939453,19.700000762939453,19.700000762939453,19.700000762939453,110.0
2023-03-09 12:05:00,HONE,12.755000114440918,12.755000114440918,12.765000343322754,12.755000114440918,12.760000228881836,1102.0
2023-03-09 12:05:00,HOPE,11.925000190734863,11.925000190734863,11.930000305175781,11.920000076293945,11.930000305175781,1058.0
2023-03-09 12:05:00,HRZN,12.015000343322754,12.015000343322754,12.015000343322754,12.0,12.0,1752.0
2023-03-09 12:05:00,HTBK,10.979999542236328,10.979999542236328,10.984999656677246,10.979999542236328,10.984999656677246,752.0
2023-03-09 12:05:00,HUT,1.3801000118255615,1.3801000118255615,1.3894000053405762,1.3799999952316284,1.3809000253677368,25353.0
2023-03-09 12:05:00,HWC,44.33000183105469,44.33000183105469,44.36000061035156,44.33000183105469,44.36000061035156,547.0
2023-03-09 12:05:00,IBKR,87.56999969482422,87.56999969482422,87.64250183105469,87.54000091552734,87.64250183105469,3082.0
2023-03-09 12:05:00,INDB,71.77999877929688,71.77999877929688,71.77999877929688,71.77999877929688,71.77999877929688,186.0
2023-03-09 12:05:00,INTR,2.009999990463257,2.009999990463257,2.009999990463257,2.009999990463257,2.009999990463257,418.0
2023-03-09 12:06:00,ACGL,69.66000366210938,69.66000366210938,69.68000030517578,69.61499786376953,69.62989807128906,9715.0
2023-03-09 12:06:00,AGGRU,10.199999809265137,10.199999809265137,10.202699661254883,10.199999809265137,10.202699661254883,0.0
2023-03-09 12:06:00,ARCC,18.979900360107422,18.979900360107422,18.979999542236328,18.969999313354492,18.97439956665039,9479.0
2023-03-09 12:06:00,AUB,37.029998779296875,37.029998779296875,37.029998779296875,37.029998779296875,37.029998779296875,100.0
2023-03-09 12:06:00,BGCP,5.0,5.0,5.010000228881836,5.0,5.0,7431.0
2023-03-09 12:06:00,BHF,53.2599983215332,53.2599983215332,53.2599983215332,53.2599983215332,53.2599983215332,355.0
2023-03-09 12:06:00,BHFAM,16.5,16.5,16.5,16.5,16.5,400.0
2023-03-09 12:06:00,BITF,0.7599999904632568,0.7599999904632568,0.762499988079071,0.7599999904632568,0.762499988079071,13462.0
2023-03-09 12:06:00,BKCC,3.6600000858306885,3.6600000858306885,3.6600000858306885,3.6600000858306885,3.6600000858306885,5522.0
2023-03-09 12:06:00,BLFY,11.520000457763672,11.520000457763672,11.520000457763672,11.520000457763672,11.520000457763672,268.0
2023-03-09 12:06:00,BPOP,62.7400016784668,62.7400016784668,62.7400016784668,62.61000061035156,62.65999984741211,1421.0
2023-03-09 12:06:00,BPRN,33.380001068115234,33.380001068115234,33.380001068115234,33.380001068115234,33.380001068115234,546.0
2023-03-09 12:06:00,BRP,26.06999969482422,26.06999969482422,26.06999969482422,26.06999969482422,26.06999969482422,110.0
2023-03-09 12:06:00,BTBT,1.1349999904632568,1.1349999904632568,1.1349999904632568,1.1349999904632568,1.1349999904632568,204.0
2023-03-09 12:06:00,CATY,39.685001373291016,39.685001373291016,39.685001373291016,39.685001373291016,39.685001373291016,201.0
2023-03-09 12:06:00,CCBG,32.869998931884766,32.869998931884766,32.869998931884766,32.869998931884766,32.869998931884766,153.0
2023-03-09 12:06:00,CFFN,7.565000057220459,7.565000057220459,7.565000057220459,7.565000057220459,7.565000057220459,239.0
2023-03-09 12:06:00,CG,34.060001373291016,34.060001373291016,34.060001373291016,34.029998779296875,34.04999923706055,5427.0
2023-03-09 12:06:00,CGBD,14.949999809265137,14.949999809265137,14.949999809265137,14.9399995803833,14.949999809265137,1568.0
2023-03-09 12:06:00,CHI,11.920000076293945,11.920000076293945,11.920000076293945,11.920000076293945,11.920000076293945,326.0
2023-03-09 12:06:00,CIFR,1.4413000345230103,1.4413000345230103,1.4413000345230103,1.4413000345230103,1.4413000345230103,500.0
2023-03-09 12:06:00,CINF,116.55000305175781,116.55000305175781,116.55000305175781,116.55000305175781,116.55000305175781,139.0
2023-03-09 12:06:00,CME,178.64500427246094,178.64500427246094,178.69000244140625,178.5800018310547,178.5850067138672,2135.0
2023-03-09 12:06:00,COLB,25.270000457763672,25.270000457763672,25.280000686645508,25.270000457763672,25.280000686645508,2460.0
2023-03-09 12:06:00,CZWI,12.3100004196167,12.3100004196167,12.3100004196167,12.3100004196167,12.3100004196167,300.0
2023-03-09 12:06:00,DGICA,15.029999732971191,15.029999732971191,15.029999732971191,15.029999732971191,15.029999732971191,102.0
2023-03-09 12:06:00,DWAC,14.0600004196167,14.0600004196167,14.0600004196167,14.0600004196167,14.0600004196167,210.0
2023-03-09 12:06:00,EGBN,40.72999954223633,40.72999954223633,40.72999954223633,40.72999954223633,40.72999954223633,299.0
2023-03-09 12:06:00,EHTH,8.960000038146973,8.960000038146973,8.960000038146973,8.960000038146973,8.960000038146973,260.0
2023-03-09 12:06:00,ESQ,41.84000015258789,41.84000015258789,41.84000015258789,41.84000015258789,41.84000015258789,211.0
2023-03-09 12:06:00,EWBC,68.56999969482422,68.56999969482422,68.59040069580078,68.56999969482422,68.59040069580078,1044.0
2023-03-09 12:06:00,EZPW,8.832500457763672,8.832500457763672,8.832500457763672,8.829999923706055,8.83080005645752,403.0
2023-03-09 12:06:00,FFIN,33.81999969482422,33.81999969482422,33.81999969482422,33.81999969482422,33.81999969482422,349.0
2023-03-09 12:06:00,FFWM,13.050000190734863,13.050000190734863,13.050000190734863,13.039999961853027,13.050000190734863,1302.0
2023-03-09 12:06:00,FHB,24.170000076293945,24.170000076293945,24.174999237060547,24.170000076293945,24.174999237060547,305.0
2023-03-09 12:06:00,FIBK,32.560001373291016,32.560001373291016,32.560001373291016,32.560001373291016,32.560001373291016,413.0
2023-03-09 12:06:00,FITB,32.380001068115234,32.380001068115234,32.400001525878906,32.380001068115234,32.400001525878906,3181.0
2023-03-09 12:06:00,FOCS,51.709999084472656,51.709999084472656,51.720001220703125,51.709999084472656,51.720001220703125,200.0
2023-03-09 12:06:00,FRBK,1.75,1.75,1.75,1.75,1.75,101.0
2023-03-09 12:06:00,FULT,15.789999961853027,15.789999961853027,15.789999961853027,15.789999961853027,15.789999961853027,824.0
2023-03-09 12:06:00,FUTU,46.42499923706055,46.42499923706055,46.5099983215332,46.36000061035156,46.43000030517578,20684.0
2023-03-09 12:06:00,GAIN,13.739999771118164,13.739999771118164,13.739999771118164,13.739999771118164,13.739999771118164,230.0
2023-03-09 12:06:00,GBDC,13.444999694824219,13.444999694824219,13.444999694824219,13.444999694824219,13.444999694824219,5032.0
2023-03-09 12:06:00,GCMG,8.420000076293945,8.420000076293945,8.420000076293945,8.420000076293945,8.420000076293945,416.0
2023-03-09 12:06:00,GGAL,12.800000190734863,12.800000190734863,12.800000190734863,12.789999961853027,12.789999961853027,609.0
2023-03-09 12:06:00,GLAD,9.881400108337402,9.881400108337402,9.881400108337402,9.881400108337402,9.881400108337402,302.0
2023-03-09 12:06:00,GLRE,9.9399995803833,9.9399995803833,9.9399995803833,9.9399995803833,9.9399995803833,124.0
2023-03-09 12:06:00,HBAN,13.984999656677246,13.984999656677246,13.989999771118164,13.979999542236328,13.984999656677246,4228.0
2023-03-09 12:06:00,HBANP,19.079999923706055,19.079999923706055,19.079999923706055,19.07990074157715,19.079999923706055,1001.0
2023-03-09 12:06:00,HBNC,13.925000190734863,13.925000190734863,13.9350004196167,13.925000190734863,13.9350004196167,426.0
2023-03-09 12:06:00,HUT,1.3899999856948853,1.3899999856948853,1.3899999856948853,1.3799999952316284,1.3809000253677368,72949.0
2023-03-09 12:06:00,IBKR,87.55000305175781,87.55000305175781,87.5999984741211,87.51000213623047,87.51000213623047,2557.0
2023-03-09 12:06:00,IBOC,45.130001068115234,45.130001068115234,45.130001068115234,45.130001068115234,45.130001068115234,498.0
2023-03-09 12:06:00,IBTX,52.959999084472656,52.959999084472656,52.959999084472656,52.91999816894531,52.91999816894531,720.0
2023-03-09 12:06:00,INTR,2.009999990463257,2.009999990463257,2.009999990463257,2.009999990463257,2.009999990463257,647.0
2023-03-09 12:07:00,ABCB,43.27000045776367,43.27000045776367,43.275001525878906,43.27000045776367,43.275001525878906,804.0
2023-03-09 12:07:00,ACGL,69.67500305175781,69.67500305175781,69.70999908447266,69.62999725341797,69.6449966430664,5104.0
2023-03-09 12:07:00,ACGLN,18.899999618530273,18.899999618530273,18.989999771118164,18.899999618530273,18.969999313354492,1846.0
2023-03-09 12:07:00,ALRS,19.059999465942383,19.059999465942383,19.059999465942383,19.059999465942383,19.059999465942383,189.0
2023-03-09 12:07:00,APLD,2.13070011138916,2.13070011138916,2.134999990463257,2.130000114440918,2.134999990463257,1090.0
2023-03-09 12:07:00,ARCC,18.975000381469727,18.975000381469727,18.979999542236328,18.971399307250977,18.975000381469727,4299.0
2023-03-09 12:07:00,AUB,37.029998779296875,37.029998779296875,37.029998779296875,37.029998779296875,37.029998779296875,269.0
2023-03-09 12:07:00,BANR,58.34000015258789,58.34000015258789,58.34000015258789,58.25899887084961,58.25899887084961,1537.0
2023-03-09 12:07:00,BFST,18.739999771118164,18.739999771118164,18.739999771118164,18.729999542236328,18.729999542236328,449.0
2023-03-09 12:07:00,BGCP,5.005000114440918,5.005000114440918,5.010000228881836,5.005000114440918,5.010000228881836,11070.0
2023-03-09 12:07:00,BHF,53.119998931884766,53.119998931884766,53.220001220703125,53.099998474121094,53.220001220703125,2595.0
2023-03-09 12:07:00,BITF,0.760200023651123,0.760200023651123,0.7615000009536743,0.760200023651123,0.7615000009536743,1696.0
2023-03-09 12:07:00,BMRC,27.149999618530273,27.149999618530273,27.149999618530273,27.149999618530273,27.149999618530273,100.0
2023-03-09 12:07:00,BPOP,62.970001220703125,62.970001220703125,62.970001220703125,62.77000045776367,62.77000045776367,2378.0
2023-03-09 12:07:00,BRKL,11.600000381469727,11.600000381469727,11.600000381469727,11.600000381469727,11.600000381469727,196.0
2023-03-09 12:07:00,BRP,26.100000381469727,26.100000381469727,26.100000381469727,26.059999465942383,26.06999969482422,1354.0
2023-03-09 12:07:00,BTBT,1.149999976158142,1.149999976158142,1.149999976158142,1.1349999904632568,1.1389000415802002,4658.0
2023-03-09 12:07:00,CARE,16.299999237060547,16.299999237060547,16.299999237060547,16.299999237060547,16.299999237060547,482.0
2023-03-09 12:07:00,CASH,47.810001373291016,47.810001373291016,47.810001373291016,47.810001373291016,47.810001373291016,260.0
2023-03-09 12:07:00,CATC,70.16010284423828,70.16010284423828,70.16010284423828,70.16010284423828,70.16010284423828,101.0
2023-03-09 12:07:00,CATY,39.685001373291016,39.685001373291016,39.685001373291016,39.685001373291016,39.685001373291016,413.0
2023-03-09 12:07:00,CBNK,18.79010009765625,18.79010009765625,18.940000534057617,18.790000915527344,18.940000534057617,3124.0
2023-03-09 12:07:00,CBSH,61.79499816894531,61.79499816894531,61.79499816894531,61.779998779296875,61.779998779296875,434.0
2023-03-09 12:07:00,CCNE,22.610000610351562,22.610000610351562,22.610000610351562,22.610000610351562,22.610000610351562,1016.0
2023-03-09 12:07:00,CFBK,20.25,20.25,20.25,20.25,20.25,317.0
2023-03-09 12:07:00,CG,34.10499954223633,34.10499954223633,34.11000061035156,34.040000915527344,34.060001373291016,7347.0
2023-03-09 12:07:00,CGBD,14.949999809265137,14.949999809265137,14.960000038146973,14.949999809265137,14.960000038146973,2542.0
2023-03-09 12:07:00,CHEAU,10.510000228881836,10.510000228881836,10.510000228881836,10.510000228881836,10.510000228881836,100.0
2023-03-09 12:07:00,CIFR,1.4413000345230103,1.4413000345230103,1.4413000345230103,1.4413000345230103,1.4413000345230103,220.0
2023-03-09 12:07:00,CINF,116.58000183105469,116.58000183105469,116.58000183105469,116.52999877929688,116.52999877929688,659.0
2023-03-09 12:07:00,CME,178.69000244140625,178.69000244140625,178.72000122070312,178.6403045654297,178.64500427246094,2197.0
2023-03-09 12:07:00,CNOB,22.149999618530273,22.149999618530273,22.149999618530273,22.149999618530273,22.149999618530273,358.0
2023-03-09 12:07:00,COLB,25.329999923706055,25.329999923706055,25.329999923706055,25.264999389648438,25.270000457763672,8447.0
2023-03-09 12:07:00,COOP,44.25,44.25,44.25,44.220001220703125,44.220001220703125,2050.0
2023-03-09 12:07:00,CSQ,14.0,14.0,14.0,13.991399765014648,13.991399765014648,1025.0
2023-03-09 12:07:00,CVBF,21.959999084472656,21.959999084472656,21.959999084472656,21.959999084472656,21.959999084472656,253.0
2023-03-09 12:07:00,DCOM,29.510000228881836,29.510000228881836,29.520000457763672,29.510000228881836,29.520000457763672,1098.0
2023-03-09 12:07:00,DGICA,15.039999961853027,15.039999961853027,15.039999961853027,15.029999732971191,15.029999732971191,1186.0
2023-03-09 12:07:00,DWAC,14.0600004196167,14.0600004196167,14.0600004196167,14.0600004196167,14.0600004196167,576.0
2023-03-09 12:07:00,EBC,14.710000038146973,14.710000038146973,14.71500015258789,14.697600364685059,14.697600364685059,3029.0
2023-03-09 12:07:00,EHTH,9.0,9.0,9.0,8.970000267028809,8.970000267028809,603.0
2023-03-09 12:07:00,EWBC,68.58999633789062,68.58999633789062,68.58999633789062,68.58999633789062,68.58999633789062,166.0
2023-03-09 12:07:00,EZPW,8.84000015258789,8.84000015258789,8.84000015258789,8.835000038146973,8.835000038146973,1109.0
2023-03-09 12:07:00,FCFS,87.77999877929688,87.77999877929688,87.77999877929688,87.77999877929688,87.77999877929688,467.0
2023-03-09 12:07:00,FFBC,22.540000915527344,22.540000915527344,22.540000915527344,22.530000686645508,22.530000686645508,700.0
2023-03-09 12:07:00,FFIC,17.334999084472656,17.334999084472656,17.334999084472656,17.334999084472656,17.334999084472656,100.0
2023-03-09 12:07:00,FFIN,33.86000061035156,33.86000061035156,33.86000061035156,33.84000015258789,33.84000015258789,893.0
2023-03-09 12:07:00,FHB,24.170000076293945,24.170000076293945,24.170000076293945,24.170000076293945,24.170000076293945,1140.0
2023-03-09 12:07:00,FIBK,32.58000183105469,32.58000183105469,32.58000183105469,32.56999969482422,32.56999969482422,1052.0
2023-03-09 12:07:00,FITB,32.42499923706055,32.42499923706055,32.42499923706055,32.37860107421875,32.3849983215332,4957.0
2023-03-09 12:07:00,FMNB,13.180000305175781,13.180000305175781,13.180000305175781,13.180000305175781,13.180000305175781,102.0
2023-03-09 12:07:00,FOCS,51.71500015258789,51.71500015258789,51.71500015258789,51.71500015258789,51.71500015258789,310.0
2023-03-09 12:07:00,FRBK,1.75,1.75,1.75,1.75,1.75,252.0
2023-03-09 12:07:00,FRST,11.011199951171875,11.011199951171875,11.011199951171875,11.011199951171875,11.011199951171875,142.0
2023-03-09 12:07:00,FULT,15.789999961853027,15.789999961853027,15.789999961853027,15.78499984741211,15.789999961853027,1493.0
2023-03-09 12:07:00,FUND,8.510000228881836,8.510000228881836,8.510000228881836,8.510000228881836,8.510000228881836,388.0
2023-03-09 12:07:00,FUTU,46.47999954223633,46.47999954223633,46.47999954223633,46.38999938964844,46.38999938964844,2244.0
2023-03-09 12:07:00,GAIN,13.729999542236328,13.729999542236328,13.729999542236328,13.729999542236328,13.729999542236328,245.0
2023-03-09 12:07:00,GBDC,13.444999694824219,13.444999694824219,13.444999694824219,13.444999694824219,13.444999694824219,4193.0
2023-03-09 12:07:00,GLAD,9.880000114440918,9.880000114440918,9.880000114440918,9.880000114440918,9.880000114440918,175.0
2023-03-09 12:07:00,GXII,10.119999885559082,10.119999885559082,10.119999885559082,10.119999885559082,10.119999885559082,100.0
2023-03-09 12:07:00,HBAN,14.005000114440918,14.005000114440918,14.005000114440918,13.984999656677246,13.989999771118164,35089.0
2023-03-09 12:07:00,HBCP,36.20249938964844,36.20249938964844,36.25,36.13999938964844,36.25,1253.0
2023-03-09 12:07:00,HFWA,24.739999771118164,24.739999771118164,24.75,24.739999771118164,24.75,505.0
2023-03-09 12:07:00,HOPE,11.930000305175781,11.930000305175781,11.930000305175781,11.930000305175781,11.930000305175781,1054.0
2023-03-09 12:07:00,HRZN,12.031000137329102,12.031000137329102,12.031000137329102,12.031000137329102,12.031000137329102,556.0
2023-03-09 12:07:00,HUT,1.3895000219345093,1.3895000219345093,1.399399995803833,1.3799999952316284,1.3801000118255615,138976.0
2023-03-09 12:07:00,IBKR,87.58000183105469,87.58000183105469,87.62000274658203,87.53500366210938,87.53500366210938,1481.0
2023-03-09 12:07:00,INDB,71.78500366210938,71.78500366210938,71.78500366210938,71.7699966430664,71.7699966430664,678.0
2023-03-09 12:08:00,ABCB,43.2400016784668,43.2400016784668,43.2400016784668,43.209999084472656,43.220001220703125,807.0
2023-03-09 12:08:00,ACGL,69.66000366210938,69.66000366210938,69.66999816894531,69.63999938964844,69.66999816894531,3916.0
2023-03-09 12:08:00,ACT,24.149999618530273,24.149999618530273,24.149999618530273,24.149999618530273,24.149999618530273,3413.0
2023-03-09 12:08:00,ARCC,18.997299194335938,18.997299194335938,18.997299194335938,18.975000381469727,18.976900100708008,29517.0
2023-03-09 12:08:00,AUB,37.0099983215332,37.0099983215332,37.0099983215332,37.0099983215332,37.0099983215332,681.0
2023-03-09 12:08:00,BCBP,15.880000114440918,15.880000114440918,15.920000076293945,15.880000114440918,15.920000076293945,366.0
2023-03-09 12:08:00,BGCP,5.0,5.0,5.005000114440918,5.0,5.005000114440918,449.0
2023-03-09 12:08:00,BHF,53.09000015258789,53.09000015258789,53.11000061035156,53.09000015258789,53.11000061035156,648.0
2023-03-09 12:08:00,BHFAM,16.5,16.5,16.5,16.5,16.5,400.0
2023-03-09 12:08:00,BITF,0.7641000151634216,0.7641000151634216,0.7649999856948853,0.7601000070571899,0.760200023651123,3550.0
2023-03-09 12:08:00,BPOP,62.849998474121094,62.849998474121094,62.90999984741211,62.849998474121094,62.90999984741211,1722.0
2023-03-09 12:08:00,BRKL,11.59000015258789,11.59000015258789,11.59000015258789,11.59000015258789,11.59000015258789,341.0
2023-03-09 12:08:00,BUSE,22.530000686645508,22.530000686645508,22.540000915527344,22.530000686645508,22.540000915527344,778.0
2023-03-09 12:08:00,CARE,16.31999969482422,16.31999969482422,16.31999969482422,16.31999969482422,16.31999969482422,387.0
2023-03-09 12:08:00,CATC,70.47000122070312,70.47000122070312,70.48999786376953,70.37999725341797,70.4000015258789,1553.0
2023-03-09 12:08:00,CBSH,61.779998779296875,61.779998779296875,61.79499816894531,61.779998779296875,61.79499816894531,313.0
2023-03-09 12:08:00,CCD,23.040000915527344,23.040000915527344,23.040000915527344,23.040000915527344,23.040000915527344,171.0
2023-03-09 12:08:00,CG,34.10499954223633,34.10499954223633,34.10499954223633,34.099998474121094,34.099998474121094,943.0
2023-03-09 12:08:00,CME,178.6300048828125,178.6300048828125,178.7100067138672,178.5800018310547,178.63999938964844,1316.0
2023-03-09 12:08:00,COLB,25.274999618530273,25.274999618530273,25.34000015258789,25.274999618530273,25.329999923706055,25791.0
2023-03-09 12:08:00,COOP,44.20500183105469,44.20500183105469,44.209999084472656,44.20500183105469,44.209999084472656,711.0
2023-03-09 12:08:00,CSTR,15.5,15.5,15.5,15.5,15.5,396.0
2023-03-09 12:08:00,CSWC,18.40999984741211,18.40999984741211,18.420000076293945,18.40999984741211,18.420000076293945,539.0
2023-03-09 12:08:00,CVBF,21.969999313354492,21.969999313354492,21.969999313354492,21.959999084472656,21.959999084472656,1636.0
2023-03-09 12:08:00,DCOM,29.5,29.5,29.5,29.5,29.5,487.0
2023-03-09 12:08:00,DWAC,14.0600004196167,14.0600004196167,14.0600004196167,14.0600004196167,14.0600004196167,517.0
2023-03-09 12:08:00,EBC,14.704999923706055,14.704999923706055,14.710000038146973,14.704999923706055,14.710000038146973,518.0
2023-03-09 12:08:00,ECBK,14.989999771118164,14.989999771118164,15.029999732971191,14.970000267028809,14.970000267028809,1932.0
2023-03-09 12:08:00,EHTH,9.010000228881836,9.010000228881836,9.010000228881836,9.010000228881836,9.010000228881836,437.0
2023-03-09 12:08:00,ERIE,234.82000732421875,234.82000732421875,234.82000732421875,234.82000732421875,234.82000732421875,362.0
2023-03-09 12:08:00,ESGR,230.5,230.5,230.5,230.5,230.5,806.0
2023-03-09 12:08:00,EWBC,68.54000091552734,68.54000091552734,68.58000183105469,68.54000091552734,68.58000183105469,1090.0
2023-03-09 12:08:00,EZPW,8.845000267028809,8.845000267028809,8.845000267028809,8.845000267028809,8.845000267028809,327.0
2023-03-09 12:08:00,FCNCA,654.5800170898438,654.5800170898438,655.2999877929688,654.5800170898438,655.2999877929688,876.0
2023-03-09 12:08:00,FCRD,4.610000133514404,4.610000133514404,4.610000133514404,4.610000133514404,4.610000133514404,100.0
2023-03-09 12:08:00,FDUS,20.315000534057617,20.315000534057617,20.315000534057617,20.315000534057617,20.315000534057617,230.0
2023-03-09 12:08:00,FFWM,13.050000190734863,13.050000190734863,13.0600004196167,13.050000190734863,13.0600004196167,200.0
2023-03-09 12:08:00,FHB,24.15999984741211,24.15999984741211,24.170000076293945,24.15999984741211,24.170000076293945,988.0
2023-03-09 12:08:00,FIBK,32.540000915527344,32.540000915527344,32.540000915527344,32.540000915527344,32.540000915527344,312.0
2023-03-09 12:08:00,FITB,32.415000915527344,32.415000915527344,32.43000030517578,32.40999984741211,32.43000030517578,5058.0
2023-03-09 12:08:00,FITBO,22.18000030517578,22.18000030517578,22.18000030517578,22.18000030517578,22.18000030517578,100.0
2023-03-09 12:08:00,FNWB,13.682499885559082,13.682499885559082,13.682499885559082,13.682499885559082,13.682499885559082,283.0
2023-03-09 12:08:00,FOCS,51.720001220703125,51.720001220703125,51.720001220703125,51.720001220703125,51.720001220703125,200.0
2023-03-09 12:08:00,FULT,15.789999961853027,15.789999961853027,15.789999961853027,15.789999961853027,15.789999961853027,1427.0
2023-03-09 12:08:00,FUTU,46.474998474121094,46.474998474121094,46.474998474121094,46.474998474121094,46.474998474121094,154.0
2023-03-09 12:08:00,FVCB,13.25,13.25,13.25,13.25,13.25,903.0
2023-03-09 12:08:00,GABC,35.810001373291016,35.810001373291016,35.845001220703125,35.810001373291016,35.845001220703125,763.0
2023-03-09 12:08:00,GFGDW,0.08169999718666077,0.08169999718666077,0.08169999718666077,0.08160000294446945,0.08160000294446945,400.0
2023-03-09 12:08:00,GLAD,9.89330005645752,9.89330005645752,9.89330005645752,9.89330005645752,9.89330005645752,600.0
2023-03-09 12:08:00,GROW,2.6700000762939453,2.6700000762939453,2.6700000762939453,2.6700000762939453,2.6700000762939453,110.0
2023-03-09 12:08:00,GSHD,52.2400016784668,52.2400016784668,52.2400016784668,52.2400016784668,52.2400016784668,122.0
2023-03-09 12:08:00,HBAN,13.994999885559082,13.994999885559082,14.005000114440918,13.989999771118164,14.0,18123.0
2023-03-09 12:08:00,HBNC,13.90999984741211,13.90999984741211,13.90999984741211,13.90999984741211,13.90999984741211,171.0
2023-03-09 12:08:00,HMST,22.649999618530273,22.649999618530273,22.649999618530273,22.649999618530273,22.649999618530273,484.0
2023-03-09 12:08:00,HOPE,11.930000305175781,11.930000305175781,11.9350004196167,11.930000305175781,11.9350004196167,714.0
2023-03-09 12:08:00,HUT,1.3899999856948853,1.3899999856948853,1.3899999856948853,1.3799999952316284,1.3899999856948853,38008.0
2023-03-09 12:08:00,HWC,44.349998474121094,44.349998474121094,44.349998474121094,44.349998474121094,44.349998474121094,285.0
2023-03-09 12:08:00,IBKR,87.57499694824219,87.57499694824219,87.57499694824219,87.57499694824219,87.57499694824219,1156.0
2023-03-09 12:09:00,ABCB,43.189998626708984,43.189998626708984,43.20000076293945,43.189998626708984,43.20000076293945,1013.0
2023-03-09 12:09:00,ACGL,69.68000030517578,69.68000030517578,69.69999694824219,69.6449966430664,69.66000366210938,3497.0
2023-03-09 12:09:00,APLD,2.1364998817443848,2.1364998817443848,2.1364998817443848,2.1364998817443848,2.1364998817443848,250.0
2023-03-09 12:09:00,ARCC,19.0,19.0,19.0,18.999000549316406,19.0,3964.0
2023-03-09 12:09:00,BCBP,15.890000343322754,15.890000343322754,15.890000343322754,15.890000343322754,15.890000343322754,113.0
2023-03-09 12:09:00,BGCP,5.0,5.0,5.0,4.991099834442139,5.0,10633.0
2023-03-09 12:09:00,BITF,0.7696999907493591,0.7696999907493591,0.7696999907493591,0.7613000273704529,0.7613000273704529,1510.0
2023-03-09 12:09:00,BOKF,96.30000305175781,96.30000305175781,96.30000305175781,96.30000305175781,96.30000305175781,539.0
2023-03-09 12:09:00,BPOP,63.040000915527344,63.040000915527344,63.040000915527344,62.81999969482422,62.869998931884766,6993.0
2023-03-09 12:09:00,BRKL,11.59000015258789,11.59000015258789,11.59000015258789,11.585000038146973,11.59000015258789,1444.0
2023-03-09 12:09:00,BRP,26.049999237060547,26.049999237060547,26.094999313354492,26.040000915527344,26.094999313354492,1763.0
2023-03-09 12:09:00,BTBT,1.1449999809265137,1.1449999809265137,1.1449999809265137,1.1449999809265137,1.1449999809265137,141.0
2023-03-09 12:09:00,BWB,13.460000038146973,13.460000038146973,13.460000038146973,13.460000038146973,13.460000038146973,1175.0
2023-03-09 12:09:00,CACC,438.5400085449219,438.5400085449219,438.5400085449219,438.5400085449219,438.5400085449219,235.0
2023-03-09 12:09:00,CASH,47.80500030517578,47.80500030517578,47.80500030517578,47.79999923706055,47.79999923706055,763.0
2023-03-09 12:09:00,CATC,70.625,70.625,70.625,70.625,70.625,102.0
2023-03-09 12:09:00,CATY,39.70000076293945,39.70000076293945,39.720001220703125,39.70000076293945,39.720001220703125,489.0
2023-03-09 12:09:00,CBSH,61.775001525878906,61.775001525878906,61.775001525878906,61.775001525878906,61.775001525878906,351.0
2023-03-09 12:09:00,CG,34.099998474121094,34.099998474121094,34.10499954223633,34.09000015258789,34.10499954223633,6744.0
2023-03-09 12:09:00,CHW,6.060400009155273,6.060400009155273,6.060400009155273,6.060400009155273,6.060400009155273,276.0
2023-03-09 12:09:00,CHY,12.300299644470215,12.300299644470215,12.300299644470215,12.300299644470215,12.300299644470215,608.0
2023-03-09 12:09:00,CME,178.66000366210938,178.66000366210938,178.6999969482422,178.64500427246094,178.64500427246094,1675.0
2023-03-09 12:09:00,COLB,25.309999465942383,25.309999465942383,25.399999618530273,25.274999618530273,25.27989959716797,65030.0
2023-03-09 12:09:00,COOP,44.22999954223633,44.22999954223633,44.23500061035156,44.22999954223633,44.23500061035156,200.0
2023-03-09 12:09:00,CSQ,14.029999732971191,14.029999732971191,14.029999732971191,14.020000457763672,14.020000457763672,1322.0
2023-03-09 12:09:00,CSWC,18.40850067138672,18.40850067138672,18.40850067138672,18.40850067138672,18.40850067138672,287.0
2023-03-09 12:09:00,CVBF,21.969999313354492,21.969999313354492,21.969999313354492,21.969999313354492,21.969999313354492,100.0
2023-03-09 12:09:00,DCOMP,19.600000381469727,19.600000381469727,19.600000381469727,19.597000122070312,19.597000122070312,578.0
2023-03-09 12:09:00,DNAD,10.204999923706055,10.204999923706055,10.204999923706055,10.201399803161621,10.201399803161621,500.0
2023-03-09 12:09:00,DWAC,14.066800117492676,14.066800117492676,14.066800117492676,14.066800117492676,14.066800117492676,100.0
2023-03-09 12:09:00,EFSC,51.68000030517578,51.68000030517578,51.68000030517578,51.68000030517578,51.68000030517578,223.0
2023-03-09 12:09:00,EHTH,8.949999809265137,8.949999809265137,8.970000267028809,8.949999809265137,8.970000267028809,1456.0
2023-03-09 12:09:00,FBNC,38.54999923706055,38.54999923706055,38.54999923706055,38.540000915527344,38.540000915527344,209.0
2023-03-09 12:09:00,FFIC,17.33989906311035,17.33989906311035,17.33989906311035,17.33989906311035,17.33989906311035,1122.0
2023-03-09 12:09:00,FFIN,33.84000015258789,33.84000015258789,33.84000015258789,33.84000015258789,33.84000015258789,1046.0
2023-03-09 12:09:00,FFWM,13.045000076293945,13.045000076293945,13.050000190734863,13.045000076293945,13.050000190734863,357.0
2023-03-09 12:09:00,FHB,24.15999984741211,24.15999984741211,24.170000076293945,24.15999984741211,24.170000076293945,863.0
2023-03-09 12:09:00,FIBK,32.54999923706055,32.54999923706055,32.54999923706055,32.54999923706055,32.54999923706055,346.0
2023-03-09 12:09:00,FITB,32.44499969482422,32.44499969482422,32.44499969482422,32.40999984741211,32.40999984741211,15830.0
2023-03-09 12:09:00,FITBO,22.155000686645508,22.155000686645508,22.162500381469727,22.155000686645508,22.15999984741211,885.0
2023-03-09 12:09:00,FITBP,24.114700317382812,24.114700317382812,24.114700317382812,24.114700317382812,24.114700317382812,100.0
2023-03-09 12:09:00,FMNB,13.1899995803833,13.1899995803833,13.1899995803833,13.1899995803833,13.1899995803833,227.0
2023-03-09 12:09:00,FNWD,35.5,35.5,35.52000045776367,35.5,35.52000045776367,0.0
2023-03-09 12:09:00,FOCS,51.71500015258789,51.71500015258789,51.71500015258789,51.709999084472656,51.709999084472656,3040.0
2023-03-09 12:09:00,FRBK,1.75,1.75,1.75,1.75,1.75,160.0
2023-03-09 12:09:00,FULT,15.789999961853027,15.789999961853027,15.789999961853027,15.78499984741211,15.78499984741211,833.0
2023-03-09 12:09:00,FUTU,46.41999816894531,46.41999816894531,46.474998474121094,46.41999816894531,46.45000076293945,4464.0
2023-03-09 12:09:00,GBDC,13.444999694824219,13.444999694824219,13.444999694824219,13.4399995803833,13.4399995803833,705.0
2023-03-09 12:09:00,GLAD,9.890000343322754,9.890000343322754,9.890000343322754,9.890000343322754,9.890000343322754,310.0
2023-03-09 12:09:00,GLRE,9.970000267028809,9.970000267028809,9.970000267028809,9.970000267028809,9.970000267028809,139.0
2023-03-09 12:09:00,GSHD,52.43000030517578,52.43000030517578,52.43000030517578,52.18000030517578,52.2400016784668,4105.0
2023-03-09 12:09:00,GXII,10.119999885559082,10.119999885559082,10.119999885559082,10.119999885559082,10.119999885559082,100.0
2023-03-09 12:09:00,HBAN,14.005000114440918,14.005000114440918,14.010000228881836,13.989999771118164,13.994999885559082,11130.0
2023-03-09 12:09:00,HBNC,13.895000457763672,13.895000457763672,13.895000457763672,13.895000457763672,13.895000457763672,148.0
2023-03-09 12:09:00,HFWA,24.75,24.75,24.75,24.75,24.75,309.0
2023-03-09 12:09:00,HIVE,2.6050000190734863,2.6050000190734863,2.6050000190734863,2.6050000190734863,2.6050000190734863,139.0
2023-03-09 12:09:00,HOPE,11.930000305175781,11.930000305175781,11.930000305175781,11.930000305175781,11.930000305175781,138.0
2023-03-09 12:09:00,HTBK,10.983200073242188,10.983200073242188,10.983200073242188,10.983200073242188,10.983200073242188,1077.0
2023-03-09 12:09:00,HUT,1.3898999691009521,1.3898999691009521,1.3899999856948853,1.3799999952316284,1.3819999694824219,12541.0
2023-03-09 12:09:00,HWC,44.349998474121094,44.349998474121094,44.3650016784668,44.349998474121094,44.3650016784668,223.0
2023-03-09 12:09:00,IBKR,87.52999877929688,87.52999877929688,87.58000183105469,87.51000213623047,87.58000183105469,1585.0
2023-03-09 12:09:00,INDB,71.87999725341797,71.87999725341797,71.91999816894531,71.79000091552734,71.79000091552734,4648.0
2023-03-09 12:09:00,INTR,2.0,2.0,2.0,2.0,2.0,135.0
2023-03-09 12:10:00,ACGL,69.69000244140625,69.69000244140625,69.69999694824219,69.69000244140625,69.69999694824219,3283.0
2023-03-09 12:10:00,ARCC,18.989999771118164,18.989999771118164,19.0049991607666,18.989999771118164,19.0049991607666,8881.0
2023-03-09 12:10:00,BGCP,4.994999885559082,4.994999885559082,4.994999885559082,4.994999885559082,4.994999885559082,102.0
2023-03-09 12:10:00,BHF,53.099998474121094,53.099998474121094,53.130001068115234,53.099998474121094,53.130001068115234,725.0
2023-03-09 12:10:00,BHFAM,16.5,16.5,16.5,16.5,16.5,784.0
2023-03-09 12:10:00,BHFAP,24.700000762939453,24.700000762939453,24.700000762939453,24.700000762939453,24.700000762939453,1077.0
2023-03-09 12:10:00,BITF,0.7716000080108643,0.7716000080108643,0.7716000080108643,0.7716000080108643,0.7716000080108643,100.0
2023-03-09 12:10:00,BKCC,3.6600000858306885,3.6600000858306885,3.6600000858306885,3.6600000858306885,3.6600000858306885,305.0
2023-03-09 12:10:00,BPOP,62.65999984741211,62.65999984741211,63.040000915527344,62.65999984741211,63.040000915527344,6284.0
2023-03-09 12:10:00,BRKL,11.600000381469727,11.600000381469727,11.600000381469727,11.600000381469727,11.600000381469727,554.0
2023-03-09 12:10:00,BYFC,1.2799999713897705,1.2799999713897705,1.2799999713897705,1.2799999713897705,1.2799999713897705,910.0
2023-03-09 12:10:00,CACC,438.3399963378906,438.3399963378906,438.3999938964844,438.3399963378906,438.3999938964844,512.0
2023-03-09 12:10:00,CASH,47.83000183105469,47.83000183105469,47.83000183105469,47.83000183105469,47.83000183105469,471.0
2023-03-09 12:10:00,CATC,70.5,70.5,70.5,70.5,70.5,335.0
2023-03-09 12:10:00,CFFN,7.565000057220459,7.565000057220459,7.565000057220459,7.565000057220459,7.565000057220459,135.0
2023-03-09 12:10:00,CG,34.099998474121094,34.099998474121094,34.11000061035156,34.099998474121094,34.11000061035156,971.0
2023-03-09 12:10:00,CINF,116.56500244140625,116.56500244140625,116.56500244140625,116.56500244140625,116.56500244140625,288.0
2023-03-09 12:10:00,CME,178.60000610351562,178.60000610351562,178.66000366210938,178.60000610351562,178.63999938964844,1315.0
2023-03-09 12:10:00,COLB,25.280099868774414,25.280099868774414,25.309999465942383,25.280099868774414,25.299999237060547,6606.0
2023-03-09 12:10:00,COOP,44.22999954223633,44.22999954223633,44.23500061035156,44.22999954223633,44.23500061035156,500.0
2023-03-09 12:10:00,CSQ,14.023099899291992,14.023099899291992,14.044500350952148,14.023099899291992,14.044500350952148,979.0
2023-03-09 12:10:00,CSWC,18.405000686645508,18.405000686645508,18.405000686645508,18.399999618530273,18.399999618530273,564.0
2023-03-09 12:10:00,CVBF,21.979999542236328,21.979999542236328,21.979999542236328,21.979999542236328,21.979999542236328,191.0
2023-03-09 12:10:00,DNAB,10.1899995803833,10.1899995803833,10.1899995803833,10.1899995803833,10.1899995803833,500.0
2023-03-09 12:10:00,DWAC,14.069999694824219,14.069999694824219,14.069999694824219,14.069999694824219,14.069999694824219,300.0
2023-03-09 12:10:00,DWACW,3.059999942779541,3.059999942779541,3.0625,3.059999942779541,3.059999942779541,925.0
2023-03-09 12:10:00,EBC,14.699999809265137,14.699999809265137,14.71500015258789,14.699999809265137,14.710000038146973,1150.0
2023-03-09 12:10:00,EWBC,68.59500122070312,68.59500122070312,68.5999984741211,68.59500122070312,68.5999984741211,848.0
2023-03-09 12:10:00,FBMS,28.559999465942383,28.559999465942383,28.559999465942383,28.559999465942383,28.559999465942383,643.0
2023-03-09 12:10:00,FBNC,38.54999923706055,38.54999923706055,38.54999923706055,38.54999923706055,38.54999923706055,273.0
2023-03-09 12:10:00,FCNCA,653.89501953125,653.89501953125,653.89501953125,653.89501953125,653.89501953125,429.0
2023-03-09 12:10:00,FHB,24.170000076293945,24.170000076293945,24.18000030517578,24.170000076293945,24.18000030517578,1050.0
2023-03-09 12:10:00,FITB,32.44499969482422,32.44499969482422,32.46500015258789,32.439998626708984,32.44499969482422,9691.0
2023-03-09 12:10:00,FNWD,35.5,35.5,35.5,35.45000076293945,35.45000076293945,759.0
2023-03-09 12:10:00,FOCS,51.71500015258789,51.71500015258789,51.71500015258789,51.709999084472656,51.709999084472656,911.0
2023-03-09 12:10:00,FSEA,9.920000076293945,9.920000076293945,9.920000076293945,9.920000076293945,9.920000076293945,100.0
2023-03-09 12:10:00,FULT,15.789999961853027,15.789999961853027,15.795000076293945,15.789999961853027,15.795000076293945,725.0
2023-03-09 12:10:00,FUTU,46.4900016784668,46.4900016784668,46.4900016784668,46.41999816894531,46.41999816894531,3162.0
2023-03-09 12:10:00,GAIN,13.729999542236328,13.729999542236328,13.729999542236328,13.720399856567383,13.720399856567383,863.0
2023-03-09 12:10:00,GBDC,13.430000305175781,13.430000305175781,13.442500114440918,13.430000305175781,13.4399995803833,8624.0
2023-03-09 12:10:00,GGAL,12.789999961853027,12.789999961853027,12.789999961853027,12.770000457763672,12.78499984741211,400.0
2023-03-09 12:10:00,GLAD,9.880000114440918,9.880000114440918,9.880000114440918,9.880000114440918,9.880000114440918,185.0
2023-03-09 12:10:00,GLRE,10.020000457763672,10.020000457763672,10.020000457763672,9.970000267028809,9.970000267028809,3761.0
2023-03-09 12:10:00,GREE,0.4431000053882599,0.4431000053882599,0.4431000053882599,0.4431000053882599,0.4431000053882599,1157.0
2023-03-09 12:10:00,GSHD,52.43000030517578,52.43000030517578,52.43000030517578,52.43000030517578,52.43000030517578,319.0
2023-03-09 12:10:00,HBAN,14.005000114440918,14.005000114440918,14.01990032196045,14.005000114440918,14.010000228881836,18884.0
2023-03-09 12:10:00,HBNC,13.895000457763672,13.895000457763672,13.89799976348877,13.895000457763672,13.89799976348877,922.0
2023-03-09 12:10:00,HOPE,11.920000076293945,11.920000076293945,11.920000076293945,11.920000076293945,11.920000076293945,171.0
2023-03-09 12:10:00,HUT,1.3849999904632568,1.3849999904632568,1.3899999856948853,1.3799999952316284,1.3899999856948853,14155.0
2023-03-09 12:10:00,HWC,44.35499954223633,44.35499954223633,44.35499954223633,44.35499954223633,44.35499954223633,564.0
2023-03-09 12:10:00,IBKR,87.33000183105469,87.33000183105469,87.48999786376953,87.31999969482422,87.48999786376953,3939.0
2023-03-09 12:10:00,INBK,24.014999389648438,24.014999389648438,24.014999389648438,24.014999389648438,24.014999389648438,295.0
2023-03-09 12:10:00,INTR,2.0,2.0,2.0,2.0,2.0,235.0
2023-03-09 12:11:00,ACGL,69.70999908447266,69.70999908447266,69.70999908447266,69.69999694824219,69.69999694824219,2682.0
2023-03-09 12:11:00,ACGLN,18.899999618530273,18.899999618530273,18.899999618530273,18.799999237060547,18.799999237060547,3330.0
2023-03-09 12:11:00,AMAL,21.010000228881836,21.010000228881836,21.010000228881836,21.010000228881836,21.010000228881836,224.0
2023-03-09 12:11:00,AMRK,28.09000015258789,28.09000015258789,28.09000015258789,28.09000015258789,28.09000015258789,525.0
2023-03-09 12:11:00,APLD,2.130000114440918,2.130000114440918,2.130000114440918,2.130000114440918,2.130000114440918,100.0
2023-03-09 12:11:00,ARBK,1.483299970626831,1.483299970626831,1.4900000095367432,1.483299970626831,1.4900000095367432,246.0
2023-03-09 12:11:00,ARCC,18.990100860595703,18.990100860595703,19.0,18.989999771118164,18.989999771118164,8133.0
2023-03-09 12:11:00,ATLCP,20.249900817871094,20.249900817871094,20.25,20.239999771118164,20.239999771118164,450.0
2023-03-09 12:11:00,AUB,37.040000915527344,37.040000915527344,37.040000915527344,37.040000915527344,37.040000915527344,353.0
2023-03-09 12:11:00,BGCP,5.0,5.0,5.0,4.994999885559082,4.994999885559082,3182.0
2023-03-09 12:11:00,BHF,53.130001068115234,53.130001068115234,53.130001068115234,53.130001068115234,53.130001068115234,436.0
2023-03-09 12:11:00,BITF,0.7674999833106995,0.7674999833106995,0.7736999988555908,0.7674999833106995,0.7716000080108643,2853.0
2023-03-09 12:11:00,BMRC,27.139999389648438,27.139999389648438,27.165000915527344,27.139999389648438,27.165000915527344,278.0
2023-03-09 12:11:00,BPOP,62.86000061035156,62.86000061035156,62.86000061035156,62.75,62.7599983215332,1295.0
2023-03-09 12:11:00,CARE,16.31999969482422,16.31999969482422,16.31999969482422,16.31999969482422,16.31999969482422,100.0
2023-03-09 12:11:00,CATC,70.6624984741211,70.6624984741211,70.6624984741211,70.6624984741211,70.6624984741211,134.0
2023-03-09 12:11:00,CATY,39.70000076293945,39.70000076293945,39.70000076293945,39.70000076293945,39.70000076293945,100.0
2023-03-09 12:11:00,CBSH,61.83000183105469,61.83000183105469,61.84880065917969,61.81999969482422,61.81999969482422,1091.0
2023-03-09 12:11:00,CCAP,14.930000305175781,14.930000305175781,14.970000267028809,14.930000305175781,14.970000267028809,4680.0
2023-03-09 12:11:00,CCB,42.599998474121094,42.599998474121094,42.63999938964844,42.599998474121094,42.63999938964844,1870.0
2023-03-09 12:11:00,CFFN,7.565000057220459,7.565000057220459,7.565000057220459,7.565000057220459,7.565000057220459,248.0
2023-03-09 12:11:00,CG,34.11000061035156,34.11000061035156,34.11000061035156,34.11000061035156,34.11000061035156,1291.0
2023-03-09 12:11:00,CGBD,14.95009994506836,14.95009994506836,14.960000038146973,14.95009994506836,14.960000038146973,10561.0
2023-03-09 12:11:00,CHY,12.329899787902832,12.329899787902832,12.329899787902832,12.329899787902832,12.329899787902832,259.0
2023-03-09 12:11:00,CINF,116.62999725341797,116.62999725341797,116.62999725341797,116.62999725341797,116.62999725341797,235.0
2023-03-09 12:11:00,CME,178.65499877929688,178.65499877929688,178.65499877929688,178.65499877929688,178.65499877929688,347.0
2023-03-09 12:11:00,COLB,25.280000686645508,25.280000686645508,25.290000915527344,25.2549991607666,25.28030014038086,11063.0
2023-03-09 12:11:00,COOP,44.400001525878906,44.400001525878906,44.400001525878906,44.310001373291016,44.310001373291016,3785.0
2023-03-09 12:11:00,CSWC,18.40999984741211,18.40999984741211,18.40999984741211,18.40999984741211,18.40999984741211,618.0
2023-03-09 12:11:00,CVBF,21.979999542236328,21.979999542236328,21.979999542236328,21.979999542236328,21.979999542236328,295.0
2023-03-09 12:11:00,EBC,14.699999809265137,14.699999809265137,14.699999809265137,14.699999809265137,14.699999809265137,518.0
2023-03-09 12:11:00,ECBK,14.875,14.875,14.875,14.875,14.875,583.0
2023-03-09 12:11:00,ECPG,50.61000061035156,50.61000061035156,50.61000061035156,50.61000061035156,50.61000061035156,610.0
2023-03-09 12:11:00,EGBN,40.724998474121094,40.724998474121094,40.724998474121094,40.724998474121094,40.724998474121094,376.0
2023-03-09 12:11:00,EHTH,8.930000305175781,8.930000305175781,8.930000305175781,8.930000305175781,8.930000305175781,1066.0
2023-03-09 12:11:00,EZPW,8.850000381469727,8.850000381469727,8.850000381469727,8.850000381469727,8.850000381469727,206.0
2023-03-09 12:11:00,FBIZ,33.70500183105469,33.70500183105469,33.70500183105469,33.70500183105469,33.70500183105469,100.0
2023-03-09 12:11:00,FCFS,87.94000244140625,87.94000244140625,87.94000244140625,87.87999725341797,87.87999725341797,2385.0
2023-03-09 12:11:00,FCRD,4.610000133514404,4.610000133514404,4.610000133514404,4.610000133514404,4.610000133514404,100.0
2023-03-09 12:11:00,FDUS,20.3700008392334,20.3700008392334,20.3700008392334,20.31570053100586,20.329999923706055,740.0
2023-03-09 12:11:00,FFIN,33.84000015258789,33.84000015258789,33.84000015258789,33.84000015258789,33.84000015258789,962.0
2023-03-09 12:11:00,FFWM,13.050000190734863,13.050000190734863,13.050000190734863,13.050000190734863,13.050000190734863,100.0
2023-03-09 12:11:00,FHB,24.15999984741211,24.15999984741211,24.165000915527344,24.15999984741211,24.165000915527344,690.0
2023-03-09 12:11:00,FIBK,32.54999923706055,32.54999923706055,32.55500030517578,32.54999923706055,32.55500030517578,512.0
2023-03-09 12:11:00,FITB,32.435001373291016,32.435001373291016,32.459999084472656,32.435001373291016,32.45000076293945,5044.0
2023-03-09 12:11:00,FITBO,22.15999984741211,22.15999984741211,22.15999984741211,22.149999618530273,22.149999618530273,226.0
2023-03-09 12:11:00,FITBP,24.149999618530273,24.149999618530273,24.149999618530273,24.149999618530273,24.149999618530273,190.0
2023-03-09 12:11:00,FNWD,35.95000076293945,35.95000076293945,35.95000076293945,35.95000076293945,35.95000076293945,249.0
2023-03-09 12:11:00,FOCS,51.720001220703125,51.720001220703125,51.720001220703125,51.719398498535156,51.720001220703125,3407.0
2023-03-09 12:11:00,FRBK,1.75,1.75,1.7549999952316284,1.75,1.75,432.0
2023-03-09 12:11:00,FULT,15.800000190734863,15.800000190734863,15.800000190734863,15.795000076293945,15.795000076293945,1339.0
2023-03-09 12:11:00,FUTU,46.470001220703125,46.470001220703125,46.474998474121094,46.470001220703125,46.474998474121094,528.0
2023-03-09 12:11:00,GCMG,8.4399995803833,8.4399995803833,8.4399995803833,8.4399995803833,8.4399995803833,585.0
2023-03-09 12:11:00,GGAL,12.800000190734863,12.800000190734863,12.800000190734863,12.800000190734863,12.800000190734863,559.0
2023-03-09 12:11:00,GSHD,52.599998474121094,52.599998474121094,52.61000061035156,52.43000030517578,52.5,3471.0
2023-03-09 12:11:00,GXII,10.119999885559082,10.119999885559082,10.119999885559082,10.119999885559082,10.119999885559082,100.0
2023-03-09 12:11:00,HBAN,14.015000343322754,14.015000343322754,14.020000457763672,14.010000228881836,14.010000228881836,27745.0
2023-03-09 12:11:00,HBANM,22.70680046081543,22.70680046081543,22.70680046081543,22.70680046081543,22.70680046081543,311.0
2023-03-09 12:11:00,HBNC,13.899999618530273,13.899999618530273,13.899999618530273,13.899999618530273,13.899999618530273,207.0
2023-03-09 12:11:00,HCMA,10.460000038146973,10.460000038146973,10.460000038146973,10.460000038146973,10.460000038146973,100.0
2023-03-09 12:11:00,HIVE,2.619999885559082,2.619999885559082,2.619999885559082,2.609999895095825,2.609999895095825,542.0
2023-03-09 12:11:00,HLNE,76.18499755859375,76.18499755859375,76.18499755859375,76.18499755859375,76.18499755859375,269.0
2023-03-09 12:11:00,HOPE,11.922499656677246,11.922499656677246,11.930000305175781,11.922499656677246,11.930000305175781,336.0
2023-03-09 12:11:00,HTBK,10.994999885559082,10.994999885559082,10.994999885559082,10.989999771118164,10.989999771118164,1092.0
2023-03-09 12:11:00,HUT,1.3799999952316284,1.3799999952316284,1.3899999856948853,1.3799999952316284,1.3801000118255615,12647.0
2023-03-09 12:11:00,HWC,44.349998474121094,44.349998474121094,44.36000061035156,44.349998474121094,44.349998474121094,941.0
2023-03-09 12:11:00,IBKR,87.3488998413086,87.3488998413086,87.37999725341797,87.3488998413086,87.37999725341797,653.0
2023-03-09 12:11:00,IBOC,45.125,45.125,45.125,45.125,45.125,683.0
2023-03-09 12:11:00,IGIC,8.265000343322754,8.265000343322754,8.265000343322754,8.265000343322754,8.265000343322754,124.0
2023-03-09 12:11:00,INTR,2.0199999809265137,2.0199999809265137,2.0199999809265137,2.009999990463257,2.009999990463257,3103.0
2023-03-09 12:12:00,ABCB,43.25,43.25,43.25,43.25,43.25,110.0
2023-03-09 12:12:00,ACGL,69.75,69.75,69.75,69.72000122070312,69.72000122070312,3558.0
2023-03-09 12:12:00,APLD,2.119999885559082,2.119999885559082,2.134999990463257,2.119999885559082,2.134999990463257,2794.0
2023-03-09 12:12:00,ARCC,18.979999542236328,18.979999542236328,18.999300003051758,18.979999542236328,18.999300003051758,4514.0
2023-03-09 12:12:00,AUB,36.994998931884766,36.994998931884766,37.0099983215332,36.97999954223633,37.0099983215332,1887.0
2023-03-09 12:12:00,BAFN,17.670000076293945,17.670000076293945,17.670000076293945,17.65999984741211,17.65999984741211,200.0
2023-03-09 12:12:00,BANR,58.290000915527344,58.290000915527344,58.290000915527344,58.25,58.25,662.0
2023-03-09 12:12:00,BCML,19.209999084472656,19.209999084472656,19.209999084472656,19.209999084472656,19.209999084472656,146.0
2023-03-09 12:12:00,BHF,53.15999984741211,53.15999984741211,53.15999984741211,53.15999984741211,53.15999984741211,365.0
2023-03-09 12:12:00,BHFAN,18.920000076293945,18.920000076293945,18.920000076293945,18.920000076293945,18.920000076293945,100.0
2023-03-09 12:12:00,BHFAP,24.67799949645996,24.67799949645996,24.67799949645996,24.67799949645996,24.67799949645996,345.0
2023-03-09 12:12:00,BITF,0.7656000256538391,0.7656000256538391,0.7656000256538391,0.765500009059906,0.765500009059906,1491.0
2023-03-09 12:12:00,BKCC,3.6600000858306885,3.6600000858306885,3.6600000858306885,3.6600000858306885,3.6600000858306885,730.0
2023-03-09 12:12:00,BMRC,27.100000381469727,27.100000381469727,27.100000381469727,27.100000381469727,27.100000381469727,261.0
2023-03-09 12:12:00,BPOP,62.845001220703125,62.845001220703125,62.845001220703125,62.845001220703125,62.845001220703125,201.0
2023-03-09 12:12:00,BWB,13.449999809265137,13.449999809265137,13.449999809265137,13.449999809265137,13.449999809265137,1179.0
2023-03-09 12:12:00,CASH,47.790000915527344,47.790000915527344,47.81999969482422,47.790000915527344,47.81999969482422,981.0
2023-03-09 12:12:00,CATY,39.70000076293945,39.70000076293945,39.70000076293945,39.70000076293945,39.70000076293945,244.0
2023-03-09 12:12:00,CCAP,14.90999984741211,14.90999984741211,14.930000305175781,14.90999984741211,14.930000305175781,691.0
2023-03-09 12:12:00,CCD,23.030000686645508,23.030000686645508,23.030000686645508,23.030000686645508,23.030000686645508,621.0
2023-03-09 12:12:00,CFFN,7.565000057220459,7.565000057220459,7.565000057220459,7.565000057220459,7.565000057220459,112.0
2023-03-09 12:12:00,CG,34.119998931884766,34.119998931884766,34.119998931884766,34.10499954223633,34.11000061035156,2146.0
2023-03-09 12:12:00,CIFR,1.4569000005722046,1.4569000005722046,1.4569000005722046,1.4500000476837158,1.4500000476837158,4100.0
2023-03-09 12:12:00,CME,178.6199951171875,178.6199951171875,178.7100067138672,178.61000061035156,178.66000366210938,1372.0
2023-03-09 12:12:00,COLB,25.280000686645508,25.280000686645508,25.280000686645508,25.2450008392334,25.280000686645508,16818.0
2023-03-09 12:12:00,COOP,44.40999984741211,44.40999984741211,44.415000915527344,44.40999984741211,44.415000915527344,821.0
2023-03-09 12:12:00,CRVL,178.72000122070312,178.72000122070312,178.72000122070312,178.72000122070312,178.72000122070312,211.0
2023-03-09 12:12:00,CSQ,14.029999732971191,14.029999732971191,14.029999732971191,14.029999732971191,14.029999732971191,125.0
2023-03-09 12:12:00,CSTR,15.489999771118164,15.489999771118164,15.489999771118164,15.489999771118164,15.489999771118164,250.0
2023-03-09 12:12:00,CSWC,18.408300399780273,18.408300399780273,18.408300399780273,18.408300399780273,18.408300399780273,341.0
2023-03-09 12:12:00,CVBF,21.975000381469727,21.975000381469727,21.975000381469727,21.969999313354492,21.969999313354492,631.0
2023-03-09 12:12:00,CVCY,24.5,24.5,24.5,24.5,24.5,190.0
2023-03-09 12:12:00,DWAC,14.069199562072754,14.069199562072754,14.069199562072754,14.069199562072754,14.069199562072754,273.0
2023-03-09 12:12:00,EBC,14.6899995803833,14.6899995803833,14.699899673461914,14.6899995803833,14.699899673461914,513.0
2023-03-09 12:12:00,EHTH,8.91450023651123,8.91450023651123,8.920000076293945,8.90999984741211,8.920000076293945,2757.0
2023-03-09 12:12:00,EWBC,68.6500015258789,68.6500015258789,68.6500015258789,68.58000183105469,68.58999633789062,2788.0
2023-03-09 12:12:00,EZPW,8.845000267028809,8.845000267028809,8.845000267028809,8.845000267028809,8.845000267028809,440.0
2023-03-09 12:12:00,FCNCA,653.7999877929688,653.7999877929688,653.8499755859375,653.7999877929688,653.8499755859375,1131.0
2023-03-09 12:12:00,FCRD,4.579999923706055,4.579999923706055,4.610000133514404,4.570000171661377,4.610000133514404,5525.0
2023-03-09 12:12:00,FFWM,13.029999732971191,13.029999732971191,13.039999961853027,13.029999732971191,13.039999961853027,1219.0
2023-03-09 12:12:00,FHB,24.1200008392334,24.1200008392334,24.149999618530273,24.1200008392334,24.149999618530273,4896.0
2023-03-09 12:12:00,FIBK,32.529998779296875,32.529998779296875,32.529998779296875,32.525001525878906,32.529998779296875,494.0
2023-03-09 12:12:00,FITB,32.42499923706055,32.42499923706055,32.44499969482422,32.42499923706055,32.439998626708984,8124.0
2023-03-09 12:12:00,FOCS,51.720001220703125,51.720001220703125,51.720001220703125,51.720001220703125,51.720001220703125,105.0
2023-03-09 12:12:00,FRBK,1.75,1.75,1.75,1.75,1.75,123.0
2023-03-09 12:12:00,FULT,15.800000190734863,15.800000190734863,15.800000190734863,15.795000076293945,15.795000076293945,402.0
2023-03-09 12:12:00,FUTU,46.53499984741211,46.53499984741211,46.540000915527344,46.459999084472656,46.459999084472656,1588.0
2023-03-09 12:12:00,FVCB,13.199999809265137,13.199999809265137,13.199999809265137,13.199999809265137,13.199999809265137,391.0
2023-03-09 12:12:00,GBDC,13.4350004196167,13.4350004196167,13.4350004196167,13.430000305175781,13.430000305175781,303.0
2023-03-09 12:12:00,GCMG,8.4399995803833,8.4399995803833,8.4399995803833,8.4399995803833,8.4399995803833,200.0
2023-03-09 12:12:00,GSHD,52.56999969482422,52.56999969482422,52.599998474121094,52.56999969482422,52.59000015258789,602.0
2023-03-09 12:12:00,HBAN,14.015000343322754,14.015000343322754,14.020000457763672,14.010000228881836,14.015000343322754,20778.0
2023-03-09 12:12:00,HCMA,10.470000267028809,10.470000267028809,10.470000267028809,10.460000038146973,10.460000038146973,2499.0
2023-03-09 12:12:00,HIVE,2.615000009536743,2.615000009536743,2.615000009536743,2.615000009536743,2.615000009536743,424.0
2023-03-09 12:12:00,HOPE,11.920000076293945,11.920000076293945,11.920000076293945,11.920000076293945,11.920000076293945,299.0
2023-03-09 12:12:00,HRZN,12.0068998336792,12.0068998336792,12.029999732971191,12.0068998336792,12.029999732971191,1349.0
2023-03-09 12:12:00,HTBK,10.994999885559082,10.994999885559082,11.0,10.994999885559082,10.995200157165527,689.0
2023-03-09 12:12:00,HUT,1.3849999904632568,1.3849999904632568,1.3899999856948853,1.3799999952316284,1.382099986076355,14835.0
2023-03-09 12:12:00,IBKR,87.33999633789062,87.33999633789062,87.36000061035156,87.30999755859375,87.36000061035156,1606.0
2023-03-09 12:13:00,ABCB,43.20500183105469,43.20500183105469,43.22999954223633,43.20000076293945,43.220001220703125,770.0
2023-03-09 12:13:00,ACGL,69.7699966430664,69.7699966430664,69.80999755859375,69.76000213623047,69.76000213623047,3780.0
2023-03-09 12:13:00,ALRS,19.0,19.0,19.020000457763672,19.0,19.020000457763672,1611.0
2023-03-09 12:13:00,APLD,2.125,2.125,2.125,2.124799966812134,2.124799966812134,881.0
2023-03-09 12:13:00,ARCC,18.959999084472656,18.959999084472656,18.979999542236328,18.959999084472656,18.979999542236328,8462.0
2023-03-09 12:13:00,AUB,36.9900016784668,36.9900016784668,37.0099983215332,36.9900016784668,37.0,823.0
2023-03-09 12:13:00,BAFN,17.670000076293945,17.670000076293945,17.670000076293945,17.670000076293945,17.670000076293945,214.0
2023-03-09 12:13:00,BANF,85.75,85.75,85.75,85.75,85.75,289.0
2023-03-09 12:13:00,BGCP,4.994999885559082,4.994999885559082,4.994999885559082,4.990099906921387,4.994999885559082,3741.0
2023-03-09 12:13:00,BHF,53.0099983215332,53.0099983215332,53.13999938964844,53.0099983215332,53.13999938964844,1527.0
2023-03-09 12:13:00,BITF,0.7649999856948853,0.7649999856948853,0.7656000256538391,0.7649999856948853,0.7656000256538391,2115.0
2023-03-09 12:13:00,BLFY,11.520000457763672,11.520000457763672,11.520000457763672,11.520000457763672,11.520000457763672,495.0
2023-03-09 12:13:00,BOKF,96.23999786376953,96.23999786376953,96.23999786376953,96.23999786376953,96.23999786376953,1749.0
2023-03-09 12:13:00,BPOP,62.97999954223633,62.97999954223633,62.97999954223633,62.899898529052734,62.899898529052734,2554.0
2023-03-09 12:13:00,BRKL,11.59000015258789,11.59000015258789,11.59000015258789,11.59000015258789,11.59000015258789,254.0
2023-03-09 12:13:00,CARE,16.299999237060547,16.299999237060547,16.299999237060547,16.299999237060547,16.299999237060547,108.0
2023-03-09 12:13:00,CASH,47.744998931884766,47.744998931884766,47.75,47.744998931884766,47.75,203.0
2023-03-09 12:13:00,CATY,39.66999816894531,39.66999816894531,39.68000030517578,39.66999816894531,39.68000030517578,1222.0
2023-03-09 12:13:00,CBSH,61.79999923706055,61.79999923706055,61.849998474121094,61.79999923706055,61.849998474121094,1710.0
2023-03-09 12:13:00,CFFN,7.554999828338623,7.554999828338623,7.559999942779541,7.554999828338623,7.559999942779541,2079.0
2023-03-09 12:13:00,CG,34.099998474121094,34.099998474121094,34.130001068115234,34.099998474121094,34.130001068115234,3418.0
2023-03-09 12:13:00,CHY,12.335000038146973,12.335000038146973,12.335000038146973,12.324000358581543,12.329999923706055,13144.0
2023-03-09 12:13:00,CIFR,1.4500000476837158,1.4500000476837158,1.4500000476837158,1.4500000476837158,1.4500000476837158,219.0
2023-03-09 12:13:00,CIIG,10.300000190734863,10.300000190734863,10.300000190734863,10.300000190734863,10.300000190734863,198.0
2023-03-09 12:13:00,CINF,116.54000091552734,116.54000091552734,116.62999725341797,116.5199966430664,116.58999633789062,2504.0
2023-03-09 12:13:00,CLINW,0.09989999979734421,0.09989999979734421,0.13989999890327454,0.09989999979734421,0.13989999890327454,406.0
2023-03-09 12:13:00,CME,178.6199951171875,178.6199951171875,178.6199951171875,178.6199951171875,178.6199951171875,224.0
2023-03-09 12:13:00,COLB,25.260000228881836,25.260000228881836,25.31999969482422,25.260000228881836,25.28499984741211,5204.0
2023-03-09 12:13:00,CRVL,178.97999572753906,178.97999572753906,179.0,178.83999633789062,178.86000061035156,1682.0
2023-03-09 12:13:00,CSWC,18.390100479125977,18.390100479125977,18.399999618530273,18.389999389648438,18.399999618530273,5908.0
2023-03-09 12:13:00,CVBF,21.959999084472656,21.959999084472656,21.969999313354492,21.950000762939453,21.969999313354492,1185.0
2023-03-09 12:13:00,DCOM,29.489999771118164,29.489999771118164,29.489999771118164,29.489999771118164,29.489999771118164,413.0
2023-03-09 12:13:00,DGICA,15.069999694824219,15.069999694824219,15.079999923706055,15.069999694824219,15.079999923706055,1396.0
2023-03-09 12:13:00,DWAC,14.060099601745605,14.060099601745605,14.069999694824219,14.060099601745605,14.069999694824219,1482.0
2023-03-09 12:13:00,EBC,14.670000076293945,14.670000076293945,14.6899995803833,14.670000076293945,14.680000305175781,3609.0
2023-03-09 12:13:00,EFSC,51.63999938964844,51.63999938964844,51.63999938964844,51.63999938964844,51.63999938964844,529.0
2023-03-09 12:13:00,EWBC,68.5999984741211,68.5999984741211,68.65499877929688,68.5999984741211,68.63999938964844,1677.0
2023-03-09 12:13:00,EZPW,8.845000267028809,8.845000267028809,8.845000267028809,8.845000267028809,8.845000267028809,101.0
2023-03-09 12:13:00,FBMS,28.59000015258789,28.59000015258789,28.59000015258789,28.59000015258789,28.59000015258789,617.0
2023-03-09 12:13:00,FCNCA,654.6099853515625,654.6099853515625,654.6099853515625,654.6099853515625,654.6099853515625,304.0
2023-03-09 12:13:00,FCRD,4.559999942779541,4.559999942779541,4.559999942779541,4.559999942779541,4.559999942779541,300.0
2023-03-09 12:13:00,FFBC,22.520000457763672,22.520000457763672,22.520000457763672,22.520000457763672,22.520000457763672,613.0
2023-03-09 12:13:00,FFIC,17.31999969482422,17.31999969482422,17.329999923706055,17.31999969482422,17.329999923706055,573.0
2023-03-09 12:13:00,FFIN,33.810001373291016,33.810001373291016,33.810001373291016,33.79999923706055,33.79999923706055,596.0
2023-03-09 12:13:00,FHB,24.1200008392334,24.1200008392334,24.1299991607666,24.1200008392334,24.1299991607666,847.0
2023-03-09 12:13:00,FIBK,32.4900016784668,32.4900016784668,32.5099983215332,32.4900016784668,32.5099983215332,648.0
2023-03-09 12:13:00,FITB,32.380001068115234,32.380001068115234,32.43000030517578,32.380001068115234,32.42499923706055,5758.0
2023-03-09 12:13:00,FLIC,16.18899917602539,16.18899917602539,16.18899917602539,16.18899917602539,16.18899917602539,100.0
2023-03-09 12:13:00,FOCS,51.71500015258789,51.71500015258789,51.720001220703125,51.709999084472656,51.720001220703125,615.0
2023-03-09 12:13:00,FRST,11.039899826049805,11.039899826049805,11.039899826049805,11.039899826049805,11.039899826049805,640.0
2023-03-09 12:13:00,FSEA,9.90999984741211,9.90999984741211,9.90999984741211,9.90999984741211,9.90999984741211,228.0
2023-03-09 12:13:00,FTPAU,10.119999885559082,10.119999885559082,10.140000343322754,10.119999885559082,10.140000343322754,329.0
2023-03-09 12:13:00,FULT,15.800000190734863,15.800000190734863,15.805000305175781,15.800000190734863,15.800000190734863,939.0
2023-03-09 12:13:00,FUND,8.5,8.5,8.5,8.5,8.5,2243.0
2023-03-09 12:13:00,FUTU,46.56999969482422,46.56999969482422,46.58000183105469,46.540000915527344,46.54249954223633,1768.0
2023-03-09 12:13:00,GBDC,13.4350004196167,13.4350004196167,13.4350004196167,13.430000305175781,13.4350004196167,469.0
2023-03-09 12:13:00,GCMG,8.430000305175781,8.430000305175781,8.4399995803833,8.430000305175781,8.4399995803833,4870.0
2023-03-09 12:13:00,GGAL,12.802000045776367,12.802000045776367,12.819999694824219,12.79010009765625,12.79010009765625,3894.0
2023-03-09 12:13:00,GHIXW,0.27000001072883606,0.27000001072883606,0.27000001072883606,0.27000001072883606,0.27000001072883606,0.0
2023-03-09 12:13:00,GXII,10.119999885559082,10.119999885559082,10.119999885559082,10.119999885559082,10.119999885559082,100.0
2023-03-09 12:13:00,HAFC,21.959999084472656,21.959999084472656,21.959999084472656,21.959999084472656,21.959999084472656,590.0
2023-03-09 12:13:00,HBAN,14.005000114440918,14.005000114440918,14.020000457763672,14.0,14.015000343322754,10170.0
2023-03-09 12:13:00,HBNC,13.880000114440918,13.880000114440918,13.895000457763672,13.880000114440918,13.895000457763672,824.0
2023-03-09 12:13:00,HFWA,24.75,24.75,24.75,24.75,24.75,770.0
2023-03-09 12:13:00,HIFS,258.010009765625,258.010009765625,258.010009765625,258.010009765625,258.010009765625,241.0
2023-03-09 12:13:00,HIVE,2.616300106048584,2.616300106048584,2.616300106048584,2.616300106048584,2.616300106048584,223.0
2023-03-09 12:13:00,HOPE,11.920000076293945,11.920000076293945,11.920000076293945,11.920000076293945,11.920000076293945,245.0
2023-03-09 12:13:00,HTBK,11.005000114440918,11.005000114440918,11.005000114440918,11.005000114440918,11.005000114440918,264.0
2023-03-09 12:13:00,HUT,1.3700000047683716,1.3700000047683716,1.3866000175476074,1.3700000047683716,1.3849999904632568,75251.0
2023-03-09 12:13:00,HWC,44.32500076293945,44.32500076293945,44.34000015258789,44.32500076293945,44.34000015258789,860.0
2023-03-09 12:13:00,IBKR,87.37000274658203,87.37000274658203,87.37000274658203,87.37000274658203,87.37000274658203,350.0
2023-03-09 12:13:00,IGTA,10.3100004196167,10.3100004196167,10.350000381469727,10.3100004196167,10.319999694824219,1200.0
2023-03-09 12:13:00,INDB,71.8499984741211,71.8499984741211,71.9000015258789,71.8499984741211,71.9000015258789,1179.0
2023-03-09 12:14:00,ABCB,43.18000030517578,43.18000030517578,43.18000030517578,43.18000030517578,43.18000030517578,229.0
2023-03-09 12:14:00,ACGL,69.79000091552734,69.79000091552734,69.79499816894531,69.76000213623047,69.7699966430664,2727.0
2023-03-09 12:14:00,ALRS,19.0,19.0,19.0,19.0,19.0,200.0
2023-03-09 12:14:00,AMAL,21.025800704956055,21.025800704956055,21.03019905090332,21.025800704956055,21.03019905090332,334.0
2023-03-09 12:14:00,AMTB,25.59000015258789,25.59000015258789,25.600000381469727,25.59000015258789,25.600000381469727,383.0
2023-03-09 12:14:00,ANZU,9.932999610900879,9.932999610900879,9.932999610900879,9.932999610900879,9.932999610900879,100.0
2023-03-09 12:14:00,APLD,2.119999885559082,2.119999885559082,2.119999885559082,2.119999885559082,2.119999885559082,1306.0
2023-03-09 12:14:00,ARBK,1.4800000190734863,1.4800000190734863,1.4800000190734863,1.4800000190734863,1.4800000190734863,257.0
2023-03-09 12:14:00,ARCC,18.95680046081543,18.95680046081543,18.96500015258789,18.950000762939453,18.959999084472656,10207.0
2023-03-09 12:14:00,AUB,37.005001068115234,37.005001068115234,37.005001068115234,37.005001068115234,37.005001068115234,319.0
2023-03-09 12:14:00,BFST,18.68000030517578,18.68000030517578,18.709999084472656,18.68000030517578,18.709999084472656,1158.0
2023-03-09 12:14:00,BGCP,4.994999885559082,4.994999885559082,5.0,4.994999885559082,4.994999885559082,732.0
2023-03-09 12:14:00,BHF,52.994998931884766,52.994998931884766,52.994998931884766,52.994998931884766,52.994998931884766,659.0
2023-03-09 12:14:00,BITF,0.7630000114440918,0.7630000114440918,0.7652999758720398,0.7626000046730042,0.7651000022888184,6415.0
2023-03-09 12:14:00,BKCC,3.6600000858306885,3.6600000858306885,3.6600000858306885,3.6600000858306885,3.6600000858306885,479.0
2023-03-09 12:14:00,BOKF,96.23999786376953,96.23999786376953,96.23999786376953,96.23999786376953,96.23999786376953,541.0
2023-03-09 12:14:00,BPOP,62.83000183105469,62.83000183105469,62.900001525878906,62.790000915527344,62.900001525878906,2075.0
2023-03-09 12:14:00,BRKL,11.585000038146973,11.585000038146973,11.585000038146973,11.585000038146973,11.585000038146973,364.0
2023-03-09 12:14:00,BTBT,1.143399953842163,1.143399953842163,1.143399953842163,1.1399999856948853,1.1399999856948853,549.0
2023-03-09 12:14:00,BUSE,22.520000457763672,22.520000457763672,22.520000457763672,22.520000457763672,22.520000457763672,160.0
2023-03-09 12:14:00,BYTSU,10.119999885559082,10.119999885559082,10.119999885559082,10.100000381469727,10.100000381469727,730.0
2023-03-09 12:14:00,CASH,47.77000045776367,47.77000045776367,47.77000045776367,47.72999954223633,47.7400016784668,854.0
2023-03-09 12:14:00,CBSH,61.779998779296875,61.779998779296875,61.779998779296875,61.779998779296875,61.779998779296875,366.0
2023-03-09 12:14:00,CCAP,14.93589973449707,14.93589973449707,14.93589973449707,14.93589973449707,14.93589973449707,361.0
2023-03-09 12:14:00,CFB,12.369999885559082,12.369999885559082,12.369999885559082,12.369999885559082,12.369999885559082,130.0
2023-03-09 12:14:00,CFFN,7.554999828338623,7.554999828338623,7.554999828338623,7.554999828338623,7.554999828338623,538.0
2023-03-09 12:14:00,CG,34.099998474121094,34.099998474121094,34.099998474121094,34.09000015258789,34.095001220703125,1694.0
2023-03-09 12:14:00,CLINW,0.07050000131130219,0.07050000131130219,0.07999999821186066,0.07050000131130219,0.07999999821186066,3100.0
2023-03-09 12:14:00,CLRC,10.359999656677246,10.359999656677246,10.359999656677246,10.359999656677246,10.359999656677246,100600.0
2023-03-09 12:14:00,CME,178.55999755859375,178.55999755859375,178.625,178.52999877929688,178.6199951171875,2128.0
2023-03-09 12:14:00,CNOB,22.145000457763672,22.145000457763672,22.145000457763672,22.1299991607666,22.1299991607666,457.0
2023-03-09 12:14:00,COLB,25.260000228881836,25.260000228881836,25.290000915527344,25.25,25.264999389648438,19751.0
2023-03-09 12:14:00,CRVL,179.30999755859375,179.30999755859375,179.30999755859375,179.30999755859375,179.30999755859375,494.0
2023-03-09 12:14:00,CSTR,15.479999542236328,15.479999542236328,15.479999542236328,15.479999542236328,15.479999542236328,226.0
2023-03-09 12:14:00,CSWC,18.420000076293945,18.420000076293945,18.420000076293945,18.389999389648438,18.395000457763672,4385.0
2023-03-09 12:14:00,CVBF,21.950000762939453,21.950000762939453,21.950000762939453,21.950000762939453,21.950000762939453,248.0
2023-03-09 12:14:00,DCOM,29.4950008392334,29.4950008392334,29.4950008392334,29.479999542236328,29.479999542236328,1208.0
2023-03-09 12:14:00,DCOMP,19.5,19.5,19.530000686645508,19.5,19.530000686645508,1426.0
2023-03-09 12:14:00,EBC,14.669099807739258,14.669099807739258,14.669099807739258,14.65999984741211,14.65999984741211,1145.0
2023-03-09 12:14:00,EHTH,8.890000343322754,8.890000343322754,8.914999961853027,8.890000343322754,8.899999618530273,5261.0
2023-03-09 12:14:00,ESQ,41.84000015258789,41.84000015258789,41.84000015258789,41.84000015258789,41.84000015258789,363.0
2023-03-09 12:14:00,EZPW,8.832500457763672,8.832500457763672,8.84000015258789,8.832500457763672,8.84000015258789,1436.0
2023-03-09 12:14:00,FCFS,88.04000091552734,88.04000091552734,88.04000091552734,87.97000122070312,87.97000122070312,2019.0
2023-03-09 12:14:00,FCRD,4.539999961853027,4.539999961853027,4.559999942779541,4.53000020980835,4.539999961853027,3054.0
2023-03-09 12:14:00,FFBC,22.540000915527344,22.540000915527344,22.540000915527344,22.530000686645508,22.530000686645508,611.0
2023-03-09 12:14:00,FFIC,17.299999237060547,17.299999237060547,17.299999237060547,17.299999237060547,17.299999237060547,276.0
2023-03-09 12:14:00,FFIN,33.81990051269531,33.81990051269531,33.81990051269531,33.810001373291016,33.810001373291016,600.0
2023-03-09 12:14:00,FFWM,13.003999710083008,13.003999710083008,13.020000457763672,13.0,13.020000457763672,4686.0
2023-03-09 12:14:00,FHB,24.110000610351562,24.110000610351562,24.110000610351562,24.110000610351562,24.110000610351562,133.0
2023-03-09 12:14:00,FIBK,32.459999084472656,32.459999084472656,32.470001220703125,32.459999084472656,32.470001220703125,256.0
2023-03-09 12:14:00,FITB,32.375,32.375,32.404998779296875,32.3650016784668,32.3849983215332,8067.0
2023-03-09 12:14:00,FLIC,16.189899444580078,16.189899444580078,16.189899444580078,16.189899444580078,16.189899444580078,144.0
2023-03-09 12:14:00,FMAO,23.770000457763672,23.770000457763672,23.770000457763672,23.75,23.75,304.0
2023-03-09 12:14:00,FOCS,51.69499969482422,51.69499969482422,51.720001220703125,51.689998626708984,51.709999084472656,89142.0
2023-03-09 12:14:00,FRBK,1.75,1.75,1.7553000450134277,1.75,1.7553000450134277,1257.0
2023-03-09 12:14:00,FULT,15.789999961853027,15.789999961853027,15.795000076293945,15.789999961853027,15.789999961853027,2248.0
2023-03-09 12:14:00,FUTU,46.47999954223633,46.47999954223633,46.56999969482422,46.47999954223633,46.564998626708984,4782.0
2023-03-09 12:14:00,FVCB,13.170000076293945,13.170000076293945,13.170000076293945,13.170000076293945,13.170000076293945,534.0
2023-03-09 12:14:00,GBDC,13.430000305175781,13.430000305175781,13.4399995803833,13.430000305175781,13.4350004196167,1571.0
2023-03-09 12:14:00,GGAL,12.8100004196167,12.8100004196167,12.8100004196167,12.800000190734863,12.805000305175781,505.0
2023-03-09 12:14:00,GLRE,10.020000457763672,10.020000457763672,10.020000457763672,10.020000457763672,10.020000457763672,125.0
2023-03-09 12:14:00,GOCO,19.0,19.0,19.0,18.81999969482422,18.899999618530273,2992.0
2023-03-09 12:14:00,GSHD,52.54389953613281,52.54389953613281,52.54389953613281,52.54389953613281,52.54389953613281,158.0
2023-03-09 12:14:00,HBAN,13.994999885559082,13.994999885559082,14.010000228881836,13.994999885559082,14.0,37992.0
2023-03-09 12:14:00,HFWA,24.700000762939453,24.700000762939453,24.700000762939453,24.700000762939453,24.700000762939453,357.0
2023-03-09 12:14:00,HIFS,258.2200012207031,258.2200012207031,258.2200012207031,258.2200012207031,258.2200012207031,275.0
2023-03-09 12:14:00,HMST,22.690000534057617,22.690000534057617,22.690000534057617,22.690000534057617,22.690000534057617,231.0
2023-03-09 12:14:00,HONE,12.75,12.75,12.755000114440918,12.744999885559082,12.75,1779.0
2023-03-09 12:14:00,HOPE,11.914999961853027,11.914999961853027,11.920000076293945,11.914999961853027,11.920000076293945,485.0
2023-03-09 12:14:00,HTBK,11.0,11.0,11.0,11.0,11.0,740.0
2023-03-09 12:14:00,HTLF,45.63999938964844,45.63999938964844,45.63999938964844,45.63999938964844,45.63999938964844,300.0
2023-03-09 12:14:00,HUT,1.3799999952316284,1.3799999952316284,1.3799999952316284,1.3700000047683716,1.3701000213623047,15052.0
2023-03-09 12:14:00,IBKR,87.42759704589844,87.42759704589844,87.42759704589844,87.3499984741211,87.3499984741211,4533.0
2023-03-09 12:15:00,ABCB,43.189998626708984,43.189998626708984,43.189998626708984,43.16999816894531,43.16999816894531,1107.0
2023-03-09 12:15:00,ACGL,69.83999633789062,69.83999633789062,69.83999633789062,69.80000305175781,69.80000305175781,8696.0
2023-03-09 12:15:00,APLD,2.119999885559082,2.119999885559082,2.119999885559082,2.1050000190734863,2.119999885559082,16250.0
2023-03-09 12:15:00,ARCC,18.95669937133789,18.95669937133789,18.95669937133789,18.950000762939453,18.95560073852539,1197.0
2023-03-09 12:15:00,ATAKW,0.0215000007301569,0.0215000007301569,0.0215000007301569,0.0215000007301569,0.0215000007301569,100.0
2023-03-09 12:15:00,AUB,37.029998779296875,37.029998779296875,37.029998779296875,37.02000045776367,37.02000045776367,1092.0
2023-03-09 12:15:00,BGCP,4.994999885559082,4.994999885559082,4.994999885559082,4.994999885559082,4.994999885559082,1509.0
2023-03-09 12:15:00,BHF,52.880001068115234,52.880001068115234,52.880001068115234,52.880001068115234,52.880001068115234,537.0
2023-03-09 12:15:00,BHFAN,18.8700008392334,18.8700008392334,18.889999389648438,18.860000610351562,18.889999389648438,1154.0
2023-03-09 12:15:00,BITF,0.762499988079071,0.762499988079071,0.762499988079071,0.762499988079071,0.762499988079071,337.0
2023-03-09 12:15:00,BKCC,3.6600000858306885,3.6600000858306885,3.6675000190734863,3.6600000858306885,3.6675000190734863,1117.0
2023-03-09 12:15:00,BMRC,27.170000076293945,27.170000076293945,27.170000076293945,27.170000076293945,27.170000076293945,377.0
2023-03-09 12:15:00,BOKF,96.31999969482422,96.31999969482422,96.31999969482422,96.22750091552734,96.26000213623047,1033.0
2023-03-09 12:15:00,BPOP,62.79499816894531,62.79499816894531,62.849998474121094,62.79499816894531,62.79999923706055,1328.0
2023-03-09 12:15:00,BRKL,11.59000015258789,11.59000015258789,11.59000015258789,11.59000015258789,11.59000015258789,827.0
2023-03-09 12:15:00,BTBT,1.1401000022888184,1.1401000022888184,1.1401000022888184,1.1401000022888184,1.1401000022888184,403.0
2023-03-09 12:15:00,CAC,39.01940155029297,39.01940155029297,39.01940155029297,39.01940155029297,39.01940155029297,589.0
2023-03-09 12:15:00,CASH,47.599998474121094,47.599998474121094,47.779998779296875,47.599998474121094,47.779998779296875,8489.0
2023-03-09 12:15:00,CBSH,61.775001525878906,61.775001525878906,61.775001525878906,61.775001525878906,61.775001525878906,755.0
2023-03-09 12:15:00,CCAP,14.90999984741211,14.90999984741211,14.90999984741211,14.90999984741211,14.90999984741211,2063.0
2023-03-09 12:15:00,CFFN,7.554999828338623,7.554999828338623,7.554999828338623,7.554999828338623,7.554999828338623,233.0
2023-03-09 12:15:00,CG,34.130001068115234,34.130001068115234,34.130001068115234,34.11000061035156,34.11000061035156,2892.0
2023-03-09 12:15:00,CHW,6.059999942779541,6.059999942779541,6.059999942779541,6.059999942779541,6.059999942779541,400.0
2023-03-09 12:15:00,CHY,12.340700149536133,12.340700149536133,12.340700149536133,12.326000213623047,12.326000213623047,1291.0
2023-03-09 12:15:00,CINF,116.4800033569336,116.4800033569336,116.4800033569336,116.4800033569336,116.4800033569336,562.0
2023-03-09 12:15:00,CME,178.5050048828125,178.5050048828125,178.59759521484375,178.46499633789062,178.55999755859375,4202.0
2023-03-09 12:15:00,CNOB,22.1299991607666,22.1299991607666,22.1299991607666,22.1299991607666,22.1299991607666,169.0
2023-03-09 12:15:00,COLB,25.260000228881836,25.260000228881836,25.274999618530273,25.2549991607666,25.260000228881836,13723.0
2023-03-09 12:15:00,COOP,44.380001068115234,44.380001068115234,44.380001068115234,44.33000183105469,44.33000183105469,568.0
2023-03-09 12:15:00,CRVL,179.50999450683594,179.50999450683594,179.50999450683594,179.50999450683594,179.50999450683594,201.0
2023-03-09 12:15:00,CSWC,18.43000030517578,18.43000030517578,18.440000534057617,18.43000030517578,18.440000534057617,265.0
2023-03-09 12:15:00,CZFS,79.0,79.0,79.69999694824219,79.0,79.69999694824219,1889.0
2023-03-09 12:15:00,DCOM,29.5,29.5,29.5,29.489999771118164,29.489999771118164,2028.0
2023-03-09 12:15:00,DCOMP,19.299999237060547,19.299999237060547,19.389999389648438,19.299999237060547,19.389999389648438,585.0
2023-03-09 12:15:00,EBC,14.664999961853027,14.664999961853027,14.664999961853027,14.664999961853027,14.664999961853027,308.0
2023-03-09 12:15:00,EGBN,40.689998626708984,40.689998626708984,40.689998626708984,40.689998626708984,40.689998626708984,141.0
2023-03-09 12:15:00,EWBC,68.58000183105469,68.58000183105469,68.58000183105469,68.58000183105469,68.58000183105469,540.0
2023-03-09 12:15:00,EZPW,8.835000038146973,8.835000038146973,8.835000038146973,8.835000038146973,8.835000038146973,360.0
2023-03-09 12:15:00,FANH,8.210000038146973,8.210000038146973,8.210000038146973,8.178000450134277,8.178000450134277,430.0
2023-03-09 12:15:00,FBIZ,33.62139892578125,33.62139892578125,33.70500183105469,33.62139892578125,33.65999984741211,833.0
2023-03-09 12:15:00,FBMS,28.614999771118164,28.614999771118164,28.614999771118164,28.614999771118164,28.614999771118164,216.0
2023-03-09 12:15:00,FCRD,4.559999942779541,4.559999942779541,4.559999942779541,4.559999942779541,4.559999942779541,101.0
2023-03-09 12:15:00,FFBC,22.540000915527344,22.540000915527344,22.540000915527344,22.540000915527344,22.540000915527344,356.0
2023-03-09 12:15:00,FFIN,33.84000015258789,33.84000015258789,33.84000015258789,33.81999969482422,33.81999969482422,1073.0
2023-03-09 12:15:00,FFWM,13.014100074768066,13.014100074768066,13.020000457763672,13.010000228881836,13.010000228881836,2098.0
2023-03-09 12:15:00,FHB,24.110000610351562,24.110000610351562,24.114999771118164,24.110000610351562,24.114999771118164,1121.0
2023-03-09 12:15:00,FIBK,32.47999954223633,32.47999954223633,32.47999954223633,32.45000076293945,32.469200134277344,1326.0
2023-03-09 12:15:00,FITB,32.375,32.375,32.3849983215332,32.369998931884766,32.369998931884766,9526.0
2023-03-09 12:15:00,FLIC,16.190000534057617,16.190000534057617,16.190000534057617,16.190000534057617,16.190000534057617,436.0
2023-03-09 12:15:00,FOCS,51.709999084472656,51.709999084472656,51.720001220703125,51.69499969482422,51.69499969482422,36780.0
2023-03-09 12:15:00,FRBK,1.7532000541687012,1.7532000541687012,1.7532000541687012,1.7532000541687012,1.7532000541687012,334.0
2023-03-09 12:15:00,FRME,37.7599983215332,37.7599983215332,37.7599983215332,37.7599983215332,37.7599983215332,239.0
2023-03-09 12:15:00,FULT,15.788900375366211,15.788900375366211,15.788900375366211,15.78499984741211,15.78499984741211,527.0
2023-03-09 12:15:00,FULTP,21.05500030517578,21.05500030517578,21.05500030517578,20.809999465942383,20.834800720214844,1395.0
2023-03-09 12:15:00,FUTU,46.51499938964844,46.51499938964844,46.51499938964844,46.49440002441406,46.51499938964844,1521.0
2023-03-09 12:15:00,FVCB,13.109999656677246,13.109999656677246,13.109999656677246,13.109999656677246,13.109999656677246,411.0
2023-03-09 12:15:00,GBDC,13.430000305175781,13.430000305175781,13.430000305175781,13.430000305175781,13.430000305175781,2110.0
2023-03-09 12:15:00,GCMG,8.40999984741211,8.40999984741211,8.40999984741211,8.40999984741211,8.40999984741211,286.0
2023-03-09 12:15:00,GGAL,12.795999526977539,12.795999526977539,12.8100004196167,12.795999526977539,12.8100004196167,468.0
2023-03-09 12:15:00,GSHD,52.54499816894531,52.54499816894531,52.54499816894531,52.54499816894531,52.54499816894531,256.0
2023-03-09 12:15:00,GXII,10.119999885559082,10.119999885559082,10.119999885559082,10.119999885559082,10.119999885559082,100.0
2023-03-09 12:15:00,HBAN,14.005000114440918,14.005000114440918,14.005000114440918,13.994999885559082,13.995400428771973,37868.0
2023-03-09 12:15:00,HBNC,13.920000076293945,13.920000076293945,13.920000076293945,13.880000114440918,13.899999618530273,1948.0
2023-03-09 12:15:00,HIFS,258.5,258.5,258.5,258.5,258.5,252.0
2023-03-09 12:15:00,HIVE,2.615000009536743,2.615000009536743,2.615000009536743,2.615000009536743,2.615000009536743,1507.0
2023-03-09 12:15:00,HMPT,1.899999976158142,1.899999976158142,1.899999976158142,1.899999976158142,1.899999976158142,121.0
2023-03-09 12:15:00,HOPE,11.910499572753906,11.910499572753906,11.914999961853027,11.90999984741211,11.90999984741211,2472.0
2023-03-09 12:15:00,HTBK,11.0,11.0,11.0,11.0,11.0,337.0
2023-03-09 12:15:00,HUT,1.3798999786376953,1.3798999786376953,1.3799999952316284,1.3700000047683716,1.3768999576568604,96436.0
2023-03-09 12:15:00,IBCP,20.53499984741211,20.53499984741211,20.53499984741211,20.53499984741211,20.53499984741211,355.0
2023-03-09 12:15:00,IBKR,87.36000061035156,87.36000061035156,87.36000061035156,87.31999969482422,87.31999969482422,691.0
2023-03-09 12:15:00,IBOC,45.1150016784668,45.1150016784668,45.1150016784668,45.1150016784668,45.1150016784668,884.0
2023-03-09 12:15:00,IGIC,8.265000343322754,8.265000343322754,8.265000343322754,8.265000343322754,8.265000343322754,119.0
2023-03-09 12:16:00,ABCB,43.22999954223633,43.22999954223633,43.22999954223633,43.22999954223633,43.22999954223633,230.0
2023-03-09 12:16:00,ACGL,69.84950256347656,69.84950256347656,69.86000061035156,69.80999755859375,69.8499984741211,14211.0
2023-03-09 12:16:00,AMTB,25.6299991607666,25.6299991607666,25.6299991607666,25.610000610351562,25.610000610351562,1329.0
2023-03-09 12:16:00,APLD,2.124000072479248,2.124000072479248,2.124000072479248,2.124000072479248,2.124000072479248,1164.0
2023-03-09 12:16:00,ARCC,18.958999633789062,18.958999633789062,18.959999084472656,18.958999633789062,18.959999084472656,1694.0
2023-03-09 12:16:00,AUB,37.04499816894531,37.04499816894531,37.04499816894531,37.029998779296875,37.029998779296875,306.0
2023-03-09 12:16:00,BANF,85.61000061035156,85.61000061035156,85.61000061035156,85.61000061035156,85.61000061035156,1264.0
2023-03-09 12:16:00,BGCP,4.994999885559082,4.994999885559082,5.0,4.994999885559082,4.994999885559082,1401.0
2023-03-09 12:16:00,BHF,53.02000045776367,53.02000045776367,53.02000045776367,52.959999084472656,52.970001220703125,1591.0
2023-03-09 12:16:00,BKCC,3.6600000858306885,3.6600000858306885,3.6600000858306885,3.6600000858306885,3.6600000858306885,214.0
2023-03-09 12:16:00,BOKF,96.48999786376953,96.48999786376953,96.48999786376953,96.48999786376953,96.48999786376953,126.0
2023-03-09 12:16:00,BPOP,62.810001373291016,62.810001373291016,62.83000183105469,62.810001373291016,62.83000183105469,858.0
2023-03-09 12:16:00,BTBT,1.1399999856948853,1.1399999856948853,1.1399999856948853,1.1399999856948853,1.1399999856948853,325.0
2023-03-09 12:16:00,CAC,39.08000183105469,39.08000183105469,39.08000183105469,39.06999969482422,39.06999969482422,1436.0
2023-03-09 12:16:00,CASH,47.630001068115234,47.630001068115234,47.630001068115234,47.630001068115234,47.630001068115234,924.0
2023-03-09 12:16:00,CATY,39.68000030517578,39.68000030517578,39.68000030517578,39.66999816894531,39.66999816894531,965.0
2023-03-09 12:16:00,CBSH,61.81999969482422,61.81999969482422,61.81999969482422,61.81999969482422,61.81999969482422,114.0
2023-03-09 12:16:00,CFB,12.359999656677246,12.359999656677246,12.369999885559082,12.359999656677246,12.369999885559082,414.0
2023-03-09 12:16:00,CFFN,7.554999828338623,7.554999828338623,7.554999828338623,7.554999828338623,7.554999828338623,258.0
2023-03-09 12:16:00,CG,34.13999938964844,34.13999938964844,34.15999984741211,34.130001068115234,34.130001068115234,4841.0
2023-03-09 12:16:00,CIFR,1.4700000286102295,1.4700000286102295,1.4800000190734863,1.4600000381469727,1.4600000381469727,6771.0
2023-03-09 12:16:00,CME,178.49000549316406,178.49000549316406,178.5,178.47999572753906,178.4949951171875,1918.0
2023-03-09 12:16:00,CNOB,22.1299991607666,22.1299991607666,22.1299991607666,22.1299991607666,22.1299991607666,214.0
2023-03-09 12:16:00,COLB,25.290000915527344,25.290000915527344,25.315000534057617,25.2549991607666,25.259000778198242,10766.0
2023-03-09 12:16:00,COOP,44.3849983215332,44.3849983215332,44.3849983215332,44.3849983215332,44.3849983215332,420.0
2023-03-09 12:16:00,CSWC,18.440000534057617,18.440000534057617,18.450000762939453,18.440000534057617,18.440000534057617,1394.0
2023-03-09 12:16:00,CVBF,21.969999313354492,21.969999313354492,21.969999313354492,21.959999084472656,21.959999084472656,1226.0
2023-03-09 12:16:00,DCOM,29.510000228881836,29.510000228881836,29.510000228881836,29.510000228881836,29.510000228881836,411.0
2023-03-09 12:16:00,EBC,14.670000076293945,14.670000076293945,14.670000076293945,14.670000076293945,14.670000076293945,410.0
2023-03-09 12:16:00,EGBN,40.75,40.75,40.75,40.75,40.75,202.0
2023-03-09 12:16:00,EHTH,8.90999984741211,8.90999984741211,8.90999984741211,8.90999984741211,8.90999984741211,175.0
2023-03-09 12:16:00,EWBC,68.66500091552734,68.66500091552734,68.66999816894531,68.66000366210938,68.66999816894531,575.0
2023-03-09 12:16:00,EZPW,8.835000038146973,8.835000038146973,8.835000038146973,8.835000038146973,8.835000038146973,394.0
2023-03-09 12:16:00,FBNC,38.58000183105469,38.58000183105469,38.58000183105469,38.58000183105469,38.58000183105469,1377.0
2023-03-09 12:16:00,FCFS,88.08000183105469,88.08000183105469,88.08000183105469,88.08000183105469,88.08000183105469,207.0
2023-03-09 12:16:00,FCRD,4.559999942779541,4.559999942779541,4.559999942779541,4.559999942779541,4.559999942779541,100.0
2023-03-09 12:16:00,FFBC,22.559999465942383,22.559999465942383,22.559999465942383,22.559999465942383,22.559999465942383,447.0
2023-03-09 12:16:00,FFIC,17.280000686645508,17.280000686645508,17.280000686645508,17.280000686645508,17.280000686645508,425.0
2023-03-09 12:16:00,FFWM,13.029999732971191,13.029999732971191,13.029999732971191,13.020000457763672,13.020000457763672,559.0
2023-03-09 12:16:00,FHB,24.114999771118164,24.114999771118164,24.125,24.114999771118164,24.114999771118164,3628.0
2023-03-09 12:16:00,FIBK,32.4900016784668,32.4900016784668,32.4900016784668,32.4900016784668,32.4900016784668,448.0
2023-03-09 12:16:00,FITB,32.38999938964844,32.38999938964844,32.400001525878906,32.375,32.375,4480.0
2023-03-09 12:16:00,FOCS,51.70000076293945,51.70000076293945,51.709999084472656,51.70000076293945,51.709999084472656,2445.0
2023-03-09 12:16:00,FULT,15.8100004196167,15.8100004196167,15.8100004196167,15.795000076293945,15.795000076293945,1184.0
2023-03-09 12:16:00,FUTU,46.51499938964844,46.51499938964844,46.51499938964844,46.51499938964844,46.51499938964844,555.0
2023-03-09 12:16:00,GBDC,13.430000305175781,13.430000305175781,13.430000305175781,13.430000305175781,13.430000305175781,104.0
2023-03-09 12:16:00,GLAD,9.871600151062012,9.871600151062012,9.871600151062012,9.871600151062012,9.871600151062012,640.0
2023-03-09 12:16:00,GOCO,18.610000610351562,18.610000610351562,18.719999313354492,18.5,18.5,1779.0
2023-03-09 12:16:00,HAFC,21.969999313354492,21.969999313354492,21.969999313354492,21.969999313354492,21.969999313354492,1095.0
2023-03-09 12:16:00,HBAN,13.989999771118164,13.989999771118164,14.010000228881836,13.989999771118164,14.0,56376.0
2023-03-09 12:16:00,HBNC,13.90999984741211,13.90999984741211,13.920000076293945,13.90999984741211,13.920000076293945,439.0
2023-03-09 12:16:00,HBT,22.0,22.0,22.020000457763672,22.0,22.0,1201.0
2023-03-09 12:16:00,HLNE,76.23999786376953,76.23999786376953,76.23999786376953,76.23999786376953,76.23999786376953,437.0
2023-03-09 12:16:00,HMPT,1.8700000047683716,1.8700000047683716,1.8700000047683716,1.8700000047683716,1.8700000047683716,2000.0
2023-03-09 12:16:00,HOPE,11.914999961853027,11.914999961853027,11.920000076293945,11.914999961853027,11.920000076293945,677.0
2023-03-09 12:16:00,HUT,1.375,1.375,1.3799999952316284,1.3700000047683716,1.375,66264.0
2023-03-09 12:16:00,HVBC,31.0,31.0,31.0,30.950000762939453,30.959999084472656,350.0
2023-03-09 12:16:00,IBKR,87.36000061035156,87.36000061035156,87.5199966430664,87.36000061035156,87.4000015258789,18343.0
2023-03-09 12:16:00,INTR,2.0199999809265137,2.0199999809265137,2.0199999809265137,2.0199999809265137,2.0199999809265137,1982.0
2023-03-09 12:17:00,ABCB,43.209999084472656,43.209999084472656,43.209999084472656,43.209999084472656,43.209999084472656,415.0
2023-03-09 12:17:00,ACGL,69.7699966430664,69.7699966430664,69.86000061035156,69.75,69.8499984741211,9045.0
2023-03-09 12:17:00,AIHS,0.8799999952316284,0.8799999952316284,0.8897989988327026,0.8759999871253967,0.8897989988327026,2300.0
2023-03-09 12:17:00,AMRK,28.079999923706055,28.079999923706055,28.079999923706055,28.030000686645508,28.030000686645508,643.0
2023-03-09 12:17:00,APLD,2.125,2.125,2.125,2.125,2.125,470.0
2023-03-09 12:17:00,ARCC,18.95599937438965,18.95599937438965,18.959999084472656,18.954099655151367,18.95800018310547,10544.0
2023-03-09 12:17:00,AUB,37.040000915527344,37.040000915527344,37.040000915527344,37.040000915527344,37.040000915527344,163.0
2023-03-09 12:17:00,BGCP,4.994999885559082,4.994999885559082,5.0,4.989999771118164,4.994999885559082,1767.0
2023-03-09 12:17:00,BHF,52.959999084472656,52.959999084472656,53.0099983215332,52.959999084472656,53.0099983215332,554.0
2023-03-09 12:17:00,BITF,0.7626000046730042,0.7626000046730042,0.7626000046730042,0.7626000046730042,0.7626000046730042,7559.0
2023-03-09 12:17:00,BKCC,3.6649999618530273,3.6649999618530273,3.6649999618530273,3.6649999618530273,3.6649999618530273,453.0
2023-03-09 12:17:00,BOKF,96.38500213623047,96.38500213623047,96.48999786376953,96.37999725341797,96.37999725341797,1661.0
2023-03-09 12:17:00,BPOP,62.79999923706055,62.79999923706055,62.79999923706055,62.75,62.75,1442.0
2023-03-09 12:17:00,BRKL,11.585000038146973,11.585000038146973,11.585000038146973,11.585000038146973,11.585000038146973,203.0
2023-03-09 12:17:00,BRP,26.06999969482422,26.06999969482422,26.06999969482422,26.06999969482422,26.06999969482422,350.0
2023-03-09 12:17:00,BUSE,22.500099182128906,22.500099182128906,22.500099182128906,22.500099182128906,22.500099182128906,203.0
2023-03-09 12:17:00,BWB,13.460000038146973,13.460000038146973,13.460000038146973,13.460000038146973,13.460000038146973,442.0
2023-03-09 12:17:00,CASH,47.47999954223633,47.47999954223633,47.47999954223633,47.47999954223633,47.47999954223633,202.0
2023-03-09 12:17:00,CATY,39.58000183105469,39.58000183105469,39.650001525878906,39.58000183105469,39.650001525878906,798.0
2023-03-09 12:17:00,CBSH,61.839900970458984,61.839900970458984,61.839900970458984,61.839900970458984,61.839900970458984,771.0
2023-03-09 12:17:00,CCAP,14.930000305175781,14.930000305175781,14.930000305175781,14.930000305175781,14.930000305175781,544.0
2023-03-09 12:17:00,CFBK,20.049999237060547,20.049999237060547,20.049999237060547,20.049999237060547,20.049999237060547,272.0
2023-03-09 12:17:00,CFFN,7.554999828338623,7.554999828338623,7.554999828338623,7.554999828338623,7.554999828338623,100.0
2023-03-09 12:17:00,CG,34.11000061035156,34.11000061035156,34.125,34.11000061035156,34.125,1143.0
2023-03-09 12:17:00,CGBD,14.949999809265137,14.949999809265137,14.954999923706055,14.949999809265137,14.954999923706055,1508.0
2023-03-09 12:17:00,CIFR,1.475000023841858,1.475000023841858,1.475000023841858,1.475000023841858,1.475000023841858,100.0
2023-03-09 12:17:00,CINF,116.47000122070312,116.47000122070312,116.5,116.47000122070312,116.5,897.0
2023-03-09 12:17:00,CME,178.39500427246094,178.39500427246094,178.4600067138672,178.36000061035156,178.4600067138672,5588.0
2023-03-09 12:17:00,CNOB,22.1200008392334,22.1200008392334,22.1200008392334,22.1200008392334,22.1200008392334,250.0
2023-03-09 12:17:00,COLB,25.290000915527344,25.290000915527344,25.30500030517578,25.28499984741211,25.28499984741211,4121.0
2023-03-09 12:17:00,CSWC,18.43000030517578,18.43000030517578,18.43790054321289,18.43000030517578,18.43790054321289,718.0
2023-03-09 12:17:00,CTBI,40.41999816894531,40.41999816894531,40.41999816894531,40.41999816894531,40.41999816894531,190.0
2023-03-09 12:17:00,CZNC,22.170299530029297,22.170299530029297,22.170299530029297,22.170299530029297,22.170299530029297,257.0
2023-03-09 12:17:00,DWAC,14.060099601745605,14.060099601745605,14.060099601745605,14.060099601745605,14.060099601745605,210.0
2023-03-09 12:17:00,EBC,14.664999961853027,14.664999961853027,14.67080020904541,14.664999961853027,14.670000076293945,1202.0
2023-03-09 12:17:00,ERIE,234.6699981689453,234.6699981689453,234.6699981689453,234.6699981689453,234.6699981689453,795.0
2023-03-09 12:17:00,EWBC,68.62999725341797,68.62999725341797,68.62999725341797,68.62999725341797,68.62999725341797,213.0
2023-03-09 12:17:00,EZPW,8.829999923706055,8.829999923706055,8.829999923706055,8.829999923706055,8.829999923706055,526.0
2023-03-09 12:17:00,FANH,8.220000267028809,8.220000267028809,8.220000267028809,8.21500015258789,8.21500015258789,302.0
2023-03-09 12:17:00,FBIZ,33.63999938964844,33.63999938964844,33.720001220703125,33.63999938964844,33.720001220703125,214.0
2023-03-09 12:17:00,FBMS,28.6200008392334,28.6200008392334,28.6200008392334,28.6200008392334,28.6200008392334,230.0
2023-03-09 12:17:00,FBNC,38.459999084472656,38.459999084472656,38.459999084472656,38.459999084472656,38.459999084472656,224.0
2023-03-09 12:17:00,FCFS,88.08000183105469,88.08000183105469,88.12000274658203,88.08000183105469,88.08000183105469,1515.0
2023-03-09 12:17:00,FCRD,4.599999904632568,4.599999904632568,4.599999904632568,4.570000171661377,4.579999923706055,909.0
2023-03-09 12:17:00,FFBC,22.559999465942383,22.559999465942383,22.559999465942383,22.559999465942383,22.559999465942383,873.0
2023-03-09 12:17:00,FFIC,17.280000686645508,17.280000686645508,17.280000686645508,17.280000686645508,17.280000686645508,684.0
2023-03-09 12:17:00,FFIN,33.841400146484375,33.841400146484375,33.841400146484375,33.841400146484375,33.841400146484375,390.0
2023-03-09 12:17:00,FFWM,13.015000343322754,13.015000343322754,13.020000457763672,13.015000343322754,13.020000457763672,764.0
2023-03-09 12:17:00,FHB,24.104999542236328,24.104999542236328,24.110000610351562,24.104999542236328,24.110000610351562,2458.0
2023-03-09 12:17:00,FIBK,32.47999954223633,32.47999954223633,32.47999954223633,32.47999954223633,32.47999954223633,939.0
2023-03-09 12:17:00,FITB,32.36000061035156,32.36000061035156,32.3849983215332,32.36000061035156,32.380001068115234,6092.0
2023-03-09 12:17:00,FLIC,16.190000534057617,16.190000534057617,16.200000762939453,16.190000534057617,16.200000762939453,381.0
2023-03-09 12:17:00,FMBH,28.25,28.25,28.25,28.25,28.25,191.0
2023-03-09 12:17:00,FMNB,13.194999694824219,13.194999694824219,13.199999809265137,13.194999694824219,13.199999809265137,213.0
2023-03-09 12:17:00,FOCS,51.70000076293945,51.70000076293945,51.70000076293945,51.70000076293945,51.70000076293945,2893.0
2023-03-09 12:17:00,FRBK,1.75,1.75,1.75,1.75,1.75,300.0
2023-03-09 12:17:00,FSBW,33.47999954223633,33.47999954223633,33.47999954223633,33.47999954223633,33.47999954223633,152.0
2023-03-09 12:17:00,FULT,15.800000190734863,15.800000190734863,15.8100004196167,15.800000190734863,15.8100004196167,1625.0
2023-03-09 12:17:00,FUTU,46.4900016784668,46.4900016784668,46.505001068115234,46.47999954223633,46.47999954223633,871.0
2023-03-09 12:17:00,GBDC,13.430000305175781,13.430000305175781,13.4350004196167,13.430000305175781,13.4350004196167,258.0
2023-03-09 12:17:00,GGAL,12.819999694824219,12.819999694824219,12.819999694824219,12.800000190734863,12.8100004196167,309.0
2023-03-09 12:17:00,GOCO,18.5,18.5,18.5,18.5,18.5,285.0
2023-03-09 12:17:00,GSHD,52.689998626708984,52.689998626708984,52.7598991394043,52.689998626708984,52.7598991394043,624.0
2023-03-09 12:17:00,GXII,10.119999885559082,10.119999885559082,10.119999885559082,10.119999885559082,10.119999885559082,100.0
2023-03-09 12:17:00,HBAN,13.979999542236328,13.979999542236328,13.994999885559082,13.979999542236328,13.994999885559082,13493.0
2023-03-09 12:17:00,HMPT,1.8700000047683716,1.8700000047683716,1.8700000047683716,1.8700000047683716,1.8700000047683716,1005.0
2023-03-09 12:17:00,HONE,12.755000114440918,12.755000114440918,12.755000114440918,12.755000114440918,12.755000114440918,510.0
2023-03-09 12:17:00,HOPE,11.90999984741211,11.90999984741211,11.914999961853027,11.90999984741211,11.914999961853027,1515.0
2023-03-09 12:17:00,HTBK,11.001999855041504,11.001999855041504,11.001999855041504,11.001999855041504,11.001999855041504,155.0
2023-03-09 12:17:00,HUT,1.3701000213623047,1.3701000213623047,1.3799999952316284,1.3700000047683716,1.3799999952316284,48684.0
2023-03-09 12:17:00,HWC,44.33000183105469,44.33000183105469,44.33000183105469,44.33000183105469,44.33000183105469,218.0
2023-03-09 12:17:00,IBKR,87.44000244140625,87.44000244140625,87.44000244140625,87.33999633789062,87.36000061035156,4561.0
2023-03-09 12:17:00,INTR,2.009999990463257,2.009999990463257,2.015000104904175,2.009999990463257,2.015000104904175,384.0
2023-03-09 12:18:00,ABCB,43.22999954223633,43.22999954223633,43.22999954223633,43.22999954223633,43.22999954223633,432.0
2023-03-09 12:18:00,ACGL,69.81999969482422,69.81999969482422,69.81999969482422,69.79000091552734,69.79000091552734,7131.0
2023-03-09 12:18:00,ALRS,19.014999389648438,19.014999389648438,19.014999389648438,19.014999389648438,19.014999389648438,151.0
2023-03-09 12:18:00,AMAL,21.010299682617188,21.010299682617188,21.010299682617188,21.010299682617188,21.010299682617188,290.0
2023-03-09 12:18:00,AMRK,28.049999237060547,28.049999237060547,28.049999237060547,28.049999237060547,28.049999237060547,149.0
2023-03-09 12:18:00,APLD,2.125,2.125,2.125,2.125,2.125,300.0
2023-03-09 12:18:00,ARCC,18.96579933166504,18.96579933166504,18.96579933166504,18.950000762939453,18.950000762939453,6139.0
2023-03-09 12:18:00,AUB,37.029998779296875,37.029998779296875,37.03499984741211,37.029998779296875,37.03499984741211,406.0
2023-03-09 12:18:00,BANX,18.799999237060547,18.799999237060547,18.799999237060547,18.799999237060547,18.799999237060547,660.0
2023-03-09 12:18:00,BCML,19.219999313354492,19.219999313354492,19.219999313354492,19.219999313354492,19.219999313354492,450.0
2023-03-09 12:18:00,BGCP,4.994999885559082,4.994999885559082,4.994999885559082,4.994999885559082,4.994999885559082,1911.0
2023-03-09 12:18:00,BITF,0.762499988079071,0.762499988079071,0.762499988079071,0.762499988079071,0.762499988079071,216.0
2023-03-09 12:18:00,CASH,47.41999816894531,47.41999816894531,47.487998962402344,47.39500045776367,47.43000030517578,1421.0
2023-03-09 12:18:00,CBSH,61.880001068115234,61.880001068115234,61.880001068115234,61.84000015258789,61.84000015258789,548.0
2023-03-09 12:18:00,CCAP,14.859999656677246,14.859999656677246,14.90999984741211,14.859999656677246,14.90999984741211,3389.0
2023-03-09 12:18:00,CCB,42.68000030517578,42.68000030517578,42.68000030517578,42.68000030517578,42.68000030517578,476.0
2023-03-09 12:18:00,CCBG,33.0343017578125,33.0343017578125,33.0343017578125,33.0343017578125,33.0343017578125,660.0
2023-03-09 12:18:00,CCNEP,25.649999618530273,25.649999618530273,25.790000915527344,25.649999618530273,25.790000915527344,801.0
2023-03-09 12:18:00,CG,34.14500045776367,34.14500045776367,34.14500045776367,34.11000061035156,34.11000061035156,4989.0
2023-03-09 12:18:00,CGBD,14.9399995803833,14.9399995803833,14.949999809265137,14.9399995803833,14.949999809265137,610.0
2023-03-09 12:18:00,CHY,12.342000007629395,12.342000007629395,12.342000007629395,12.342000007629395,12.342000007629395,771.0
2023-03-09 12:18:00,CIFR,1.4764000177383423,1.4764000177383423,1.4764000177383423,1.4764000177383423,1.4764000177383423,300.0
2023-03-09 12:18:00,CINF,116.54000091552734,116.54000091552734,116.54000091552734,116.41500091552734,116.41500091552734,1741.0
2023-03-09 12:18:00,CLBK,19.709999084472656,19.709999084472656,19.709999084472656,19.709999084472656,19.709999084472656,268.0
2023-03-09 12:18:00,CME,178.3800048828125,178.3800048828125,178.4499969482422,178.3699951171875,178.3699951171875,5948.0
2023-03-09 12:18:00,COLB,25.264999389648438,25.264999389648438,25.295000076293945,25.2450008392334,25.290000915527344,11293.0
2023-03-09 12:18:00,COOP,44.38999938964844,44.38999938964844,44.38999938964844,44.38999938964844,44.38999938964844,204.0
2023-03-09 12:18:00,CSQ,14.040300369262695,14.040300369262695,14.040300369262695,14.040300369262695,14.040300369262695,756.0
2023-03-09 12:18:00,CSWC,18.43000030517578,18.43000030517578,18.43000030517578,18.40999984741211,18.420000076293945,8001.0
2023-03-09 12:18:00,EBC,14.670000076293945,14.670000076293945,14.670000076293945,14.670000076293945,14.670000076293945,1189.0
2023-03-09 12:18:00,EWBC,68.62999725341797,68.62999725341797,68.6500015258789,68.61000061035156,68.6449966430664,3001.0
2023-03-09 12:18:00,EZPW,8.829999923706055,8.829999923706055,8.835000038146973,8.829999923706055,8.835000038146973,1412.0
2023-03-09 12:18:00,FCNCA,654.0349731445312,654.0349731445312,654.0349731445312,653.2999877929688,653.2999877929688,620.0
2023-03-09 12:18:00,FDUS,20.344999313354492,20.344999313354492,20.344999313354492,20.344999313354492,20.344999313354492,735.0
2023-03-09 12:18:00,FFIN,33.86000061035156,33.86000061035156,33.86000061035156,33.849998474121094,33.849998474121094,512.0
2023-03-09 12:18:00,FHB,24.110000610351562,24.110000610351562,24.110000610351562,24.110000610351562,24.110000610351562,356.0
2023-03-09 12:18:00,FIBK,32.5099983215332,32.5099983215332,32.5099983215332,32.4900016784668,32.4900016784668,1178.0
2023-03-09 12:18:00,FITB,32.369998931884766,32.369998931884766,32.380001068115234,32.3650016784668,32.369998931884766,9172.0
2023-03-09 12:18:00,FMNB,13.199999809265137,13.199999809265137,13.199999809265137,13.199999809265137,13.199999809265137,148.0
2023-03-09 12:18:00,FNCB,7.300000190734863,7.300000190734863,7.300000190734863,7.300000190734863,7.300000190734863,532.0
2023-03-09 12:18:00,FOCS,51.709999084472656,51.709999084472656,51.709999084472656,51.70000076293945,51.709999084472656,722.0
2023-03-09 12:18:00,FRBA,12.940899848937988,12.940899848937988,12.940899848937988,12.940899848937988,12.940899848937988,471.0
2023-03-09 12:18:00,FRBK,1.75,1.75,1.7549999952316284,1.75,1.7549999952316284,302.0
2023-03-09 12:18:00,FSBW,33.5099983215332,33.5099983215332,33.5099983215332,33.5099983215332,33.5099983215332,221.0
2023-03-09 12:18:00,FULT,15.800000190734863,15.800000190734863,15.800000190734863,15.800000190734863,15.800000190734863,723.0
2023-03-09 12:18:00,FUTU,46.5,46.5,46.5,46.5,46.5,228.0
2023-03-09 12:18:00,GBDC,13.4399995803833,13.4399995803833,13.4399995803833,13.430000305175781,13.430000305175781,414.0
2023-03-09 12:18:00,GGAL,12.84000015258789,12.84000015258789,12.84000015258789,12.819899559020996,12.819999694824219,1100.0
2023-03-09 12:18:00,GSHD,52.689998626708984,52.689998626708984,52.689998626708984,52.689998626708984,52.689998626708984,461.0
2023-03-09 12:18:00,HAFC,21.959999084472656,21.959999084472656,21.959999084472656,21.959999084472656,21.959999084472656,326.0
2023-03-09 12:18:00,HBAN,13.984999656677246,13.984999656677246,13.989999771118164,13.979999542236328,13.979999542236328,6447.0
2023-03-09 12:18:00,HBNC,13.90999984741211,13.90999984741211,13.90999984741211,13.90999984741211,13.90999984741211,617.0
2023-03-09 12:18:00,HFWA,24.725000381469727,24.725000381469727,24.725000381469727,24.725000381469727,24.725000381469727,118.0
2023-03-09 12:18:00,HMST,22.65999984741211,22.65999984741211,22.65999984741211,22.65999984741211,22.65999984741211,384.0
2023-03-09 12:18:00,HOPE,11.908699989318848,11.908699989318848,11.90999984741211,11.904999732971191,11.90999984741211,1273.0
2023-03-09 12:18:00,HTBK,11.010000228881836,11.010000228881836,11.010000228881836,11.010000228881836,11.010000228881836,250.0
2023-03-09 12:18:00,HUT,1.375,1.375,1.3799999952316284,1.3701000213623047,1.378499984741211,14301.0
2023-03-09 12:18:00,HWC,44.349998474121094,44.349998474121094,44.349998474121094,44.33000183105469,44.33000183105469,922.0
2023-03-09 12:18:00,IBKR,87.44499969482422,87.44499969482422,87.44499969482422,87.4000015258789,87.42500305175781,1612.0
2023-03-09 12:18:00,INDB,71.7750015258789,71.7750015258789,71.7750015258789,71.7699966430664,71.7699966430664,932.0
2023-03-09 12:19:00,ACGL,69.8550033569336,69.8550033569336,69.86000061035156,69.80500030517578,69.80500030517578,5481.0
2023-03-09 12:19:00,AMAL,21.010000228881836,21.010000228881836,21.010000228881836,21.010000228881836,21.010000228881836,297.0
2023-03-09 12:19:00,APLD,2.125,2.125,2.125,2.125,2.125,124.0
2023-03-09 12:19:00,ARCC,18.969900131225586,18.969900131225586,18.969999313354492,18.959999084472656,18.969999313354492,12288.0
2023-03-09 12:19:00,AROW,28.34000015258789,28.34000015258789,28.34000015258789,28.34000015258789,28.34000015258789,376.0
2023-03-09 12:19:00,AUB,37.04999923706055,37.04999923706055,37.04999923706055,37.04999923706055,37.04999923706055,767.0
2023-03-09 12:19:00,BGCP,4.994999885559082,4.994999885559082,5.005000114440918,4.994999885559082,5.0,15186.0
2023-03-09 12:19:00,BHF,53.08000183105469,53.08000183105469,53.08000183105469,53.04999923706055,53.04999923706055,652.0
2023-03-09 12:19:00,BITF,0.7620000243186951,0.7620000243186951,0.7625030279159546,0.7620000243186951,0.762499988079071,7755.0
2023-03-09 12:19:00,BKCC,3.6600000858306885,3.6600000858306885,3.6600000858306885,3.6600000858306885,3.6600000858306885,303.0
2023-03-09 12:19:00,BOCNU,10.970000267028809,10.970000267028809,10.970000267028809,10.970000267028809,10.970000267028809,200.0
2023-03-09 12:19:00,BPOP,62.72999954223633,62.72999954223633,62.76900100708008,62.689998626708984,62.75,4220.0
2023-03-09 12:19:00,BRKL,11.59000015258789,11.59000015258789,11.59000015258789,11.59000015258789,11.59000015258789,2081.0
2023-03-09 12:19:00,BTBT,1.1399999856948853,1.1399999856948853,1.1399999856948853,1.1399999856948853,1.1399999856948853,350.0
2023-03-09 12:19:00,BUSE,22.530000686645508,22.530000686645508,22.530000686645508,22.530000686645508,22.530000686645508,286.0
2023-03-09 12:19:00,CARE,16.30500030517578,16.30500030517578,16.30500030517578,16.295000076293945,16.295000076293945,639.0
2023-03-09 12:19:00,CASH,47.45000076293945,47.45000076293945,47.45000076293945,47.45000076293945,47.45000076293945,258.0
2023-03-09 12:19:00,CATY,39.56999969482422,39.56999969482422,39.56999969482422,39.56999969482422,39.56999969482422,267.0
2023-03-09 12:19:00,CBNK,18.84000015258789,18.84000015258789,18.84000015258789,18.84000015258789,18.84000015258789,200.0
2023-03-09 12:19:00,CBSH,61.86000061035156,61.86000061035156,61.86000061035156,61.86000061035156,61.86000061035156,557.0
2023-03-09 12:19:00,CCNE,22.600000381469727,22.600000381469727,22.600000381469727,22.600000381469727,22.600000381469727,240.0
2023-03-09 12:19:00,CFFN,7.565000057220459,7.565000057220459,7.565000057220459,7.559999942779541,7.559999942779541,3799.0
2023-03-09 12:19:00,CG,34.1349983215332,34.1349983215332,34.154998779296875,34.1349983215332,34.14500045776367,3715.0
2023-03-09 12:19:00,CGBD,14.949999809265137,14.949999809265137,14.949999809265137,14.949999809265137,14.949999809265137,567.0
2023-03-09 12:19:00,CHEAU,10.510000228881836,10.510000228881836,10.510000228881836,10.510000228881836,10.510000228881836,100.0
2023-03-09 12:19:00,CIFR,1.4900000095367432,1.4900000095367432,1.4900000095367432,1.4800000190734863,1.4800000190734863,1028.0
2023-03-09 12:19:00,CINF,116.5999984741211,116.5999984741211,116.5999984741211,116.5999984741211,116.5999984741211,359.0
2023-03-09 12:19:00,CME,178.46499633789062,178.46499633789062,178.47000122070312,178.46499633789062,178.46499633789062,874.0
2023-03-09 12:19:00,CNOB,22.117399215698242,22.117399215698242,22.117399215698242,22.117399215698242,22.117399215698242,530.0
2023-03-09 12:19:00,COLB,25.260000228881836,25.260000228881836,25.264999389648438,25.260000228881836,25.264999389648438,966.0
2023-03-09 12:19:00,COOP,44.38999938964844,44.38999938964844,44.41999816894531,44.38999938964844,44.38999938964844,771.0
2023-03-09 12:19:00,CSWC,18.43000030517578,18.43000030517578,18.43000030517578,18.43000030517578,18.43000030517578,113.0
2023-03-09 12:19:00,CVBF,21.988000869750977,21.988000869750977,21.988000869750977,21.988000869750977,21.988000869750977,769.0
2023-03-09 12:19:00,CVCY,24.5,24.5,24.5,24.5,24.5,213.0
2023-03-09 12:19:00,DWAC,14.072099685668945,14.072099685668945,14.072099685668945,14.069999694824219,14.069999694824219,453.0
2023-03-09 12:19:00,EBC,14.664999961853027,14.664999961853027,14.680000305175781,14.664999961853027,14.670000076293945,883.0
2023-03-09 12:19:00,EFSC,51.7400016784668,51.7400016784668,51.7400016784668,51.7400016784668,51.7400016784668,126.0
2023-03-09 12:19:00,EHTH,8.90999984741211,8.90999984741211,8.90999984741211,8.90999984741211,8.90999984741211,452.0
2023-03-09 12:19:00,EQBK,28.100000381469727,28.100000381469727,28.100000381469727,28.100000381469727,28.100000381469727,1053.0
2023-03-09 12:19:00,EWBC,68.52999877929688,68.52999877929688,68.5999984741211,68.52999877929688,68.58999633789062,1769.0
2023-03-09 12:19:00,FBIZ,33.63999938964844,33.63999938964844,33.63999938964844,33.63999938964844,33.63999938964844,312.0
2023-03-09 12:19:00,FBNC,38.40999984741211,38.40999984741211,38.40999984741211,38.40999984741211,38.40999984741211,176.0
2023-03-09 12:19:00,FCRD,4.570000171661377,4.570000171661377,4.570000171661377,4.570000171661377,4.570000171661377,100.0
2023-03-09 12:19:00,FDUS,20.344999313354492,20.344999313354492,20.344999313354492,20.344999313354492,20.344999313354492,1167.0
2023-03-09 12:19:00,FFIC,17.270000457763672,17.270000457763672,17.270000457763672,17.270000457763672,17.270000457763672,458.0
2023-03-09 12:19:00,FFIN,33.85499954223633,33.85499954223633,33.85499954223633,33.85499954223633,33.85499954223633,381.0
2023-03-09 12:19:00,FFWM,13.029999732971191,13.029999732971191,13.029999732971191,13.029999732971191,13.029999732971191,500.0
2023-03-09 12:19:00,FHB,24.100000381469727,24.100000381469727,24.100000381469727,24.100000381469727,24.100000381469727,377.0
2023-03-09 12:19:00,FIBK,32.54999923706055,32.54999923706055,32.55500030517578,32.54990005493164,32.54990005493164,1635.0
2023-03-09 12:19:00,FITB,32.3650016784668,32.3650016784668,32.380001068115234,32.349998474121094,32.369998931884766,5762.0
2023-03-09 12:19:00,FMNB,13.199999809265137,13.199999809265137,13.199999809265137,13.199999809265137,13.199999809265137,387.0
2023-03-09 12:19:00,FNCB,7.300000190734863,7.300000190734863,7.300000190734863,7.300000190734863,7.300000190734863,5182.0
2023-03-09 12:19:00,FRBK,1.7549999952316284,1.7549999952316284,1.7549999952316284,1.7549999952316284,1.7549999952316284,146.0
2023-03-09 12:19:00,FRME,37.75,37.75,37.75,37.75,37.75,171.0
2023-03-09 12:19:00,FUTU,46.525001525878906,46.525001525878906,46.54999923706055,46.4900016784668,46.52000045776367,1101.0
2023-03-09 12:19:00,GBDC,13.4350004196167,13.4350004196167,13.4350004196167,13.4350004196167,13.4350004196167,1542.0
2023-03-09 12:19:00,GGAL,12.845000267028809,12.845000267028809,12.845000267028809,12.831999778747559,12.84000015258789,1021.0
2023-03-09 12:19:00,GLRE,10.010000228881836,10.010000228881836,10.010000228881836,10.010000228881836,10.010000228881836,100.0
2023-03-09 12:19:00,GOCO,18.639999389648438,18.639999389648438,18.639999389648438,18.639999389648438,18.639999389648438,121.0
2023-03-09 12:19:00,GROW,2.6630001068115234,2.6630001068115234,2.6630001068115234,2.6630001068115234,2.6630001068115234,385.0
2023-03-09 12:19:00,GSHD,52.7599983215332,52.7599983215332,52.7599983215332,52.75,52.75,755.0
2023-03-09 12:19:00,GXII,10.119999885559082,10.119999885559082,10.119999885559082,10.119999885559082,10.119999885559082,100.0
2023-03-09 12:19:00,HBAN,13.960000038146973,13.960000038146973,13.989999771118164,13.960000038146973,13.984999656677246,38144.0
2023-03-09 12:19:00,HBNC,13.920000076293945,13.920000076293945,13.920000076293945,13.920000076293945,13.920000076293945,545.0
2023-03-09 12:19:00,HFWA,24.735000610351562,24.735000610351562,24.75,24.735000610351562,24.75,200.0
2023-03-09 12:19:00,HGBL,2.4827001094818115,2.4827001094818115,2.4827001094818115,2.4827001094818115,2.4827001094818115,150.0
2023-03-09 12:19:00,HMST,22.709999084472656,22.709999084472656,22.709999084472656,22.684999465942383,22.684999465942383,254.0
2023-03-09 12:19:00,HOPE,11.914999961853027,11.914999961853027,11.914999961853027,11.90999984741211,11.90999984741211,1592.0
2023-03-09 12:19:00,HTLF,45.72999954223633,45.72999954223633,45.72999954223633,45.72999954223633,45.72999954223633,269.0
2023-03-09 12:19:00,HUT,1.3799999952316284,1.3799999952316284,1.3799999952316284,1.3701000213623047,1.375,19177.0
2023-03-09 12:19:00,HWC,44.33000183105469,44.33000183105469,44.34000015258789,44.33000183105469,44.34000015258789,912.0
2023-03-09 12:19:00,IBKR,87.45500183105469,87.45500183105469,87.45500183105469,87.45500183105469,87.45500183105469,232.0
2023-03-09 12:19:00,IBOC,45.150001525878906,45.150001525878906,45.150001525878906,45.150001525878906,45.150001525878906,954.0
2023-03-09 12:19:00,ICMB,3.9600000381469727,3.9600000381469727,3.9600000381469727,3.9600000381469727,3.9600000381469727,462.0
2023-03-09 12:19:00,IGIC,8.260000228881836,8.260000228881836,8.279999732971191,8.260000228881836,8.279999732971191,1515.0
2023-03-09 12:19:00,INBK,24.010000228881836,24.010000228881836,24.010000228881836,24.010000228881836,24.010000228881836,223.0
2023-03-09 12:19:00,INDB,71.73999786376953,71.73999786376953,71.79000091552734,71.73999786376953,71.79000091552734,402.0
2023-03-09 12:20:00,ACGL,69.87999725341797,69.87999725341797,69.87999725341797,69.8499984741211,69.87000274658203,6723.0
2023-03-09 12:20:00,ACT,24.125,24.125,24.125,24.125,24.125,232.0
2023-03-09 12:20:00,ARCC,18.97010040283203,18.97010040283203,18.975000381469727,18.969999313354492,18.975000381469727,10806.0
2023-03-09 12:20:00,AUB,37.060001373291016,37.060001373291016,37.060001373291016,37.04999923706055,37.04999923706055,454.0
2023-03-09 12:20:00,BCBP,15.890000343322754,15.890000343322754,15.890000343322754,15.890000343322754,15.890000343322754,100.0
2023-03-09 12:20:00,BFST,18.670000076293945,18.670000076293945,18.670000076293945,18.670000076293945,18.670000076293945,1062.0
2023-03-09 12:20:00,BGCP,4.994999885559082,4.994999885559082,4.994999885559082,4.994999885559082,4.994999885559082,210.0
2023-03-09 12:20:00,BHF,53.0099983215332,53.0099983215332,53.08000183105469,53.0099983215332,53.08000183105469,1365.0
2023-03-09 12:20:00,BITF,0.7620999813079834,0.7620999813079834,0.7620999813079834,0.7620000243186951,0.7620000243186951,300.0
2023-03-09 12:20:00,BRP,26.08300018310547,26.08300018310547,26.09000015258789,26.079999923706055,26.09000015258789,1308.0
2023-03-09 12:20:00,BSRR,19.459999084472656,19.459999084472656,19.459999084472656,19.459999084472656,19.459999084472656,715.0
2023-03-09 12:20:00,BTBT,1.1394000053405762,1.1394000053405762,1.1456999778747559,1.1394000053405762,1.1456999778747559,10655.0
2023-03-09 12:20:00,CALB,24.75,24.75,24.75,24.75,24.75,210.0
2023-03-09 12:20:00,CARE,16.325000762939453,16.325000762939453,16.325000762939453,16.325000762939453,16.325000762939453,450.0
2023-03-09 12:20:00,CASH,47.439998626708984,47.439998626708984,47.439998626708984,47.439998626708984,47.439998626708984,119.0
2023-03-09 12:20:00,CATY,39.5099983215332,39.5099983215332,39.56999969482422,39.5099983215332,39.56999969482422,1204.0
2023-03-09 12:20:00,CBNK,18.809999465942383,18.809999465942383,18.84000015258789,18.809999465942383,18.84000015258789,233.0
2023-03-09 12:20:00,CBSH,61.84000015258789,61.84000015258789,61.84199905395508,61.810001373291016,61.84199905395508,2675.0
2023-03-09 12:20:00,CCAP,14.930000305175781,14.930000305175781,14.930000305175781,14.90999984741211,14.90999984741211,6530.0
2023-03-09 12:20:00,CCNE,22.600000381469727,22.600000381469727,22.600000381469727,22.600000381469727,22.600000381469727,142.0
2023-03-09 12:20:00,CFFN,7.565000057220459,7.565000057220459,7.565000057220459,7.565000057220459,7.565000057220459,103.0
2023-03-09 12:20:00,CG,34.119998931884766,34.119998931884766,34.130001068115234,34.119998931884766,34.130001068115234,1441.0
2023-03-09 12:20:00,CHCO,91.04000091552734,91.04000091552734,91.04000091552734,91.04000091552734,91.04000091552734,383.0
2023-03-09 12:20:00,CIFR,1.4900000095367432,1.4900000095367432,1.4900000095367432,1.4900000095367432,1.4900000095367432,120.0
2023-03-09 12:20:00,CINF,116.61000061035156,116.61000061035156,116.61000061035156,116.61000061035156,116.61000061035156,280.0
2023-03-09 12:20:00,CME,178.4600067138672,178.4600067138672,178.4600067138672,178.3800048828125,178.4199981689453,2580.0
2023-03-09 12:20:00,COLB,25.309999465942383,25.309999465942383,25.309999465942383,25.25,25.250099182128906,9563.0
2023-03-09 12:20:00,COOP,44.36000061035156,44.36000061035156,44.375,44.36000061035156,44.375,682.0
2023-03-09 12:20:00,CSLM,10.319999694824219,10.319999694824219,10.319999694824219,10.319999694824219,10.319999694824219,300.0
2023-03-09 12:20:00,CSWC,18.459999084472656,18.459999084472656,18.459999084472656,18.448999404907227,18.448999404907227,2073.0
2023-03-09 12:20:00,CVBF,21.989999771118164,21.989999771118164,21.989999771118164,21.989999771118164,21.989999771118164,299.0
2023-03-09 12:20:00,CZWI,12.3100004196167,12.3100004196167,12.3100004196167,12.3100004196167,12.3100004196167,300.0
2023-03-09 12:20:00,DCOMP,19.83769989013672,19.83769989013672,19.83769989013672,19.83769989013672,19.83769989013672,100.0
2023-03-09 12:20:00,DWAC,14.089900016784668,14.089900016784668,14.089900016784668,14.089900016784668,14.089900016784668,568.0
2023-03-09 12:20:00,EBC,14.664999961853027,14.664999961853027,14.670000076293945,14.654999732971191,14.65999984741211,4446.0
2023-03-09 12:20:00,EGBN,40.75,40.75,40.75,40.720001220703125,40.75,816.0
2023-03-09 12:20:00,EHTH,8.919899940490723,8.919899940490723,8.919899940490723,8.919899940490723,8.919899940490723,255.0
2023-03-09 12:20:00,EWBC,68.55000305175781,68.55000305175781,68.55000305175781,68.55000305175781,68.55000305175781,195.0
2023-03-09 12:20:00,EZPW,8.829999923706055,8.829999923706055,8.835000038146973,8.829999923706055,8.829999923706055,629.0
2023-03-09 12:20:00,FBMS,28.6299991607666,28.6299991607666,28.6299991607666,28.6299991607666,28.6299991607666,234.0
2023-03-09 12:20:00,FCRD,4.570000171661377,4.570000171661377,4.570000171661377,4.570000171661377,4.570000171661377,192.0
2023-03-09 12:20:00,FHB,24.110000610351562,24.110000610351562,24.110000610351562,24.110000610351562,24.110000610351562,810.0
2023-03-09 12:20:00,FIBK,32.560001373291016,32.560001373291016,32.56999969482422,32.560001373291016,32.56999969482422,1321.0
2023-03-09 12:20:00,FITB,32.375,32.375,32.39500045776367,32.369998931884766,32.369998931884766,6155.0
2023-03-09 12:20:00,FITBI,25.190000534057617,25.190000534057617,25.190000534057617,25.190000534057617,25.190000534057617,1000.0
2023-03-09 12:20:00,FNCB,7.300000190734863,7.300000190734863,7.300000190734863,7.300000190734863,7.300000190734863,2279.0
2023-03-09 12:20:00,FOCS,51.70000076293945,51.70000076293945,51.709999084472656,51.70000076293945,51.709999084472656,600.0
2023-03-09 12:20:00,FRAF,32.400001525878906,32.400001525878906,32.400001525878906,32.400001525878906,32.400001525878906,121.0
2023-03-09 12:20:00,FRBK,1.75,1.75,1.75,1.75,1.75,3781.0
2023-03-09 12:20:00,FRHC,72.69609832763672,72.69609832763672,72.69609832763672,72.69609832763672,72.69609832763672,416.0
2023-03-09 12:20:00,FSEA,9.90999984741211,9.90999984741211,9.90999984741211,9.90999984741211,9.90999984741211,200.0
2023-03-09 12:20:00,FULT,15.8100004196167,15.8100004196167,15.8100004196167,15.8100004196167,15.8100004196167,804.0
2023-03-09 12:20:00,FUTU,46.5099983215332,46.5099983215332,46.54999923706055,46.5099983215332,46.54999923706055,533.0
2023-03-09 12:20:00,GCMG,8.430000305175781,8.430000305175781,8.4399995803833,8.430000305175781,8.4399995803833,426.0
2023-03-09 12:20:00,GFGDW,0.08160000294446945,0.08160000294446945,0.08160000294446945,0.08079999685287476,0.08160000294446945,6700.0
2023-03-09 12:20:00,GGAL,12.848999977111816,12.848999977111816,12.880000114440918,12.848999977111816,12.857999801635742,5086.0
2023-03-09 12:20:00,GLAD,9.880000114440918,9.880000114440918,9.880000114440918,9.880000114440918,9.880000114440918,200.0
2023-03-09 12:20:00,HAFC,21.989999771118164,21.989999771118164,22.009000778198242,21.989999771118164,22.0,1822.0
2023-03-09 12:20:00,HBAN,13.970000267028809,13.970000267028809,13.975000381469727,13.960000038146973,13.96500015258789,103201.0
2023-03-09 12:20:00,HBNC,13.920000076293945,13.920000076293945,13.9399995803833,13.920000076293945,13.930000305175781,1380.0
2023-03-09 12:20:00,HFWA,24.725000381469727,24.725000381469727,24.725000381469727,24.725000381469727,24.725000381469727,118.0
2023-03-09 12:20:00,HIVE,2.619999885559082,2.619999885559082,2.619999885559082,2.619999885559082,2.619999885559082,250.0
2023-03-09 12:20:00,HOPE,11.914400100708008,11.914400100708008,11.920000076293945,11.914400100708008,11.920000076293945,1119.0
2023-03-09 12:20:00,HTBK,11.010000228881836,11.010000228881836,11.010000228881836,11.010000228881836,11.010000228881836,480.0
2023-03-09 12:20:00,HUT,1.3700000047683716,1.3700000047683716,1.3799999952316284,1.3700000047683716,1.3799999952316284,10311.0
2023-03-09 12:20:00,HWC,44.3650016784668,44.3650016784668,44.3650016784668,44.349998474121094,44.349998474121094,518.0
2023-03-09 12:20:00,IBKR,87.45379638671875,87.45379638671875,87.45999908447266,87.45379638671875,87.45500183105469,1938.0
2023-03-09 12:20:00,INTR,2.0199999809265137,2.0199999809265137,2.0199999809265137,2.009999990463257,2.009999990463257,393.0
2023-03-09 12:21:00,ABCB,43.209999084472656,43.209999084472656,43.209999084472656,43.209999084472656,43.209999084472656,221.0
2023-03-09 12:21:00,ACGL,69.8499984741211,69.8499984741211,69.87999725341797,69.8499984741211,69.87999725341797,3182.0
2023-03-09 12:21:00,AIHS,0.8898000121116638,0.8898000121116638,0.8898000121116638,0.8898000121116638,0.8898000121116638,500.0
2023-03-09 12:21:00,AMRK,28.040000915527344,28.040000915527344,28.040000915527344,28.040000915527344,28.040000915527344,300.0
2023-03-09 12:21:00,APLD,2.130000114440918,2.130000114440918,2.130000114440918,2.130000114440918,2.130000114440918,100.0
2023-03-09 12:21:00,ARCC,18.96500015258789,18.96500015258789,18.969999313354492,18.961299896240234,18.969999313354492,4331.0
2023-03-09 12:21:00,BGCP,4.994999885559082,4.994999885559082,4.994999885559082,4.994999885559082,4.994999885559082,1149.0
2023-03-09 12:21:00,BHF,52.97999954223633,52.97999954223633,53.0099983215332,52.970001220703125,53.0099983215332,2571.0
2023-03-09 12:21:00,BITF,0.7620819807052612,0.7620819807052612,0.7620999813079834,0.7620000243186951,0.7620000243186951,1915.0
2023-03-09 12:21:00,BKCC,3.6600000858306885,3.6600000858306885,3.6600000858306885,3.6600000858306885,3.6600000858306885,221.0
2023-03-09 12:21:00,BPOP,62.7599983215332,62.7599983215332,62.7599983215332,62.7599983215332,62.7599983215332,1028.0
2023-03-09 12:21:00,BTBT,1.1399999856948853,1.1399999856948853,1.1399999856948853,1.1299999952316284,1.1299999952316284,201.0
2023-03-09 12:21:00,BUSE,22.579999923706055,22.579999923706055,22.579999923706055,22.579999923706055,22.579999923706055,115.0
2023-03-09 12:21:00,CBNK,18.84000015258789,18.84000015258789,18.84000015258789,18.84000015258789,18.84000015258789,103.0
2023-03-09 12:21:00,CBSH,61.810001373291016,61.810001373291016,61.810001373291016,61.779998779296875,61.779998779296875,818.0
2023-03-09 12:21:00,CCAP,14.925000190734863,14.925000190734863,14.925000190734863,14.925000190734863,14.925000190734863,159.0
2023-03-09 12:21:00,CCD,22.989999771118164,22.989999771118164,22.989999771118164,22.989999771118164,22.989999771118164,539.0
2023-03-09 12:21:00,CCNE,22.625,22.625,22.625,22.610000610351562,22.610000610351562,568.0
2023-03-09 12:21:00,CG,34.10499954223633,34.10499954223633,34.11000061035156,34.099998474121094,34.11000061035156,2912.0
2023-03-09 12:21:00,CME,178.41000366210938,178.41000366210938,178.47500610351562,178.40499877929688,178.47500610351562,962.0
2023-03-09 12:21:00,COLB,25.320100784301758,25.320100784301758,25.350000381469727,25.299999237060547,25.30500030517578,23388.0
2023-03-09 12:21:00,CSWC,18.450000762939453,18.450000762939453,18.450000762939453,18.440000534057617,18.440000534057617,2221.0
2023-03-09 12:21:00,CTBI,40.470001220703125,40.470001220703125,40.470001220703125,40.470001220703125,40.470001220703125,310.0
2023-03-09 12:21:00,CVBF,22.0,22.0,22.0,21.989999771118164,21.989999771118164,823.0
2023-03-09 12:21:00,DCOMP,19.149999618530273,19.149999618530273,19.149999618530273,19.149999618530273,19.149999618530273,100.0
2023-03-09 12:21:00,DWAC,14.09000015258789,14.09000015258789,14.09000015258789,14.089900016784668,14.089900016784668,837.0
2023-03-09 12:21:00,EBC,14.65999984741211,14.65999984741211,14.65999984741211,14.65999984741211,14.65999984741211,1190.0
2023-03-09 12:21:00,EHTH,8.920000076293945,8.920000076293945,8.920000076293945,8.920000076293945,8.920000076293945,307.0
2023-03-09 12:21:00,ESGRP,23.459999084472656,23.459999084472656,23.489999771118164,23.459999084472656,23.489999771118164,326.0
2023-03-09 12:21:00,EWBC,68.44999694824219,68.44999694824219,68.51000213623047,68.4000015258789,68.51000213623047,3409.0
2023-03-09 12:21:00,EZPW,8.835000038146973,8.835000038146973,8.835000038146973,8.824999809265137,8.829999923706055,1978.0
2023-03-09 12:21:00,FCNCA,653.1099853515625,653.1099853515625,653.1099853515625,653.1099853515625,653.1099853515625,208.0
2023-03-09 12:21:00,FCRD,4.570000171661377,4.570000171661377,4.570000171661377,4.570000171661377,4.570000171661377,25400.0
2023-03-09 12:21:00,FFIN,33.86000061035156,33.86000061035156,33.86000061035156,33.86000061035156,33.86000061035156,247.0
2023-03-09 12:21:00,FFWM,13.050000190734863,13.050000190734863,13.050000190734863,13.029999732971191,13.029999732971191,4476.0
2023-03-09 12:21:00,FHB,24.114999771118164,24.114999771118164,24.1299991607666,24.100000381469727,24.100000381469727,10513.0
2023-03-09 12:21:00,FIBK,32.584999084472656,32.584999084472656,32.584999084472656,32.56999969482422,32.56999969482422,762.0
2023-03-09 12:21:00,FINW,9.260000228881836,9.260000228881836,9.345999717712402,9.260000228881836,9.270000457763672,1100.0
2023-03-09 12:21:00,FITB,32.3849983215332,32.3849983215332,32.3849983215332,32.369998931884766,32.369998931884766,3889.0
2023-03-09 12:21:00,FLIC,16.206600189208984,16.206600189208984,16.206600189208984,16.206600189208984,16.206600189208984,682.0
2023-03-09 12:21:00,FMNB,13.194999694824219,13.194999694824219,13.194999694824219,13.194999694824219,13.194999694824219,467.0
2023-03-09 12:21:00,FNCB,7.300000190734863,7.300000190734863,7.300000190734863,7.300000190734863,7.300000190734863,1500.0
2023-03-09 12:21:00,FOCS,51.689998626708984,51.689998626708984,51.70500183105469,51.689998626708984,51.70000076293945,23834.0
2023-03-09 12:21:00,FRBK,1.7549999952316284,1.7549999952316284,1.7549999952316284,1.7549999952316284,1.7549999952316284,100.0
2023-03-09 12:21:00,FULT,15.8100004196167,15.8100004196167,15.8100004196167,15.8100004196167,15.8100004196167,1469.0
2023-03-09 12:21:00,FUTU,46.529998779296875,46.529998779296875,46.53499984741211,46.5099983215332,46.5099983215332,1571.0
2023-03-09 12:21:00,GABC,35.810001373291016,35.810001373291016,35.810001373291016,35.810001373291016,35.810001373291016,288.0
2023-03-09 12:21:00,GAIN,13.710000038146973,13.710000038146973,13.710000038146973,13.710000038146973,13.710000038146973,289.0
2023-03-09 12:21:00,GBDC,13.4399995803833,13.4399995803833,13.4399995803833,13.439499855041504,13.439499855041504,1358.0
2023-03-09 12:21:00,GGAL,12.859999656677246,12.859999656677246,12.869999885559082,12.859999656677246,12.869999885559082,489.0
2023-03-09 12:21:00,GLRE,10.010000228881836,10.010000228881836,10.010000228881836,10.010000228881836,10.010000228881836,100.0
2023-03-09 12:21:00,GXII,10.119999885559082,10.119999885559082,10.119999885559082,10.119999885559082,10.119999885559082,100.0
2023-03-09 12:21:00,HBAN,13.975000381469727,13.975000381469727,13.975000381469727,13.949999809265137,13.969499588012695,58995.0
2023-03-09 12:21:00,HBNC,13.930000305175781,13.930000305175781,13.930000305175781,13.930000305175781,13.930000305175781,124.0
2023-03-09 12:21:00,HBT,22.010000228881836,22.010000228881836,22.010000228881836,22.010000228881836,22.010000228881836,146.0
2023-03-09 12:21:00,HIVE,2.615000009536743,2.615000009536743,2.619499921798706,2.615000009536743,2.619499921798706,220.0
2023-03-09 12:21:00,HMST,22.720800399780273,22.720800399780273,22.720800399780273,22.720800399780273,22.720800399780273,150.0
2023-03-09 12:21:00,HOPE,11.914999961853027,11.914999961853027,11.914999961853027,11.914999961853027,11.914999961853027,146.0
2023-03-09 12:21:00,HTBK,11.010000228881836,11.010000228881836,11.010000228881836,11.010000228881836,11.010000228881836,157.0
2023-03-09 12:21:00,HUT,1.3799999952316284,1.3799999952316284,1.3799999952316284,1.3700000047683716,1.378499984741211,59183.0
2023-03-09 12:21:00,HWC,44.34000015258789,44.34000015258789,44.34000015258789,44.34000015258789,44.34000015258789,1492.0
2023-03-09 12:21:00,IBKR,87.45999908447266,87.45999908447266,87.45999908447266,87.45999908447266,87.45999908447266,914.0
2023-03-09 12:22:00,ABCB,43.2400016784668,43.2400016784668,43.2400016784668,43.22999954223633,43.22999954223633,1212.0
2023-03-09 12:22:00,ACGL,69.87999725341797,69.87999725341797,69.88999938964844,69.8499984741211,69.8499984741211,11843.0
2023-03-09 12:22:00,ACGLN,18.809999465942383,18.809999465942383,18.809999465942383,18.809999465942383,18.809999465942383,330.0
2023-03-09 12:22:00,ARCC,18.969999313354492,18.969999313354492,18.969999313354492,18.96500015258789,18.968000411987305,6860.0
2023-03-09 12:22:00,AUB,37.06999969482422,37.06999969482422,37.06999969482422,37.0536994934082,37.0536994934082,795.0
2023-03-09 12:22:00,BCBP,15.901399612426758,15.901399612426758,15.901399612426758,15.901399612426758,15.901399612426758,200.0
2023-03-09 12:22:00,BGCP,4.994999885559082,4.994999885559082,4.994999885559082,4.994999885559082,4.994999885559082,1295.0
2023-03-09 12:22:00,BHF,53.06999969482422,53.06999969482422,53.06999969482422,53.040000915527344,53.040000915527344,1153.0
2023-03-09 12:22:00,BHFAN,18.75,18.75,18.75,18.75,18.75,177.0
2023-03-09 12:22:00,BHFAP,24.5,24.5,24.5,24.5,24.5,143.0
2023-03-09 12:22:00,BITF,0.7620000243186951,0.7620000243186951,0.7620999813079834,0.7620000243186951,0.7620000243186951,1910.0
2023-03-09 12:22:00,BMRC,27.135000228881836,27.135000228881836,27.135000228881836,27.090099334716797,27.090099334716797,614.0
2023-03-09 12:22:00,BRKL,11.59000015258789,11.59000015258789,11.59000015258789,11.59000015258789,11.59000015258789,1047.0
2023-03-09 12:22:00,BTBT,1.1399999856948853,1.1399999856948853,1.1399999856948853,1.1399999856948853,1.1399999856948853,740.0
2023-03-09 12:22:00,BWBBP,20.1299991607666,20.1299991607666,20.322999954223633,20.1299991607666,20.200000762939453,0.0
2023-03-09 12:22:00,CARE,16.3700008392334,16.3700008392334,16.3700008392334,16.34000015258789,16.34000015258789,894.0
2023-03-09 12:22:00,CASH,47.41999816894531,47.41999816894531,47.41999816894531,47.41999816894531,47.41999816894531,303.0
2023-03-09 12:22:00,CBSH,61.84000015258789,61.84000015258789,61.86000061035156,61.84000015258789,61.84000015258789,558.0
2023-03-09 12:22:00,CCAP,14.930000305175781,14.930000305175781,14.930000305175781,14.930000305175781,14.930000305175781,290.0
2023-03-09 12:22:00,CFFN,7.565000057220459,7.565000057220459,7.565000057220459,7.565000057220459,7.565000057220459,853.0
2023-03-09 12:22:00,CG,34.119998931884766,34.119998931884766,34.119998931884766,34.11000061035156,34.11000061035156,1775.0
2023-03-09 12:22:00,CIFR,1.4800000190734863,1.4800000190734863,1.4807000160217285,1.4800000190734863,1.4807000160217285,865.0
2023-03-09 12:22:00,CINF,116.6449966430664,116.6449966430664,116.6449966430664,116.6449966430664,116.6449966430664,253.0
2023-03-09 12:22:00,CME,178.4199981689453,178.4199981689453,178.47000122070312,178.4199981689453,178.4199981689453,2644.0
2023-03-09 12:22:00,COLB,25.344999313354492,25.344999313354492,25.344999313354492,25.325000762939453,25.325000762939453,2835.0
2023-03-09 12:22:00,COOP,44.310001373291016,44.310001373291016,44.310001373291016,44.310001373291016,44.310001373291016,117.0
2023-03-09 12:22:00,CRVL,179.16000366210938,179.16000366210938,179.1999969482422,179.13999938964844,179.13999938964844,1626.0
2023-03-09 12:22:00,CVBF,22.0049991607666,22.0049991607666,22.0049991607666,22.0049991607666,22.0049991607666,209.0
2023-03-09 12:22:00,CWBC,14.949999809265137,14.949999809265137,14.949999809265137,14.949999809265137,14.949999809265137,131.0
2023-03-09 12:22:00,DCOMP,19.83769989013672,19.83769989013672,19.83769989013672,19.83769989013672,19.83769989013672,464.0
2023-03-09 12:22:00,DWAC,14.089900016784668,14.089900016784668,14.089900016784668,14.089900016784668,14.089900016784668,250.0
2023-03-09 12:22:00,EBC,14.664999961853027,14.664999961853027,14.664999961853027,14.664999961853027,14.664999961853027,5209.0
2023-03-09 12:22:00,ECPG,50.6349983215332,50.6349983215332,50.65999984741211,50.57500076293945,50.57500076293945,2600.0
2023-03-09 12:22:00,ESGRP,23.3799991607666,23.3799991607666,23.3799991607666,23.3799991607666,23.3799991607666,112.0
2023-03-09 12:22:00,EWBC,68.45999908447266,68.45999908447266,68.48999786376953,68.45999908447266,68.46549987792969,2869.0
2023-03-09 12:22:00,EZPW,8.835000038146973,8.835000038146973,8.84000015258789,8.835000038146973,8.84000015258789,482.0
2023-03-09 12:22:00,FBMS,28.670000076293945,28.670000076293945,28.670000076293945,28.65999984741211,28.65999984741211,315.0
2023-03-09 12:22:00,FCFS,88.16500091552734,88.16500091552734,88.16500091552734,88.16500091552734,88.16500091552734,448.0
2023-03-09 12:22:00,FCNCA,652.7000122070312,652.7000122070312,653.3099975585938,652.7000122070312,653.3099975585938,629.0
2023-03-09 12:22:00,FFIN,33.85499954223633,33.85499954223633,33.85499954223633,33.85499954223633,33.85499954223633,141.0
2023-03-09 12:22:00,FFWM,13.0600004196167,13.0600004196167,13.0600004196167,13.0600004196167,13.0600004196167,377.0
2023-03-09 12:22:00,FIBK,32.58000183105469,32.58000183105469,32.58000183105469,32.58000183105469,32.58000183105469,535.0
2023-03-09 12:22:00,FITB,32.380001068115234,32.380001068115234,32.39500045776367,32.375,32.3849983215332,3624.0
2023-03-09 12:22:00,FITBI,25.219900131225586,25.219900131225586,25.219900131225586,25.219900131225586,25.219900131225586,201.0
2023-03-09 12:22:00,FITBO,22.15999984741211,22.15999984741211,22.15999984741211,22.15999984741211,22.15999984741211,228.0
2023-03-09 12:22:00,FNCB,7.300000190734863,7.300000190734863,7.300000190734863,7.289999961853027,7.300000190734863,1500.0
2023-03-09 12:22:00,FRAF,32.689998626708984,32.689998626708984,32.689998626708984,32.689998626708984,32.689998626708984,100.0
2023-03-09 12:22:00,FRBK,1.7549999952316284,1.7549999952316284,1.7549999952316284,1.7549999952316284,1.7549999952316284,101.0
2023-03-09 12:22:00,FULT,15.8149995803833,15.8149995803833,15.8149995803833,15.8149995803833,15.8149995803833,108.0
2023-03-09 12:22:00,FULTP,20.799999237060547,20.799999237060547,20.799999237060547,20.799999237060547,20.799999237060547,110.0
2023-03-09 12:22:00,FUTU,46.54999923706055,46.54999923706055,46.560001373291016,46.52000045776367,46.52000045776367,4160.0
2023-03-09 12:22:00,GAIN,13.710000038146973,13.710000038146973,13.710000038146973,13.710000038146973,13.710000038146973,819.0
2023-03-09 12:22:00,GCMG,8.430000305175781,8.430000305175781,8.430000305175781,8.430000305175781,8.430000305175781,214.0
2023-03-09 12:22:00,GLAD,9.880000114440918,9.880000114440918,9.880000114440918,9.880000114440918,9.880000114440918,209.0
2023-03-09 12:22:00,GSHD,52.76499938964844,52.76499938964844,52.76499938964844,52.76499938964844,52.76499938964844,263.0
2023-03-09 12:22:00,HAFC,22.000099182128906,22.000099182128906,22.010000228881836,22.0,22.010000228881836,3867.0
2023-03-09 12:22:00,HBAN,13.986599922180176,13.986599922180176,13.986599922180176,13.970000267028809,13.970000267028809,17534.0
2023-03-09 12:22:00,HBT,22.010000228881836,22.010000228881836,22.010000228881836,22.010000228881836,22.010000228881836,232.0
2023-03-09 12:22:00,HMST,22.71500015258789,22.71500015258789,22.71500015258789,22.71500015258789,22.71500015258789,109.0
2023-03-09 12:22:00,HONE,12.760000228881836,12.760000228881836,12.760000228881836,12.760000228881836,12.760000228881836,206.0
2023-03-09 12:22:00,HOPE,11.930000305175781,11.930000305175781,11.930000305175781,11.920000076293945,11.920000076293945,1737.0
2023-03-09 12:22:00,HORI,10.399999618530273,10.399999618530273,10.399999618530273,10.399999618530273,10.399999618530273,0.0
2023-03-09 12:22:00,HUT,1.371500015258789,1.371500015258789,1.3799999952316284,1.371500015258789,1.3798999786376953,46472.0
2023-03-09 12:22:00,HWC,44.31999969482422,44.31999969482422,44.34000015258789,44.31999969482422,44.34000015258789,6632.0
2023-03-09 12:22:00,IBCP,20.540000915527344,20.540000915527344,20.549999237060547,20.530000686645508,20.549999237060547,3087.0
2023-03-09 12:22:00,IBKR,87.62999725341797,87.62999725341797,87.62999725341797,87.5,87.5,3773.0
2023-03-09 12:22:00,IGIC,8.319999694824219,8.319999694824219,8.319999694824219,8.279999732971191,8.279999732971191,702.0
2023-03-09 12:22:00,IGTA,10.3100004196167,10.3100004196167,10.3100004196167,10.3100004196167,10.3100004196167,200.0
2023-03-09 12:22:00,INDB,71.81999969482422,71.81999969482422,71.81999969482422,71.81999969482422,71.81999969482422,558.0
2023-03-09 12:22:00,INTR,2.009999990463257,2.009999990463257,2.009999990463257,2.009999990463257,2.009999990463257,222.0
2023-03-09 12:23:00,ABCB,43.2599983215332,43.2599983215332,43.2599983215332,43.244998931884766,43.244998931884766,907.0
2023-03-09 12:23:00,ACGL,69.88999938964844,69.88999938964844,69.9000015258789,69.87999725341797,69.88999938964844,5827.0
2023-03-09 12:23:00,ALOR,10.350000381469727,10.350000381469727,10.350000381469727,10.350000381469727,10.350000381469727,0.0
2023-03-09 12:23:00,AMAL,21.040000915527344,21.040000915527344,21.040000915527344,21.040000915527344,21.040000915527344,1080.0
2023-03-09 12:23:00,AMRK,28.040000915527344,28.040000915527344,28.040000915527344,28.040000915527344,28.040000915527344,391.0
2023-03-09 12:23:00,APLD,2.125,2.125,2.125,2.125,2.125,138.0
2023-03-09 12:23:00,ARBK,1.4930000305175781,1.4930000305175781,1.4930000305175781,1.4914000034332275,1.4914000034332275,505.0
2023-03-09 12:23:00,ARCC,18.954999923706055,18.954999923706055,18.97800064086914,18.954999923706055,18.975000381469727,77018.0
2023-03-09 12:23:00,AUB,37.060001373291016,37.060001373291016,37.084999084472656,37.060001373291016,37.060001373291016,2310.0
2023-03-09 12:23:00,BANR,58.36000061035156,58.36000061035156,58.36000061035156,58.34000015258789,58.34000015258789,741.0
2023-03-09 12:23:00,BCBP,15.930000305175781,15.930000305175781,15.930000305175781,15.90999984741211,15.90999984741211,1688.0
2023-03-09 12:23:00,BGCP,4.994999885559082,4.994999885559082,4.994999885559082,4.994999885559082,4.994999885559082,2127.0
2023-03-09 12:23:00,BHF,53.05149841308594,53.05149841308594,53.11000061035156,53.04999923706055,53.11000061035156,2094.0
2023-03-09 12:23:00,BITF,0.7616999745368958,0.7616999745368958,0.7620819807052612,0.7616999745368958,0.7620819807052612,3157.0
2023-03-09 12:23:00,BKCC,3.6600000858306885,3.6600000858306885,3.6600000858306885,3.6600000858306885,3.6600000858306885,288.0
2023-03-09 12:23:00,BOKF,96.55000305175781,96.55000305175781,96.55000305175781,96.48999786376953,96.51000213623047,664.0
2023-03-09 12:23:00,BOTJ,13.050000190734863,13.050000190734863,13.050000190734863,13.010000228881836,13.050000190734863,600.0
2023-03-09 12:23:00,BPOP,62.81999969482422,62.81999969482422,62.81999969482422,62.779998779296875,62.779998779296875,1557.0
2023-03-09 12:23:00,BRP,26.06999969482422,26.06999969482422,26.110000610351562,26.06999969482422,26.110000610351562,4095.0
2023-03-09 12:23:00,BTBT,1.1399999856948853,1.1399999856948853,1.1399999856948853,1.1399999856948853,1.1399999856948853,300.0
2023-03-09 12:23:00,BTWN,10.041299819946289,10.041299819946289,10.041299819946289,10.041299819946289,10.041299819946289,100.0
2023-03-09 12:23:00,BUSE,22.59000015258789,22.59000015258789,22.59000015258789,22.579999923706055,22.579999923706055,355.0
2023-03-09 12:23:00,BWB,13.4399995803833,13.4399995803833,13.4399995803833,13.4399995803833,13.4399995803833,299.0
2023-03-09 12:23:00,CACC,439.1700134277344,439.1700134277344,439.1700134277344,438.6000061035156,438.6000061035156,1177.0
2023-03-09 12:23:00,CARE,16.364999771118164,16.364999771118164,16.3700008392334,16.364999771118164,16.3700008392334,758.0
2023-03-09 12:23:00,CASH,47.40999984741211,47.40999984741211,47.40999984741211,47.40999984741211,47.40999984741211,620.0
2023-03-09 12:23:00,CATC,70.94000244140625,70.94000244140625,70.94000244140625,70.94000244140625,70.94000244140625,236.0
2023-03-09 12:23:00,CATY,39.529998779296875,39.529998779296875,39.54999923706055,39.529998779296875,39.540000915527344,917.0
2023-03-09 12:23:00,CBSH,61.86000061035156,61.86000061035156,61.86000061035156,61.86000061035156,61.86000061035156,597.0
2023-03-09 12:23:00,CCB,42.720001220703125,42.720001220703125,42.720001220703125,42.720001220703125,42.720001220703125,223.0
2023-03-09 12:23:00,CFB,12.390000343322754,12.390000343322754,12.390000343322754,12.390000343322754,12.390000343322754,1213.0
2023-03-09 12:23:00,CFFN,7.570000171661377,7.570000171661377,7.570000171661377,7.565000057220459,7.565000057220459,854.0
2023-03-09 12:23:00,CG,34.14500045776367,34.14500045776367,34.150001525878906,34.130001068115234,34.130001068115234,2938.0
2023-03-09 12:23:00,CHW,6.059999942779541,6.059999942779541,6.059999942779541,6.059999942779541,6.059999942779541,103.0
2023-03-09 12:23:00,CINF,116.70999908447266,116.70999908447266,116.70999908447266,116.6449966430664,116.6449966430664,1454.0
2023-03-09 12:23:00,CLBK,19.704999923706055,19.704999923706055,19.704999923706055,19.704999923706055,19.704999923706055,736.0
2023-03-09 12:23:00,CLRC,10.354999542236328,10.354999542236328,10.359999656677246,10.354999542236328,10.359999656677246,95400.0
2023-03-09 12:23:00,CME,178.47999572753906,178.47999572753906,178.47999572753906,178.38999938964844,178.38999938964844,2261.0
2023-03-09 12:23:00,COLB,25.385000228881836,25.385000228881836,25.405000686645508,25.350000381469727,25.350000381469727,19341.0
2023-03-09 12:23:00,COOP,44.470001220703125,44.470001220703125,44.470001220703125,44.36000061035156,44.36000061035156,4859.0
2023-03-09 12:23:00,CVBF,22.020000457763672,22.020000457763672,22.030000686645508,22.0049991607666,22.0049991607666,4710.0
2023-03-09 12:23:00,DGICA,15.130000114440918,15.130000114440918,15.130000114440918,15.130000114440918,15.130000114440918,239.0
2023-03-09 12:23:00,EBC,14.680000305175781,14.680000305175781,14.680000305175781,14.670000076293945,14.670000076293945,1067.0
2023-03-09 12:23:00,EFSC,51.779998779296875,51.779998779296875,51.779998779296875,51.779998779296875,51.779998779296875,228.0
2023-03-09 12:23:00,EGBN,40.790000915527344,40.790000915527344,40.790000915527344,40.7599983215332,40.7599983215332,639.0
2023-03-09 12:23:00,EHTH,8.930000305175781,8.930000305175781,8.949999809265137,8.920000076293945,8.920000076293945,2384.0
2023-03-09 12:23:00,ESGRP,23.3799991607666,23.3799991607666,23.3799991607666,23.3799991607666,23.3799991607666,392.0
2023-03-09 12:23:00,EWBC,68.44000244140625,68.44000244140625,68.51000213623047,68.44000244140625,68.4800033569336,1723.0
2023-03-09 12:23:00,EZPW,8.835000038146973,8.835000038146973,8.835000038146973,8.835000038146973,8.835000038146973,167.0
2023-03-09 12:23:00,FBMS,28.68000030517578,28.68000030517578,28.68000030517578,28.68000030517578,28.68000030517578,1276.0
2023-03-09 12:23:00,FCNCA,653.030029296875,653.030029296875,653.030029296875,653.030029296875,653.030029296875,898.0
2023-03-09 12:23:00,FFBC,22.600000381469727,22.600000381469727,22.600000381469727,22.579999923706055,22.579999923706055,1423.0
2023-03-09 12:23:00,FFIC,17.280000686645508,17.280000686645508,17.290000915527344,17.280000686645508,17.290000915527344,1049.0
2023-03-09 12:23:00,FFIN,33.86000061035156,33.86000061035156,33.880001068115234,33.86000061035156,33.86000061035156,1974.0
2023-03-09 12:23:00,FFWM,13.0649995803833,13.0649995803833,13.069999694824219,13.050000190734863,13.050000190734863,2054.0
2023-03-09 12:23:00,FHB,24.170000076293945,24.170000076293945,24.170000076293945,24.1299991607666,24.1299991607666,1655.0
2023-03-09 12:23:00,FIBK,32.59000015258789,32.59000015258789,32.599998474121094,32.59000015258789,32.599998474121094,882.0
2023-03-09 12:23:00,FITB,32.400001525878906,32.400001525878906,32.415000915527344,32.380001068115234,32.380001068115234,4480.0
2023-03-09 12:23:00,FMAO,23.762500762939453,23.762500762939453,23.762500762939453,23.762500762939453,23.762500762939453,244.0
2023-03-09 12:23:00,FMNB,13.1899995803833,13.1899995803833,13.194999694824219,13.1899995803833,13.194999694824219,1497.0
2023-03-09 12:23:00,FNCB,7.300000190734863,7.300000190734863,7.300000190734863,7.300000190734863,7.300000190734863,310.0
2023-03-09 12:23:00,FOCS,51.70500183105469,51.70500183105469,51.709999084472656,51.70000076293945,51.70000076293945,2023.0
2023-03-09 12:23:00,FRAF,32.4900016784668,32.4900016784668,32.4900016784668,32.4900016784668,32.4900016784668,200.0
2023-03-09 12:23:00,FRBK,1.7549999952316284,1.7549999952316284,1.7549999952316284,1.75,1.75,548.0
2023-03-09 12:23:00,FRME,37.77000045776367,37.77000045776367,37.77000045776367,37.77000045776367,37.77000045776367,507.0
2023-03-09 12:23:00,FULT,15.824999809265137,15.824999809265137,15.829999923706055,15.819999694824219,15.819999694824219,489.0
2023-03-09 12:23:00,FUTU,46.529998779296875,46.529998779296875,46.56999969482422,46.529998779296875,46.540000915527344,2659.0
2023-03-09 12:23:00,GABC,35.86000061035156,35.86000061035156,35.86000061035156,35.84000015258789,35.84000015258789,505.0
2023-03-09 12:23:00,GGAL,12.869999885559082,12.869999885559082,12.869999885559082,12.869999885559082,12.869999885559082,201.0
2023-03-09 12:23:00,GSHD,52.779998779296875,52.779998779296875,52.779998779296875,52.70000076293945,52.7400016784668,1112.0
2023-03-09 12:23:00,GXII,10.119999885559082,10.119999885559082,10.119999885559082,10.119999885559082,10.119999885559082,100.0
2023-03-09 12:23:00,HBAN,13.994999885559082,13.994999885559082,13.996500015258789,13.984999656677246,13.984999656677246,30768.0
2023-03-09 12:23:00,HBNC,13.949999809265137,13.949999809265137,13.949999809265137,13.930000305175781,13.930000305175781,759.0
2023-03-09 12:23:00,HIVE,2.625,2.625,2.625,2.619999885559082,2.619999885559082,1882.0
2023-03-09 12:23:00,HLNE,76.36000061035156,76.36000061035156,76.36000061035156,76.36000061035156,76.36000061035156,769.0
2023-03-09 12:23:00,HOPE,11.930000305175781,11.930000305175781,11.9350004196167,11.930000305175781,11.930000305175781,3192.0
2023-03-09 12:23:00,HTBI,27.670000076293945,27.670000076293945,27.670000076293945,27.670000076293945,27.670000076293945,112.0
2023-03-09 12:23:00,HTBK,11.020000457763672,11.020000457763672,11.020000457763672,11.020000457763672,11.020000457763672,922.0
2023-03-09 12:23:00,HTLF,45.77000045776367,45.77000045776367,45.77000045776367,45.7400016784668,45.7400016784668,1038.0
2023-03-09 12:23:00,HUT,1.3798999786376953,1.3798999786376953,1.3799999952316284,1.371899962425232,1.3782999515533447,38678.0
2023-03-09 12:23:00,HWC,44.3650016784668,44.3650016784668,44.3650016784668,44.3650016784668,44.3650016784668,143.0
2023-03-09 12:23:00,IBCP,20.559999465942383,20.559999465942383,20.559999465942383,20.559999465942383,20.559999465942383,129.0
2023-03-09 12:23:00,IBKR,87.65249633789062,87.65249633789062,87.73999786376953,87.6500015258789,87.69000244140625,1322.0
2023-03-09 12:23:00,IBTX,52.880001068115234,52.880001068115234,53.040000915527344,52.849998474121094,53.0099983215332,4272.0
2023-03-09 12:23:00,IGIC,8.300000190734863,8.300000190734863,8.300000190734863,8.300000190734863,8.300000190734863,100.0
2023-03-09 12:23:00,IGTA,10.369999885559082,10.369999885559082,10.453700065612793,10.3100004196167,10.3100004196167,3500.0
2023-03-09 12:23:00,INDB,71.73999786376953,71.73999786376953,71.8550033569336,71.73999786376953,71.8550033569336,3502.0
2023-03-09 12:24:00,ABCB,43.27000045776367,43.27000045776367,43.27000045776367,43.25,43.27000045776367,1065.0
2023-03-09 12:24:00,ACGL,69.95500183105469,69.95500183105469,69.95500183105469,69.9000015258789,69.9000015258789,5381.0
2023-03-09 12:24:00,ARCC,18.934999465942383,18.934999465942383,18.95989990234375,18.934999465942383,18.95989990234375,22473.0
2023-03-09 12:24:00,AUB,37.04999923706055,37.04999923706055,37.06999969482422,37.04999923706055,37.060001373291016,3365.0
2023-03-09 12:24:00,BCML,19.3799991607666,19.3799991607666,19.3799991607666,19.3799991607666,19.3799991607666,101.0
2023-03-09 12:24:00,BFST,18.670000076293945,18.670000076293945,18.68000030517578,18.670000076293945,18.68000030517578,250.0
2023-03-09 12:24:00,BGCP,4.994999885559082,4.994999885559082,4.998899936676025,4.994999885559082,4.998899936676025,2887.0
2023-03-09 12:24:00,BITF,0.7616999745368958,0.7616999745368958,0.7616999745368958,0.7616000175476074,0.7616999745368958,7513.0
2023-03-09 12:24:00,BMRC,27.135000228881836,27.135000228881836,27.135000228881836,27.135000228881836,27.135000228881836,5203.0
2023-03-09 12:24:00,BPOP,62.790000915527344,62.790000915527344,62.790000915527344,62.7599983215332,62.779998779296875,1283.0
2023-03-09 12:24:00,BRKL,11.579999923706055,11.579999923706055,11.579999923706055,11.579999923706055,11.579999923706055,130.0
2023-03-09 12:24:00,BTBT,1.1399999856948853,1.1399999856948853,1.1399999856948853,1.1399999856948853,1.1399999856948853,458.0
2023-03-09 12:24:00,BUSE,22.559999465942383,22.559999465942383,22.559999465942383,22.559999465942383,22.559999465942383,305.0
2023-03-09 12:24:00,CACC,440.0299987792969,440.0299987792969,440.0299987792969,440.0299987792969,440.0299987792969,1062.0
2023-03-09 12:24:00,CALB,24.739999771118164,24.739999771118164,24.739999771118164,24.739999771118164,24.739999771118164,330.0
2023-03-09 12:24:00,CATC,70.94999694824219,70.94999694824219,70.94999694824219,70.94999694824219,70.94999694824219,250.0
2023-03-09 12:24:00,CATY,39.5,39.5,39.5,39.5,39.5,516.0
2023-03-09 12:24:00,CBSH,61.810001373291016,61.810001373291016,61.86000061035156,61.810001373291016,61.86000061035156,1681.0
2023-03-09 12:24:00,CFB,12.359999656677246,12.359999656677246,12.369999885559082,12.359999656677246,12.369999885559082,828.0
2023-03-09 12:24:00,CFFN,7.565000057220459,7.565000057220459,7.565000057220459,7.565000057220459,7.565000057220459,111.0
2023-03-09 12:24:00,CG,34.15999984741211,34.15999984741211,34.16999816894531,34.14500045776367,34.14500045776367,2896.0
2023-03-09 12:24:00,CGBD,14.930000305175781,14.930000305175781,14.949999809265137,14.930000305175781,14.949999809265137,4000.0
2023-03-09 12:24:00,CHW,6.058300018310547,6.058300018310547,6.058300018310547,6.058300018310547,6.058300018310547,100.0
2023-03-09 12:24:00,CLRC,10.359999656677246,10.359999656677246,10.359999656677246,10.354999542236328,10.359999656677246,20710.0
2023-03-09 12:24:00,CME,178.47999572753906,178.47999572753906,178.4949951171875,178.44000244140625,178.46499633789062,2792.0
2023-03-09 12:24:00,CNOB,22.110000610351562,22.110000610351562,22.110000610351562,22.110000610351562,22.110000610351562,771.0
2023-03-09 12:24:00,COLB,25.3700008392334,25.3700008392334,25.395000457763672,25.350000381469727,25.389999389648438,15024.0
2023-03-09 12:24:00,COOP,44.439998626708984,44.439998626708984,44.439998626708984,44.41999816894531,44.41999816894531,343.0
2023-03-09 12:24:00,CRVL,179.58999633789062,179.58999633789062,179.58999633789062,179.58999633789062,179.58999633789062,164.0
2023-03-09 12:24:00,CSTR,15.479999542236328,15.479999542236328,15.479999542236328,15.479999542236328,15.479999542236328,100.0
2023-03-09 12:24:00,CSWC,18.440000534057617,18.440000534057617,18.440000534057617,18.440000534057617,18.440000534057617,130.0
2023-03-09 12:24:00,CVBF,22.010000228881836,22.010000228881836,22.010000228881836,22.010000228881836,22.010000228881836,777.0
2023-03-09 12:24:00,CVCY,24.5,24.5,24.5,24.5,24.5,350.0
2023-03-09 12:24:00,DCOM,29.540000915527344,29.540000915527344,29.540000915527344,29.540000915527344,29.540000915527344,342.0
2023-03-09 12:24:00,DWAC,14.100000381469727,14.100000381469727,14.100000381469727,14.09000015258789,14.09000015258789,952.0
2023-03-09 12:24:00,EBC,14.664999961853027,14.664999961853027,14.675000190734863,14.664999961853027,14.675000190734863,1705.0
2023-03-09 12:24:00,EGBN,40.779998779296875,40.779998779296875,40.779998779296875,40.779998779296875,40.779998779296875,110.0
2023-03-09 12:24:00,ESGR,230.9949951171875,230.9949951171875,230.9949951171875,230.9949951171875,230.9949951171875,1171.0
2023-03-09 12:24:00,EWBC,68.41000366210938,68.41000366210938,68.43000030517578,68.4000015258789,68.43000030517578,1415.0
2023-03-09 12:24:00,EZPW,8.832500457763672,8.832500457763672,8.832500457763672,8.832500457763672,8.832500457763672,135.0
2023-03-09 12:24:00,FBMS,28.670000076293945,28.670000076293945,28.670000076293945,28.670000076293945,28.670000076293945,143.0
2023-03-09 12:24:00,FBNC,38.48500061035156,38.48500061035156,38.48500061035156,38.45000076293945,38.46500015258789,604.0
2023-03-09 12:24:00,FCRD,4.539999961853027,4.539999961853027,4.539999961853027,4.539999961853027,4.539999961853027,100.0
2023-03-09 12:24:00,FDUS,20.31999969482422,20.31999969482422,20.31999969482422,20.31999969482422,20.31999969482422,300.0
2023-03-09 12:24:00,FFBC,22.579999923706055,22.579999923706055,22.579999923706055,22.579999923706055,22.579999923706055,505.0
2023-03-09 12:24:00,FFIC,17.280000686645508,17.280000686645508,17.290000915527344,17.280000686645508,17.290000915527344,225.0
2023-03-09 12:24:00,FFIN,33.84000015258789,33.84000015258789,33.84000015258789,33.84000015258789,33.84000015258789,300.0
2023-03-09 12:24:00,FFWM,13.0600004196167,13.0600004196167,13.069999694824219,13.0600004196167,13.0600004196167,1446.0
2023-03-09 12:24:00,FHB,24.155000686645508,24.155000686645508,24.15999984741211,24.149999618530273,24.15999984741211,721.0
2023-03-09 12:24:00,FIBK,32.57400131225586,32.57400131225586,32.58000183105469,32.56999969482422,32.58000183105469,1391.0
2023-03-09 12:24:00,FITB,32.369998931884766,32.369998931884766,32.404998779296875,32.3650016784668,32.400001525878906,4535.0
2023-03-09 12:24:00,FMNB,13.1850004196167,13.1850004196167,13.1850004196167,13.1850004196167,13.1850004196167,100.0
2023-03-09 12:24:00,FNCB,7.300000190734863,7.300000190734863,7.300000190734863,7.300000190734863,7.300000190734863,292.0
2023-03-09 12:24:00,FOCS,51.66999816894531,51.66999816894531,51.70000076293945,51.66999816894531,51.70000076293945,28036.0
2023-03-09 12:24:00,FRME,37.790000915527344,37.790000915527344,37.79999923706055,37.790000915527344,37.79999923706055,375.0
2023-03-09 12:24:00,FULT,15.8100004196167,15.8100004196167,15.819999694824219,15.8100004196167,15.819999694824219,794.0
2023-03-09 12:24:00,FUTU,46.525001525878906,46.525001525878906,46.525001525878906,46.5,46.506500244140625,470.0
2023-03-09 12:24:00,GBDC,13.4350004196167,13.4350004196167,13.4350004196167,13.430000305175781,13.430000305175781,518.0
2023-03-09 12:24:00,GCMG,8.4350004196167,8.4350004196167,8.4350004196167,8.4350004196167,8.4350004196167,302.0
2023-03-09 12:24:00,GGAL,12.890000343322754,12.890000343322754,12.890000343322754,12.890000343322754,12.890000343322754,1213.0
2023-03-09 12:24:00,GLRE,10.020000457763672,10.020000457763672,10.020000457763672,10.020000457763672,10.020000457763672,124.0
2023-03-09 12:24:00,GNTY,29.139999389648438,29.139999389648438,29.139999389648438,29.139999389648438,29.139999389648438,334.0
2023-03-09 12:24:00,GSHD,52.540000915527344,52.540000915527344,52.540000915527344,52.459999084472656,52.529998779296875,986.0
2023-03-09 12:24:00,HBAN,13.984999656677246,13.984999656677246,13.994999885559082,13.979999542236328,13.989999771118164,18889.0
2023-03-09 12:24:00,HBNC,13.9399995803833,13.9399995803833,13.9399995803833,13.9399995803833,13.9399995803833,595.0
2023-03-09 12:24:00,HFWA,24.738000869750977,24.738000869750977,24.739999771118164,24.738000869750977,24.739999771118164,584.0
2023-03-09 12:24:00,HIVE,2.5999999046325684,2.5999999046325684,2.619999885559082,2.5999999046325684,2.619999885559082,3378.0
2023-03-09 12:24:00,HMST,22.729999542236328,22.729999542236328,22.729999542236328,22.729999542236328,22.729999542236328,100.0
2023-03-09 12:24:00,HONE,12.760000228881836,12.760000228881836,12.765000343322754,12.760000228881836,12.765000343322754,547.0
2023-03-09 12:24:00,HOPE,11.920000076293945,11.920000076293945,11.920000076293945,11.920000076293945,11.920000076293945,403.0
2023-03-09 12:24:00,HUT,1.3798999786376953,1.3798999786376953,1.3799999952316284,1.3700000047683716,1.3798999786376953,5656.0
2023-03-09 12:24:00,HVBC,30.950000762939453,30.950000762939453,30.959999084472656,30.950000762939453,30.959999084472656,310.0
2023-03-09 12:24:00,HWC,44.349998474121094,44.349998474121094,44.349998474121094,44.349998474121094,44.349998474121094,749.0
2023-03-09 12:24:00,IBKR,87.66500091552734,87.66500091552734,87.66500091552734,87.66500091552734,87.66500091552734,110.0
2023-03-09 12:24:00,IGTA,10.399999618530273,10.399999618530273,10.399999618530273,10.3100004196167,10.369999885559082,7401.0
2023-03-09 12:24:00,INTR,2.009999990463257,2.009999990463257,2.009999990463257,2.009999990463257,2.009999990463257,250.0
2023-03-09 12:25:00,ABCB,43.27000045776367,43.27000045776367,43.27000045776367,43.27000045776367,43.27000045776367,420.0
2023-03-09 12:25:00,ACGL,69.91999816894531,69.91999816894531,69.97000122070312,69.91000366210938,69.95999908447266,10784.0
2023-03-09 12:25:00,ACT,24.125,24.125,24.125,24.125,24.125,278.0
2023-03-09 12:25:00,AMAL,21.049999237060547,21.049999237060547,21.049999237060547,21.049999237060547,21.049999237060547,241.0
2023-03-09 12:25:00,AMNB,31.920000076293945,31.920000076293945,31.920000076293945,31.920000076293945,31.920000076293945,445.0
2023-03-09 12:25:00,APLD,2.123300075531006,2.123300075531006,2.123300075531006,2.123300075531006,2.123300075531006,400.0
2023-03-09 12:25:00,ARCC,18.934999465942383,18.934999465942383,18.940000534057617,18.93000030517578,18.934999465942383,19691.0
2023-03-09 12:25:00,AUB,37.0,37.0,37.04999923706055,37.0,37.04999923706055,2644.0
2023-03-09 12:25:00,BANF,85.75,85.75,85.75,85.75,85.75,484.0
2023-03-09 12:25:00,BANR,58.279998779296875,58.279998779296875,58.279998779296875,58.279998779296875,58.279998779296875,390.0
2023-03-09 12:25:00,BGCP,4.994999885559082,4.994999885559082,4.994999885559082,4.994999885559082,4.994999885559082,1088.0
2023-03-09 12:25:00,BHF,52.96500015258789,52.96500015258789,53.04999923706055,52.93000030517578,53.04999923706055,2137.0
2023-03-09 12:25:00,BITF,0.7727000117301941,0.7727000117301941,0.7727000117301941,0.7727000117301941,0.7727000117301941,130.0
2023-03-09 12:25:00,BKCC,3.6600000858306885,3.6600000858306885,3.6600000858306885,3.6600000858306885,3.6600000858306885,259.0
2023-03-09 12:25:00,BOCN,10.40999984741211,10.40999984741211,10.40999984741211,10.40999984741211,10.40999984741211,116270.0
2023-03-09 12:25:00,BPOP,62.689998626708984,62.689998626708984,62.779998779296875,62.689998626708984,62.7400016784668,2504.0
2023-03-09 12:25:00,BRKL,11.569999694824219,11.569999694824219,11.569999694824219,11.5649995803833,11.5649995803833,764.0
2023-03-09 12:25:00,BRP,25.989999771118164,25.989999771118164,26.0,25.989999771118164,26.0,1414.0
2023-03-09 12:25:00,CASH,47.345001220703125,47.345001220703125,47.349998474121094,47.345001220703125,47.349998474121094,780.0
2023-03-09 12:25:00,CBNK,18.84000015258789,18.84000015258789,18.850000381469727,18.84000015258789,18.84000015258789,348.0
2023-03-09 12:25:00,CBSH,61.801700592041016,61.801700592041016,61.801700592041016,61.801700592041016,61.801700592041016,172.0
2023-03-09 12:25:00,CFFN,7.565000057220459,7.565000057220459,7.569900035858154,7.565000057220459,7.565000057220459,541.0
2023-03-09 12:25:00,CG,34.1349983215332,34.1349983215332,34.15999984741211,34.1349983215332,34.15999984741211,2006.0
2023-03-09 12:25:00,CIFR,1.4900000095367432,1.4900000095367432,1.4900000095367432,1.4900000095367432,1.4900000095367432,176.0
2023-03-09 12:25:00,CINF,116.65499877929688,116.65499877929688,116.65499877929688,116.65499877929688,116.65499877929688,158.0
2023-03-09 12:25:00,CME,178.52000427246094,178.52000427246094,178.5500030517578,178.50999450683594,178.50999450683594,3872.0
2023-03-09 12:25:00,CNOB,22.049999237060547,22.049999237060547,22.049999237060547,22.049999237060547,22.049999237060547,507.0
2023-03-09 12:25:00,COLB,25.389999389648438,25.389999389648438,25.40999984741211,25.350000381469727,25.360000610351562,13139.0
2023-03-09 12:25:00,COOP,44.380001068115234,44.380001068115234,44.380001068115234,44.380001068115234,44.380001068115234,509.0
2023-03-09 12:25:00,CRVL,179.38999938964844,179.38999938964844,179.52000427246094,179.38999938964844,179.38999938964844,535.0
2023-03-09 12:25:00,CSQ,14.029999732971191,14.029999732971191,14.036999702453613,14.029999732971191,14.036999702453613,1012.0
2023-03-09 12:25:00,CVBF,22.010000228881836,22.010000228881836,22.010000228881836,22.010000228881836,22.010000228881836,797.0
2023-03-09 12:25:00,EBC,14.65999984741211,14.65999984741211,14.65999984741211,14.65999984741211,14.65999984741211,3554.0
2023-03-09 12:25:00,ECPG,50.61000061035156,50.61000061035156,50.625,50.61000061035156,50.625,236.0
2023-03-09 12:25:00,EGBN,40.720001220703125,40.720001220703125,40.720001220703125,40.720001220703125,40.720001220703125,559.0
2023-03-09 12:25:00,EWBC,68.4000015258789,68.4000015258789,68.4000015258789,68.36000061035156,68.36000061035156,999.0
2023-03-09 12:25:00,EZPW,8.822500228881836,8.822500228881836,8.829999923706055,8.822500228881836,8.829999923706055,824.0
2023-03-09 12:25:00,FBNC,38.54499816894531,38.54499816894531,38.54499816894531,38.45000076293945,38.48500061035156,2162.0
2023-03-09 12:25:00,FCRD,4.539999961853027,4.539999961853027,4.539999961853027,4.539999961853027,4.539999961853027,200.0
2023-03-09 12:25:00,FFBC,22.56999969482422,22.56999969482422,22.56999969482422,22.56999969482422,22.56999969482422,1024.0
2023-03-09 12:25:00,FFIC,17.280000686645508,17.280000686645508,17.280000686645508,17.280000686645508,17.280000686645508,595.0
2023-03-09 12:25:00,FFIN,33.81999969482422,33.81999969482422,33.81999969482422,33.81999969482422,33.81999969482422,170.0
2023-03-09 12:25:00,FHB,24.15999984741211,24.15999984741211,24.15999984741211,24.139999389648438,24.139999389648438,991.0
2023-03-09 12:25:00,FIBK,32.54100036621094,32.54100036621094,32.54999923706055,32.54100036621094,32.54999923706055,712.0
2023-03-09 12:25:00,FITB,32.345001220703125,32.345001220703125,32.3650016784668,32.34000015258789,32.36000061035156,9493.0
2023-03-09 12:25:00,FITBI,25.190000534057617,25.190000534057617,25.190000534057617,25.190000534057617,25.190000534057617,100.0
2023-03-09 12:25:00,FMNB,13.1899995803833,13.1899995803833,13.1899995803833,13.175000190734863,13.180000305175781,757.0
2023-03-09 12:25:00,FOCS,51.65999984741211,51.65999984741211,51.67499923706055,51.65999984741211,51.67499923706055,9437.0
2023-03-09 12:25:00,FRBK,1.75,1.75,1.75,1.75,1.75,202.0
2023-03-09 12:25:00,FRST,11.015199661254883,11.015199661254883,11.015199661254883,11.015199661254883,11.015199661254883,355.0
2023-03-09 12:25:00,FSEA,9.90999984741211,9.90999984741211,9.90999984741211,9.90999984741211,9.90999984741211,370.0
2023-03-09 12:25:00,FULT,15.800000190734863,15.800000190734863,15.8100004196167,15.800000190734863,15.8100004196167,1410.0
2023-03-09 12:25:00,FUTU,46.5,46.5,46.525001525878906,46.5,46.5,384.0
2023-03-09 12:25:00,GGAL,12.895000457763672,12.895000457763672,12.90999984741211,12.880000114440918,12.880000114440918,1754.0
2023-03-09 12:25:00,GSHD,52.470001220703125,52.470001220703125,52.470001220703125,52.470001220703125,52.470001220703125,283.0
2023-03-09 12:25:00,GXII,10.119999885559082,10.119999885559082,10.119999885559082,10.119999885559082,10.119999885559082,100.0
2023-03-09 12:25:00,HAFC,21.979999542236328,21.979999542236328,21.979999542236328,21.979999542236328,21.979999542236328,203.0
2023-03-09 12:25:00,HBAN,13.975000381469727,13.975000381469727,13.984999656677246,13.975000381469727,13.979999542236328,37056.0
2023-03-09 12:25:00,HBNC,13.930000305175781,13.930000305175781,13.930000305175781,13.927300453186035,13.930000305175781,1230.0
2023-03-09 12:25:00,HFWA,24.75,24.75,24.75,24.75,24.75,322.0
2023-03-09 12:25:00,HIVE,2.591399908065796,2.591399908065796,2.5999999046325684,2.591399908065796,2.5999999046325684,1302.0
2023-03-09 12:25:00,HLNE,76.04499816894531,76.04499816894531,76.23999786376953,76.04499816894531,76.16000366210938,5148.0
2023-03-09 12:25:00,HMST,22.719999313354492,22.719999313354492,22.719999313354492,22.719999313354492,22.719999313354492,119.0
2023-03-09 12:25:00,HONE,12.760000228881836,12.760000228881836,12.760000228881836,12.760000228881836,12.760000228881836,208.0
2023-03-09 12:25:00,HTBK,11.0,11.0,11.0,11.0,11.0,200.0
2023-03-09 12:25:00,HUT,1.3701000213623047,1.3701000213623047,1.3799999952316284,1.3700000047683716,1.3792999982833862,7853.0
2023-03-09 12:25:00,HWC,44.29999923706055,44.29999923706055,44.33000183105469,44.290000915527344,44.33000183105469,1343.0
2023-03-09 12:25:00,IBCP,20.562999725341797,20.562999725341797,20.562999725341797,20.549999237060547,20.549999237060547,659.0
2023-03-09 12:25:00,IBKR,87.58999633789062,87.58999633789062,87.67500305175781,87.58999633789062,87.67500305175781,2009.0
2023-03-09 12:25:00,IGIC,8.3100004196167,8.3100004196167,8.3100004196167,8.3100004196167,8.3100004196167,200.0
2023-03-09 12:25:00,IGTA,10.350000381469727,10.350000381469727,10.479999542236328,10.350000381469727,10.364999771118164,7585.0
2023-03-09 12:25:00,INDB,71.82499694824219,71.82499694824219,71.82499694824219,71.82499694824219,71.82499694824219,100.0
2023-03-09 12:26:00,ABCB,43.18000030517578,43.18000030517578,43.220001220703125,43.18000030517578,43.220001220703125,631.0
2023-03-09 12:26:00,ACGL,69.91999816894531,69.91999816894531,69.94000244140625,69.91999816894531,69.93000030517578,3110.0
2023-03-09 12:26:00,ACT,24.125,24.125,24.125,24.125,24.125,401.0
2023-03-09 12:26:00,AMTB,25.584999084472656,25.584999084472656,25.584999084472656,25.579999923706055,25.579999923706055,383.0
2023-03-09 12:26:00,APLD,2.119999885559082,2.119999885559082,2.119999885559082,2.119999885559082,2.119999885559082,1310.0
2023-03-09 12:26:00,ARCC,18.924999237060547,18.924999237060547,18.934999465942383,18.920000076293945,18.934999465942383,13108.0
2023-03-09 12:26:00,AROW,28.219999313354492,28.219999313354492,28.219999313354492,28.219999313354492,28.219999313354492,218.0
2023-03-09 12:26:00,AUB,36.994998931884766,36.994998931884766,36.994998931884766,36.9900016784668,36.9900016784668,216.0
2023-03-09 12:26:00,BANR,58.25,58.25,58.25,58.25,58.25,533.0
2023-03-09 12:26:00,BFIN,10.25,10.25,10.25,10.25,10.25,2349.0
2023-03-09 12:26:00,BFST,18.649999618530273,18.649999618530273,18.670000076293945,18.649999618530273,18.670000076293945,795.0
2023-03-09 12:26:00,BGCP,4.994999885559082,4.994999885559082,4.994999885559082,4.994999885559082,4.994999885559082,1827.0
2023-03-09 12:26:00,BHF,52.90999984741211,52.90999984741211,52.939998626708984,52.90999984741211,52.939998626708984,507.0
2023-03-09 12:26:00,BITF,0.7699999809265137,0.7699999809265137,0.7727000117301941,0.7699999809265137,0.7720000147819519,27735.0
2023-03-09 12:26:00,BOKF,96.2699966430664,96.2699966430664,96.36000061035156,96.2699966430664,96.36000061035156,937.0
2023-03-09 12:26:00,BOTJ,13.002400398254395,13.002400398254395,13.002400398254395,13.002400398254395,13.002400398254395,415.0
2023-03-09 12:26:00,BPOP,62.560001373291016,62.560001373291016,62.65999984741211,62.560001373291016,62.65999984741211,783.0
2023-03-09 12:26:00,BRKL,11.5600004196167,11.5600004196167,11.5600004196167,11.5600004196167,11.5600004196167,200.0
2023-03-09 12:26:00,BTBT,1.1399999856948853,1.1399999856948853,1.1449999809265137,1.1399999856948853,1.1449999809265137,205.0
2023-03-09 12:26:00,BTCS,1.2300000190734863,1.2300000190734863,1.260200023651123,1.2300000190734863,1.2599999904632568,7365.0
2023-03-09 12:26:00,BUSE,22.530000686645508,22.530000686645508,22.530000686645508,22.530000686645508,22.530000686645508,403.0
2023-03-09 12:26:00,BWB,13.449999809265137,13.449999809265137,13.449999809265137,13.449999809265137,13.449999809265137,138.0
2023-03-09 12:26:00,CARE,16.334999084472656,16.334999084472656,16.334999084472656,16.334999084472656,16.334999084472656,712.0
2023-03-09 12:26:00,CASH,47.369998931884766,47.369998931884766,47.369998931884766,47.34000015258789,47.349998474121094,1013.0
2023-03-09 12:26:00,CATY,39.439998626708984,39.439998626708984,39.47999954223633,39.439998626708984,39.470001220703125,1715.0
2023-03-09 12:26:00,CBSH,61.755001068115234,61.755001068115234,61.790000915527344,61.755001068115234,61.790000915527344,1041.0
2023-03-09 12:26:00,CCAP,14.90999984741211,14.90999984741211,14.90999984741211,14.90999984741211,14.90999984741211,603.0
2023-03-09 12:26:00,CCB,42.650001525878906,42.650001525878906,42.650001525878906,42.650001525878906,42.650001525878906,499.0
2023-03-09 12:26:00,CCNE,22.6299991607666,22.6299991607666,22.6299991607666,22.6299991607666,22.6299991607666,300.0
2023-03-09 12:26:00,CFB,12.367899894714355,12.367899894714355,12.367899894714355,12.367899894714355,12.367899894714355,302.0
2023-03-09 12:26:00,CFFN,7.567999839782715,7.567999839782715,7.567999839782715,7.559999942779541,7.559999942779541,1790.0
2023-03-09 12:26:00,CG,34.130001068115234,34.130001068115234,34.130001068115234,34.125,34.130001068115234,1360.0
2023-03-09 12:26:00,CGBD,14.9399995803833,14.9399995803833,14.9399995803833,14.930000305175781,14.938400268554688,1085.0
2023-03-09 12:26:00,CHCO,91.04000091552734,91.04000091552734,91.04000091552734,91.04000091552734,91.04000091552734,189.0
2023-03-09 12:26:00,CINF,116.48999786376953,116.48999786376953,116.6500015258789,116.48999786376953,116.6500015258789,2324.0
2023-03-09 12:26:00,CIVB,20.610000610351562,20.610000610351562,20.610000610351562,20.610000610351562,20.610000610351562,151.0
2023-03-09 12:26:00,CLRC,10.359999656677246,10.359999656677246,10.359999656677246,10.354999542236328,10.354999542236328,20600.0
2023-03-09 12:26:00,CME,178.44000244140625,178.44000244140625,178.52000427246094,178.44000244140625,178.52000427246094,2617.0
2023-03-09 12:26:00,CNOB,22.020000457763672,22.020000457763672,22.020000457763672,22.020000457763672,22.020000457763672,145.0
2023-03-09 12:26:00,COLB,25.36009979248047,25.36009979248047,25.43000030517578,25.354999542236328,25.385000228881836,29382.0
2023-03-09 12:26:00,CRVL,178.97000122070312,178.97000122070312,179.47000122070312,178.97000122070312,179.47000122070312,1531.0
2023-03-09 12:26:00,CSQ,14.031499862670898,14.031499862670898,14.031499862670898,14.031499862670898,14.031499862670898,223.0
2023-03-09 12:26:00,CSTR,15.470000267028809,15.470000267028809,15.470000267028809,15.470000267028809,15.470000267028809,615.0
2023-03-09 12:26:00,CSWC,18.440000534057617,18.440000534057617,18.450000762939453,18.440000534057617,18.44499969482422,3539.0
2023-03-09 12:26:00,CTBI,40.439998626708984,40.439998626708984,40.439998626708984,40.369998931884766,40.380001068115234,2156.0
2023-03-09 12:26:00,CVBF,21.969999313354492,21.969999313354492,22.0,21.969999313354492,22.0,1903.0
2023-03-09 12:26:00,DCOM,29.530000686645508,29.530000686645508,29.530000686645508,29.530000686645508,29.530000686645508,790.0
2023-03-09 12:26:00,EBC,14.619999885559082,14.619999885559082,14.649999618530273,14.609999656677246,14.649999618530273,4783.0
2023-03-09 12:26:00,ECPG,50.58000183105469,50.58000183105469,50.58000183105469,50.58000183105469,50.58000183105469,295.0
2023-03-09 12:26:00,EFSC,51.66999816894531,51.66999816894531,51.71500015258789,51.630001068115234,51.71500015258789,1290.0
2023-03-09 12:26:00,EGBN,40.68000030517578,40.68000030517578,40.689998626708984,40.68000030517578,40.689998626708984,997.0
2023-03-09 12:26:00,EHTH,8.930000305175781,8.930000305175781,8.930000305175781,8.930000305175781,8.930000305175781,101.0
2023-03-09 12:26:00,ESQ,41.86000061035156,41.86000061035156,41.86000061035156,41.86000061035156,41.86000061035156,153.0
2023-03-09 12:26:00,EWBC,68.31999969482422,68.31999969482422,68.33000183105469,68.31999969482422,68.33000183105469,537.0
2023-03-09 12:26:00,FANH,8.220000267028809,8.220000267028809,8.220000267028809,8.220000267028809,8.220000267028809,726.0
2023-03-09 12:26:00,FBNC,38.56999969482422,38.56999969482422,38.56999969482422,38.56999969482422,38.56999969482422,600.0
2023-03-09 12:26:00,FCRD,4.53000020980835,4.53000020980835,4.53000020980835,4.53000020980835,4.53000020980835,200.0
2023-03-09 12:26:00,FFBC,22.545000076293945,22.545000076293945,22.559999465942383,22.545000076293945,22.559999465942383,234.0
2023-03-09 12:26:00,FFIC,17.260000228881836,17.260000228881836,17.270000457763672,17.260000228881836,17.270000457763672,1181.0
2023-03-09 12:26:00,FFIN,33.790000915527344,33.790000915527344,33.79999923706055,33.790000915527344,33.79999923706055,582.0
2023-03-09 12:26:00,FFWM,13.0600004196167,13.0600004196167,13.069999694824219,13.0600004196167,13.069999694824219,666.0
2023-03-09 12:26:00,FHB,24.100000381469727,24.100000381469727,24.149999618530273,24.100000381469727,24.149999618530273,1505.0
2023-03-09 12:26:00,FIBK,32.51789855957031,32.51789855957031,32.51789855957031,32.5099983215332,32.5099983215332,427.0
2023-03-09 12:26:00,FITB,32.33000183105469,32.33000183105469,32.345001220703125,32.32500076293945,32.34000015258789,4979.0
2023-03-09 12:26:00,FITBI,25.219900131225586,25.219900131225586,25.219900131225586,25.219900131225586,25.219900131225586,101.0
2023-03-09 12:26:00,FLIC,16.209999084472656,16.209999084472656,16.209999084472656,16.209999084472656,16.209999084472656,481.0
2023-03-09 12:26:00,FOCS,51.67499923706055,51.67499923706055,51.68000030517578,51.665000915527344,51.665000915527344,6279.0
2023-03-09 12:26:00,FRBK,1.75,1.75,1.7548999786376953,1.75,1.7548999786376953,1501.0
2023-03-09 12:26:00,FRME,37.7599983215332,37.7599983215332,37.7599983215332,37.7599983215332,37.7599983215332,348.0
2023-03-09 12:26:00,FSBW,33.11000061035156,33.11000061035156,33.11000061035156,33.11000061035156,33.11000061035156,320.0
2023-03-09 12:26:00,FULT,15.789999961853027,15.789999961853027,15.800000190734863,15.789999961853027,15.800000190734863,2155.0
2023-03-09 12:26:00,FUTU,46.540000915527344,46.540000915527344,46.540000915527344,46.47999954223633,46.5,3676.0
2023-03-09 12:26:00,GABC,35.80500030517578,35.80500030517578,35.85499954223633,35.80500030517578,35.81999969482422,599.0
2023-03-09 12:26:00,GBDC,13.430000305175781,13.430000305175781,13.4350004196167,13.430000305175781,13.4350004196167,1105.0
2023-03-09 12:26:00,GCMG,8.4350004196167,8.4350004196167,8.4350004196167,8.4350004196167,8.4350004196167,102.0
2023-03-09 12:26:00,GGAL,12.909000396728516,12.909000396728516,12.920000076293945,12.890000343322754,12.895000457763672,1753.0
2023-03-09 12:26:00,GLRE,10.0,10.0,10.0,10.0,10.0,130.0
2023-03-09 12:26:00,HAFC,21.979999542236328,21.979999542236328,21.979999542236328,21.979999542236328,21.979999542236328,429.0
2023-03-09 12:26:00,HBAN,13.96500015258789,13.96500015258789,13.979999542236328,13.96500015258789,13.975000381469727,18305.0
2023-03-09 12:26:00,HBNC,13.949999809265137,13.949999809265137,13.949999809265137,13.949000358581543,13.949000358581543,652.0
2023-03-09 12:26:00,HFWA,24.709999084472656,24.709999084472656,24.709999084472656,24.709999084472656,24.709999084472656,100.0
2023-03-09 12:26:00,HIVE,2.609999895095825,2.609999895095825,2.619999885559082,2.5999999046325684,2.5999999046325684,8182.0
2023-03-09 12:26:00,HLNE,76.06999969482422,76.06999969482422,76.06999969482422,76.06999969482422,76.06999969482422,143.0
2023-03-09 12:26:00,HMST,22.700000762939453,22.700000762939453,22.700000762939453,22.700000762939453,22.700000762939453,889.0
2023-03-09 12:26:00,HONE,12.760000228881836,12.760000228881836,12.760000228881836,12.760000228881836,12.760000228881836,483.0
2023-03-09 12:26:00,HOPE,11.890000343322754,11.890000343322754,11.899999618530273,11.890000343322754,11.899999618530273,1456.0
2023-03-09 12:26:00,HTBK,10.989999771118164,10.989999771118164,10.989999771118164,10.989999771118164,10.989999771118164,631.0
2023-03-09 12:26:00,HUT,1.375,1.375,1.3799999952316284,1.3700000047683716,1.375,19641.0
2023-03-09 12:26:00,HWC,44.25,44.25,44.25,44.22999954223633,44.22999954223633,1236.0
2023-03-09 12:26:00,IBKR,87.55999755859375,87.55999755859375,87.56999969482422,87.55999755859375,87.56999969482422,520.0
2023-03-09 12:26:00,IBTX,52.849998474121094,52.849998474121094,52.849998474121094,52.849998474121094,52.849998474121094,899.0
2023-03-09 12:26:00,IGTA,10.319999694824219,10.319999694824219,10.354999542236328,10.3100004196167,10.354999542236328,9035.0
2023-03-09 12:26:00,INBK,23.895000457763672,23.895000457763672,24.010000228881836,23.895000457763672,24.010000228881836,1609.0
2023-03-09 12:26:00,INDB,71.68000030517578,71.68000030517578,71.75,71.68000030517578,71.75,1610.0
2023-03-09 12:26:00,INTR,2.009999990463257,2.009999990463257,2.009999990463257,2.009999990463257,2.009999990463257,206.0
2023-03-09 12:27:00,ABCB,43.23500061035156,43.23500061035156,43.23500061035156,43.220001220703125,43.220001220703125,523.0
2023-03-09 12:27:00,ACGL,69.96499633789062,69.96499633789062,69.96499633789062,69.93000030517578,69.93000030517578,3899.0
2023-03-09 12:27:00,ACT,24.125,24.125,24.125,24.125,24.125,431.0
2023-03-09 12:27:00,AMRK,28.04210090637207,28.04210090637207,28.04210090637207,28.04210090637207,28.04210090637207,281.0
2023-03-09 12:27:00,AMTB,25.530000686645508,25.530000686645508,25.530000686645508,25.530000686645508,25.530000686645508,482.0
2023-03-09 12:27:00,ARBK,1.4839999675750732,1.4839999675750732,1.4839999675750732,1.4839999675750732,1.4839999675750732,120.0
2023-03-09 12:27:00,ARCC,18.934999465942383,18.934999465942383,18.934999465942383,18.924999237060547,18.924999237060547,13703.0
2023-03-09 12:27:00,AUB,36.994998931884766,36.994998931884766,37.0099983215332,36.994998931884766,37.0099983215332,348.0
2023-03-09 12:27:00,BFST,18.6299991607666,18.6299991607666,18.6299991607666,18.625,18.6299991607666,493.0
2023-03-09 12:27:00,BGCP,4.994999885559082,4.994999885559082,4.994999885559082,4.994999885559082,4.994999885559082,1010.0
2023-03-09 12:27:00,BHF,52.90999984741211,52.90999984741211,52.90999984741211,52.90999984741211,52.90999984741211,484.0
2023-03-09 12:27:00,BHFAP,24.540000915527344,24.540000915527344,24.540000915527344,24.540000915527344,24.540000915527344,999.0
2023-03-09 12:27:00,BITF,0.7616999745368958,0.7616999745368958,0.7735000252723694,0.7616999745368958,0.7677000164985657,50219.0
2023-03-09 12:27:00,BKCC,3.6600000858306885,3.6600000858306885,3.6649999618530273,3.6600000858306885,3.6649999618530273,1533.0
2023-03-09 12:27:00,BMRC,27.1200008392334,27.1200008392334,27.135000228881836,27.110000610351562,27.135000228881836,960.0
2023-03-09 12:27:00,BOKF,96.38999938964844,96.38999938964844,96.38999938964844,96.27999877929688,96.27999877929688,581.0
2023-03-09 12:27:00,BPOP,62.61000061035156,62.61000061035156,62.61000061035156,62.560001373291016,62.560001373291016,2240.0
2023-03-09 12:27:00,BRKL,11.5649995803833,11.5649995803833,11.5649995803833,11.5600004196167,11.5600004196167,726.0
2023-03-09 12:27:00,BTBT,1.1399999856948853,1.1399999856948853,1.1399999856948853,1.1399999856948853,1.1399999856948853,100.0
2023-03-09 12:27:00,BUSE,22.540000915527344,22.540000915527344,22.540000915527344,22.540000915527344,22.540000915527344,741.0
2023-03-09 12:27:00,CASH,47.349998474121094,47.349998474121094,47.40999984741211,47.349998474121094,47.380001068115234,1126.0
2023-03-09 12:27:00,CATY,39.43000030517578,39.43000030517578,39.45819854736328,39.43000030517578,39.45819854736328,293.0
2023-03-09 12:27:00,CBSH,61.790000915527344,61.790000915527344,61.790000915527344,61.779998779296875,61.779998779296875,724.0
2023-03-09 12:27:00,CCAP,14.930000305175781,14.930000305175781,14.930000305175781,14.930000305175781,14.930000305175781,240.0
2023-03-09 12:27:00,CFFN,7.567500114440918,7.567500114440918,7.567500114440918,7.565000057220459,7.565000057220459,258.0
2023-03-09 12:27:00,CG,34.150001525878906,34.150001525878906,34.150001525878906,34.130001068115234,34.1349983215332,3040.0
2023-03-09 12:27:00,CME,178.38999938964844,178.38999938964844,178.47999572753906,178.36000061035156,178.4499969482422,9243.0
2023-03-09 12:27:00,CNOB,22.0,22.0,22.049999237060547,22.0,22.049999237060547,2793.0
2023-03-09 12:27:00,COLB,25.389999389648438,25.389999389648438,25.389999389648438,25.354999542236328,25.354999542236328,5592.0
2023-03-09 12:27:00,COOP,44.40999984741211,44.40999984741211,44.40999984741211,44.40999984741211,44.40999984741211,319.0
2023-03-09 12:27:00,CRVL,179.14999389648438,179.14999389648438,179.14999389648438,179.14999389648438,179.14999389648438,440.0
2023-03-09 12:27:00,CSWC,18.447599411010742,18.447599411010742,18.447599411010742,18.447599411010742,18.447599411010742,540.0
2023-03-09 12:27:00,CVBF,21.989999771118164,21.989999771118164,21.989999771118164,21.979999542236328,21.979999542236328,1231.0
2023-03-09 12:27:00,DWAC,14.100099563598633,14.100099563598633,14.10219955444336,14.100099563598633,14.10219955444336,1100.0
2023-03-09 12:27:00,EBC,14.645000457763672,14.645000457763672,14.649999618530273,14.630000114440918,14.630000114440918,1268.0
2023-03-09 12:27:00,ECPG,50.60499954223633,50.60499954223633,50.60499954223633,50.60499954223633,50.60499954223633,849.0
2023-03-09 12:27:00,EFSCP,18.649999618530273,18.649999618530273,18.649999618530273,18.649999618530273,18.649999618530273,318.0
2023-03-09 12:27:00,EGBN,40.66999816894531,40.66999816894531,40.66999816894531,40.66999816894531,40.66999816894531,172.0
2023-03-09 12:27:00,EHTH,8.930000305175781,8.930000305175781,8.930000305175781,8.930000305175781,8.930000305175781,100.0
2023-03-09 12:27:00,ERIE,234.86000061035156,234.86000061035156,234.9499969482422,234.86000061035156,234.9499969482422,644.0
2023-03-09 12:27:00,EWBC,68.38999938964844,68.38999938964844,68.38999938964844,68.36000061035156,68.36000061035156,1084.0
2023-03-09 12:27:00,FBMS,28.639999389648438,28.639999389648438,28.674999237060547,28.639999389648438,28.674999237060547,279.0
2023-03-09 12:27:00,FCBC,28.469999313354492,28.469999313354492,28.469999313354492,28.415000915527344,28.415000915527344,486.0
2023-03-09 12:27:00,FCFS,88.22000122070312,88.22000122070312,88.22000122070312,88.22000122070312,88.22000122070312,159.0
2023-03-09 12:27:00,FCNCA,652.6300048828125,652.6300048828125,652.6300048828125,652.6300048828125,652.6300048828125,2020.0
2023-03-09 12:27:00,FCRD,4.570000171661377,4.570000171661377,4.579999923706055,4.53000020980835,4.53000020980835,1497.0
2023-03-09 12:27:00,FFBC,22.559999465942383,22.559999465942383,22.559999465942383,22.559999465942383,22.559999465942383,529.0
2023-03-09 12:27:00,FFIC,17.274999618530273,17.274999618530273,17.274999618530273,17.270000457763672,17.270000457763672,710.0
2023-03-09 12:27:00,FFIN,33.79999923706055,33.79999923706055,33.79999923706055,33.79999923706055,33.79999923706055,283.0
2023-03-09 12:27:00,FFWM,13.0600004196167,13.0600004196167,13.0600004196167,13.0600004196167,13.0600004196167,218.0
2023-03-09 12:27:00,FHB,24.125,24.125,24.125,24.1200008392334,24.1200008392334,1029.0
2023-03-09 12:27:00,FIBK,32.560001373291016,32.560001373291016,32.560001373291016,32.529998779296875,32.529998779296875,1461.0
2023-03-09 12:27:00,FITB,32.35499954223633,32.35499954223633,32.36000061035156,32.33000183105469,32.33000183105469,6065.0
2023-03-09 12:27:00,FOCS,51.685001373291016,51.685001373291016,51.689998626708984,51.67499923706055,51.67499923706055,3392.0
2023-03-09 12:27:00,FRAF,32.650001525878906,32.650001525878906,32.650001525878906,32.650001525878906,32.650001525878906,200.0
2023-03-09 12:27:00,FRBK,1.75,1.75,1.75,1.75,1.75,110.0
2023-03-09 12:27:00,FRME,37.790000915527344,37.790000915527344,37.790000915527344,37.76499938964844,37.790000915527344,1716.0
2023-03-09 12:27:00,FSBW,33.11000061035156,33.11000061035156,33.11000061035156,33.11000061035156,33.11000061035156,353.0
2023-03-09 12:27:00,FULT,15.800000190734863,15.800000190734863,15.800000190734863,15.78499984741211,15.78499984741211,1184.0
2023-03-09 12:27:00,FUTU,46.540000915527344,46.540000915527344,46.540000915527344,46.540000915527344,46.540000915527344,364.0
2023-03-09 12:27:00,GABC,35.84000015258789,35.84000015258789,35.84000015258789,35.84000015258789,35.84000015258789,233.0
2023-03-09 12:27:00,GBDC,13.430000305175781,13.430000305175781,13.430000305175781,13.430000305175781,13.430000305175781,371.0
2023-03-09 12:27:00,GGAL,12.90999984741211,12.90999984741211,12.911999702453613,12.899999618530273,12.911999702453613,885.0
2023-03-09 12:27:00,GLRE,10.020000457763672,10.020000457763672,10.020000457763672,10.020000457763672,10.020000457763672,125.0
2023-03-09 12:27:00,GSHD,52.435001373291016,52.435001373291016,52.435001373291016,52.435001373291016,52.435001373291016,129.0
2023-03-09 12:27:00,GXII,10.119999885559082,10.119999885559082,10.119999885559082,10.119999885559082,10.119999885559082,100.0
2023-03-09 12:27:00,HBAN,13.975000381469727,13.975000381469727,13.979999542236328,13.96500015258789,13.96500015258789,19401.0
2023-03-09 12:27:00,HBANP,19.09000015258789,19.09000015258789,19.09000015258789,19.09000015258789,19.09000015258789,299.0
2023-03-09 12:27:00,HBNC,13.9399995803833,13.9399995803833,13.9399995803833,13.9399995803833,13.9399995803833,107.0
2023-03-09 12:27:00,HFWA,24.71500015258789,24.71500015258789,24.71500015258789,24.71500015258789,24.71500015258789,198.0
2023-03-09 12:27:00,HLNE,76.08999633789062,76.08999633789062,76.08999633789062,76.08999633789062,76.08999633789062,155.0
2023-03-09 12:27:00,HONE,12.770000457763672,12.770000457763672,12.770000457763672,12.760000228881836,12.760000228881836,1078.0
2023-03-09 12:27:00,HOPE,11.890000343322754,11.890000343322754,11.890000343322754,11.890000343322754,11.890000343322754,5572.0
2023-03-09 12:27:00,HTBI,27.719999313354492,27.719999313354492,27.719999313354492,27.719999313354492,27.719999313354492,212.0
2023-03-09 12:27:00,HUT,1.375,1.375,1.3799999952316284,1.371999979019165,1.379699945449829,23638.0
2023-03-09 12:27:00,HWC,44.2599983215332,44.2599983215332,44.2599983215332,44.23529815673828,44.2400016784668,1329.0
2023-03-09 12:27:00,IBCP,20.559999465942383,20.559999465942383,20.559999465942383,20.559999465942383,20.559999465942383,473.0
2023-03-09 12:27:00,IBKR,87.41999816894531,87.41999816894531,87.61000061035156,87.41999816894531,87.52999877929688,10113.0
2023-03-09 12:27:00,IGTA,10.319999694824219,10.319999694824219,10.329999923706055,10.319999694824219,10.329999923706055,1497.0
2023-03-09 12:27:00,INTR,2.0299999713897705,2.0299999713897705,2.0299999713897705,2.0199999809265137,2.0199999809265137,3177.0
2023-03-09 12:28:00,ABCB,43.22999954223633,43.22999954223633,43.22999954223633,43.22999954223633,43.22999954223633,540.0
2023-03-09 12:28:00,ACGL,69.97000122070312,69.97000122070312,69.9800033569336,69.95999908447266,69.9800033569336,3153.0
2023-03-09 12:28:00,ALTU,10.055299758911133,10.055299758911133,10.055299758911133,10.055299758911133,10.055299758911133,0.0
2023-03-09 12:28:00,APLD,2.114500045776367,2.114500045776367,2.114500045776367,2.114500045776367,2.114500045776367,100.0
2023-03-09 12:28:00,ARCC,18.939300537109375,18.939300537109375,18.939300537109375,18.930700302124023,18.934999465942383,2530.0
2023-03-09 12:28:00,ATLCP,20.300100326538086,20.300100326538086,20.33009910583496,20.300100326538086,20.33009910583496,600.0
2023-03-09 12:28:00,AUB,36.994998931884766,36.994998931884766,36.994998931884766,36.994998931884766,36.994998931884766,388.0
2023-03-09 12:28:00,BFST,18.670000076293945,18.670000076293945,18.670000076293945,18.6299991607666,18.6299991607666,2248.0
2023-03-09 12:28:00,BGCP,4.994999885559082,4.994999885559082,4.994999885559082,4.994999885559082,4.994999885559082,570.0
2023-03-09 12:28:00,BHF,52.88999938964844,52.88999938964844,52.91999816894531,52.88999938964844,52.91999816894531,641.0
2023-03-09 12:28:00,BITF,0.7732999920845032,0.7732999920845032,0.7732999920845032,0.7616000175476074,0.7616999745368958,5129.0
2023-03-09 12:28:00,BKCC,3.6649999618530273,3.6649999618530273,3.6649999618530273,3.6649999618530273,3.6649999618530273,211.0
2023-03-09 12:28:00,BLFY,11.515000343322754,11.515000343322754,11.515000343322754,11.515000343322754,11.515000343322754,339.0
2023-03-09 12:28:00,BPOP,62.61000061035156,62.61000061035156,62.685001373291016,62.61000061035156,62.685001373291016,964.0
2023-03-09 12:28:00,BRKL,11.555000305175781,11.555000305175781,11.5600004196167,11.550999641418457,11.5600004196167,530.0
2023-03-09 12:28:00,BTBT,1.1399999856948853,1.1399999856948853,1.148900032043457,1.1399999856948853,1.148900032043457,1040.0
2023-03-09 12:28:00,CALB,24.739999771118164,24.739999771118164,24.739999771118164,24.739999771118164,24.739999771118164,1230.0
2023-03-09 12:28:00,CASH,47.36000061035156,47.36000061035156,47.36000061035156,47.36000061035156,47.36000061035156,458.0
2023-03-09 12:28:00,CATY,39.40999984741211,39.40999984741211,39.40999984741211,39.40999984741211,39.40999984741211,344.0
2023-03-09 12:28:00,CCAP,14.944999694824219,14.944999694824219,14.944999694824219,14.944999694824219,14.944999694824219,101.0
2023-03-09 12:28:00,CCB,42.599998474121094,42.599998474121094,42.599998474121094,42.599998474121094,42.599998474121094,127.0
2023-03-09 12:28:00,CCNE,22.610000610351562,22.610000610351562,22.610000610351562,22.610000610351562,22.610000610351562,546.0
2023-03-09 12:28:00,CFB,12.350000381469727,12.350000381469727,12.350000381469727,12.350000381469727,12.350000381469727,406.0
2023-03-09 12:28:00,CG,34.13999938964844,34.13999938964844,34.150001525878906,34.1349983215332,34.150001525878906,2610.0
2023-03-09 12:28:00,CINF,116.48999786376953,116.48999786376953,116.54499816894531,116.48999786376953,116.54499816894531,331.0
2023-03-09 12:28:00,CIVB,20.600000381469727,20.600000381469727,20.600000381469727,20.600000381469727,20.600000381469727,460.0
2023-03-09 12:28:00,CME,178.3800048828125,178.3800048828125,178.52000427246094,178.36000061035156,178.36000061035156,7867.0
2023-03-09 12:28:00,CNOB,21.9950008392334,21.9950008392334,22.0049991607666,21.989999771118164,22.0049991607666,1453.0
2023-03-09 12:28:00,COLB,25.346500396728516,25.346500396728516,25.3799991607666,25.329999923706055,25.3799991607666,6104.0
2023-03-09 12:28:00,COOP,44.439998626708984,44.439998626708984,44.439998626708984,44.42499923706055,44.42499923706055,639.0
2023-03-09 12:28:00,CRVL,179.24000549316406,179.24000549316406,179.24000549316406,179.24000549316406,179.24000549316406,411.0
2023-03-09 12:28:00,CVBF,21.989999771118164,21.989999771118164,21.989999771118164,21.989999771118164,21.989999771118164,434.0
2023-03-09 12:28:00,DGICA,15.11989974975586,15.11989974975586,15.11989974975586,15.11989974975586,15.11989974975586,110.0
2023-03-09 12:28:00,DWAC,14.100099563598633,14.100099563598633,14.100099563598633,14.100099563598633,14.100099563598633,310.0
2023-03-09 12:28:00,EBC,14.654999732971191,14.654999732971191,14.654999732971191,14.645000457763672,14.645000457763672,1749.0
2023-03-09 12:28:00,EHTH,8.949999809265137,8.949999809265137,8.949999809265137,8.949999809265137,8.949999809265137,227.0
2023-03-09 12:28:00,ERIE,234.47000122070312,234.47000122070312,234.47000122070312,234.47000122070312,234.47000122070312,393.0
2023-03-09 12:28:00,EWBC,68.36000061035156,68.36000061035156,68.38999938964844,68.36000061035156,68.38999938964844,1239.0
2023-03-09 12:28:00,FCBC,28.434999465942383,28.434999465942383,28.434999465942383,28.424999237060547,28.424999237060547,784.0
2023-03-09 12:28:00,FCFS,88.22000122070312,88.22000122070312,88.22000122070312,88.22000122070312,88.22000122070312,582.0
2023-03-09 12:28:00,FCRD,4.619999885559082,4.619999885559082,4.619999885559082,4.590000152587891,4.590000152587891,600.0
2023-03-09 12:28:00,FFBC,22.549999237060547,22.549999237060547,22.549999237060547,22.549999237060547,22.549999237060547,131.0
2023-03-09 12:28:00,FFWM,13.0600004196167,13.0600004196167,13.0600004196167,13.0600004196167,13.0600004196167,300.0
2023-03-09 12:28:00,FGF,2.5,2.5,2.5,2.5,2.5,861.0
2023-03-09 12:28:00,FITB,32.310001373291016,32.310001373291016,32.349998474121094,32.310001373291016,32.349998474121094,4747.0
2023-03-09 12:28:00,FITBP,24.200000762939453,24.200000762939453,24.200000762939453,24.170000076293945,24.170000076293945,881.0
2023-03-09 12:28:00,FOCS,51.685001373291016,51.685001373291016,51.689998626708984,51.68000030517578,51.685001373291016,1437.0
2023-03-09 12:28:00,FRBK,1.7549999952316284,1.7549999952316284,1.7549999952316284,1.751099944114685,1.751099944114685,1102.0
2023-03-09 12:28:00,FSBW,33.11000061035156,33.11000061035156,33.470001220703125,33.11000061035156,33.470001220703125,401.0
2023-03-09 12:28:00,FULT,15.800000190734863,15.800000190734863,15.800000190734863,15.800000190734863,15.800000190734863,261.0
2023-03-09 12:28:00,FUTU,46.54999923706055,46.54999923706055,46.56999969482422,46.54999923706055,46.560001373291016,485.0
2023-03-09 12:28:00,GAIN,13.715100288391113,13.715100288391113,13.715100288391113,13.715100288391113,13.715100288391113,612.0
2023-03-09 12:28:00,GBDC,13.4350004196167,13.4350004196167,13.4350004196167,13.430000305175781,13.430000305175781,520.0
2023-03-09 12:28:00,GCMG,8.449999809265137,8.449999809265137,8.449999809265137,8.449999809265137,8.449999809265137,143.0
2023-03-09 12:28:00,GGAL,12.920000076293945,12.920000076293945,12.920000076293945,12.920000076293945,12.920000076293945,139.0
2023-03-09 12:28:00,GROW,2.680000066757202,2.680000066757202,2.680000066757202,2.680000066757202,2.680000066757202,120.0
2023-03-09 12:28:00,HBAN,13.954999923706055,13.954999923706055,13.979999542236328,13.949999809265137,13.975000381469727,17641.0
2023-03-09 12:28:00,HBNC,13.9399995803833,13.9399995803833,13.9399995803833,13.9399995803833,13.9399995803833,465.0
2023-03-09 12:28:00,HFWA,24.700000762939453,24.700000762939453,24.700000762939453,24.68000030517578,24.700000762939453,942.0
2023-03-09 12:28:00,HLNE,75.96499633789062,75.96499633789062,75.96499633789062,75.96499633789062,75.96499633789062,110.0
2023-03-09 12:28:00,HOPE,11.890000343322754,11.890000343322754,11.890000343322754,11.890000343322754,11.890000343322754,128.0
2023-03-09 12:28:00,HUT,1.3799999952316284,1.3799999952316284,1.3799999952316284,1.3701000213623047,1.3794000148773193,16120.0
2023-03-09 12:28:00,HWC,44.25,44.25,44.25,44.25,44.25,516.0
2023-03-09 12:28:00,IBKR,87.4000015258789,87.4000015258789,87.44000244140625,87.37000274658203,87.43000030517578,3052.0
2023-03-09 12:28:00,IBTX,52.97999954223633,52.97999954223633,52.97999954223633,52.97999954223633,52.97999954223633,203.0
2023-03-09 12:28:00,ICMB,3.985100030899048,3.985100030899048,3.985100030899048,3.985100030899048,3.985100030899048,1008.0
2023-03-09 12:28:00,IGTA,10.319999694824219,10.319999694824219,10.329999923706055,10.300000190734863,10.329999923706055,2359.0
2023-03-09 12:29:00,ACGL,69.95999908447266,69.95999908447266,69.98999786376953,69.95999908447266,69.9800033569336,3830.0
2023-03-09 12:29:00,AMNB,31.889999389648438,31.889999389648438,31.889999389648438,31.889999389648438,31.889999389648438,156.0
2023-03-09 12:29:00,APLD,2.109999895095825,2.109999895095825,2.109999895095825,2.109999895095825,2.109999895095825,275.0
2023-03-09 12:29:00,ARCC,18.930099487304688,18.930099487304688,18.934999465942383,18.930099487304688,18.930099487304688,6092.0
2023-03-09 12:29:00,ATLCP,20.358200073242188,20.358200073242188,20.358200073242188,20.31999969482422,20.31999969482422,400.0
2023-03-09 12:29:00,ATLO,23.520000457763672,23.520000457763672,23.520000457763672,23.520000457763672,23.520000457763672,102.0
2023-03-09 12:29:00,BGCP,4.994999885559082,4.994999885559082,5.0,4.989999771118164,4.994999885559082,3770.0
2023-03-09 12:29:00,BHF,52.84000015258789,52.84000015258789,52.880001068115234,52.84000015258789,52.880001068115234,684.0
2023-03-09 12:29:00,BKCC,3.6600000858306885,3.6600000858306885,3.6600000858306885,3.6600000858306885,3.6600000858306885,243.0
2023-03-09 12:29:00,BOCN,10.404999732971191,10.404999732971191,10.40999984741211,10.404999732971191,10.40999984741211,4000.0
2023-03-09 12:29:00,BRKL,11.5600004196167,11.5600004196167,11.5600004196167,11.5600004196167,11.5600004196167,1280.0
2023-03-09 12:29:00,CASH,47.349998474121094,47.349998474121094,47.349998474121094,47.29999923706055,47.29999923706055,1386.0
2023-03-09 12:29:00,CATY,39.43000030517578,39.43000030517578,39.43000030517578,39.43000030517578,39.43000030517578,272.0
2023-03-09 12:29:00,CFFN,7.560299873352051,7.560299873352051,7.560299873352051,7.560299873352051,7.560299873352051,911.0
2023-03-09 12:29:00,CG,34.1349983215332,34.1349983215332,34.150001525878906,34.1349983215332,34.150001525878906,2980.0
2023-03-09 12:29:00,CGBD,14.945199966430664,14.945199966430664,14.948800086975098,14.945199966430664,14.948800086975098,200.0
2023-03-09 12:29:00,CHEAU,10.510000228881836,10.510000228881836,10.510000228881836,10.510000228881836,10.510000228881836,100.0
2023-03-09 12:29:00,CHW,6.057000160217285,6.057000160217285,6.059999942779541,6.057000160217285,6.059999942779541,1103.0
2023-03-09 12:29:00,CINF,116.5199966430664,116.5199966430664,116.5199966430664,116.5199966430664,116.5199966430664,154.0
2023-03-09 12:29:00,CME,178.58999633789062,178.58999633789062,178.6699981689453,178.36000061035156,178.44000244140625,5031.0
2023-03-09 12:29:00,CNOB,22.020000457763672,22.020000457763672,22.020000457763672,21.9950008392334,21.9950008392334,2741.0
2023-03-09 12:29:00,COLB,25.385000228881836,25.385000228881836,25.399999618530273,25.344999313354492,25.344999313354492,10468.0
2023-03-09 12:29:00,COOP,44.43000030517578,44.43000030517578,44.43000030517578,44.40999984741211,44.40999984741211,458.0
2023-03-09 12:29:00,CRVL,179.11000061035156,179.11000061035156,179.22999572753906,179.10000610351562,179.22999572753906,3181.0
2023-03-09 12:29:00,CSTR,15.420000076293945,15.420000076293945,15.430100440979004,15.420000076293945,15.430100440979004,717.0
2023-03-09 12:29:00,CVBF,21.979999542236328,21.979999542236328,21.979999542236328,21.979999542236328,21.979999542236328,411.0
2023-03-09 12:29:00,EBC,14.65999984741211,14.65999984741211,14.65999984741211,14.65999984741211,14.65999984741211,225.0
2023-03-09 12:29:00,EHTH,8.939599990844727,8.939599990844727,8.939599990844727,8.930000305175781,8.930000305175781,1626.0
2023-03-09 12:29:00,EWBC,68.30000305175781,68.30000305175781,68.37000274658203,68.30000305175781,68.33999633789062,1668.0
2023-03-09 12:29:00,EZPW,8.819999694824219,8.819999694824219,8.819999694824219,8.819999694824219,8.819999694824219,263.0
2023-03-09 12:29:00,FBNC,38.56999969482422,38.56999969482422,38.56999969482422,38.56999969482422,38.56999969482422,150.0
2023-03-09 12:29:00,FCRD,4.559999942779541,4.559999942779541,4.559999942779541,4.559999942779541,4.559999942779541,100.0
2023-03-09 12:29:00,FFBC,22.549999237060547,22.549999237060547,22.549999237060547,22.549999237060547,22.549999237060547,406.0
2023-03-09 12:29:00,FFIN,33.83000183105469,33.83000183105469,33.84000015258789,33.79999923706055,33.79999923706055,5462.0
2023-03-09 12:29:00,FFWM,13.079999923706055,13.079999923706055,13.079999923706055,13.0600004196167,13.0600004196167,2710.0
2023-03-09 12:29:00,FGF,2.5,2.5,2.5,2.5,2.5,1157.0
2023-03-09 12:29:00,FHB,24.139999389648438,24.139999389648438,24.139999389648438,24.139999389648438,24.139999389648438,523.0
2023-03-09 12:29:00,FITB,32.30500030517578,32.30500030517578,32.31999969482422,32.30500030517578,32.310001373291016,6677.0
2023-03-09 12:29:00,FITBI,25.190000534057617,25.190000534057617,25.190000534057617,25.190000534057617,25.190000534057617,452.0
2023-03-09 12:29:00,FOCS,51.689998626708984,51.689998626708984,51.689998626708984,51.689998626708984,51.689998626708984,204.0
2023-03-09 12:29:00,FRBK,1.7549999952316284,1.7549999952316284,1.7549999952316284,1.7549999952316284,1.7549999952316284,364.0
2023-03-09 12:29:00,FSBW,33.470001220703125,33.470001220703125,33.470001220703125,33.3849983215332,33.470001220703125,779.0
2023-03-09 12:29:00,FULT,15.797100067138672,15.797100067138672,15.797100067138672,15.795000076293945,15.795000076293945,758.0
2023-03-09 12:29:00,FUTU,46.65700149536133,46.65700149536133,46.65999984741211,46.560001373291016,46.56999969482422,3554.0
2023-03-09 12:29:00,GABC,35.83000183105469,35.83000183105469,35.83000183105469,35.83000183105469,35.83000183105469,201.0
2023-03-09 12:29:00,GBDC,13.4350004196167,13.4350004196167,13.4350004196167,13.420000076293945,13.430000305175781,19298.0
2023-03-09 12:29:00,GGAL,12.930000305175781,12.930000305175781,12.930000305175781,12.9173002243042,12.9173002243042,600.0
2023-03-09 12:29:00,GLRE,10.020000457763672,10.020000457763672,10.020000457763672,10.017000198364258,10.020000457763672,4325.0
2023-03-09 12:29:00,GNTY,29.141799926757812,29.141799926757812,29.141799926757812,29.141799926757812,29.141799926757812,225.0
2023-03-09 12:29:00,GSHD,52.47999954223633,52.47999954223633,52.47999954223633,52.47999954223633,52.47999954223633,320.0
2023-03-09 12:29:00,GXII,10.119999885559082,10.119999885559082,10.119999885559082,10.119999885559082,10.119999885559082,100.0
2023-03-09 12:29:00,HALL,11.199999809265137,11.199999809265137,11.199999809265137,11.199999809265137,11.199999809265137,441.0
2023-03-09 12:29:00,HBAN,13.944999694824219,13.944999694824219,13.954999923706055,13.944999694824219,13.949999809265137,10285.0
2023-03-09 12:29:00,HBNC,13.930000305175781,13.930000305175781,13.930000305175781,13.930000305175781,13.930000305175781,221.0
2023-03-09 12:29:00,HOPE,11.885000228881836,11.885000228881836,11.885000228881836,11.880000114440918,11.880000114440918,663.0
2023-03-09 12:29:00,HTLF,45.77000045776367,45.77000045776367,45.77000045776367,45.77000045776367,45.77000045776367,180.0
2023-03-09 12:29:00,HUT,1.3782000541687012,1.3782000541687012,1.3799999952316284,1.3700000047683716,1.3798999786376953,13029.0
2023-03-09 12:29:00,HVBC,30.899999618530273,30.899999618530273,30.90999984741211,30.899999618530273,30.90999984741211,347.0
2023-03-09 12:29:00,IBKR,87.59500122070312,87.59500122070312,87.59500122070312,87.45999908447266,87.47000122070312,5850.0
2023-03-09 12:29:00,IBTX,53.0,53.0,53.0,53.0,53.0,252.0
2023-03-09 12:29:00,IGTA,10.399999618530273,10.399999618530273,10.40999984741211,10.3100004196167,10.319999694824219,5503.0
2023-03-09 12:29:00,INTR,2.009999990463257,2.009999990463257,2.009999990463257,2.009999990463257,2.009999990463257,222.0
2023-03-09 12:30:00,ACGL,69.97000122070312,69.97000122070312,69.97000122070312,69.95999908447266,69.95999908447266,1700.0
2023-03-09 12:30:00,AMRK,28.079999923706055,28.079999923706055,28.079999923706055,28.06999969482422,28.06999969482422,987.0
2023-03-09 12:30:00,ARCC,18.935699462890625,18.935699462890625,18.940000534057617,18.934999465942383,18.934999465942383,9031.0
2023-03-09 12:30:00,ATLO,23.229999542236328,23.229999542236328,23.229999542236328,23.229999542236328,23.229999542236328,102.0
2023-03-09 12:30:00,AUB,37.0,37.0,37.0,37.0,37.0,380.0
2023-03-09 12:30:00,BCML,19.3799991607666,19.3799991607666,19.3799991607666,19.3799991607666,19.3799991607666,100.0
2023-03-09 12:30:00,BFST,18.700000762939453,18.700000762939453,18.700000762939453,18.65999984741211,18.65999984741211,896.0
2023-03-09 12:30:00,BGCP,4.994999885559082,4.994999885559082,5.0,4.989999771118164,5.0,15314.0
2023-03-09 12:30:00,BHF,52.904998779296875,52.904998779296875,52.91999816894531,52.869998931884766,52.900001525878906,1571.0
2023-03-09 12:30:00,BHFAP,24.5,24.5,24.510000228881836,24.5,24.5,3202.0
2023-03-09 12:30:00,BITF,0.7710999846458435,0.7710999846458435,0.7785999774932861,0.7680000066757202,0.7695000171661377,12807.0
2023-03-09 12:30:00,BMRC,27.040000915527344,27.040000915527344,27.100000381469727,27.040000915527344,27.100000381469727,894.0
2023-03-09 12:30:00,BOTJ,13.0,13.0,13.0,13.0,13.0,1208.0
2023-03-09 12:30:00,BPOP,62.68000030517578,62.68000030517578,62.68000030517578,62.66999816894531,62.66999816894531,1030.0
2023-03-09 12:30:00,BTBT,1.1442999839782715,1.1442999839782715,1.1442999839782715,1.1442999839782715,1.1442999839782715,716.0
2023-03-09 12:30:00,BWB,13.449999809265137,13.449999809265137,13.449999809265137,13.449999809265137,13.449999809265137,100.0
2023-03-09 12:30:00,CCD,23.049999237060547,23.049999237060547,23.049999237060547,23.049999237060547,23.049999237060547,433.0
2023-03-09 12:30:00,CCNE,22.6200008392334,22.6200008392334,22.6200008392334,22.6200008392334,22.6200008392334,374.0
2023-03-09 12:30:00,CG,34.130001068115234,34.130001068115234,34.13999938964844,34.130001068115234,34.1349983215332,926.0
2023-03-09 12:30:00,CIFR,1.440000057220459,1.440000057220459,1.4900000095367432,1.4199999570846558,1.4900000095367432,68673.0
2023-03-09 12:30:00,CINF,116.55000305175781,116.55000305175781,116.55000305175781,116.55000305175781,116.55000305175781,449.0
2023-03-09 12:30:00,CME,178.57000732421875,178.57000732421875,178.7100067138672,178.52999877929688,178.63999938964844,5545.0
2023-03-09 12:30:00,CNOB,22.040000915527344,22.040000915527344,22.040000915527344,22.020000457763672,22.020000457763672,708.0
2023-03-09 12:30:00,COLB,25.364999771118164,25.364999771118164,25.399999618530273,25.364999771118164,25.399999618530273,7775.0
2023-03-09 12:30:00,CRVL,179.3000030517578,179.3000030517578,179.3000030517578,179.3000030517578,179.3000030517578,819.0
2023-03-09 12:30:00,CSQ,14.030200004577637,14.030200004577637,14.031299591064453,14.029999732971191,14.030099868774414,1510.0
2023-03-09 12:30:00,CSTR,15.4399995803833,15.4399995803833,15.4399995803833,15.4399995803833,15.4399995803833,1528.0
2023-03-09 12:30:00,DNAD,10.204999923706055,10.204999923706055,10.204999923706055,10.204999923706055,10.204999923706055,100.0
2023-03-09 12:30:00,EBC,14.654999732971191,14.654999732971191,14.654999732971191,14.649999618530273,14.649999618530273,1040.0
2023-03-09 12:30:00,ESQ,41.879600524902344,41.879600524902344,41.879600524902344,41.65999984741211,41.65999984741211,275.0
2023-03-09 12:30:00,EWBC,68.2750015258789,68.2750015258789,68.2750015258789,68.2750015258789,68.2750015258789,495.0
2023-03-09 12:30:00,FBMS,28.649999618530273,28.649999618530273,28.649999618530273,28.649999618530273,28.649999618530273,164.0
2023-03-09 12:30:00,FCFS,88.22000122070312,88.22000122070312,88.22000122070312,88.22000122070312,88.22000122070312,535.0
2023-03-09 12:30:00,FCRD,4.570000171661377,4.570000171661377,4.570000171661377,4.570000171661377,4.570000171661377,100.0
2023-03-09 12:30:00,FFBC,22.54010009765625,22.54010009765625,22.54010009765625,22.54010009765625,22.54010009765625,724.0
2023-03-09 12:30:00,FITB,32.29999923706055,32.29999923706055,32.310001373291016,32.29999923706055,32.29999923706055,4855.0
2023-03-09 12:30:00,FMNB,13.1899995803833,13.1899995803833,13.1899995803833,13.1899995803833,13.1899995803833,196.0
2023-03-09 12:30:00,FOCS,51.685001373291016,51.685001373291016,51.685001373291016,51.685001373291016,51.685001373291016,400.0
2023-03-09 12:30:00,FRBK,1.75,1.75,1.7549999952316284,1.75,1.75,300.0
2023-03-09 12:30:00,FSBW,33.29999923706055,33.29999923706055,33.29999923706055,33.29999923706055,33.29999923706055,339.0
2023-03-09 12:30:00,FULT,15.789999961853027,15.789999961853027,15.795000076293945,15.789999961853027,15.795000076293945,324.0
2023-03-09 12:30:00,FUTU,46.61000061035156,46.61000061035156,46.630001068115234,46.61000061035156,46.630001068115234,1790.0
2023-03-09 12:30:00,FVCB,13.135000228881836,13.135000228881836,13.135000228881836,13.135000228881836,13.135000228881836,711.0
2023-03-09 12:30:00,GBDC,13.4350004196167,13.4350004196167,13.4350004196167,13.4350004196167,13.4350004196167,316.0
2023-03-09 12:30:00,GCMG,8.4350004196167,8.4350004196167,8.4350004196167,8.4350004196167,8.4350004196167,100.0
2023-03-09 12:30:00,GGAL,12.910599708557129,12.910599708557129,12.949999809265137,12.910599708557129,12.949999809265137,3208.0
2023-03-09 12:30:00,GLAD,9.890399932861328,9.890399932861328,9.895000457763672,9.890000343322754,9.890000343322754,1327.0
2023-03-09 12:30:00,GSHD,52.56999969482422,52.56999969482422,52.56999969482422,52.47999954223633,52.47999954223633,1032.0
2023-03-09 12:30:00,HBAN,13.9399995803833,13.9399995803833,13.949999809265137,13.9399995803833,13.9399995803833,8939.0
2023-03-09 12:30:00,HBT,22.030000686645508,22.030000686645508,22.030000686645508,22.010000228881836,22.010000228881836,402.0
2023-03-09 12:30:00,HIVE,2.619999885559082,2.619999885559082,2.619999885559082,2.619999885559082,2.619999885559082,1356.0
2023-03-09 12:30:00,HLNE,76.08000183105469,76.08000183105469,76.08000183105469,76.08000183105469,76.08000183105469,100.0
2023-03-09 12:30:00,HMST,22.709999084472656,22.709999084472656,22.709999084472656,22.649999618530273,22.649999618530273,1328.0
2023-03-09 12:30:00,HONE,12.774999618530273,12.774999618530273,12.774999618530273,12.770000457763672,12.770000457763672,1398.0
2023-03-09 12:30:00,HOPE,11.880000114440918,11.880000114440918,11.880000114440918,11.880000114440918,11.880000114440918,5257.0
2023-03-09 12:30:00,HUT,1.38100004196167,1.38100004196167,1.3849999904632568,1.371899962425232,1.378000020980835,115996.0
2023-03-09 12:30:00,HWC,44.25,44.25,44.2599983215332,44.2400016784668,44.2599983215332,1475.0
2023-03-09 12:30:00,IBKR,87.56500244140625,87.56500244140625,87.62999725341797,87.55999755859375,87.62000274658203,2229.0
2023-03-09 12:30:00,IBOC,45.15999984741211,45.15999984741211,45.15999984741211,45.15999984741211,45.15999984741211,474.0
2023-03-09 12:30:00,IBTX,53.0,53.0,53.0,53.0,53.0,370.0
2023-03-09 12:30:00,IGTA,10.3100004196167,10.3100004196167,10.430000305175781,10.3100004196167,10.399999618530273,13209.0
2023-03-09 12:30:00,INDB,71.73999786376953,71.73999786376953,71.79499816894531,71.73999786376953,71.77999877929688,7021.0
2023-03-09 12:31:00,ABCB,43.27000045776367,43.27000045776367,43.27000045776367,43.25,43.25,570.0
2023-03-09 12:31:00,ACGL,69.9749984741211,69.9749984741211,69.98999786376953,69.9749984741211,69.9800033569336,7696.0
2023-03-09 12:31:00,AMRK,28.100000381469727,28.100000381469727,28.100000381469727,28.09000015258789,28.09000015258789,610.0
2023-03-09 12:31:00,ARBK,1.5,1.5,1.5,1.5,1.5,2308.0
2023-03-09 12:31:00,ARCC,18.950000762939453,18.950000762939453,18.950000762939453,18.940099716186523,18.94499969482422,10472.0
2023-03-09 12:31:00,ATLCP,20.320100784301758,20.320100784301758,20.320100784301758,20.31999969482422,20.31999969482422,825.0
2023-03-09 12:31:00,ATLO,23.530000686645508,23.530000686645508,23.530000686645508,23.530000686645508,23.530000686645508,422.0
2023-03-09 12:31:00,AUB,37.0099983215332,37.0099983215332,37.0099983215332,36.98500061035156,36.98500061035156,1022.0
2023-03-09 12:31:00,BGCP,4.994999885559082,4.994999885559082,5.0,4.994999885559082,4.994999885559082,2322.0
2023-03-09 12:31:00,BHFAN,18.729999542236328,18.729999542236328,18.729999542236328,18.729999542236328,18.729999542236328,206.0
2023-03-09 12:31:00,BHFAP,24.479999542236328,24.479999542236328,24.479999542236328,24.479999542236328,24.479999542236328,292.0
2023-03-09 12:31:00,BITF,0.7727000117301941,0.7727000117301941,0.7727000117301941,0.7727000117301941,0.7727000117301941,143.0
2023-03-09 12:31:00,BKCC,3.6600000858306885,3.6600000858306885,3.6600000858306885,3.6600000858306885,3.6600000858306885,388.0
2023-03-09 12:31:00,BPOP,62.7400016784668,62.7400016784668,62.75,62.69499969482422,62.69499969482422,959.0
2023-03-09 12:31:00,BTCS,1.2350000143051147,1.2350000143051147,1.2350000143051147,1.2350000143051147,1.2350000143051147,276.0
2023-03-09 12:31:00,CARE,16.375,16.375,16.375,16.350000381469727,16.350000381469727,514.0
2023-03-09 12:31:00,CATY,39.41999816894531,39.41999816894531,39.41999816894531,39.41999816894531,39.41999816894531,443.0
2023-03-09 12:31:00,CBSH,61.82500076293945,61.82500076293945,61.82500076293945,61.82500076293945,61.82500076293945,1921.0
2023-03-09 12:31:00,CCAI,10.471199989318848,10.471199989318848,10.471199989318848,10.471199989318848,10.471199989318848,110.0
2023-03-09 12:31:00,CFFN,7.565000057220459,7.565000057220459,7.565000057220459,7.565000057220459,7.565000057220459,183.0
2023-03-09 12:31:00,CG,34.150001525878906,34.150001525878906,34.150001525878906,34.1349983215332,34.1349983215332,845.0
2023-03-09 12:31:00,CGBD,14.949999809265137,14.949999809265137,14.949999809265137,14.949999809265137,14.949999809265137,561.0
2023-03-09 12:31:00,CIFR,1.4450000524520874,1.4450000524520874,1.4450000524520874,1.4450000524520874,1.4450000524520874,375.0
2023-03-09 12:31:00,CINF,116.55000305175781,116.55000305175781,116.55000305175781,116.55000305175781,116.55000305175781,569.0
2023-03-09 12:31:00,CLBK,19.690000534057617,19.690000534057617,19.690000534057617,19.690000534057617,19.690000534057617,1541.0
2023-03-09 12:31:00,CME,178.86000061035156,178.86000061035156,178.86000061035156,178.52000427246094,178.5399932861328,16388.0
2023-03-09 12:31:00,CNOB,22.020000457763672,22.020000457763672,22.040000915527344,22.020000457763672,22.03499984741211,493.0
2023-03-09 12:31:00,COLB,25.3799991607666,25.3799991607666,25.3799991607666,25.360000610351562,25.360000610351562,4391.0
2023-03-09 12:31:00,COOP,44.41999816894531,44.41999816894531,44.41999816894531,44.38999938964844,44.38999938964844,345.0
2023-03-09 12:31:00,CVBF,21.979999542236328,21.979999542236328,21.979999542236328,21.979999542236328,21.979999542236328,186.0
2023-03-09 12:31:00,DGICA,15.03499984741211,15.03499984741211,15.03499984741211,15.03499984741211,15.03499984741211,100.0
2023-03-09 12:31:00,DWAC,14.114999771118164,14.114999771118164,14.114999771118164,14.114999771118164,14.114999771118164,100.0
2023-03-09 12:31:00,EBC,14.654999732971191,14.654999732971191,14.654999732971191,14.654999732971191,14.654999732971191,427.0
2023-03-09 12:31:00,EWBC,68.2615966796875,68.2615966796875,68.2615966796875,68.26139831542969,68.26139831542969,827.0
2023-03-09 12:31:00,EZPW,8.824999809265137,8.824999809265137,8.824999809265137,8.824999809265137,8.824999809265137,100.0
2023-03-09 12:31:00,FCRD,4.559999942779541,4.559999942779541,4.559999942779541,4.559999942779541,4.559999942779541,100.0
2023-03-09 12:31:00,FFIN,33.86000061035156,33.86000061035156,33.86000061035156,33.849998474121094,33.849998474121094,620.0
2023-03-09 12:31:00,FFWM,13.079999923706055,13.079999923706055,13.079999923706055,13.079999923706055,13.079999923706055,108.0
2023-03-09 12:31:00,FHB,24.149999618530273,24.149999618530273,24.149999618530273,24.149999618530273,24.149999618530273,476.0
2023-03-09 12:31:00,FIBK,32.54999923706055,32.54999923706055,32.54999923706055,32.54999923706055,32.54999923706055,144.0
2023-03-09 12:31:00,FINW,9.260000228881836,9.260000228881836,9.260000228881836,9.199999809265137,9.199999809265137,417.0
2023-03-09 12:31:00,FITB,32.310001373291016,32.310001373291016,32.314998626708984,32.290000915527344,32.290000915527344,4619.0
2023-03-09 12:31:00,FITBO,22.155000686645508,22.155000686645508,22.15999984741211,22.155000686645508,22.15999984741211,378.0
2023-03-09 12:31:00,FNCB,7.170000076293945,7.170000076293945,7.170000076293945,7.170000076293945,7.170000076293945,100.0
2023-03-09 12:31:00,FOCS,51.689998626708984,51.689998626708984,51.70000076293945,51.689998626708984,51.689998626708984,1370.0
2023-03-09 12:31:00,FRBK,1.7549999952316284,1.7549999952316284,1.7549999952316284,1.751099944114685,1.751099944114685,4102.0
2023-03-09 12:31:00,FSBW,33.3849983215332,33.3849983215332,33.3849983215332,33.3849983215332,33.3849983215332,643.0
2023-03-09 12:31:00,FULT,15.805000305175781,15.805000305175781,15.805000305175781,15.795000076293945,15.795000076293945,772.0
2023-03-09 12:31:00,FUTU,46.6349983215332,46.6349983215332,46.6349983215332,46.6349983215332,46.6349983215332,275.0
2023-03-09 12:31:00,FVCB,13.170000076293945,13.170000076293945,13.170000076293945,13.170000076293945,13.170000076293945,295.0
2023-03-09 12:31:00,GBDC,13.4350004196167,13.4350004196167,13.4350004196167,13.430000305175781,13.430000305175781,419.0
2023-03-09 12:31:00,GGAL,12.9350004196167,12.9350004196167,12.949999809265137,12.920000076293945,12.9399995803833,2414.0
2023-03-09 12:31:00,GLAD,9.890000343322754,9.890000343322754,9.890000343322754,9.890000343322754,9.890000343322754,882.0
2023-03-09 12:31:00,GLRE,10.015000343322754,10.015000343322754,10.015000343322754,10.015000343322754,10.015000343322754,100.0
2023-03-09 12:31:00,GROW,2.680000066757202,2.680000066757202,2.680000066757202,2.680000066757202,2.680000066757202,100.0
2023-03-09 12:31:00,GXII,10.119999885559082,10.119999885559082,10.119999885559082,10.119999885559082,10.119999885559082,100.0
2023-03-09 12:31:00,HBAN,13.949999809265137,13.949999809265137,13.949999809265137,13.9399995803833,13.944999694824219,10551.0
2023-03-09 12:31:00,HFWA,24.700000762939453,24.700000762939453,24.700000762939453,24.700000762939453,24.700000762939453,1169.0
2023-03-09 12:31:00,HIVE,2.615000009536743,2.615000009536743,2.615000009536743,2.615000009536743,2.615000009536743,1201.0
2023-03-09 12:31:00,HONE,12.774999618530273,12.774999618530273,12.774999618530273,12.774999618530273,12.774999618530273,182.0
2023-03-09 12:31:00,HTLF,45.7599983215332,45.7599983215332,45.7599983215332,45.7599983215332,45.7599983215332,269.0
2023-03-09 12:31:00,HUT,1.378499984741211,1.378499984741211,1.3846999406814575,1.3700000047683716,1.3841999769210815,54166.0
2023-03-09 12:31:00,HWC,44.25,44.25,44.26639938354492,44.25,44.26639938354492,1013.0
2023-03-09 12:31:00,IBKR,87.7750015258789,87.7750015258789,87.7750015258789,87.58000183105469,87.58000183105469,4086.0
2023-03-09 12:31:00,IBOC,45.150001525878906,45.150001525878906,45.150001525878906,45.150001525878906,45.150001525878906,158.0
2023-03-09 12:31:00,IGTA,10.319999694824219,10.319999694824219,10.359999656677246,10.300000190734863,10.300000190734863,4003.0
2023-03-09 12:31:00,INDB,71.72000122070312,71.72000122070312,71.7300033569336,71.72000122070312,71.7300033569336,359.0
2023-03-09 12:31:00,INTR,2.0199999809265137,2.0199999809265137,2.0199999809265137,2.0199999809265137,2.0199999809265137,133.0
2023-03-09 12:32:00,ACGL,70.02999877929688,70.02999877929688,70.02999877929688,69.96499633789062,69.9749984741211,28173.0
2023-03-09 12:32:00,ACT,24.135000228881836,24.135000228881836,24.135000228881836,24.135000228881836,24.135000228881836,245.0
2023-03-09 12:32:00,APLD,2.115000009536743,2.115000009536743,2.115000009536743,2.115000009536743,2.115000009536743,200.0
2023-03-09 12:32:00,ARCC,18.950000762939453,18.950000762939453,18.950000762939453,18.940000534057617,18.940000534057617,2179.0
2023-03-09 12:32:00,ATLCP,20.30120086669922,20.30120086669922,20.30470085144043,20.299999237060547,20.299999237060547,4650.0
2023-03-09 12:32:00,AUB,37.0,37.0,37.0,37.0,37.0,1816.0
2023-03-09 12:32:00,BCBP,15.930000305175781,15.930000305175781,15.930000305175781,15.930000305175781,15.930000305175781,190.0
2023-03-09 12:32:00,BGCP,5.005000114440918,5.005000114440918,5.010000228881836,5.0,5.0,7079.0
2023-03-09 12:32:00,BHF,52.904998779296875,52.904998779296875,52.93000030517578,52.904998779296875,52.91999816894531,640.0
2023-03-09 12:32:00,BHFAM,16.475000381469727,16.475000381469727,16.475000381469727,16.475000381469727,16.475000381469727,240.0
2023-03-09 12:32:00,BHFAP,24.479999542236328,24.479999542236328,24.479999542236328,24.479999542236328,24.479999542236328,1010.0
2023-03-09 12:32:00,BKSC,16.170000076293945,16.170000076293945,16.170000076293945,16.170000076293945,16.170000076293945,0.0
2023-03-09 12:32:00,BPOP,62.720001220703125,62.720001220703125,62.720001220703125,62.720001220703125,62.720001220703125,316.0
2023-03-09 12:32:00,CASH,47.369998931884766,47.369998931884766,47.369998931884766,47.369998931884766,47.369998931884766,729.0
2023-03-09 12:32:00,CATY,39.40999984741211,39.40999984741211,39.40999984741211,39.404998779296875,39.404998779296875,289.0
2023-03-09 12:32:00,CBSH,61.79999923706055,61.79999923706055,61.79999923706055,61.79999923706055,61.79999923706055,111.0
2023-03-09 12:32:00,CCAP,15.0,15.0,15.0,14.962499618530273,14.962499618530273,1292.0
2023-03-09 12:32:00,CG,34.154998779296875,34.154998779296875,34.154998779296875,34.150001525878906,34.150001525878906,2896.0
2023-03-09 12:32:00,CGBD,14.954999923706055,14.954999923706055,14.954999923706055,14.954999923706055,14.954999923706055,1667.0
2023-03-09 12:32:00,CHI,11.970000267028809,11.970000267028809,11.970000267028809,11.958999633789062,11.958999633789062,2052.0
2023-03-09 12:32:00,CHY,12.329999923706055,12.329999923706055,12.350000381469727,12.329999923706055,12.350000381469727,1197.0
2023-03-09 12:32:00,CIFR,1.4499000310897827,1.4499000310897827,1.4499000310897827,1.4499000310897827,1.4499000310897827,277.0
2023-03-09 12:32:00,CLBK,19.649999618530273,19.649999618530273,19.65999984741211,19.649999618530273,19.65999984741211,657.0
2023-03-09 12:32:00,CME,178.9199981689453,178.9199981689453,178.97999572753906,178.89999389648438,178.89999389648438,3723.0
2023-03-09 12:32:00,CNOB,22.0,22.0,22.030000686645508,22.0,22.030000686645508,860.0
2023-03-09 12:32:00,COLB,25.350000381469727,25.350000381469727,25.3799991607666,25.34000015258789,25.375,10742.0
2023-03-09 12:32:00,CVBF,21.989999771118164,21.989999771118164,21.989999771118164,21.989999771118164,21.989999771118164,1370.0
2023-03-09 12:32:00,DWAC,14.119000434875488,14.119000434875488,14.119000434875488,14.119000434875488,14.119000434875488,198.0
2023-03-09 12:32:00,DWACW,3.049999952316284,3.049999952316284,3.049999952316284,3.049999952316284,3.049999952316284,1001.0
2023-03-09 12:32:00,EBC,14.640000343322754,14.640000343322754,14.649999618530273,14.640000343322754,14.649999618530273,1078.0
2023-03-09 12:32:00,EWBC,68.27010345458984,68.27010345458984,68.30999755859375,68.26000213623047,68.27999877929688,3495.0
2023-03-09 12:32:00,EZPW,8.819999694824219,8.819999694824219,8.819999694824219,8.819999694824219,8.819999694824219,203.0
2023-03-09 12:32:00,FBNC,38.63999938964844,38.63999938964844,38.63999938964844,38.58000183105469,38.58000183105469,2234.0
2023-03-09 12:32:00,FCRD,4.559999942779541,4.559999942779541,4.559999942779541,4.559999942779541,4.559999942779541,200.0
2023-03-09 12:32:00,FHB,24.170000076293945,24.170000076293945,24.170000076293945,24.15999984741211,24.15999984741211,722.0
2023-03-09 12:32:00,FIBK,32.540000915527344,32.540000915527344,32.560001373291016,32.540000915527344,32.560001373291016,417.0
2023-03-09 12:32:00,FINW,9.050000190734863,9.050000190734863,9.050000190734863,9.050000190734863,9.050000190734863,120.0
2023-03-09 12:32:00,FITB,32.310001373291016,32.310001373291016,32.31999969482422,32.310001373291016,32.314998626708984,2490.0
2023-03-09 12:32:00,FLIC,16.200000762939453,16.200000762939453,16.200000762939453,16.200000762939453,16.200000762939453,1118.0
2023-03-09 12:32:00,FNCB,7.309999942779541,7.309999942779541,7.309999942779541,7.309999942779541,7.309999942779541,200.0
2023-03-09 12:32:00,FOCS,51.68000030517578,51.68000030517578,51.689998626708984,51.68000030517578,51.689998626708984,1470.0
2023-03-09 12:32:00,FRBK,1.7549999952316284,1.7549999952316284,1.7549999952316284,1.7549999952316284,1.7549999952316284,152.0
2023-03-09 12:32:00,FSEA,9.90999984741211,9.90999984741211,9.90999984741211,9.90999984741211,9.90999984741211,241.0
2023-03-09 12:32:00,FULT,15.800000190734863,15.800000190734863,15.800000190734863,15.800000190734863,15.800000190734863,902.0
2023-03-09 12:32:00,FUTU,46.64500045776367,46.64500045776367,46.66999816894531,46.64500045776367,46.65999984741211,1723.0
2023-03-09 12:32:00,FVCB,13.220000267028809,13.220000267028809,13.25,13.149999618530273,13.170000076293945,6245.0
2023-03-09 12:32:00,GBDC,13.4350004196167,13.4350004196167,13.4350004196167,13.430000305175781,13.430000305175781,493.0
2023-03-09 12:32:00,GCMG,8.449999809265137,8.449999809265137,8.449999809265137,8.449999809265137,8.449999809265137,101.0
2023-03-09 12:32:00,GGAL,12.90999984741211,12.90999984741211,12.920000076293945,12.899999618530273,12.920000076293945,745.0
2023-03-09 12:32:00,GLAD,9.890000343322754,9.890000343322754,9.890000343322754,9.890000343322754,9.890000343322754,208.0
2023-03-09 12:32:00,GREE,0.4415000081062317,0.4415000081062317,0.4415000081062317,0.4415000081062317,0.4415000081062317,380.0
2023-03-09 12:32:00,HAFC,21.979999542236328,21.979999542236328,21.979999542236328,21.979999542236328,21.979999542236328,467.0
2023-03-09 12:32:00,HBAN,13.944999694824219,13.944999694824219,13.960000038146973,13.940099716186523,13.949999809265137,26514.0
2023-03-09 12:32:00,HBCP,36.33000183105469,36.33000183105469,36.33000183105469,36.2599983215332,36.2599983215332,243.0
2023-03-09 12:32:00,HBNC,13.944999694824219,13.944999694824219,13.949999809265137,13.9399995803833,13.944999694824219,1874.0
2023-03-09 12:32:00,HCMA,10.470000267028809,10.470000267028809,10.470000267028809,10.444999694824219,10.444999694824219,500.0
2023-03-09 12:32:00,HIVE,2.619999885559082,2.619999885559082,2.619999885559082,2.6191999912261963,2.6191999912261963,2595.0
2023-03-09 12:32:00,HMST,22.719999313354492,22.719999313354492,22.719999313354492,22.719999313354492,22.719999313354492,100.0
2023-03-09 12:32:00,HOPE,11.875,11.875,11.875,11.875,11.875,225.0
2023-03-09 12:32:00,HTBK,10.989999771118164,10.989999771118164,10.989999771118164,10.989899635314941,10.989899635314941,2344.0
2023-03-09 12:32:00,HUT,1.375,1.375,1.3799999952316284,1.3700000047683716,1.3799999952316284,19586.0
2023-03-09 12:32:00,HWC,44.29499816894531,44.29499816894531,44.29499816894531,44.290000915527344,44.290000915527344,979.0
2023-03-09 12:32:00,IBCP,20.559999465942383,20.559999465942383,20.559999465942383,20.559999465942383,20.559999465942383,227.0
2023-03-09 12:32:00,IBKR,87.6050033569336,87.6050033569336,87.7750015258789,87.59500122070312,87.7750015258789,2581.0
2023-03-09 12:32:00,IBOC,45.154998779296875,45.154998779296875,45.154998779296875,45.154998779296875,45.154998779296875,236.0
2023-03-09 12:32:00,IBTX,52.97999954223633,52.97999954223633,53.0,52.97999954223633,53.0,615.0
2023-03-09 12:32:00,IGIC,8.289999961853027,8.289999961853027,8.3149995803833,8.289999961853027,8.3149995803833,497.0
2023-03-09 12:32:00,IGTA,10.3100004196167,10.3100004196167,10.319999694824219,10.300000190734863,10.3100004196167,6944.0
2023-03-09 12:32:00,INTR,2.009999990463257,2.009999990463257,2.009999990463257,2.009999990463257,2.009999990463257,200.0
2023-03-09 12:33:00,ABCB,43.189998626708984,43.189998626708984,43.2400016784668,43.189998626708984,43.2400016784668,1825.0
2023-03-09 12:33:00,ACGL,69.99500274658203,69.99500274658203,70.02999877929688,69.9800033569336,70.0199966430664,7902.0
2023-03-09 12:33:00,AMTB,25.489999771118164,25.489999771118164,25.489999771118164,25.489999771118164,25.489999771118164,439.0
2023-03-09 12:33:00,APLD,2.115000009536743,2.115000009536743,2.115000009536743,2.115000009536743,2.115000009536743,100.0
2023-03-09 12:33:00,ARBK,1.5099999904632568,1.5099999904632568,1.5099999904632568,1.5,1.5,1069.0
2023-03-09 12:33:00,ARCC,18.958499908447266,18.958499908447266,18.958499908447266,18.950000762939453,18.950000762939453,4971.0
2023-03-09 12:33:00,AUB,36.95000076293945,36.95000076293945,36.994998931884766,36.93000030517578,36.9900016784668,2833.0
2023-03-09 12:33:00,BANR,58.18000030517578,58.18000030517578,58.18000030517578,58.18000030517578,58.18000030517578,346.0
2023-03-09 12:33:00,BFST,18.760000228881836,18.760000228881836,18.760000228881836,18.735000610351562,18.7549991607666,318.0
2023-03-09 12:33:00,BHF,52.880001068115234,52.880001068115234,52.88999938964844,52.880001068115234,52.88999938964844,735.0
2023-03-09 12:33:00,BITF,0.7799999713897705,0.7799999713897705,0.7799999713897705,0.7712000012397766,0.7712000012397766,1549.0
2023-03-09 12:33:00,BKCC,3.6600000858306885,3.6600000858306885,3.665299892425537,3.6600000858306885,3.665299892425537,779.0
2023-03-09 12:33:00,BOKF,96.06999969482422,96.06999969482422,96.26000213623047,96.06999969482422,96.26000213623047,1505.0
2023-03-09 12:33:00,BOTJ,13.0,13.0,13.0,13.0,13.0,651.0
2023-03-09 12:33:00,BPOP,62.63999938964844,62.63999938964844,62.720001220703125,62.63999938964844,62.70000076293945,2643.0
2023-03-09 12:33:00,BRKL,11.550000190734863,11.550000190734863,11.5600004196167,11.550000190734863,11.5600004196167,1404.0
2023-03-09 12:33:00,BRP,25.93000030517578,25.93000030517578,25.979999542236328,25.93000030517578,25.979999542236328,2750.0
2023-03-09 12:33:00,BUSE,22.510000228881836,22.510000228881836,22.510000228881836,22.510000228881836,22.510000228881836,119.0
2023-03-09 12:33:00,CARE,16.3799991607666,16.3799991607666,16.3799991607666,16.3799991607666,16.3799991607666,100.0
2023-03-09 12:33:00,CASH,47.33000183105469,47.33000183105469,47.349998474121094,47.33000183105469,47.349998474121094,620.0
2023-03-09 12:33:00,CATY,39.36000061035156,39.36000061035156,39.380001068115234,39.36000061035156,39.380001068115234,981.0
2023-03-09 12:33:00,CBSH,61.7599983215332,61.7599983215332,61.81999969482422,61.7599983215332,61.79629898071289,2112.0
2023-03-09 12:33:00,CCAP,15.010000228881836,15.010000228881836,15.010000228881836,15.010000228881836,15.010000228881836,403.0
2023-03-09 12:33:00,CFB,12.319999694824219,12.319999694824219,12.319999694824219,12.319999694824219,12.319999694824219,624.0
2023-03-09 12:33:00,CFFN,7.559999942779541,7.559999942779541,7.565000057220459,7.559999942779541,7.565000057220459,228.0
2023-03-09 12:33:00,CG,34.130001068115234,34.130001068115234,34.154998779296875,34.130001068115234,34.150001525878906,2028.0
2023-03-09 12:33:00,CGBD,14.960100173950195,14.960100173950195,14.964200019836426,14.954999923706055,14.954999923706055,1454.0
2023-03-09 12:33:00,CGO,9.850000381469727,9.850000381469727,9.850000381469727,9.850000381469727,9.850000381469727,100.0
2023-03-09 12:33:00,CHCO,91.02999877929688,91.02999877929688,91.02999877929688,91.02999877929688,91.02999877929688,452.0
2023-03-09 12:33:00,CINF,116.44000244140625,116.44000244140625,116.48999786376953,116.44000244140625,116.48999786376953,1246.0
2023-03-09 12:33:00,CMCA,10.399999618530273,10.399999618530273,10.399999618530273,10.399999618530273,10.399999618530273,0.0
2023-03-09 12:33:00,CME,178.6699981689453,178.6699981689453,178.9600067138672,178.6699981689453,178.9199981689453,6809.0
2023-03-09 12:33:00,CNOB,21.959999084472656,21.959999084472656,22.0,21.959999084472656,22.0,454.0
2023-03-09 12:33:00,COLB,25.329999923706055,25.329999923706055,25.354999542236328,25.329999923706055,25.354999542236328,4297.0
2023-03-09 12:33:00,COOP,44.36000061035156,44.36000061035156,44.41999816894531,44.36000061035156,44.41999816894531,1023.0
2023-03-09 12:33:00,CSQ,14.029999732971191,14.029999732971191,14.050000190734863,14.029999732971191,14.050000190734863,833.0
2023-03-09 12:33:00,CSWC,18.459999084472656,18.459999084472656,18.459999084472656,18.459999084472656,18.459999084472656,163.0
2023-03-09 12:33:00,CVBF,21.969999313354492,21.969999313354492,21.979999542236328,21.969999313354492,21.979999542236328,1452.0
2023-03-09 12:33:00,DCOM,29.5049991607666,29.5049991607666,29.5049991607666,29.5,29.5,200.0
2023-03-09 12:33:00,EBC,14.635700225830078,14.635700225830078,14.640000343322754,14.635700225830078,14.640000343322754,1605.0
2023-03-09 12:33:00,EGBN,40.66999816894531,40.66999816894531,40.66999816894531,40.66999816894531,40.66999816894531,212.0
2023-03-09 12:33:00,EHTH,8.930000305175781,8.930000305175781,8.9399995803833,8.930000305175781,8.9399995803833,576.0
2023-03-09 12:33:00,ESSA,18.649999618530273,18.649999618530273,18.649999618530273,18.649999618530273,18.649999618530273,19515.0
2023-03-09 12:33:00,EWBC,68.27999877929688,68.27999877929688,68.29000091552734,68.25,68.26000213623047,1530.0
2023-03-09 12:33:00,EZPW,8.819999694824219,8.819999694824219,8.819999694824219,8.819999694824219,8.819999694824219,402.0
2023-03-09 12:33:00,FBMS,28.649999618530273,28.649999618530273,28.649999618530273,28.649999618530273,28.649999618530273,180.0
2023-03-09 12:33:00,FBNC,38.6150016784668,38.6150016784668,38.63999938964844,38.6150016784668,38.630001068115234,1519.0
2023-03-09 12:33:00,FCRD,4.570000171661377,4.570000171661377,4.570000171661377,4.570000171661377,4.570000171661377,100.0
2023-03-09 12:33:00,FFBC,22.530000686645508,22.530000686645508,22.540000915527344,22.530000686645508,22.540000915527344,406.0
2023-03-09 12:33:00,FFIN,33.83000183105469,33.83000183105469,33.84000015258789,33.83000183105469,33.84000015258789,300.0
2023-03-09 12:33:00,FFWM,13.079999923706055,13.079999923706055,13.079999923706055,13.069999694824219,13.069999694824219,696.0
2023-03-09 12:33:00,FHB,24.139999389648438,24.139999389648438,24.15999984741211,24.139999389648438,24.15999984741211,2379.0
2023-03-09 12:33:00,FIBK,32.5,32.5,32.529998779296875,32.5,32.529998779296875,418.0
2023-03-09 12:33:00,FITB,32.28499984741211,32.28499984741211,32.314998626708984,32.28499984741211,32.29999923706055,19535.0
2023-03-09 12:33:00,FITBI,25.189899444580078,25.189899444580078,25.189899444580078,25.189899444580078,25.189899444580078,124.0
2023-03-09 12:33:00,FNCB,7.369999885559082,7.369999885559082,7.369999885559082,7.369999885559082,7.369999885559082,332.0
2023-03-09 12:33:00,FOCS,51.68000030517578,51.68000030517578,51.689998626708984,51.68000030517578,51.689998626708984,500.0
2023-03-09 12:33:00,FRBK,1.7549999952316284,1.7549999952316284,1.7549999952316284,1.7549999952316284,1.7549999952316284,102.0
2023-03-09 12:33:00,FULT,15.779999732971191,15.779999732971191,15.795000076293945,15.779999732971191,15.795000076293945,1413.0
2023-03-09 12:33:00,FUTU,46.69049835205078,46.69049835205078,46.69049835205078,46.69049835205078,46.69049835205078,235.0
2023-03-09 12:33:00,FVCB,13.25,13.25,13.25,13.219900131225586,13.220000267028809,2820.0
2023-03-09 12:33:00,GABC,35.83000183105469,35.83000183105469,35.83000183105469,35.83000183105469,35.83000183105469,306.0
2023-03-09 12:33:00,GCBC,54.029998779296875,54.029998779296875,54.029998779296875,54.029998779296875,54.029998779296875,190.0
2023-03-09 12:33:00,GCMG,8.449999809265137,8.449999809265137,8.449999809265137,8.449999809265137,8.449999809265137,100.0
2023-03-09 12:33:00,GGAL,12.899999618530273,12.899999618530273,12.899999618530273,12.880000114440918,12.890000343322754,944.0
2023-03-09 12:33:00,GLRE,10.015000343322754,10.015000343322754,10.015000343322754,10.015000343322754,10.015000343322754,100.0
2023-03-09 12:33:00,GSHD,52.56999969482422,52.56999969482422,52.56999969482422,52.56999969482422,52.56999969482422,324.0
2023-03-09 12:33:00,GXII,10.119999885559082,10.119999885559082,10.119999885559082,10.119999885559082,10.119999885559082,100.0
2023-03-09 12:33:00,HAFC,21.969999313354492,21.969999313354492,21.969999313354492,21.969999313354492,21.969999313354492,166.0
2023-03-09 12:33:00,HBAN,13.9350004196167,13.9350004196167,13.949999809265137,13.930000305175781,13.944999694824219,22705.0
2023-03-09 12:33:00,HBNC,13.960000038146973,13.960000038146973,13.960000038146973,13.9399995803833,13.949999809265137,1985.0
2023-03-09 12:33:00,HFWA,24.6200008392334,24.6200008392334,24.690000534057617,24.6200008392334,24.690000534057617,1190.0
2023-03-09 12:33:00,HIFS,260.0,260.0,260.0,260.0,260.0,252.0
2023-03-09 12:33:00,HIVE,2.6098999977111816,2.6098999977111816,2.609999895095825,2.6050000190734863,2.609999895095825,5155.0
2023-03-09 12:33:00,HMST,22.729999542236328,22.729999542236328,22.729999542236328,22.729999542236328,22.729999542236328,195.0
2023-03-09 12:33:00,HONE,12.770000457763672,12.770000457763672,12.770000457763672,12.765000343322754,12.770000457763672,1075.0
2023-03-09 12:33:00,HOPE,11.859999656677246,11.859999656677246,11.875,11.859999656677246,11.875,1685.0
2023-03-09 12:33:00,HTBK,10.989999771118164,10.989999771118164,10.989999771118164,10.989999771118164,10.989999771118164,567.0
2023-03-09 12:33:00,HTLF,45.72999954223633,45.72999954223633,45.7400016784668,45.72999954223633,45.7400016784668,724.0
2023-03-09 12:33:00,HUT,1.3601000308990479,1.3601000308990479,1.3799999952316284,1.3601000308990479,1.3701000213623047,106151.0
2023-03-09 12:33:00,HWC,44.220001220703125,44.220001220703125,44.25,44.220001220703125,44.25,624.0
2023-03-09 12:33:00,IBKR,87.63999938964844,87.63999938964844,87.63999938964844,87.6050033569336,87.6050033569336,456.0
2023-03-09 12:33:00,IBTX,52.91999816894531,52.91999816894531,52.959999084472656,52.91999816894531,52.959999084472656,683.0
2023-03-09 12:33:00,ICMB,3.9605000019073486,3.9605000019073486,3.9605000019073486,3.9605000019073486,3.9605000019073486,689.0
2023-03-09 12:33:00,IGTA,10.399999618530273,10.399999618530273,10.399999618530273,10.3100004196167,10.3100004196167,203.0
2023-03-09 12:33:00,INDB,71.66000366210938,71.66000366210938,71.66000366210938,71.66000366210938,71.66000366210938,328.0
2023-03-09 12:34:00,ABCB,43.16999816894531,43.16999816894531,43.16999816894531,43.150001525878906,43.150001525878906,2132.0
2023-03-09 12:34:00,ACGL,70.0199966430664,70.0199966430664,70.0199966430664,69.98500061035156,69.99500274658203,2575.0
2023-03-09 12:34:00,ACNB,34.970001220703125,34.970001220703125,34.970001220703125,34.970001220703125,34.970001220703125,723.0
2023-03-09 12:34:00,ACT,24.135000228881836,24.135000228881836,24.135000228881836,24.135000228881836,24.135000228881836,437.0
2023-03-09 12:34:00,AMNB,31.40559959411621,31.40559959411621,31.40559959411621,31.40559959411621,31.40559959411621,454.0
2023-03-09 12:34:00,AMRK,28.110000610351562,28.110000610351562,28.110000610351562,28.09000015258789,28.09000015258789,695.0
2023-03-09 12:34:00,ARCC,18.954999923706055,18.954999923706055,18.956600189208984,18.9507999420166,18.954999923706055,3699.0
2023-03-09 12:34:00,AROW,28.219999313354492,28.219999313354492,28.219999313354492,28.219999313354492,28.219999313354492,121.0
2023-03-09 12:34:00,ATLC,29.139999389648438,29.139999389648438,29.139999389648438,29.139999389648438,29.139999389648438,209.0
2023-03-09 12:34:00,AUB,36.91999816894531,36.91999816894531,36.93000030517578,36.91999816894531,36.93000030517578,1792.0
2023-03-09 12:34:00,BANF,85.69999694824219,85.69999694824219,85.75,85.69999694824219,85.75,2067.0
2023-03-09 12:34:00,BANR,58.119998931884766,58.119998931884766,58.130001068115234,58.119998931884766,58.130001068115234,731.0
2023-03-09 12:34:00,BCBP,15.899999618530273,15.899999618530273,15.930000305175781,15.899999618530273,15.930000305175781,2231.0
2023-03-09 12:34:00,BFST,18.735000610351562,18.735000610351562,18.735000610351562,18.700000762939453,18.729999542236328,866.0
2023-03-09 12:34:00,BGCP,4.994999885559082,4.994999885559082,5.0,4.994999885559082,5.0,7349.0
2023-03-09 12:34:00,BHF,52.88999938964844,52.88999938964844,52.88999938964844,52.86000061035156,52.869998931884766,539.0
2023-03-09 12:34:00,BITF,0.7749999761581421,0.7749999761581421,0.7749999761581421,0.7749999761581421,0.7749999761581421,100.0
2023-03-09 12:34:00,BLFY,11.515000343322754,11.515000343322754,11.515000343322754,11.515000343322754,11.515000343322754,183.0
2023-03-09 12:34:00,BMRC,26.989999771118164,26.989999771118164,27.030000686645508,26.989999771118164,27.030000686645508,1158.0
2023-03-09 12:34:00,BOKF,95.98999786376953,95.98999786376953,96.01000213623047,95.98999786376953,96.01000213623047,1166.0
2023-03-09 12:34:00,BPOP,62.654998779296875,62.654998779296875,62.70000076293945,62.56999969482422,62.61000061035156,3460.0
2023-03-09 12:34:00,BRKL,11.539999961853027,11.539999961853027,11.545000076293945,11.539999961853027,11.539999961853027,5408.0
2023-03-09 12:34:00,BSRR,19.459999084472656,19.459999084472656,19.459999084472656,19.459999084472656,19.459999084472656,139.0
2023-03-09 12:34:00,BUSE,22.489999771118164,22.489999771118164,22.489999771118164,22.489999771118164,22.489999771118164,302.0
2023-03-09 12:34:00,BWB,13.420000076293945,13.420000076293945,13.449999809265137,13.420000076293945,13.449999809265137,867.0
2023-03-09 12:34:00,CASH,47.34000015258789,47.34000015258789,47.349998474121094,47.310001373291016,47.31999969482422,1888.0
2023-03-09 12:34:00,CATY,39.31999969482422,39.31999969482422,39.31999969482422,39.31999969482422,39.31999969482422,347.0
2023-03-09 12:34:00,CBSH,61.73500061035156,61.73500061035156,61.7599983215332,61.73500061035156,61.7599983215332,1262.0
2023-03-09 12:34:00,CCAP,14.979999542236328,14.979999542236328,15.009200096130371,14.979999542236328,15.009200096130371,684.0
2023-03-09 12:34:00,CCB,42.599998474121094,42.599998474121094,42.599998474121094,42.599998474121094,42.599998474121094,1174.0
2023-03-09 12:34:00,CFB,12.3100004196167,12.3100004196167,12.3100004196167,12.3100004196167,12.3100004196167,199.0
2023-03-09 12:34:00,CFFN,7.559999942779541,7.559999942779541,7.559999942779541,7.559999942779541,7.559999942779541,4670.0
2023-03-09 12:34:00,CG,34.130001068115234,34.130001068115234,34.130001068115234,34.119998931884766,34.119998931884766,2644.0
2023-03-09 12:34:00,CHCO,91.0199966430664,91.0199966430664,91.0199966430664,91.0199966430664,91.0199966430664,125.0
2023-03-09 12:34:00,CINF,116.4010009765625,116.4010009765625,116.41000366210938,116.4000015258789,116.41000366210938,623.0
2023-03-09 12:34:00,CLIN,10.255000114440918,10.255000114440918,10.255000114440918,10.255000114440918,10.255000114440918,100.0
2023-03-09 12:34:00,CME,178.64500427246094,178.64500427246094,178.69500732421875,178.64500427246094,178.69500732421875,424.0
2023-03-09 12:34:00,CNOB,21.959999084472656,21.959999084472656,21.959999084472656,21.959999084472656,21.959999084472656,443.0
2023-03-09 12:34:00,COLB,25.325000762939453,25.325000762939453,25.325000762939453,25.309999465942383,25.325000762939453,5023.0
2023-03-09 12:34:00,COOP,44.35820007324219,44.35820007324219,44.35820007324219,44.35820007324219,44.35820007324219,280.0
2023-03-09 12:34:00,CSWC,18.454999923706055,18.454999923706055,18.4596004486084,18.454999923706055,18.4596004486084,400.0
2023-03-09 12:34:00,CTBI,40.38999938964844,40.38999938964844,40.38999938964844,40.380001068115234,40.380001068115234,267.0
2023-03-09 12:34:00,CVBF,21.950000762939453,21.950000762939453,21.959999084472656,21.94499969482422,21.959999084472656,1573.0
2023-03-09 12:34:00,DCOM,29.450000762939453,29.450000762939453,29.489999771118164,29.450000762939453,29.489999771118164,1407.0
2023-03-09 12:34:00,DWAC,14.109999656677246,14.109999656677246,14.114999771118164,14.109999656677246,14.114999771118164,783.0
2023-03-09 12:34:00,EBC,14.628000259399414,14.628000259399414,14.630000114440918,14.604999542236328,14.630000114440918,9843.0
2023-03-09 12:34:00,EFSC,51.630001068115234,51.630001068115234,51.630001068115234,51.630001068115234,51.630001068115234,711.0
2023-03-09 12:34:00,EGBN,40.63999938964844,40.63999938964844,40.63999938964844,40.61000061035156,40.63999938964844,2784.0
2023-03-09 12:34:00,EHTH,8.869999885559082,8.869999885559082,8.90999984741211,8.869999885559082,8.899999618530273,824.0
2023-03-09 12:34:00,EQBK,28.100000381469727,28.100000381469727,28.100000381469727,28.100000381469727,28.100000381469727,1012.0
2023-03-09 12:34:00,EWBC,68.20999908447266,68.20999908447266,68.30000305175781,68.17500305175781,68.26000213623047,11820.0
2023-03-09 12:34:00,EZPW,8.829999923706055,8.829999923706055,8.829999923706055,8.805000305175781,8.819999694824219,3441.0
2023-03-09 12:34:00,FANH,8.220000267028809,8.220000267028809,8.220000267028809,8.220000267028809,8.220000267028809,141.0
2023-03-09 12:34:00,FBMS,28.59000015258789,28.59000015258789,28.65999984741211,28.59000015258789,28.65999984741211,1796.0
2023-03-09 12:34:00,FBNC,38.599998474121094,38.599998474121094,38.61000061035156,38.560001373291016,38.599998474121094,6539.0
2023-03-09 12:34:00,FCRD,4.619999885559082,4.619999885559082,4.619999885559082,4.619999885559082,4.619999885559082,1877.0
2023-03-09 12:34:00,FFBC,22.530000686645508,22.530000686645508,22.530000686645508,22.520000457763672,22.520000457763672,1252.0
2023-03-09 12:34:00,FFIC,17.25,17.25,17.260000228881836,17.25,17.260000228881836,1097.0
2023-03-09 12:34:00,FFIN,33.79999923706055,33.79999923706055,33.79999923706055,33.790000915527344,33.790000915527344,1269.0
2023-03-09 12:34:00,FFWM,13.039999961853027,13.039999961853027,13.0600004196167,13.039999961853027,13.0600004196167,4895.0
2023-03-09 12:34:00,FHB,24.1299991607666,24.1299991607666,24.1299991607666,24.1200008392334,24.1299991607666,1277.0
2023-03-09 12:34:00,FIBK,32.47999954223633,32.47999954223633,32.47999954223633,32.47999954223633,32.47999954223633,335.0
2023-03-09 12:34:00,FISI,23.209999084472656,23.209999084472656,23.209999084472656,23.209999084472656,23.209999084472656,320.0
2023-03-09 12:34:00,FITB,32.30500030517578,32.30500030517578,32.310001373291016,32.27000045776367,32.28499984741211,15755.0
2023-03-09 12:34:00,FMAO,23.790000915527344,23.790000915527344,23.790000915527344,23.790000915527344,23.790000915527344,185.0
2023-03-09 12:34:00,FMNB,13.170000076293945,13.170000076293945,13.180000305175781,13.170000076293945,13.180000305175781,1283.0
2023-03-09 12:34:00,FOCS,51.685001373291016,51.685001373291016,51.685001373291016,51.685001373291016,51.685001373291016,1312.0
2023-03-09 12:34:00,FRBK,1.75,1.75,1.75,1.75,1.75,4780.0
2023-03-09 12:34:00,FSBW,33.38999938964844,33.38999938964844,33.38999938964844,33.380001068115234,33.380001068115234,379.0
2023-03-09 12:34:00,FSFG,18.829999923706055,18.829999923706055,18.829999923706055,18.829999923706055,18.829999923706055,441.0
2023-03-09 12:34:00,FULT,15.78499984741211,15.78499984741211,15.78499984741211,15.765000343322754,15.779999732971191,1651.0
2023-03-09 12:34:00,FUTU,46.650001525878906,46.650001525878906,46.70000076293945,46.650001525878906,46.70000076293945,2677.0
2023-03-09 12:34:00,FVCB,13.279999732971191,13.279999732971191,13.279999732971191,13.239899635314941,13.239899635314941,1022.0
2023-03-09 12:34:00,GBDC,13.4350004196167,13.4350004196167,13.4350004196167,13.430000305175781,13.430000305175781,601.0
2023-03-09 12:34:00,GCMG,8.4399995803833,8.4399995803833,8.444999694824219,8.4399995803833,8.4399995803833,1046.0
2023-03-09 12:34:00,GLRE,10.020000457763672,10.020000457763672,10.020000457763672,10.010000228881836,10.020000457763672,1044.0
2023-03-09 12:34:00,GNTY,29.209999084472656,29.209999084472656,29.209999084472656,29.209999084472656,29.209999084472656,272.0
2023-03-09 12:34:00,GREE,0.4418500065803528,0.4418500065803528,0.4418500065803528,0.4415000081062317,0.4415000081062317,1436.0
2023-03-09 12:34:00,GSBC,54.220001220703125,54.220001220703125,54.220001220703125,54.220001220703125,54.220001220703125,442.0
2023-03-09 12:34:00,HAFC,21.959999084472656,21.959999084472656,21.959999084472656,21.959999084472656,21.959999084472656,506.0
2023-03-09 12:34:00,HALL,11.281999588012695,11.281999588012695,11.281999588012695,11.281999588012695,11.281999588012695,100.0
2023-03-09 12:34:00,HBAN,13.9399995803833,13.9399995803833,13.949999809265137,13.925000190734863,13.930000305175781,36445.0
2023-03-09 12:34:00,HBCP,36.5,36.5,36.5,36.34000015258789,36.34000015258789,421.0
2023-03-09 12:34:00,HBNC,13.949999809265137,13.949999809265137,13.949999809265137,13.949999809265137,13.949999809265137,1037.0
2023-03-09 12:34:00,HBT,22.0,22.0,22.0,22.0,22.0,128.0
2023-03-09 12:34:00,HFWA,24.579999923706055,24.579999923706055,24.6200008392334,24.579999923706055,24.610000610351562,1847.0
2023-03-09 12:34:00,HLNE,76.13999938964844,76.13999938964844,76.13999938964844,76.06500244140625,76.06500244140625,526.0
2023-03-09 12:34:00,HONE,12.770000457763672,12.770000457763672,12.770000457763672,12.770000457763672,12.770000457763672,1015.0
2023-03-09 12:34:00,HOPE,11.829999923706055,11.829999923706055,11.850000381469727,11.824999809265137,11.850000381469727,3269.0
2023-03-09 12:34:00,HTBK,10.970000267028809,10.970000267028809,10.970000267028809,10.970000267028809,10.970000267028809,238.0
2023-03-09 12:34:00,HTLF,45.7599983215332,45.7599983215332,45.7599983215332,45.682498931884766,45.70000076293945,1246.0
2023-03-09 12:34:00,HUT,1.364799976348877,1.364799976348877,1.368499994277954,1.3600000143051147,1.3650000095367432,8670.0
2023-03-09 12:34:00,HWC,44.255001068115234,44.255001068115234,44.255001068115234,44.20000076293945,44.220001220703125,1869.0
2023-03-09 12:34:00,IBCP,20.549999237060547,20.549999237060547,20.59000015258789,20.549999237060547,20.549999237060547,5165.0
2023-03-09 12:34:00,IBKR,87.69000244140625,87.69000244140625,87.69000244140625,87.625,87.625,722.0
2023-03-09 12:34:00,IBOC,45.119998931884766,45.119998931884766,45.119998931884766,45.119998931884766,45.119998931884766,314.0
2023-03-09 12:34:00,IBTX,52.91999816894531,52.91999816894531,52.91999816894531,52.90999984741211,52.90999984741211,629.0
2023-03-09 12:34:00,IGTA,10.350000381469727,10.350000381469727,10.399999618530273,10.3100004196167,10.350000381469727,2612.0
2023-03-09 12:34:00,INDB,71.58000183105469,71.58000183105469,71.63999938964844,71.56999969482422,71.63999938964844,1439.0
2023-03-09 12:34:00,INTR,2.009999990463257,2.009999990463257,2.009999990463257,2.009999990463257,2.009999990463257,200.0
2023-03-09 12:35:00,ACGL,69.95500183105469,69.95500183105469,70.0199966430664,69.94999694824219,70.0199966430664,8620.0
2023-03-09 12:35:00,ACT,24.135000228881836,24.135000228881836,24.135000228881836,24.135000228881836,24.135000228881836,245.0
2023-03-09 12:35:00,ALRS,19.0,19.0,19.0049991607666,19.0,19.0,1982.0
2023-03-09 12:35:00,AMAL,20.979999542236328,20.979999542236328,21.010000228881836,20.979999542236328,21.010000228881836,828.0
2023-03-09 12:35:00,AMRK,28.100000381469727,28.100000381469727,28.100000381469727,28.100000381469727,28.100000381469727,314.0
2023-03-09 12:35:00,APLD,2.109999895095825,2.109999895095825,2.115000009536743,2.109999895095825,2.115000009536743,3208.0
2023-03-09 12:35:00,ARCC,18.954999923706055,18.954999923706055,18.959400177001953,18.950000762939453,18.959400177001953,4971.0
2023-03-09 12:35:00,AUB,36.84000015258789,36.84000015258789,36.900001525878906,36.84000015258789,36.900001525878906,2318.0
2023-03-09 12:35:00,BANF,85.55999755859375,85.55999755859375,85.55999755859375,85.55999755859375,85.55999755859375,296.0
2023-03-09 12:35:00,BANR,58.08000183105469,58.08000183105469,58.08000183105469,58.08000183105469,58.08000183105469,677.0
2023-03-09 12:35:00,BGCP,4.994999885559082,4.994999885559082,4.994999885559082,4.994999885559082,4.994999885559082,1100.0
2023-03-09 12:35:00,BHF,52.77000045776367,52.77000045776367,52.86000061035156,52.77000045776367,52.86000061035156,1397.0
2023-03-09 12:35:00,BHFAN,18.739999771118164,18.739999771118164,18.739999771118164,18.739999771118164,18.739999771118164,474.0
2023-03-09 12:35:00,BITF,0.7797999978065491,0.7797999978065491,0.7797999978065491,0.7797999978065491,0.7797999978065491,258.0
2023-03-09 12:35:00,BKCC,3.6600000858306885,3.6600000858306885,3.6600000858306885,3.6600000858306885,3.6600000858306885,253.0
2023-03-09 12:35:00,BPOP,62.630001068115234,62.630001068115234,62.630001068115234,62.59000015258789,62.630001068115234,3343.0
2023-03-09 12:35:00,BRKL,11.5,11.5,11.529999732971191,11.5,11.529999732971191,1915.0
2023-03-09 12:35:00,BRP,25.8700008392334,25.8700008392334,25.8700008392334,25.8700008392334,25.8700008392334,240.0
2023-03-09 12:35:00,BSRR,19.459999084472656,19.459999084472656,19.459999084472656,19.459999084472656,19.459999084472656,1196.0
2023-03-09 12:35:00,BTBT,1.1404000520706177,1.1404000520706177,1.149999976158142,1.1399999856948853,1.149999976158142,1533.0
2023-03-09 12:35:00,BUSE,22.479999542236328,22.479999542236328,22.479999542236328,22.469999313354492,22.469999313354492,695.0
2023-03-09 12:35:00,BWFG,27.799999237060547,27.799999237060547,27.799999237060547,27.799999237060547,27.799999237060547,424.0
2023-03-09 12:35:00,CASH,47.34000015258789,47.34000015258789,47.349998474121094,47.34000015258789,47.349998474121094,940.0
2023-03-09 12:35:00,CATY,39.2599983215332,39.2599983215332,39.29999923706055,39.2599983215332,39.29999923706055,1090.0
2023-03-09 12:35:00,CBSH,61.709999084472656,61.709999084472656,61.76499938964844,61.709999084472656,61.7400016784668,2190.0
2023-03-09 12:35:00,CCB,42.599998474121094,42.599998474121094,42.599998474121094,42.599998474121094,42.599998474121094,618.0
2023-03-09 12:35:00,CCNE,22.540000915527344,22.540000915527344,22.579999923706055,22.540000915527344,22.56999969482422,884.0
2023-03-09 12:35:00,CFB,12.300000190734863,12.300000190734863,12.300000190734863,12.300000190734863,12.300000190734863,323.0
2023-03-09 12:35:00,CFFN,7.554999828338623,7.554999828338623,7.554999828338623,7.554999828338623,7.554999828338623,400.0
2023-03-09 12:35:00,CG,34.09000015258789,34.09000015258789,34.130001068115234,34.09000015258789,34.130001068115234,2440.0
2023-03-09 12:35:00,CGBD,14.949999809265137,14.949999809265137,14.949999809265137,14.949999809265137,14.949999809265137,183.0
2023-03-09 12:35:00,CGO,9.84000015258789,9.84000015258789,9.84000015258789,9.84000015258789,9.84000015258789,100.0
2023-03-09 12:35:00,CHCO,90.8499984741211,90.8499984741211,91.0199966430664,90.8499984741211,91.0,675.0
2023-03-09 12:35:00,CIFR,1.440000057220459,1.440000057220459,1.4450000524520874,1.440000057220459,1.4450000524520874,639.0
2023-03-09 12:35:00,CINF,116.36000061035156,116.36000061035156,116.36000061035156,116.36000061035156,116.36000061035156,686.0
2023-03-09 12:35:00,CLBK,19.6200008392334,19.6200008392334,19.6200008392334,19.6200008392334,19.6200008392334,340.0
2023-03-09 12:35:00,CME,178.5500030517578,178.5500030517578,178.64500427246094,178.5500030517578,178.64500427246094,1575.0
2023-03-09 12:35:00,COLB,25.235000610351562,25.235000610351562,25.31999969482422,25.235000610351562,25.31999969482422,26170.0
2023-03-09 12:35:00,COOP,44.25,44.25,44.334999084472656,44.25,44.334999084472656,1179.0
2023-03-09 12:35:00,CSTR,15.390000343322754,15.390000343322754,15.420000076293945,15.390000343322754,15.420000076293945,375.0
2023-03-09 12:35:00,CSWC,18.43429946899414,18.43429946899414,18.450000762939453,18.43429946899414,18.450000762939453,1967.0
2023-03-09 12:35:00,CTBI,40.369998931884766,40.369998931884766,40.380001068115234,40.29999923706055,40.29999923706055,532.0
2023-03-09 12:35:00,CVBF,21.90999984741211,21.90999984741211,21.940000534057617,21.90999984741211,21.940000534057617,2779.0
2023-03-09 12:35:00,DCOM,29.450000762939453,29.450000762939453,29.450000762939453,29.450000762939453,29.450000762939453,839.0
2023-03-09 12:35:00,DWAC,14.109999656677246,14.109999656677246,14.109999656677246,14.109999656677246,14.109999656677246,297.0
2023-03-09 12:35:00,EBC,14.609999656677246,14.609999656677246,14.619999885559082,14.600000381469727,14.619999885559082,8251.0
2023-03-09 12:35:00,ECPG,50.59000015258789,50.59000015258789,50.59000015258789,50.59000015258789,50.59000015258789,467.0
2023-03-09 12:35:00,EFSC,51.595001220703125,51.595001220703125,51.595001220703125,51.595001220703125,51.595001220703125,421.0
2023-03-09 12:35:00,EGBN,40.6349983215332,40.6349983215332,40.6349983215332,40.61000061035156,40.61000061035156,707.0
2023-03-09 12:35:00,EHTH,8.845000267028809,8.845000267028809,8.845000267028809,8.845000267028809,8.845000267028809,209.0
2023-03-09 12:35:00,EQBK,28.100000381469727,28.100000381469727,28.100000381469727,28.100000381469727,28.100000381469727,357.0
2023-03-09 12:35:00,ESSA,18.65999984741211,18.65999984741211,18.68000030517578,18.65999984741211,18.68000030517578,408.0
2023-03-09 12:35:00,EWBC,67.9800033569336,67.9800033569336,68.19000244140625,67.9800033569336,68.19000244140625,4162.0
2023-03-09 12:35:00,EZPW,8.829999923706055,8.829999923706055,8.829999923706055,8.829999923706055,8.829999923706055,357.0
2023-03-09 12:35:00,FANH,8.1899995803833,8.1899995803833,8.1899995803833,8.1899995803833,8.1899995803833,435.0
2023-03-09 12:35:00,FBIZ,33.61000061035156,33.61000061035156,33.61000061035156,33.61000061035156,33.61000061035156,927.0
2023-03-09 12:35:00,FBMS,28.614999771118164,28.614999771118164,28.614999771118164,28.614999771118164,28.614999771118164,459.0
2023-03-09 12:35:00,FBNC,38.52000045776367,38.52000045776367,38.599998474121094,38.52000045776367,38.599998474121094,1089.0
2023-03-09 12:35:00,FCFS,88.16000366210938,88.16000366210938,88.16000366210938,88.16000366210938,88.16000366210938,333.0
2023-03-09 12:35:00,FFBC,22.479999542236328,22.479999542236328,22.510000228881836,22.479999542236328,22.510000228881836,1032.0
2023-03-09 12:35:00,FFIC,17.219999313354492,17.219999313354492,17.219999313354492,17.219999313354492,17.219999313354492,310.0
2023-03-09 12:35:00,FFIN,33.7400016784668,33.7400016784668,33.779998779296875,33.7400016784668,33.779998779296875,939.0
2023-03-09 12:35:00,FFWM,13.0,13.0,13.039999961853027,13.0,13.029999732971191,3326.0
2023-03-09 12:35:00,FHB,24.110000610351562,24.110000610351562,24.1299991607666,24.100000381469727,24.1200008392334,4574.0
2023-03-09 12:35:00,FIBK,32.38999938964844,32.38999938964844,32.470001220703125,32.38999938964844,32.470001220703125,1600.0
2023-03-09 12:35:00,FITB,32.2599983215332,32.2599983215332,32.29999923706055,32.2599983215332,32.29999923706055,17556.0
2023-03-09 12:35:00,FLIC,16.18000030517578,16.18000030517578,16.18000030517578,16.18000030517578,16.18000030517578,1482.0
2023-03-09 12:35:00,FMNB,13.149999618530273,13.149999618530273,13.149999618530273,13.149999618530273,13.149999618530273,243.0
2023-03-09 12:35:00,FNWB,13.649999618530273,13.649999618530273,13.649999618530273,13.649999618530273,13.649999618530273,100.0
2023-03-09 12:35:00,FOCS,51.66999816894531,51.66999816894531,51.689998626708984,51.66999816894531,51.68000030517578,7074.0
2023-03-09 12:35:00,FRBK,1.7549999952316284,1.7549999952316284,1.7599999904632568,1.7549999952316284,1.7549999952316284,13573.0
2023-03-09 12:35:00,FRHC,72.62000274658203,72.62000274658203,72.72000122070312,72.5999984741211,72.72000122070312,864.0
2023-03-09 12:35:00,FRME,37.630001068115234,37.630001068115234,37.65999984741211,37.630001068115234,37.65999984741211,571.0
2023-03-09 12:35:00,FRON,10.1899995803833,10.1899995803833,10.1899995803833,10.1850004196167,10.1899995803833,21511.0
2023-03-09 12:35:00,FSBW,33.349998474121094,33.349998474121094,33.349998474121094,33.349998474121094,33.349998474121094,439.0
2023-03-09 12:35:00,FULT,15.75,15.75,15.779999732971191,15.75,15.779999732971191,2701.0
2023-03-09 12:35:00,FULTP,20.850000381469727,20.850000381469727,20.850000381469727,20.850000381469727,20.850000381469727,164.0
2023-03-09 12:35:00,FUTU,46.599998474121094,46.599998474121094,46.650001525878906,46.599998474121094,46.650001525878906,1395.0
2023-03-09 12:35:00,FVCB,13.265000343322754,13.265000343322754,13.265000343322754,13.265000343322754,13.265000343322754,230.0
2023-03-09 12:35:00,GBDC,13.4350004196167,13.4350004196167,13.4350004196167,13.4350004196167,13.4350004196167,658.0
2023-03-09 12:35:00,GCMG,8.4399995803833,8.4399995803833,8.4399995803833,8.4399995803833,8.4399995803833,107.0
2023-03-09 12:35:00,GGAL,12.869999885559082,12.869999885559082,12.880000114440918,12.84000015258789,12.880000114440918,657.0
2023-03-09 12:35:00,GOCO,18.559999465942383,18.559999465942383,18.559999465942383,18.559999465942383,18.559999465942383,245.0
2023-03-09 12:35:00,GROW,2.680000066757202,2.680000066757202,2.680000066757202,2.680000066757202,2.680000066757202,201.0
2023-03-09 12:35:00,GSHD,52.53499984741211,52.53499984741211,52.53499984741211,52.53499984741211,52.53499984741211,459.0
2023-03-09 12:35:00,GXII,10.119999885559082,10.119999885559082,10.119999885559082,10.119999885559082,10.119999885559082,100.0
2023-03-09 12:35:00,HAFC,21.895000457763672,21.895000457763672,21.93000030517578,21.895000457763672,21.93000030517578,726.0
2023-03-09 12:35:00,HBAN,13.920000076293945,13.920000076293945,13.944999694824219,13.920000076293945,13.9399995803833,31350.0
2023-03-09 12:35:00,HBNC,13.949999809265137,13.949999809265137,13.960000038146973,13.9399995803833,13.949999809265137,2589.0
2023-03-09 12:35:00,HBT,22.0,22.0,22.0,22.0,22.0,271.0
2023-03-09 12:35:00,HFWA,24.530000686645508,24.530000686645508,24.56999969482422,24.530000686645508,24.56999969482422,976.0
2023-03-09 12:35:00,HMST,22.649999618530273,22.649999618530273,22.649999618530273,22.639999389648438,22.639999389648438,469.0
2023-03-09 12:35:00,HONE,12.770000457763672,12.770000457763672,12.770000457763672,12.770000457763672,12.770000457763672,2631.0
2023-03-09 12:35:00,HOPE,11.789999961853027,11.789999961853027,11.829999923706055,11.789999961853027,11.829999923706055,4336.0
2023-03-09 12:35:00,HRZN,12.0,12.0,12.0,12.0,12.0,4871.0
2023-03-09 12:35:00,HTBI,27.665000915527344,27.665000915527344,27.665000915527344,27.665000915527344,27.665000915527344,167.0
2023-03-09 12:35:00,HTBK,10.9399995803833,10.9399995803833,10.949999809265137,10.9399995803833,10.949999809265137,540.0
2023-03-09 12:35:00,HTLF,45.650001525878906,45.650001525878906,45.70000076293945,45.650001525878906,45.70000076293945,416.0
2023-03-09 12:35:00,HUT,1.3645000457763672,1.3645000457763672,1.3700000047683716,1.3601000308990479,1.360700011253357,5309.0
2023-03-09 12:35:00,HVBC,31.0,31.0,31.0,30.90999984741211,30.90999984741211,2448.0
2023-03-09 12:35:00,HWC,44.20500183105469,44.20500183105469,44.20500183105469,44.18000030517578,44.18000030517578,669.0
2023-03-09 12:35:00,IBCP,20.520000457763672,20.520000457763672,20.520000457763672,20.520000457763672,20.520000457763672,103.0
2023-03-09 12:35:00,IBKR,87.6500015258789,87.6500015258789,87.66000366210938,87.6500015258789,87.66000366210938,332.0
2023-03-09 12:35:00,IBOC,45.060001373291016,45.060001373291016,45.08000183105469,45.05500030517578,45.08000183105469,866.0
2023-03-09 12:35:00,IBTX,52.7599983215332,52.7599983215332,52.83000183105469,52.7599983215332,52.83000183105469,569.0
2023-03-09 12:35:00,IGTA,10.324999809265137,10.324999809265137,10.34000015258789,10.324999809265137,10.34000015258789,603.0
2023-03-09 12:35:00,INDB,71.52999877929688,71.52999877929688,71.66000366210938,71.52999877929688,71.66000366210938,1492.0
2023-03-09 12:36:00,ABCB,43.130001068115234,43.130001068115234,43.130001068115234,43.130001068115234,43.130001068115234,241.0
2023-03-09 12:36:00,ACGL,69.97000122070312,69.97000122070312,69.97000122070312,69.95999908447266,69.95999908447266,935.0
2023-03-09 12:36:00,ACGLN,18.770000457763672,18.770000457763672,18.770000457763672,18.770000457763672,18.770000457763672,389.0
2023-03-09 12:36:00,ACT,24.135000228881836,24.135000228881836,24.135000228881836,24.135000228881836,24.135000228881836,312.0
2023-03-09 12:36:00,AIHS,0.8799999952316284,0.8799999952316284,0.8799999952316284,0.8799999952316284,0.8799999952316284,300.0
2023-03-09 12:36:00,AMAO,10.279999732971191,10.279999732971191,10.279999732971191,10.279999732971191,10.279999732971191,171.0
2023-03-09 12:36:00,AMTB,25.389999389648438,25.389999389648438,25.389999389648438,25.389999389648438,25.389999389648438,564.0
2023-03-09 12:36:00,APLD,2.109999895095825,2.109999895095825,2.109999895095825,2.0999999046325684,2.0999999046325684,262.0
2023-03-09 12:36:00,ARCC,18.952899932861328,18.952899932861328,18.95989990234375,18.952899932861328,18.957700729370117,2011.0
2023-03-09 12:36:00,ATLO,23.364999771118164,23.364999771118164,23.364999771118164,23.364999771118164,23.364999771118164,350.0
2023-03-09 12:36:00,AUB,36.86750030517578,36.86750030517578,36.880001068115234,36.83000183105469,36.83000183105469,1302.0
2023-03-09 12:36:00,BCML,19.3700008392334,19.3700008392334,19.3700008392334,19.3700008392334,19.3700008392334,181.0
2023-03-09 12:36:00,BFIN,10.273699760437012,10.273699760437012,10.273699760437012,10.25,10.25,4740.0
2023-03-09 12:36:00,BGCP,4.994999885559082,4.994999885559082,4.994999885559082,4.9903998374938965,4.9903998374938965,1346.0
2023-03-09 12:36:00,BITF,0.7699999809265137,0.7699999809265137,0.7699999809265137,0.7699999809265137,0.7699999809265137,1131.0
2023-03-09 12:36:00,BLFY,11.449999809265137,11.449999809265137,11.5,11.449999809265137,11.5,2663.0
2023-03-09 12:36:00,BPRN,33.375,33.375,33.375,33.375,33.375,236.0
2023-03-09 12:36:00,BRKL,11.506600379943848,11.506600379943848,11.515000343322754,11.5024995803833,11.510000228881836,2443.0
2023-03-09 12:36:00,BTBT,1.1399999856948853,1.1399999856948853,1.1399999856948853,1.1399999856948853,1.1399999856948853,1412.0
2023-03-09 12:36:00,BUSE,22.479999542236328,22.479999542236328,22.479999542236328,22.479999542236328,22.479999542236328,183.0
2023-03-09 12:36:00,BWBBP,20.1299991607666,20.1299991607666,20.139999389648438,20.1299991607666,20.139999389648438,943.0
2023-03-09 12:36:00,BWFG,27.760000228881836,27.760000228881836,27.799999237060547,27.760000228881836,27.799999237060547,607.0
2023-03-09 12:36:00,CARE,16.3799991607666,16.3799991607666,16.3799991607666,16.3799991607666,16.3799991607666,100.0
2023-03-09 12:36:00,CASH,47.38999938964844,47.38999938964844,47.38999938964844,47.3650016784668,47.3650016784668,694.0
2023-03-09 12:36:00,CATC,70.80000305175781,70.80000305175781,70.80000305175781,70.80000305175781,70.80000305175781,266.0
2023-03-09 12:36:00,CATY,39.220001220703125,39.220001220703125,39.220001220703125,39.220001220703125,39.220001220703125,1786.0
2023-03-09 12:36:00,CBSH,61.720001220703125,61.720001220703125,61.720001220703125,61.720001220703125,61.720001220703125,450.0
2023-03-09 12:36:00,CCBG,32.790000915527344,32.790000915527344,32.790000915527344,32.790000915527344,32.790000915527344,222.0
2023-03-09 12:36:00,CFFN,7.550000190734863,7.550000190734863,7.550000190734863,7.550000190734863,7.550000190734863,157.0
2023-03-09 12:36:00,CG,34.07870101928711,34.07870101928711,34.084999084472656,34.06999969482422,34.08000183105469,3032.0
2023-03-09 12:36:00,CHY,12.34000015258789,12.34000015258789,12.34000015258789,12.34000015258789,12.34000015258789,188.0
2023-03-09 12:36:00,CIFR,1.440000057220459,1.440000057220459,1.440000057220459,1.4399000406265259,1.440000057220459,2160.0
2023-03-09 12:36:00,CINF,116.41000366210938,116.41000366210938,116.41000366210938,116.41000366210938,116.41000366210938,705.0
2023-03-09 12:36:00,CME,178.83999633789062,178.83999633789062,178.85000610351562,178.60000610351562,178.60000610351562,3416.0
2023-03-09 12:36:00,COLB,25.219999313354492,25.219999313354492,25.249900817871094,25.200000762939453,25.239999771118164,36480.0
2023-03-09 12:36:00,COOP,44.25,44.25,44.25,44.25,44.25,180.0
2023-03-09 12:36:00,CSQ,14.020000457763672,14.020000457763672,14.020000457763672,14.020000457763672,14.020000457763672,101.0
2023-03-09 12:36:00,CSWC,18.43120002746582,18.43120002746582,18.43120002746582,18.43120002746582,18.43120002746582,237.0
2023-03-09 12:36:00,CVBF,21.920000076293945,21.920000076293945,21.920000076293945,21.920000076293945,21.920000076293945,500.0
2023-03-09 12:36:00,CVCY,24.510000228881836,24.510000228881836,24.510000228881836,24.510000228881836,24.510000228881836,132.0
2023-03-09 12:36:00,DCOM,29.450000762939453,29.450000762939453,29.450000762939453,29.424999237060547,29.450000762939453,2198.0
2023-03-09 12:36:00,EBC,14.619999885559082,14.619999885559082,14.619999885559082,14.619999885559082,14.619999885559082,631.0
2023-03-09 12:36:00,EGBN,40.65999984741211,40.65999984741211,40.66999816894531,40.65999984741211,40.65999984741211,1335.0
2023-03-09 12:36:00,EWBC,67.97000122070312,67.97000122070312,68.01000213623047,67.97000122070312,67.9800033569336,1318.0
2023-03-09 12:36:00,EZPW,8.822600364685059,8.822600364685059,8.822600364685059,8.819999694824219,8.819999694824219,1155.0
2023-03-09 12:36:00,FBNC,38.529998779296875,38.529998779296875,38.529998779296875,38.5,38.5,333.0
2023-03-09 12:36:00,FFBC,22.489999771118164,22.489999771118164,22.489999771118164,22.477500915527344,22.477500915527344,1344.0
2023-03-09 12:36:00,FFIN,33.77000045776367,33.77000045776367,33.77000045776367,33.7599983215332,33.7599983215332,361.0
2023-03-09 12:36:00,FFWM,13.0,13.0,13.0,13.0,13.0,4723.0
2023-03-09 12:36:00,FHB,24.125,24.125,24.1299991607666,24.110000610351562,24.110000610351562,1618.0
2023-03-09 12:36:00,FIBK,32.40999984741211,32.40999984741211,32.40999984741211,32.40999984741211,32.40999984741211,474.0
2023-03-09 12:36:00,FITB,32.29499816894531,32.29499816894531,32.314998626708984,32.27000045776367,32.27000045776367,8561.0
2023-03-09 12:36:00,FLIC,16.18000030517578,16.18000030517578,16.18000030517578,16.18000030517578,16.18000030517578,129.0
2023-03-09 12:36:00,FMBH,28.1299991607666,28.1299991607666,28.1299991607666,28.059999465942383,28.1299991607666,707.0
2023-03-09 12:36:00,FMNB,13.130000114440918,13.130000114440918,13.130000114440918,13.130000114440918,13.130000114440918,205.0
2023-03-09 12:36:00,FOCS,51.689998626708984,51.689998626708984,51.689998626708984,51.68000030517578,51.68000030517578,1031.0
2023-03-09 12:36:00,FRBK,1.7549999952316284,1.7549999952316284,1.7599999904632568,1.7549999952316284,1.7599999904632568,1390.0
2023-03-09 12:36:00,FRME,37.586299896240234,37.586299896240234,37.586299896240234,37.586299896240234,37.586299896240234,688.0
2023-03-09 12:36:00,FSBC,25.399999618530273,25.399999618530273,25.399999618530273,25.399999618530273,25.399999618530273,211.0
2023-03-09 12:36:00,FSBW,33.349998474121094,33.349998474121094,33.349998474121094,33.349998474121094,33.349998474121094,1308.0
2023-03-09 12:36:00,FULT,15.760000228881836,15.760000228881836,15.760000228881836,15.744999885559082,15.744999885559082,1593.0
2023-03-09 12:36:00,FUTU,46.57500076293945,46.57500076293945,46.599998474121094,46.560001373291016,46.599998474121094,1186.0
2023-03-09 12:36:00,GAIN,13.699999809265137,13.699999809265137,13.70740032196045,13.699999809265137,13.70740032196045,1326.0
2023-03-09 12:36:00,GBDC,13.430000305175781,13.430000305175781,13.430000305175781,13.430000305175781,13.430000305175781,100.0
2023-03-09 12:36:00,GCMG,8.449999809265137,8.449999809265137,8.449999809265137,8.4399995803833,8.4399995803833,222.0
2023-03-09 12:36:00,GSBC,53.77000045776367,53.77000045776367,53.77000045776367,53.77000045776367,53.77000045776367,252.0
2023-03-09 12:36:00,GSRMW,0.07699999958276749,0.07699999958276749,0.07699999958276749,0.07699999958276749,0.07699999958276749,744.0
2023-03-09 12:36:00,GXII,10.130000114440918,10.130000114440918,10.130000114440918,10.125,10.130000114440918,5700.0
2023-03-09 12:36:00,HAFC,21.909700393676758,21.909700393676758,21.909700393676758,21.909700393676758,21.909700393676758,545.0
2023-03-09 12:36:00,HBAN,13.9350004196167,13.9350004196167,13.944999694824219,13.920000076293945,13.930000305175781,34480.0
2023-03-09 12:36:00,HBNC,13.949999809265137,13.949999809265137,13.949999809265137,13.949999809265137,13.949999809265137,618.0
2023-03-09 12:36:00,HCMA,10.470000267028809,10.470000267028809,10.470000267028809,10.470000267028809,10.470000267028809,1203.0
2023-03-09 12:36:00,HFWA,24.520000457763672,24.520000457763672,24.56450080871582,24.520000457763672,24.56450080871582,603.0
2023-03-09 12:36:00,HIFS,257.3399963378906,257.3399963378906,257.3399963378906,257.3399963378906,257.3399963378906,104.0
2023-03-09 12:36:00,HIVE,2.5994999408721924,2.5994999408721924,2.5994999408721924,2.5994999408721924,2.5994999408721924,2005.0
2023-03-09 12:36:00,HMST,22.642799377441406,22.642799377441406,22.642799377441406,22.610000610351562,22.610000610351562,529.0
2023-03-09 12:36:00,HOPE,11.795000076293945,11.795000076293945,11.795000076293945,11.789999961853027,11.789999961853027,2669.0
2023-03-09 12:36:00,HRZN,12.010000228881836,12.010000228881836,12.020000457763672,12.010000228881836,12.020000457763672,209.0
2023-03-09 12:36:00,HTBK,10.9399995803833,10.9399995803833,10.9399995803833,10.9399995803833,10.9399995803833,463.0
2023-03-09 12:36:00,HTLF,45.654998779296875,45.654998779296875,45.654998779296875,45.630001068115234,45.630001068115234,835.0
2023-03-09 12:36:00,HUIZ,1.3600000143051147,1.3600000143051147,1.3600000143051147,1.3600000143051147,1.3600000143051147,700.0
2023-03-09 12:36:00,HUT,1.3645000457763672,1.3645000457763672,1.3698999881744385,1.3550000190734863,1.3600000143051147,102550.0
2023-03-09 12:36:00,HVBC,31.0,31.0,31.0,31.0,31.0,2000.0
2023-03-09 12:36:00,IBKR,87.52999877929688,87.52999877929688,87.65499877929688,87.52999877929688,87.65499877929688,2702.0
2023-03-09 12:36:00,IBTX,52.86000061035156,52.86000061035156,52.86000061035156,52.810001373291016,52.810001373291016,1632.0
2023-03-09 12:36:00,INTR,2.009999990463257,2.009999990463257,2.009999990463257,2.009999990463257,2.009999990463257,203.0
2023-03-09 12:37:00,ABCB,43.04999923706055,43.04999923706055,43.09000015258789,43.04999923706055,43.09000015258789,1705.0
2023-03-09 12:37:00,ACGL,69.94499969482422,69.94499969482422,69.97000122070312,69.93000030517578,69.94999694824219,3235.0
2023-03-09 12:37:00,ACT,24.149999618530273,24.149999618530273,24.149999618530273,24.1299991607666,24.135000228881836,2917.0
2023-03-09 12:37:00,ARCC,18.952999114990234,18.952999114990234,18.959999084472656,18.940000534057617,18.953800201416016,17392.0
2023-03-09 12:37:00,AUB,36.880001068115234,36.880001068115234,36.880001068115234,36.83000183105469,36.86000061035156,2734.0
2023-03-09 12:37:00,BANR,57.95000076293945,57.95000076293945,57.95000076293945,57.95000076293945,57.95000076293945,150.0
2023-03-09 12:37:00,BGCP,4.994999885559082,4.994999885559082,4.994999885559082,4.994999885559082,4.994999885559082,352.0
2023-03-09 12:37:00,BHF,52.720001220703125,52.720001220703125,52.720001220703125,52.689998626708984,52.689998626708984,1512.0
2023-03-09 12:37:00,BHFAO,25.0,25.0,25.0,25.0,25.0,362.0
2023-03-09 12:37:00,BITF,0.77817702293396,0.77817702293396,0.77817702293396,0.77817702293396,0.77817702293396,5542.0
2023-03-09 12:37:00,BKCC,3.6600000858306885,3.6600000858306885,3.669300079345703,3.6600000858306885,3.6600000858306885,4475.0
2023-03-09 12:37:00,BMRC,26.934999465942383,26.934999465942383,26.934999465942383,26.899999618530273,26.899999618530273,1223.0
2023-03-09 12:37:00,BOKF,95.75,95.75,95.75,95.73999786376953,95.73999786376953,398.0
2023-03-09 12:37:00,BPOP,62.52000045776367,62.52000045776367,62.52000045776367,62.41999816894531,62.41999816894531,890.0
2023-03-09 12:37:00,BRKL,11.524999618530273,11.524999618530273,11.529999732971191,11.494999885559082,11.505000114440918,11698.0
2023-03-09 12:37:00,BRP,25.8700008392334,25.8700008392334,25.8700008392334,25.8700008392334,25.8700008392334,1100.0
2023-03-09 12:37:00,BTBT,1.1349999904632568,1.1349999904632568,1.1349999904632568,1.1349999904632568,1.1349999904632568,130.0
2023-03-09 12:37:00,BUSE,22.46500015258789,22.46500015258789,22.46500015258789,22.46500015258789,22.46500015258789,187.0
2023-03-09 12:37:00,BWBBP,20.1299991607666,20.1299991607666,20.286699295043945,20.1299991607666,20.1299991607666,2336.0
2023-03-09 12:37:00,CARE,16.350000381469727,16.350000381469727,16.3700008392334,16.34000015258789,16.3700008392334,1815.0
2023-03-09 12:37:00,CASH,47.310001373291016,47.310001373291016,47.380001068115234,47.310001373291016,47.380001068115234,2029.0
2023-03-09 12:37:00,CBSH,61.70500183105469,61.70500183105469,61.720001220703125,61.70000076293945,61.720001220703125,950.0
2023-03-09 12:37:00,CCB,42.5,42.5,42.5,42.5,42.5,901.0
2023-03-09 12:37:00,CCBG,32.650001525878906,32.650001525878906,32.650001525878906,32.650001525878906,32.650001525878906,100.0
2023-03-09 12:37:00,CFFN,7.539999961853027,7.539999961853027,7.550000190734863,7.53249979019165,7.550000190734863,11737.0
2023-03-09 12:37:00,CG,34.060001373291016,34.060001373291016,34.06999969482422,34.040000915527344,34.06999969482422,2634.0
2023-03-09 12:37:00,CHCO,90.82499694824219,90.82499694824219,90.82499694824219,90.82499694824219,90.82499694824219,224.0
2023-03-09 12:37:00,CHY,12.336799621582031,12.336799621582031,12.336799621582031,12.336799621582031,12.336799621582031,543.0
2023-03-09 12:37:00,CIFR,1.4312000274658203,1.4312000274658203,1.440000057220459,1.4312000274658203,1.434999942779541,1705.0
2023-03-09 12:37:00,CINF,116.33999633789062,116.33999633789062,116.33999633789062,116.33999633789062,116.33999633789062,699.0
2023-03-09 12:37:00,CME,179.10000610351562,179.10000610351562,179.10000610351562,178.83999633789062,178.86000061035156,18553.0
2023-03-09 12:37:00,CNOB,21.850000381469727,21.850000381469727,21.8799991607666,21.850000381469727,21.8799991607666,683.0
2023-03-09 12:37:00,COLB,25.184999465942383,25.184999465942383,25.209999084472656,25.18000030517578,25.209999084472656,21468.0
2023-03-09 12:37:00,COOP,44.33000183105469,44.33000183105469,44.33000183105469,44.189998626708984,44.25,2341.0
2023-03-09 12:37:00,CSTR,15.329999923706055,15.329999923706055,15.329999923706055,15.329999923706055,15.329999923706055,110.0
2023-03-09 12:37:00,CSWC,18.434999465942383,18.434999465942383,18.434999465942383,18.434999465942383,18.434999465942383,767.0
2023-03-09 12:37:00,CTBI,40.33000183105469,40.33000183105469,40.33000183105469,40.33000183105469,40.33000183105469,400.0
2023-03-09 12:37:00,CVBF,21.915000915527344,21.915000915527344,21.915000915527344,21.889999389648438,21.90999984741211,2114.0
2023-03-09 12:37:00,CZWI,12.319999694824219,12.319999694824219,12.319999694824219,12.319999694824219,12.319999694824219,200.0
2023-03-09 12:37:00,DALS,10.140000343322754,10.140000343322754,10.149399757385254,10.140000343322754,10.149399757385254,1400.0
2023-03-09 12:37:00,DCOM,29.450000762939453,29.450000762939453,29.450000762939453,29.450000762939453,29.450000762939453,306.0
2023-03-09 12:37:00,DGICA,15.050000190734863,15.050000190734863,15.100000381469727,15.050000190734863,15.100000381469727,1000.0
2023-03-09 12:37:00,EBC,14.640000343322754,14.640000343322754,14.640000343322754,14.609999656677246,14.619999885559082,3910.0
2023-03-09 12:37:00,EGBN,40.63999938964844,40.63999938964844,40.63999938964844,40.63999938964844,40.63999938964844,231.0
2023-03-09 12:37:00,EHTH,8.84000015258789,8.84000015258789,8.84000015258789,8.829999923706055,8.829999923706055,624.0
2023-03-09 12:37:00,ERIE,234.1999969482422,234.1999969482422,234.1999969482422,234.1999969482422,234.1999969482422,286.0
2023-03-09 12:37:00,EWBC,68.0,68.0,68.01000213623047,67.85700225830078,67.94999694824219,6118.0
2023-03-09 12:37:00,EZPW,8.819999694824219,8.819999694824219,8.819999694824219,8.8100004196167,8.819999694824219,1035.0
2023-03-09 12:37:00,FBMS,28.6299991607666,28.6299991607666,28.6299991607666,28.559999465942383,28.559999465942383,1674.0
2023-03-09 12:37:00,FBNC,38.529998779296875,38.529998779296875,38.529998779296875,38.40999984741211,38.40999984741211,4323.0
2023-03-09 12:37:00,FCFS,88.18000030517578,88.18000030517578,88.19999694824219,88.12000274658203,88.12000274658203,773.0
2023-03-09 12:37:00,FCNCA,647.4199829101562,647.4199829101562,647.4199829101562,647.4199829101562,647.4199829101562,1059.0
2023-03-09 12:37:00,FCNCO,21.600000381469727,21.600000381469727,21.600000381469727,21.600000381469727,21.600000381469727,209.0
2023-03-09 12:37:00,FDUS,20.280000686645508,20.280000686645508,20.299999237060547,20.260000228881836,20.299999237060547,4853.0
2023-03-09 12:37:00,FFBC,22.479999542236328,22.479999542236328,22.489999771118164,22.479999542236328,22.489999771118164,844.0
2023-03-09 12:37:00,FFIC,17.204999923706055,17.204999923706055,17.204999923706055,17.204999923706055,17.204999923706055,156.0
2023-03-09 12:37:00,FFIN,33.75,33.75,33.75,33.72999954223633,33.744998931884766,1224.0
2023-03-09 12:37:00,FHB,24.1200008392334,24.1200008392334,24.1200008392334,24.100000381469727,24.100000381469727,1032.0
2023-03-09 12:37:00,FIBK,32.380001068115234,32.380001068115234,32.380001068115234,32.349998474121094,32.380001068115234,1257.0
2023-03-09 12:37:00,FITB,32.26499938964844,32.26499938964844,32.290000915527344,32.2599983215332,32.290000915527344,15629.0
2023-03-09 12:37:00,FLIC,16.18000030517578,16.18000030517578,16.18000030517578,16.18000030517578,16.18000030517578,452.0
2023-03-09 12:37:00,FOCS,51.689998626708984,51.689998626708984,51.689998626708984,51.68000030517578,51.68000030517578,1333.0
2023-03-09 12:37:00,FRHC,72.5,72.5,72.5,72.5,72.5,1905.0
2023-03-09 12:37:00,FRME,37.564998626708984,37.564998626708984,37.61000061035156,37.564998626708984,37.61000061035156,831.0
2023-03-09 12:37:00,FRST,10.989999771118164,10.989999771118164,10.989999771118164,10.989999771118164,10.989999771118164,520.0
2023-03-09 12:37:00,FSEA,9.90999984741211,9.90999984741211,9.90999984741211,9.899999618530273,9.899999618530273,436.0
2023-03-09 12:37:00,FULT,15.75,15.75,15.75,15.739999771118164,15.75,2345.0
2023-03-09 12:37:00,FUTU,46.494998931884766,46.494998931884766,46.54999923706055,46.494998931884766,46.529998779296875,3093.0
2023-03-09 12:37:00,GBDC,13.4350004196167,13.4350004196167,13.4350004196167,13.430000305175781,13.4350004196167,1060.0
2023-03-09 12:37:00,GCMG,8.4399995803833,8.4399995803833,8.4399995803833,8.4399995803833,8.4399995803833,1085.0
2023-03-09 12:37:00,GGAL,12.835000038146973,12.835000038146973,12.84000015258789,12.835000038146973,12.84000015258789,893.0
2023-03-09 12:37:00,GREE,0.4401000142097473,0.4401000142097473,0.4410000145435333,0.4399999976158142,0.4406999945640564,5100.0
2023-03-09 12:37:00,HALL,11.270000457763672,11.270000457763672,11.270000457763672,11.270000457763672,11.270000457763672,472.0
2023-03-09 12:37:00,HBAN,13.930000305175781,13.930000305175781,13.9350004196167,13.920000076293945,13.930000305175781,43415.0
2023-03-09 12:37:00,HBNC,13.946000099182129,13.946000099182129,13.949999809265137,13.946000099182129,13.949999809265137,605.0
2023-03-09 12:37:00,HFWA,24.53499984741211,24.53499984741211,24.53499984741211,24.5,24.530000686645508,1898.0
2023-03-09 12:37:00,HIVE,2.5950000286102295,2.5950000286102295,2.5950000286102295,2.5950000286102295,2.5950000286102295,100.0
2023-03-09 12:37:00,HONE,12.770000457763672,12.770000457763672,12.770000457763672,12.760000228881836,12.770000457763672,1260.0
2023-03-09 12:37:00,HOPE,11.789999961853027,11.789999961853027,11.795000076293945,11.789999961853027,11.795000076293945,2743.0
2023-03-09 12:37:00,HRZN,12.0,12.0,12.000100135803223,12.0,12.000100135803223,1376.0
2023-03-09 12:37:00,HTLF,45.630001068115234,45.630001068115234,45.630001068115234,45.630001068115234,45.630001068115234,692.0
2023-03-09 12:37:00,HUT,1.3598999977111816,1.3598999977111816,1.3700000047683716,1.350000023841858,1.3600000143051147,300726.0
2023-03-09 12:37:00,HWC,44.13999938964844,44.13999938964844,44.15999984741211,44.13999938964844,44.15999984741211,734.0
2023-03-09 12:37:00,IBCP,20.489999771118164,20.489999771118164,20.489999771118164,20.43000030517578,20.459999084472656,894.0
2023-03-09 12:37:00,IBKR,87.42009735107422,87.42009735107422,87.5199966430664,87.42009735107422,87.5199966430664,2689.0
2023-03-09 12:37:00,IBOC,45.060001373291016,45.060001373291016,45.060001373291016,45.02000045776367,45.02000045776367,1094.0
2023-03-09 12:37:00,IGIC,8.279999732971191,8.279999732971191,8.319999694824219,8.279999732971191,8.319999694824219,1128.0
2023-03-09 12:37:00,INDB,71.52999877929688,71.52999877929688,71.54000091552734,71.44000244140625,71.44000244140625,2664.0
2023-03-09 12:37:00,INTR,2.015000104904175,2.015000104904175,2.015000104904175,2.009999990463257,2.009999990463257,528.0
2023-03-09 12:38:00,ABCB,43.099998474121094,43.099998474121094,43.099998474121094,43.099998474121094,43.099998474121094,100.0
2023-03-09 12:38:00,ACGL,69.9749984741211,69.9749984741211,69.9800033569336,69.95999908447266,69.95999908447266,1985.0
2023-03-09 12:38:00,ADAL,10.414999961853027,10.414999961853027,10.430000305175781,10.414999961853027,10.414999961853027,0.0
2023-03-09 12:38:00,AMRK,28.101299285888672,28.101299285888672,28.101299285888672,28.101299285888672,28.101299285888672,288.0
2023-03-09 12:38:00,APLD,2.0899999141693115,2.0899999141693115,2.0999999046325684,2.0899999141693115,2.0999999046325684,14213.0
2023-03-09 12:38:00,ARCC,18.940099716186523,18.940099716186523,18.954999923706055,18.940000534057617,18.954999923706055,5565.0
2023-03-09 12:38:00,ATLO,23.510000228881836,23.510000228881836,23.510000228881836,23.510000228881836,23.510000228881836,473.0
2023-03-09 12:38:00,AUB,36.897499084472656,36.897499084472656,36.900001525878906,36.897499084472656,36.900001525878906,2037.0
2023-03-09 12:38:00,BGCP,5.005000114440918,5.005000114440918,5.005000114440918,5.0,5.0,6635.0
2023-03-09 12:38:00,BHF,52.70000076293945,52.70000076293945,52.72999954223633,52.689998626708984,52.720001220703125,1878.0
2023-03-09 12:38:00,BHFAP,24.479999542236328,24.479999542236328,24.479999542236328,24.479999542236328,24.479999542236328,115.0
2023-03-09 12:38:00,BITF,0.7749500274658203,0.7749500274658203,0.7749500274658203,0.7749500274658203,0.7749500274658203,290.0
2023-03-09 12:38:00,BKCC,3.6600000858306885,3.6600000858306885,3.6649999618530273,3.6600000858306885,3.6649999618530273,427.0
2023-03-09 12:38:00,BOKF,95.80999755859375,95.80999755859375,95.80999755859375,95.79000091552734,95.79000091552734,748.0
2023-03-09 12:38:00,BPOP,62.58000183105469,62.58000183105469,62.58000183105469,62.529998779296875,62.529998779296875,769.0
2023-03-09 12:38:00,BRKL,11.529999732971191,11.529999732971191,11.529999732971191,11.529999732971191,11.529999732971191,454.0
2023-03-09 12:38:00,BTBT,1.1349999904632568,1.1349999904632568,1.1382999420166016,1.1349999904632568,1.1382999420166016,381.0
2023-03-09 12:38:00,BUSE,22.479999542236328,22.479999542236328,22.479999542236328,22.479999542236328,22.479999542236328,367.0
2023-03-09 12:38:00,BWBBP,20.1299991607666,20.1299991607666,20.1299991607666,20.1299991607666,20.1299991607666,651.0
2023-03-09 12:38:00,CARE,16.3700008392334,16.3700008392334,16.3700008392334,16.3700008392334,16.3700008392334,126.0
2023-03-09 12:38:00,CATY,39.220001220703125,39.220001220703125,39.220001220703125,39.220001220703125,39.220001220703125,473.0
2023-03-09 12:38:00,CBSH,61.775001525878906,61.775001525878906,61.775001525878906,61.7599983215332,61.7599983215332,565.0
2023-03-09 12:38:00,CCB,42.52000045776367,42.52000045776367,42.52000045776367,42.5099983215332,42.5099983215332,510.0
2023-03-09 12:38:00,CFFI,57.58000183105469,57.58000183105469,57.58000183105469,57.58000183105469,57.58000183105469,0.0
2023-03-09 12:38:00,CFFN,7.534999847412109,7.534999847412109,7.539999961853027,7.534999847412109,7.539999961853027,1081.0
2023-03-09 12:38:00,CG,34.04999923706055,34.04999923706055,34.060001373291016,34.04999923706055,34.060001373291016,890.0
2023-03-09 12:38:00,CINF,116.30999755859375,116.30999755859375,116.37000274658203,116.30999755859375,116.36499786376953,586.0
2023-03-09 12:38:00,CME,178.8800048828125,178.8800048828125,178.97999572753906,178.8699951171875,178.92999267578125,2089.0
2023-03-09 12:38:00,CNOB,21.88010025024414,21.88010025024414,21.88010025024414,21.88010025024414,21.88010025024414,235.0
2023-03-09 12:38:00,COLB,25.15999984741211,25.15999984741211,25.19499969482422,25.139999389648438,25.184999465942383,38610.0
2023-03-09 12:38:00,COOP,44.334999084472656,44.334999084472656,44.334999084472656,44.334999084472656,44.334999084472656,118.0
2023-03-09 12:38:00,CRVL,178.89999389648438,178.89999389648438,178.89999389648438,178.89999389648438,178.89999389648438,112.0
2023-03-09 12:38:00,CSWC,18.420000076293945,18.420000076293945,18.42289924621582,18.420000076293945,18.42289924621582,998.0
2023-03-09 12:38:00,CTBI,40.29499816894531,40.29499816894531,40.29499816894531,40.290000915527344,40.290000915527344,218.0
2023-03-09 12:38:00,CVBF,21.889999389648438,21.889999389648438,21.889999389648438,21.889999389648438,21.889999389648438,369.0
2023-03-09 12:38:00,DALS,10.125,10.125,10.125,10.125,10.125,100.0
2023-03-09 12:38:00,EBC,14.630900382995605,14.630900382995605,14.640000343322754,14.630000114440918,14.640000343322754,2271.0
2023-03-09 12:38:00,ECBK,14.923600196838379,14.923600196838379,14.923600196838379,14.923600196838379,14.923600196838379,1100.0
2023-03-09 12:38:00,ECPG,50.5,50.5,50.540000915527344,50.5,50.540000915527344,1393.0
2023-03-09 12:38:00,EFSC,51.56999969482422,51.56999969482422,51.58000183105469,51.56999969482422,51.58000183105469,1236.0
2023-03-09 12:38:00,EGBN,40.66999816894531,40.66999816894531,40.66999816894531,40.66999816894531,40.66999816894531,240.0
2023-03-09 12:38:00,EHTH,8.781000137329102,8.781000137329102,8.859999656677246,8.781000137329102,8.859999656677246,1689.0
2023-03-09 12:38:00,EQBK,28.100000381469727,28.100000381469727,28.100000381469727,28.100000381469727,28.100000381469727,194.0
2023-03-09 12:38:00,ERIE,233.89999389648438,233.89999389648438,233.89999389648438,233.89999389648438,233.89999389648438,303.0
2023-03-09 12:38:00,ESGRP,23.406400680541992,23.406400680541992,23.426799774169922,23.329999923706055,23.329999923706055,1192.0
2023-03-09 12:38:00,ESQ,42.06999969482422,42.06999969482422,42.06999969482422,41.97999954223633,41.97999954223633,202.0
2023-03-09 12:38:00,EWBC,68.01000213623047,68.01000213623047,68.0199966430664,67.93000030517578,67.93000030517578,5395.0
2023-03-09 12:38:00,EZPW,8.819999694824219,8.819999694824219,8.819999694824219,8.819999694824219,8.819999694824219,513.0
2023-03-09 12:38:00,FBMS,28.68000030517578,28.68000030517578,28.68000030517578,28.65999984741211,28.65999984741211,611.0
2023-03-09 12:38:00,FCBC,28.32200050354004,28.32200050354004,28.32200050354004,28.32200050354004,28.32200050354004,232.0
2023-03-09 12:38:00,FCRD,4.599999904632568,4.599999904632568,4.599999904632568,4.599999904632568,4.599999904632568,100.0
2023-03-09 12:38:00,FDUS,20.299999237060547,20.299999237060547,20.299999237060547,20.299999237060547,20.299999237060547,331.0
2023-03-09 12:38:00,FFBC,22.5,22.5,22.5,22.479999542236328,22.489999771118164,1370.0
2023-03-09 12:38:00,FFIC,17.219999313354492,17.219999313354492,17.219999313354492,17.209999084472656,17.209999084472656,243.0
2023-03-09 12:38:00,FFIN,33.77669906616211,33.77669906616211,33.77669906616211,33.77000045776367,33.77000045776367,654.0
2023-03-09 12:38:00,FFWM,13.0,13.0,13.0,13.0,13.0,288.0
2023-03-09 12:38:00,FHB,24.139999389648438,24.139999389648438,24.139999389648438,24.110000610351562,24.110000610351562,3680.0
2023-03-09 12:38:00,FIBK,32.400001525878906,32.400001525878906,32.400001525878906,32.36000061035156,32.36000061035156,1819.0
2023-03-09 12:38:00,FINW,9.029999732971191,9.029999732971191,9.029999732971191,9.029999732971191,9.029999732971191,399.0
2023-03-09 12:38:00,FITB,32.30500030517578,32.30500030517578,32.31999969482422,32.26499938964844,32.27000045776367,13359.0
2023-03-09 12:38:00,FITBI,25.18199920654297,25.18199920654297,25.186199188232422,25.174999237060547,25.174999237060547,2175.0
2023-03-09 12:38:00,FITBO,22.22369956970215,22.22369956970215,22.22369956970215,22.209999084472656,22.209999084472656,457.0
2023-03-09 12:38:00,FITBP,24.14859962463379,24.14859962463379,24.14859962463379,24.14859962463379,24.14859962463379,194.0
2023-03-09 12:38:00,FOCS,51.689998626708984,51.689998626708984,51.689998626708984,51.689998626708984,51.689998626708984,101.0
2023-03-09 12:38:00,FRME,37.59000015258789,37.59000015258789,37.630001068115234,37.58000183105469,37.58000183105469,607.0
2023-03-09 12:38:00,FULT,15.757200241088867,15.757200241088867,15.757200241088867,15.757200241088867,15.757200241088867,1533.0
2023-03-09 12:38:00,FUTU,46.470001220703125,46.470001220703125,46.529998779296875,46.470001220703125,46.529998779296875,1052.0
2023-03-09 12:38:00,GABC,35.709999084472656,35.709999084472656,35.709999084472656,35.709999084472656,35.709999084472656,305.0
2023-03-09 12:38:00,GECC,9.484199523925781,9.484199523925781,9.484199523925781,9.484199523925781,9.484199523925781,297.0
2023-03-09 12:38:00,GLAD,9.880000114440918,9.880000114440918,9.887200355529785,9.880000114440918,9.887200355529785,3687.0
2023-03-09 12:38:00,GSHD,52.61000061035156,52.61000061035156,52.61000061035156,52.527198791503906,52.527198791503906,1290.0
2023-03-09 12:38:00,GSRMW,0.07000000029802322,0.07000000029802322,0.07500000298023224,0.07000000029802322,0.07500000298023224,2256.0
2023-03-09 12:38:00,HAFC,21.90999984741211,21.90999984741211,21.90999984741211,21.90999984741211,21.90999984741211,478.0
2023-03-09 12:38:00,HBAN,13.9350004196167,13.9350004196167,13.9399995803833,13.920000076293945,13.930000305175781,27363.0
2023-03-09 12:38:00,HBANM,22.80270004272461,22.80270004272461,22.80270004272461,22.7549991607666,22.7549991607666,942.0
2023-03-09 12:38:00,HBANP,19.07360076904297,19.07360076904297,19.07360076904297,19.07360076904297,19.07360076904297,114.0
2023-03-09 12:38:00,HBNC,13.949999809265137,13.949999809265137,13.949999809265137,13.949999809265137,13.949999809265137,712.0
2023-03-09 12:38:00,HBT,22.0,22.0,22.0,22.0,22.0,587.0
2023-03-09 12:38:00,HFWA,24.56999969482422,24.56999969482422,24.56999969482422,24.56999969482422,24.56999969482422,539.0
2023-03-09 12:38:00,HIFS,259.010009765625,259.010009765625,259.010009765625,259.010009765625,259.010009765625,258.0
2023-03-09 12:38:00,HLNE,76.13999938964844,76.13999938964844,76.13999938964844,76.13999938964844,76.13999938964844,898.0
2023-03-09 12:38:00,HONE,12.774999618530273,12.774999618530273,12.774999618530273,12.770000457763672,12.774999618530273,403.0
2023-03-09 12:38:00,HOPE,11.789999961853027,11.789999961853027,11.795100212097168,11.789999961853027,11.795100212097168,925.0
2023-03-09 12:38:00,HRZN,11.989999771118164,11.989999771118164,11.989999771118164,11.989999771118164,11.989999771118164,206.0
2023-03-09 12:38:00,HUT,1.3600000143051147,1.3600000143051147,1.3650000095367432,1.350000023841858,1.3558000326156616,94289.0
2023-03-09 12:38:00,HWC,44.209999084472656,44.209999084472656,44.209999084472656,44.185001373291016,44.20830154418945,1293.0
2023-03-09 12:38:00,IBCP,20.510000228881836,20.510000228881836,20.510000228881836,20.5,20.5,288.0
2023-03-09 12:38:00,IBKR,87.23500061035156,87.23500061035156,87.43049621582031,87.23500061035156,87.37000274658203,3047.0
2023-03-09 12:38:00,IBOC,45.066001892089844,45.066001892089844,45.066001892089844,45.066001892089844,45.066001892089844,890.0
2023-03-09 12:38:00,IBTX,52.93000030517578,52.93000030517578,52.93000030517578,52.93000030517578,52.93000030517578,229.0
2023-03-09 12:38:00,IGIC,8.28499984741211,8.28499984741211,8.28499984741211,8.28499984741211,8.28499984741211,100.0
2023-03-09 12:39:00,ABCB,43.06999969482422,43.06999969482422,43.06999969482422,43.06999969482422,43.06999969482422,629.0
2023-03-09 12:39:00,ACGL,69.95999908447266,69.95999908447266,69.97000122070312,69.94000244140625,69.95999908447266,5448.0
2023-03-09 12:39:00,ALRS,19.0049991607666,19.0049991607666,19.0049991607666,19.0049991607666,19.0049991607666,149.0
2023-03-09 12:39:00,APLD,2.0899999141693115,2.0899999141693115,2.0899999141693115,2.0850000381469727,2.0899999141693115,2834.0
2023-03-09 12:39:00,ARCC,18.93000030517578,18.93000030517578,18.94499969482422,18.924999237060547,18.94499969482422,13292.0
2023-03-09 12:39:00,AUB,36.90999984741211,36.90999984741211,36.935001373291016,36.90999984741211,36.935001373291016,562.0
2023-03-09 12:39:00,BHF,52.68000030517578,52.68000030517578,52.68000030517578,52.68000030517578,52.68000030517578,797.0
2023-03-09 12:39:00,BHFAM,16.5,16.5,16.5,16.5,16.5,1196.0
2023-03-09 12:39:00,BITF,0.7699999809265137,0.7699999809265137,0.7699999809265137,0.7699999809265137,0.7699999809265137,527.0
2023-03-09 12:39:00,BKCC,3.6600000858306885,3.6600000858306885,3.6600000858306885,3.6600000858306885,3.6600000858306885,225.0
2023-03-09 12:39:00,BPOP,62.470001220703125,62.470001220703125,62.529998779296875,62.470001220703125,62.529998779296875,954.0
2023-03-09 12:39:00,BRKL,11.529999732971191,11.529999732971191,11.529999732971191,11.529999732971191,11.529999732971191,356.0
2023-03-09 12:39:00,BTBT,1.1299999952316284,1.1299999952316284,1.1299999952316284,1.1299999952316284,1.1299999952316284,751.0
2023-03-09 12:39:00,BUSE,22.475000381469727,22.475000381469727,22.475000381469727,22.475000381469727,22.475000381469727,134.0
2023-03-09 12:39:00,CARE,16.3799991607666,16.3799991607666,16.3799991607666,16.3799991607666,16.3799991607666,223.0
2023-03-09 12:39:00,CATC,70.58499908447266,70.58499908447266,70.58499908447266,70.52999877929688,70.56999969482422,3191.0
2023-03-09 12:39:00,CATY,39.20000076293945,39.20000076293945,39.20000076293945,39.20000076293945,39.20000076293945,882.0
2023-03-09 12:39:00,CBAN,11.75,11.75,11.75,11.75,11.75,812.0
2023-03-09 12:39:00,CBSH,61.779998779296875,61.779998779296875,61.78499984741211,61.76499938964844,61.78499984741211,403.0
2023-03-09 12:39:00,CCD,23.084999084472656,23.084999084472656,23.084999084472656,23.084999084472656,23.084999084472656,340.0
2023-03-09 12:39:00,CFFN,7.539999961853027,7.539999961853027,7.539999961853027,7.539999961853027,7.539999961853027,186.0
2023-03-09 12:39:00,CG,34.060001373291016,34.060001373291016,34.06999969482422,34.060001373291016,34.06999969482422,910.0
2023-03-09 12:39:00,CINF,116.26000213623047,116.26000213623047,116.26000213623047,116.26000213623047,116.26000213623047,704.0
2023-03-09 12:39:00,CME,178.94290161132812,178.94290161132812,179.00999450683594,178.92999267578125,179.0,3191.0
2023-03-09 12:39:00,CNOB,21.81999969482422,21.81999969482422,21.850000381469727,21.81999969482422,21.850000381469727,1084.0
2023-03-09 12:39:00,COLB,25.1200008392334,25.1200008392334,25.174999237060547,25.100000381469727,25.170000076293945,30015.0
2023-03-09 12:39:00,COOP,44.334999084472656,44.334999084472656,44.334999084472656,44.334999084472656,44.334999084472656,104.0
2023-03-09 12:39:00,CSWC,18.399999618530273,18.399999618530273,18.399999618530273,18.399999618530273,18.399999618530273,849.0
2023-03-09 12:39:00,DCOM,29.442800521850586,29.442800521850586,29.442800521850586,29.442800521850586,29.442800521850586,162.0
2023-03-09 12:39:00,EGBN,40.650001525878906,40.650001525878906,40.654998779296875,40.650001525878906,40.654998779296875,200.0
2023-03-09 12:39:00,EHTH,8.779999732971191,8.779999732971191,8.800000190734863,8.779999732971191,8.800000190734863,2351.0
2023-03-09 12:39:00,ESSA,18.649999618530273,18.649999618530273,18.649999618530273,18.639999389648438,18.639999389648438,905.0
2023-03-09 12:39:00,EWBC,67.98500061035156,67.98500061035156,67.98500061035156,67.98500061035156,67.98500061035156,411.0
2023-03-09 12:39:00,FCNCA,649.0399780273438,649.0399780273438,649.0399780273438,649.0399780273438,649.0399780273438,462.0
2023-03-09 12:39:00,FCRD,4.539999961853027,4.539999961853027,4.539999961853027,4.539999961853027,4.539999961853027,100.0
2023-03-09 12:39:00,FFIC,17.209999084472656,17.209999084472656,17.219999313354492,17.209999084472656,17.219999313354492,978.0
2023-03-09 12:39:00,FHB,24.139999389648438,24.139999389648438,24.149999618530273,24.139999389648438,24.149999618530273,585.0
2023-03-09 12:39:00,FISI,23.06999969482422,23.06999969482422,23.110000610351562,23.06999969482422,23.110000610351562,1234.0
2023-03-09 12:39:00,FITB,32.310001373291016,32.310001373291016,32.314998626708984,32.29999923706055,32.29999923706055,6546.0
2023-03-09 12:39:00,FLIC,16.18000030517578,16.18000030517578,16.18000030517578,16.18000030517578,16.18000030517578,200.0
2023-03-09 12:39:00,FOCS,51.689998626708984,51.689998626708984,51.689998626708984,51.689998626708984,51.689998626708984,300.0
2023-03-09 12:39:00,FSBC,25.40999984741211,25.40999984741211,25.40999984741211,25.399999618530273,25.399999618530273,864.0
2023-03-09 12:39:00,FSBW,33.290000915527344,33.290000915527344,33.290000915527344,33.25,33.25,408.0
2023-03-09 12:39:00,FSFG,19.290000915527344,19.290000915527344,19.290000915527344,19.290000915527344,19.290000915527344,159.0
2023-03-09 12:39:00,FULT,15.760000228881836,15.760000228881836,15.760000228881836,15.760000228881836,15.760000228881836,1021.0
2023-03-09 12:39:00,FUTU,46.47999954223633,46.47999954223633,46.47999954223633,46.45000076293945,46.470001220703125,839.0
2023-03-09 12:39:00,GBDC,13.4350004196167,13.4350004196167,13.4350004196167,13.430000305175781,13.430000305175781,352.0
2023-03-09 12:39:00,GCMG,8.430000305175781,8.430000305175781,8.430000305175781,8.430000305175781,8.430000305175781,103.0
2023-03-09 12:39:00,GGAL,12.8149995803833,12.8149995803833,12.824999809265137,12.8100004196167,12.819999694824219,813.0
2023-03-09 12:39:00,HBAN,13.9350004196167,13.9350004196167,13.939900398254395,13.930000305175781,13.9350004196167,8044.0
2023-03-09 12:39:00,HCMA,10.444999694824219,10.444999694824219,10.444999694824219,10.4399995803833,10.4399995803833,900.0
2023-03-09 12:39:00,HMST,22.639999389648438,22.639999389648438,22.639999389648438,22.639999389648438,22.639999389648438,132.0
2023-03-09 12:39:00,HONE,12.770000457763672,12.770000457763672,12.774999618530273,12.770000457763672,12.774999618530273,651.0
2023-03-09 12:39:00,HOPE,11.795000076293945,11.795000076293945,11.800000190734863,11.795000076293945,11.800000190734863,408.0
2023-03-09 12:39:00,HTBI,27.665000915527344,27.665000915527344,27.665000915527344,27.665000915527344,27.665000915527344,131.0
2023-03-09 12:39:00,HUT,1.3585000038146973,1.3585000038146973,1.3650000095367432,1.350000023841858,1.3521000146865845,49039.0
2023-03-09 12:39:00,HVBC,31.0,31.0,31.0,31.0,31.0,1000.0
2023-03-09 12:39:00,IBKR,87.41000366210938,87.41000366210938,87.41000366210938,87.2249984741211,87.2249984741211,1982.0
2023-03-09 12:39:00,INBK,23.799999237060547,23.799999237060547,23.799999237060547,23.799999237060547,23.799999237060547,468.0
2023-03-09 12:39:00,INTR,2.009999990463257,2.009999990463257,2.0299999713897705,2.009999990463257,2.0199999809265137,4604.0
2023-03-09 12:40:00,ACGL,69.9749984741211,69.9749984741211,69.9800033569336,69.94999694824219,69.94999694824219,1306.0
2023-03-09 12:40:00,ACGLO,22.5,22.5,22.549999237060547,22.5,22.549999237060547,1257.0
2023-03-09 12:40:00,ALOR,10.350000381469727,10.350000381469727,10.350000381469727,10.350000381469727,10.350000381469727,25036.0
2023-03-09 12:40:00,APLD,2.0950000286102295,2.0950000286102295,2.0950000286102295,2.0899999141693115,2.0950000286102295,2810.0
2023-03-09 12:40:00,ARCC,18.940000534057617,18.940000534057617,18.940000534057617,18.920000076293945,18.93000030517578,12393.0
2023-03-09 12:40:00,AUB,36.932899475097656,36.932899475097656,36.93299865722656,36.90999984741211,36.91999816894531,3218.0
2023-03-09 12:40:00,BANF,85.55500030517578,85.55500030517578,85.55999755859375,85.52999877929688,85.55500030517578,1221.0
2023-03-09 12:40:00,BANR,57.93550109863281,57.93550109863281,57.93550109863281,57.93550109863281,57.93550109863281,223.0
2023-03-09 12:40:00,BCBP,15.869999885559082,15.869999885559082,15.869999885559082,15.869999885559082,15.869999885559082,288.0
2023-03-09 12:40:00,BGCP,5.005000114440918,5.005000114440918,5.005000114440918,5.004499912261963,5.004499912261963,560.0
2023-03-09 12:40:00,BHF,52.67499923706055,52.67499923706055,52.67499923706055,52.67499923706055,52.67499923706055,366.0
2023-03-09 12:40:00,BHFAN,18.73069953918457,18.73069953918457,18.760000228881836,18.73069953918457,18.760000228881836,1011.0
2023-03-09 12:40:00,BITF,0.7649999856948853,0.7649999856948853,0.7726489901542664,0.7649999856948853,0.7726489901542664,18872.0
2023-03-09 12:40:00,BOKF,95.95999908447266,95.95999908447266,95.97000122070312,95.8458023071289,95.8458023071289,3299.0
2023-03-09 12:40:00,BPOP,62.5,62.5,62.52000045776367,62.470001220703125,62.470001220703125,1673.0
2023-03-09 12:40:00,BPRN,33.05590057373047,33.05590057373047,33.05590057373047,33.05590057373047,33.05590057373047,263.0
2023-03-09 12:40:00,BSRR,19.459999084472656,19.459999084472656,19.459999084472656,19.459999084472656,19.459999084472656,778.0
2023-03-09 12:40:00,BTBT,1.1349999904632568,1.1349999904632568,1.1399999856948853,1.1349999904632568,1.1399999856948853,793.0
2023-03-09 12:40:00,BUSE,22.479999542236328,22.479999542236328,22.479999542236328,22.479999542236328,22.479999542236328,357.0
2023-03-09 12:40:00,CATC,70.3499984741211,70.3499984741211,70.37000274658203,70.3499984741211,70.37000274658203,1001.0
2023-03-09 12:40:00,CBSH,61.779998779296875,61.779998779296875,61.812801361083984,61.779998779296875,61.779998779296875,2029.0
2023-03-09 12:40:00,CCBG,32.77000045776367,32.77000045776367,32.77000045776367,32.77000045776367,32.77000045776367,136.0
2023-03-09 12:40:00,CFFN,7.534999847412109,7.534999847412109,7.534999847412109,7.534999847412109,7.534999847412109,109.0
2023-03-09 12:40:00,CG,34.04999923706055,34.04999923706055,34.060001373291016,34.03010177612305,34.060001373291016,3367.0
2023-03-09 12:40:00,CGBD,14.940099716186523,14.940099716186523,14.940099716186523,14.90999984741211,14.9399995803833,7212.0
2023-03-09 12:40:00,CHEAU,10.510000228881836,10.510000228881836,10.510000228881836,10.510000228881836,10.510000228881836,100.0
2023-03-09 12:40:00,CHI,11.944700241088867,11.944700241088867,11.944700241088867,11.944700241088867,11.944700241088867,171.0
2023-03-09 12:40:00,CINF,116.5,116.5,116.5,116.26300048828125,116.27490234375,2626.0
2023-03-09 12:40:00,CLBK,19.600000381469727,19.600000381469727,19.600000381469727,19.600000381469727,19.600000381469727,211.0
2023-03-09 12:40:00,CME,178.8800048828125,178.8800048828125,178.8800048828125,178.8800048828125,178.8800048828125,211.0
2023-03-09 12:40:00,CNOB,21.850000381469727,21.850000381469727,21.850000381469727,21.850000381469727,21.850000381469727,1477.0
2023-03-09 12:40:00,CNOBP,20.790000915527344,20.790000915527344,20.790000915527344,20.770000457763672,20.770000457763672,1100.0
2023-03-09 12:40:00,COLB,25.15999984741211,25.15999984741211,25.15999984741211,25.125,25.125,6127.0
2023-03-09 12:40:00,COOP,44.32500076293945,44.32500076293945,44.36000061035156,44.32500076293945,44.349998474121094,1018.0
2023-03-09 12:40:00,CSTR,15.319999694824219,15.319999694824219,15.319999694824219,15.319999694824219,15.319999694824219,248.0
2023-03-09 12:40:00,CSWC,18.3799991607666,18.3799991607666,18.3799991607666,18.3799991607666,18.3799991607666,268.0
2023-03-09 12:40:00,CVBF,21.897600173950195,21.897600173950195,21.897600173950195,21.897600173950195,21.897600173950195,419.0
2023-03-09 12:40:00,DCOM,29.5,29.5,29.5,29.450000762939453,29.450000762939453,6706.0
2023-03-09 12:40:00,DWAC,14.089500427246094,14.089500427246094,14.089500427246094,14.079999923706055,14.079999923706055,432.0
2023-03-09 12:40:00,EBC,14.614999771118164,14.614999771118164,14.619999885559082,14.614999771118164,14.619999885559082,1057.0
2023-03-09 12:40:00,EGBN,40.63999938964844,40.63999938964844,40.63999938964844,40.63999938964844,40.63999938964844,338.0
2023-03-09 12:40:00,EHTH,8.829999923706055,8.829999923706055,8.829999923706055,8.800000190734863,8.800000190734863,1423.0
2023-03-09 12:40:00,EWBC,67.94709777832031,67.94709777832031,67.98500061035156,67.91000366210938,67.94999694824219,3672.0
2023-03-09 12:40:00,FBNC,38.564998626708984,38.564998626708984,38.564998626708984,38.564998626708984,38.564998626708984,100.0
2023-03-09 12:40:00,FCFS,88.29000091552734,88.29000091552734,88.29000091552734,88.18000030517578,88.18000030517578,1541.0
2023-03-09 12:40:00,FCNCA,648.9299926757812,648.9299926757812,648.9299926757812,648.9299926757812,648.9299926757812,139.0
2023-03-09 12:40:00,FCRD,4.550000190734863,4.550000190734863,4.550000190734863,4.550000190734863,4.550000190734863,102.0
2023-03-09 12:40:00,FFBC,22.479999542236328,22.479999542236328,22.479999542236328,22.479999542236328,22.479999542236328,260.0
2023-03-09 12:40:00,FFIC,17.239999771118164,17.239999771118164,17.239999771118164,17.239999771118164,17.239999771118164,251.0
2023-03-09 12:40:00,FFIN,33.7400016784668,33.7400016784668,33.75,33.7400016784668,33.75,602.0
2023-03-09 12:40:00,FFWM,12.989999771118164,12.989999771118164,12.989999771118164,12.977999687194824,12.989999771118164,1828.0
2023-03-09 12:40:00,FHB,24.135000228881836,24.135000228881836,24.135000228881836,24.1299991607666,24.1299991607666,618.0
2023-03-09 12:40:00,FINW,8.970000267028809,8.970000267028809,9.020000457763672,8.970000267028809,9.020000457763672,706.0
2023-03-09 12:40:00,FITB,32.310001373291016,32.310001373291016,32.314998626708984,32.290000915527344,32.29999923706055,10925.0
2023-03-09 12:40:00,FMNB,13.15999984741211,13.15999984741211,13.170000076293945,13.129899978637695,13.130000114440918,6841.0
2023-03-09 12:40:00,FOCS,51.68000030517578,51.68000030517578,51.689998626708984,51.68000030517578,51.68000030517578,1239.0
2023-03-09 12:40:00,FRBK,1.7599999904632568,1.7599999904632568,1.7599999904632568,1.7599999904632568,1.7599999904632568,141.0
2023-03-09 12:40:00,FSBW,33.268001556396484,33.268001556396484,33.268001556396484,33.25,33.25,424.0
2023-03-09 12:40:00,FUTU,46.45000076293945,46.45000076293945,46.47669982910156,46.439998626708984,46.47669982910156,1495.0
2023-03-09 12:40:00,GBDC,13.4350004196167,13.4350004196167,13.4350004196167,13.4350004196167,13.4350004196167,352.0
2023-03-09 12:40:00,GGAL,12.819999694824219,12.819999694824219,12.829999923706055,12.819999694824219,12.829899787902832,1036.0
2023-03-09 12:40:00,GREE,0.4410000145435333,0.4410000145435333,0.44200000166893005,0.4410000145435333,0.44200000166893005,2523.0
2023-03-09 12:40:00,HBAN,13.928899765014648,13.928899765014648,13.930000305175781,13.920000076293945,13.930000305175781,16420.0
2023-03-09 12:40:00,HBNC,13.9399995803833,13.9399995803833,13.952699661254883,13.9399995803833,13.952699661254883,1038.0
2023-03-09 12:40:00,HIVE,2.5803000926971436,2.5803000926971436,2.5899999141693115,2.5801000595092773,2.5899999141693115,7135.0
2023-03-09 12:40:00,HOPE,11.789999961853027,11.789999961853027,11.789999961853027,11.789999961853027,11.789999961853027,657.0
2023-03-09 12:40:00,HRZN,12.0,12.0,12.0,12.0,12.0,234.0
2023-03-09 12:40:00,HTBK,10.9399995803833,10.9399995803833,10.9399995803833,10.9399995803833,10.9399995803833,1083.0
2023-03-09 12:40:00,HTLF,45.650001525878906,45.650001525878906,45.650001525878906,45.650001525878906,45.650001525878906,203.0
2023-03-09 12:40:00,HUT,1.3550000190734863,1.3550000190734863,1.3600000143051147,1.350100040435791,1.3600000143051147,9588.0
2023-03-09 12:40:00,IBKR,87.4000015258789,87.4000015258789,87.4000015258789,87.37999725341797,87.37999725341797,407.0
2023-03-09 12:40:00,INTR,2.009999990463257,2.009999990463257,2.009999990463257,2.009999990463257,2.009999990463257,200.0
2023-03-09 12:41:00,ABCB,43.11000061035156,43.11000061035156,43.11000061035156,43.09000015258789,43.09000015258789,780.0
2023-03-09 12:41:00,ACGL,69.9749984741211,69.9749984741211,69.98999786376953,69.9749984741211,69.98999786376953,1318.0
2023-03-09 12:41:00,ACGLN,18.846200942993164,18.846200942993164,18.846200942993164,18.770000457763672,18.770000457763672,776.0
2023-03-09 12:41:00,ACGLO,22.524599075317383,22.524599075317383,22.524599075317383,22.524599075317383,22.524599075317383,281.0
2023-03-09 12:41:00,AMSF,51.279998779296875,51.279998779296875,51.279998779296875,51.2599983215332,51.2599983215332,1040.0
2023-03-09 12:41:00,APLD,2.0950000286102295,2.0950000286102295,2.0950000286102295,2.0950000286102295,2.0950000286102295,324.0
2023-03-09 12:41:00,ARCC,18.950000762939453,18.950000762939453,18.950000762939453,18.940000534057617,18.940000534057617,8612.0
2023-03-09 12:41:00,AUB,36.959999084472656,36.959999084472656,36.959999084472656,36.939998626708984,36.959999084472656,1551.0
2023-03-09 12:41:00,BANF,85.58499908447266,85.58499908447266,85.58499908447266,85.58499908447266,85.58499908447266,117.0
2023-03-09 12:41:00,BANR,58.040000915527344,58.040000915527344,58.040000915527344,58.040000915527344,58.040000915527344,898.0
2023-03-09 12:41:00,BGCP,5.005000114440918,5.005000114440918,5.005000114440918,5.005000114440918,5.005000114440918,1326.0
2023-03-09 12:41:00,BITF,0.7730990052223206,0.7730990052223206,0.7730990052223206,0.7730990052223206,0.7730990052223206,582.0
2023-03-09 12:41:00,BKCC,3.6600000858306885,3.6600000858306885,3.6600000858306885,3.6600000858306885,3.6600000858306885,389.0
2023-03-09 12:41:00,BMRC,26.950000762939453,26.950000762939453,26.950000762939453,26.950000762939453,26.950000762939453,841.0
2023-03-09 12:41:00,BOKF,96.08999633789062,96.08999633789062,96.08999633789062,95.97000122070312,95.97000122070312,648.0
2023-03-09 12:41:00,BPOP,62.56999969482422,62.56999969482422,62.56999969482422,62.52000045776367,62.52000045776367,779.0
2023-03-09 12:41:00,BRKL,11.529999732971191,11.529999732971191,11.529999732971191,11.529999732971191,11.529999732971191,393.0
2023-03-09 12:41:00,BTBT,1.1349999904632568,1.1349999904632568,1.1399999856948853,1.1349999904632568,1.1399999856948853,601.0
2023-03-09 12:41:00,BUSE,22.5,22.5,22.5,22.5,22.5,461.0
2023-03-09 12:41:00,CACC,439.1400146484375,439.1400146484375,439.1400146484375,439.1400146484375,439.1400146484375,200.0
2023-03-09 12:41:00,CASH,47.36000061035156,47.36000061035156,47.380001068115234,47.36000061035156,47.380001068115234,961.0
2023-03-09 12:41:00,CATC,70.33499908447266,70.33499908447266,70.33499908447266,70.33499908447266,70.33499908447266,202.0
2023-03-09 12:41:00,CBAN,11.829999923706055,11.829999923706055,11.829999923706055,11.829999923706055,11.829999923706055,276.0
2023-03-09 12:41:00,CBSH,61.846900939941406,61.846900939941406,61.846900939941406,61.81999969482422,61.81999969482422,898.0
2023-03-09 12:41:00,CCAP,15.0,15.0,15.0,15.0,15.0,599.0
2023-03-09 12:41:00,CFB,12.300000190734863,12.300000190734863,12.300000190734863,12.300000190734863,12.300000190734863,1001.0
2023-03-09 12:41:00,CFFN,7.545000076293945,7.545000076293945,7.545000076293945,7.539999961853027,7.539999961853027,2278.0
2023-03-09 12:41:00,CG,34.08000183105469,34.08000183105469,34.08000183105469,34.060001373291016,34.060001373291016,1772.0
2023-03-09 12:41:00,CHCO,90.94000244140625,90.94000244140625,90.94000244140625,90.9000015258789,90.9000015258789,745.0
2023-03-09 12:41:00,CIFR,1.437999963760376,1.437999963760376,1.437999963760376,1.437999963760376,1.437999963760376,613.0
2023-03-09 12:41:00,CINF,116.5199966430664,116.5199966430664,116.5199966430664,116.48999786376953,116.5,805.0
2023-03-09 12:41:00,CLBK,19.639999389648438,19.639999389648438,19.639999389648438,19.56999969482422,19.600000381469727,3897.0
2023-03-09 12:41:00,CME,179.1999969482422,179.1999969482422,179.1999969482422,179.02000427246094,179.02000427246094,1165.0
2023-03-09 12:41:00,CNOB,21.875,21.875,21.889999389648438,21.850000381469727,21.850000381469727,1428.0
2023-03-09 12:41:00,COLB,25.200000762939453,25.200000762939453,25.219900131225586,25.15999984741211,25.165000915527344,32713.0
2023-03-09 12:41:00,COOP,44.349998474121094,44.349998474121094,44.349998474121094,44.349998474121094,44.349998474121094,230.0
2023-03-09 12:41:00,CSTR,15.369999885559082,15.369999885559082,15.369999885559082,15.369999885559082,15.369999885559082,120.0
2023-03-09 12:41:00,CVBF,21.920000076293945,21.920000076293945,21.920000076293945,21.899999618530273,21.899999618530273,320.0
2023-03-09 12:41:00,CVCY,24.5,24.5,24.5,24.5,24.5,851.0
2023-03-09 12:41:00,DCOM,29.5,29.5,29.5,29.459999084472656,29.489999771118164,2261.0
2023-03-09 12:41:00,EBC,14.630000114440918,14.630000114440918,14.635000228881836,14.619999885559082,14.619999885559082,1744.0
2023-03-09 12:41:00,EFSC,51.56999969482422,51.56999969482422,51.56999969482422,51.56999969482422,51.56999969482422,274.0
2023-03-09 12:41:00,EGBN,40.66999816894531,40.66999816894531,40.66999816894531,40.650001525878906,40.650001525878906,755.0
2023-03-09 12:41:00,ESQ,41.56999969482422,41.56999969482422,41.880001068115234,41.56999969482422,41.880001068115234,716.0
2023-03-09 12:41:00,EWBC,68.06999969482422,68.06999969482422,68.07499694824219,67.97000122070312,68.0,2446.0
2023-03-09 12:41:00,FCNCA,649.8599853515625,649.8599853515625,649.8599853515625,648.5349731445312,648.5349731445312,408.0
2023-03-09 12:41:00,FCRD,4.559999942779541,4.559999942779541,4.559999942779541,4.559999942779541,4.559999942779541,202.0
2023-03-09 12:41:00,FFBC,22.510000228881836,22.510000228881836,22.510000228881836,22.5,22.5,633.0
2023-03-09 12:41:00,FFIC,17.260000228881836,17.260000228881836,17.260000228881836,17.25,17.25,432.0
2023-03-09 12:41:00,FFIN,33.790000915527344,33.790000915527344,33.790000915527344,33.77000045776367,33.77000045776367,879.0
2023-03-09 12:41:00,FFWM,13.020000457763672,13.020000457763672,13.020000457763672,12.989999771118164,12.989999771118164,2558.0
2023-03-09 12:41:00,FHB,24.15999984741211,24.15999984741211,24.15999984741211,24.139999389648438,24.139999389648438,1189.0
2023-03-09 12:41:00,FIBK,32.43000030517578,32.43000030517578,32.43000030517578,32.400001525878906,32.400001525878906,1007.0
2023-03-09 12:41:00,FISI,23.16990089416504,23.16990089416504,23.16990089416504,23.16990089416504,23.16990089416504,229.0
2023-03-09 12:41:00,FITB,32.369998931884766,32.369998931884766,32.369998931884766,32.31999969482422,32.31999969482422,4441.0
2023-03-09 12:41:00,FLIC,16.184999465942383,16.184999465942383,16.184999465942383,16.184999465942383,16.184999465942383,150.0
2023-03-09 12:41:00,FOCS,51.68000030517578,51.68000030517578,51.689998626708984,51.68000030517578,51.689998626708984,744.0
2023-03-09 12:41:00,FRBK,1.7599999904632568,1.7599999904632568,1.7599999904632568,1.7599999904632568,1.7599999904632568,1012.0
2023-03-09 12:41:00,FRME,37.6150016784668,37.6150016784668,37.6150016784668,37.6150016784668,37.6150016784668,294.0
2023-03-09 12:41:00,FSBW,33.20000076293945,33.20000076293945,33.20000076293945,33.20000076293945,33.20000076293945,300.0
2023-03-09 12:41:00,FULT,15.779999732971191,15.779999732971191,15.779999732971191,15.755000114440918,15.760000228881836,1248.0
2023-03-09 12:41:00,FUTU,46.38330078125,46.38330078125,46.400001525878906,46.38330078125,46.400001525878906,352.0
2023-03-09 12:41:00,GABC,35.77000045776367,35.77000045776367,35.77000045776367,35.77000045776367,35.77000045776367,445.0
2023-03-09 12:41:00,GBDC,13.4350004196167,13.4350004196167,13.439900398254395,13.4350004196167,13.439900398254395,426.0
2023-03-09 12:41:00,GCBC,54.31999969482422,54.31999969482422,54.31999969482422,54.31999969482422,54.31999969482422,455.0
2023-03-09 12:41:00,GCMG,8.4399995803833,8.4399995803833,8.4399995803833,8.4399995803833,8.4399995803833,206.0
2023-03-09 12:41:00,GGAL,12.850000381469727,12.850000381469727,12.850000381469727,12.829999923706055,12.829999923706055,254.0
2023-03-09 12:41:00,GOCO,18.6299991607666,18.6299991607666,18.6299991607666,18.6299991607666,18.6299991607666,213.0
2023-03-09 12:41:00,GXII,10.119999885559082,10.119999885559082,10.119999885559082,10.119999885559082,10.119999885559082,100.0
2023-03-09 12:41:00,HAFC,21.93000030517578,21.93000030517578,21.93000030517578,21.90999984741211,21.90999984741211,465.0
2023-03-09 12:41:00,HBAN,13.944999694824219,13.944999694824219,13.949899673461914,13.925000190734863,13.925000190734863,22180.0
2023-03-09 12:41:00,HBCP,36.29999923706055,36.29999923706055,36.39500045776367,36.29999923706055,36.29999923706055,395.0
2023-03-09 12:41:00,HFWA,24.600000381469727,24.600000381469727,24.600000381469727,24.600000381469727,24.600000381469727,209.0
2023-03-09 12:41:00,HIVE,2.5850000381469727,2.5850000381469727,2.5899999141693115,2.5850000381469727,2.5861001014709473,751.0
2023-03-09 12:41:00,HLNE,76.28500366210938,76.28500366210938,76.28500366210938,76.28500366210938,76.28500366210938,425.0
2023-03-09 12:41:00,HONE,12.774999618530273,12.774999618530273,12.774999618530273,12.774999618530273,12.774999618530273,734.0
2023-03-09 12:41:00,HOPE,11.8100004196167,11.8100004196167,11.8100004196167,11.789999961853027,11.789999961853027,1898.0
2023-03-09 12:41:00,HTBK,10.944999694824219,10.944999694824219,10.944999694824219,10.944999694824219,10.944999694824219,571.0
2023-03-09 12:41:00,HUT,1.3535000085830688,1.3535000085830688,1.3598999977111816,1.350000023841858,1.350000023841858,23455.0
2023-03-09 12:41:00,HVBC,31.0,31.0,31.0,31.0,31.0,201.0
2023-03-09 12:41:00,HWC,44.25,44.25,44.25,44.25,44.25,724.0
2023-03-09 12:41:00,IBKR,87.38999938964844,87.38999938964844,87.38999938964844,87.38999938964844,87.38999938964844,154.0
2023-03-09 12:41:00,IGTA,10.3100004196167,10.3100004196167,10.3100004196167,10.3100004196167,10.3100004196167,9853.0
2023-03-09 12:41:00,INDB,71.66999816894531,71.66999816894531,71.66999816894531,71.66999816894531,71.66999816894531,136.0
2023-03-09 12:42:00,ABCB,43.14500045776367,43.14500045776367,43.14500045776367,43.13999938964844,43.13999938964844,300.0
2023-03-09 12:42:00,ACGL,69.93000030517578,69.93000030517578,69.97000122070312,69.92500305175781,69.96499633789062,2815.0
2023-03-09 12:42:00,ACQR,10.204999923706055,10.204999923706055,10.204999923706055,10.204999923706055,10.204999923706055,505.0
2023-03-09 12:42:00,AMAL,21.010000228881836,21.010000228881836,21.010000228881836,21.010000228881836,21.010000228881836,612.0
2023-03-09 12:42:00,APAC,10.489999771118164,10.489999771118164,10.489999771118164,10.489999771118164,10.489999771118164,15.0
2023-03-09 12:42:00,ARBK,1.5317000150680542,1.5317000150680542,1.5317000150680542,1.5317000150680542,1.5317000150680542,2151.0
2023-03-09 12:42:00,ARCC,18.940000534057617,18.940000534057617,18.950000762939453,18.940000534057617,18.94529914855957,5610.0
2023-03-09 12:42:00,AUB,36.95500183105469,36.95500183105469,36.95500183105469,36.939998626708984,36.939998626708984,1936.0
2023-03-09 12:42:00,BGCP,5.005000114440918,5.005000114440918,5.005000114440918,5.005000114440918,5.005000114440918,381.0
2023-03-09 12:42:00,BHF,52.72999954223633,52.72999954223633,52.72999954223633,52.70000076293945,52.70000076293945,1144.0
2023-03-09 12:42:00,BHFAN,18.94770050048828,18.94770050048828,18.94770050048828,18.94770050048828,18.94770050048828,150.0
2023-03-09 12:42:00,BHFAP,24.479999542236328,24.479999542236328,24.479999542236328,24.479999542236328,24.479999542236328,1128.0
2023-03-09 12:42:00,BITF,0.7649999856948853,0.7649999856948853,0.7649999856948853,0.7649999856948853,0.7649999856948853,4000.0
2023-03-09 12:42:00,BKCC,3.6600000858306885,3.6600000858306885,3.6700000762939453,3.6600000858306885,3.6649999618530273,2607.0
2023-03-09 12:42:00,BPOP,62.63999938964844,62.63999938964844,62.63999938964844,62.63999938964844,62.63999938964844,484.0
2023-03-09 12:42:00,BTBT,1.1349999904632568,1.1349999904632568,1.1399999856948853,1.1349999904632568,1.1384999752044678,2969.0
2023-03-09 12:42:00,CATC,70.62000274658203,70.62000274658203,70.62000274658203,70.43000030517578,70.43000030517578,937.0
2023-03-09 12:42:00,CATY,39.29999923706055,39.29999923706055,39.29999923706055,39.27000045776367,39.27000045776367,855.0
2023-03-09 12:42:00,CBSH,61.880001068115234,61.880001068115234,61.880001068115234,61.86000061035156,61.86000061035156,962.0
2023-03-09 12:42:00,CCB,42.529998779296875,42.529998779296875,42.529998779296875,42.529998779296875,42.529998779296875,1071.0
2023-03-09 12:42:00,CCNE,22.56999969482422,22.56999969482422,22.56999969482422,22.540000915527344,22.540000915527344,453.0
2023-03-09 12:42:00,CFFN,7.550000190734863,7.550000190734863,7.550000190734863,7.545000076293945,7.550000190734863,835.0
2023-03-09 12:42:00,CG,34.09000015258789,34.09000015258789,34.09000015258789,34.08000183105469,34.09000015258789,1633.0
2023-03-09 12:42:00,CIFR,1.440000057220459,1.440000057220459,1.440000057220459,1.440000057220459,1.440000057220459,200.0
2023-03-09 12:42:00,CINF,116.4800033569336,116.4800033569336,116.54499816894531,116.4800033569336,116.54499816894531,1768.0
2023-03-09 12:42:00,CME,179.1199951171875,179.1199951171875,179.1999969482422,179.0399932861328,179.13999938964844,1082.0
2023-03-09 12:42:00,CNOB,21.850000381469727,21.850000381469727,21.850000381469727,21.850000381469727,21.850000381469727,132.0
2023-03-09 12:42:00,COLB,25.204999923706055,25.204999923706055,25.2450008392334,25.19499969482422,25.19499969482422,16556.0
2023-03-09 12:42:00,COOP,44.22999954223633,44.22999954223633,44.35070037841797,44.22999954223633,44.349998474121094,9225.0
2023-03-09 12:42:00,CSQ,14.020000457763672,14.020000457763672,14.020000457763672,14.020000457763672,14.020000457763672,218.0
2023-03-09 12:42:00,CSWC,18.389999389648438,18.389999389648438,18.389999389648438,18.389999389648438,18.389999389648438,220.0
2023-03-09 12:42:00,CVBF,21.90999984741211,21.90999984741211,21.920000076293945,21.90999984741211,21.920000076293945,235.0
2023-03-09 12:42:00,CZNC,22.18000030517578,22.18000030517578,22.18000030517578,22.18000030517578,22.18000030517578,355.0
2023-03-09 12:42:00,DCOM,29.520000457763672,29.520000457763672,29.520000457763672,29.520000457763672,29.520000457763672,164.0
2023-03-09 12:42:00,EBC,14.635000228881836,14.635000228881836,14.635000228881836,14.635000228881836,14.635000228881836,598.0
2023-03-09 12:42:00,EFSC,51.55500030517578,51.55500030517578,51.55500030517578,51.55500030517578,51.55500030517578,133.0
2023-03-09 12:42:00,EGBN,40.64500045776367,40.64500045776367,40.65999984741211,40.64500045776367,40.65999984741211,595.0
2023-03-09 12:42:00,EQBK,28.15999984741211,28.15999984741211,28.15999984741211,28.15999984741211,28.15999984741211,634.0
2023-03-09 12:42:00,EWBC,68.08999633789062,68.08999633789062,68.08999633789062,68.04499816894531,68.06999969482422,1834.0
2023-03-09 12:42:00,EZPW,8.84000015258789,8.84000015258789,8.84000015258789,8.829999923706055,8.829999923706055,955.0
2023-03-09 12:42:00,FANH,8.1899995803833,8.1899995803833,8.199999809265137,8.1899995803833,8.199999809265137,1098.0
2023-03-09 12:42:00,FBNC,38.65999984741211,38.65999984741211,38.689998626708984,38.599998474121094,38.599998474121094,2973.0
2023-03-09 12:42:00,FCNCA,650.1400146484375,650.1400146484375,650.1400146484375,650.1400146484375,650.1400146484375,553.0
2023-03-09 12:42:00,FCRD,4.559999942779541,4.559999942779541,4.559999942779541,4.559999942779541,4.559999942779541,101.0
2023-03-09 12:42:00,FFBC,22.520000457763672,22.520000457763672,22.520000457763672,22.520000457763672,22.520000457763672,440.0
2023-03-09 12:42:00,FFWM,13.039999961853027,13.039999961853027,13.039999961853027,13.029999732971191,13.029999732971191,257.0
2023-03-09 12:42:00,FHB,24.15999984741211,24.15999984741211,24.165000915527344,24.15999984741211,24.165000915527344,761.0
2023-03-09 12:42:00,FIBK,32.45000076293945,32.45000076293945,32.45000076293945,32.439998626708984,32.439998626708984,1264.0
2023-03-09 12:42:00,FITB,32.404998779296875,32.404998779296875,32.404998779296875,32.369998931884766,32.369998931884766,7776.0
2023-03-09 12:42:00,FMBH,28.079999923706055,28.079999923706055,28.079999923706055,28.079999923706055,28.079999923706055,192.0
2023-03-09 12:42:00,FOCS,51.689998626708984,51.689998626708984,51.689998626708984,51.68000030517578,51.689998626708984,2302.0
2023-03-09 12:42:00,FULT,15.78499984741211,15.78499984741211,15.78499984741211,15.78499984741211,15.78499984741211,186.0
2023-03-09 12:42:00,FUTU,46.404998779296875,46.404998779296875,46.404998779296875,46.404998779296875,46.404998779296875,488.0
2023-03-09 12:42:00,GOCO,18.450000762939453,18.450000762939453,18.450000762939453,18.450000762939453,18.450000762939453,549.0
2023-03-09 12:42:00,GSHD,52.44499969482422,52.44499969482422,52.44499969482422,52.44499969482422,52.44499969482422,236.0
2023-03-09 12:42:00,GTAC,10.40999984741211,10.40999984741211,10.420000076293945,10.40999984741211,10.420000076293945,59.0
2023-03-09 12:42:00,HBAN,13.954999923706055,13.954999923706055,13.954999923706055,13.944999694824219,13.949999809265137,11639.0
2023-03-09 12:42:00,HBANP,19.110000610351562,19.110000610351562,19.110000610351562,19.110000610351562,19.110000610351562,2256.0
2023-03-09 12:42:00,HCMA,10.444999694824219,10.444999694824219,10.444999694824219,10.444999694824219,10.444999694824219,100.0
2023-03-09 12:42:00,HIVE,2.589900016784668,2.589900016784668,2.589900016784668,2.5850000381469727,2.5850000381469727,564.0
2023-03-09 12:42:00,HOPE,11.8149995803833,11.8149995803833,11.8149995803833,11.8149995803833,11.8149995803833,212.0
2023-03-09 12:42:00,HTBK,10.949999809265137,10.949999809265137,10.949999809265137,10.949999809265137,10.949999809265137,511.0
2023-03-09 12:42:00,HTLF,45.709999084472656,45.709999084472656,45.720001220703125,45.709999084472656,45.720001220703125,247.0
2023-03-09 12:42:00,HUT,1.3550000190734863,1.3550000190734863,1.3641999959945679,1.350000023841858,1.3550000190734863,50434.0
2023-03-09 12:42:00,IBKR,87.44999694824219,87.44999694824219,87.44999694824219,87.41000366210938,87.41000366210938,267.0
2023-03-09 12:42:00,IGTA,10.300000190734863,10.300000190734863,10.3100004196167,10.300000190734863,10.3100004196167,300.0
2023-03-09 12:42:00,INDB,71.68499755859375,71.68499755859375,71.68499755859375,71.66999816894531,71.66999816894531,475.0
2023-03-09 12:42:00,INTR,2.009999990463257,2.009999990463257,2.009999990463257,2.009999990463257,2.009999990463257,300.0
2023-03-09 12:43:00,ABCB,43.11000061035156,43.11000061035156,43.150001525878906,43.11000061035156,43.150001525878906,708.0
2023-03-09 12:43:00,ACGL,69.86499786376953,69.86499786376953,69.93000030517578,69.81999969482422,69.93000030517578,8711.0
2023-03-09 12:43:00,AMAO,10.260000228881836,10.260000228881836,10.279999732971191,10.260000228881836,10.279999732971191,800.0
2023-03-09 12:43:00,ARCC,18.93000030517578,18.93000030517578,18.94499969482422,18.93000030517578,18.94499969482422,2578.0
2023-03-09 12:43:00,AROW,28.290000915527344,28.290000915527344,28.290000915527344,28.219999313354492,28.219999313354492,680.0
2023-03-09 12:43:00,BANX,18.799999237060547,18.799999237060547,18.799999237060547,18.799999237060547,18.799999237060547,826.0
2023-03-09 12:43:00,BCML,19.3700008392334,19.3700008392334,19.3700008392334,19.3700008392334,19.3700008392334,137.0
2023-03-09 12:43:00,BGCP,5.0,5.0,5.005000114440918,5.0,5.005000114440918,6784.0
2023-03-09 12:43:00,BITF,0.7728999853134155,0.7728999853134155,0.7728999853134155,0.771399974822998,0.771399974822998,1105.0
2023-03-09 12:43:00,BKCC,3.6600000858306885,3.6600000858306885,3.6600000858306885,3.6600000858306885,3.6600000858306885,217.0
2023-03-09 12:43:00,BOKF,96.08999633789062,96.08999633789062,96.08999633789062,96.08999633789062,96.08999633789062,296.0
2023-03-09 12:43:00,BPOP,62.66999816894531,62.66999816894531,62.71500015258789,62.66999816894531,62.71500015258789,694.0
2023-03-09 12:43:00,BPRN,33.279998779296875,33.279998779296875,33.279998779296875,33.2400016784668,33.2400016784668,691.0
2023-03-09 12:43:00,BRKL,11.529999732971191,11.529999732971191,11.529999732971191,11.529999732971191,11.529999732971191,293.0
2023-03-09 12:43:00,BUSE,22.510000228881836,22.510000228881836,22.510000228881836,22.5,22.5,263.0
2023-03-09 12:43:00,CACC,438.92498779296875,438.92498779296875,438.92498779296875,438.92498779296875,438.92498779296875,611.0
2023-03-09 12:43:00,CASH,47.400001525878906,47.400001525878906,47.400001525878906,47.400001525878906,47.400001525878906,657.0
2023-03-09 12:43:00,CBNK,18.860000610351562,18.860000610351562,18.860000610351562,18.860000610351562,18.860000610351562,100.0
2023-03-09 12:43:00,CBSH,61.869998931884766,61.869998931884766,61.880001068115234,61.869998931884766,61.869998931884766,1693.0
2023-03-09 12:43:00,CFB,12.3100004196167,12.3100004196167,12.3100004196167,12.3100004196167,12.3100004196167,888.0
2023-03-09 12:43:00,CFFN,7.550000190734863,7.550000190734863,7.550000190734863,7.550000190734863,7.550000190734863,657.0
2023-03-09 12:43:00,CG,34.04999923706055,34.04999923706055,34.09000015258789,34.04999923706055,34.09000015258789,2227.0
2023-03-09 12:43:00,CHY,12.324999809265137,12.324999809265137,12.324999809265137,12.324999809265137,12.324999809265137,120.0
2023-03-09 12:43:00,CINF,116.3499984741211,116.3499984741211,116.45999908447266,116.3499984741211,116.41999816894531,1153.0
2023-03-09 12:43:00,CIVB,20.625,20.625,20.625,20.625,20.625,200.0
2023-03-09 12:43:00,CLBK,19.600000381469727,19.600000381469727,19.600000381469727,19.600000381469727,19.600000381469727,439.0
2023-03-09 12:43:00,CME,179.17999267578125,179.17999267578125,179.1999969482422,179.17999267578125,179.1999969482422,1550.0
2023-03-09 12:43:00,COLB,25.18000030517578,25.18000030517578,25.225000381469727,25.174999237060547,25.209999084472656,10362.0
2023-03-09 12:43:00,COOP,44.21500015258789,44.21500015258789,44.2400016784668,44.209999084472656,44.22999954223633,1453.0
2023-03-09 12:43:00,CSWC,18.389999389648438,18.389999389648438,18.39900016784668,18.389999389648438,18.39900016784668,517.0
2023-03-09 12:43:00,CTBI,40.290000915527344,40.290000915527344,40.290000915527344,40.290000915527344,40.290000915527344,182.0
2023-03-09 12:43:00,CVBF,21.8799991607666,21.8799991607666,21.90999984741211,21.8799991607666,21.90999984741211,8608.0
2023-03-09 12:43:00,EBC,14.609999656677246,14.609999656677246,14.630000114440918,14.609999656677246,14.630000114440918,1920.0
2023-03-09 12:43:00,EBTC,34.560001373291016,34.560001373291016,34.560001373291016,34.560001373291016,34.560001373291016,282.0
2023-03-09 12:43:00,EFSC,51.55500030517578,51.55500030517578,51.55500030517578,51.55500030517578,51.55500030517578,254.0
2023-03-09 12:43:00,EGBN,40.66999816894531,40.66999816894531,40.66999816894531,40.66999816894531,40.66999816894531,589.0
2023-03-09 12:43:00,EHTH,8.800000190734863,8.800000190734863,8.800000190734863,8.800000190734863,8.800000190734863,145.0
2023-03-09 12:43:00,EWBC,68.11000061035156,68.11000061035156,68.11000061035156,68.11000061035156,68.11000061035156,642.0
2023-03-09 12:43:00,EZPW,8.84000015258789,8.84000015258789,8.84000015258789,8.84000015258789,8.84000015258789,164.0
2023-03-09 12:43:00,FBMS,28.719999313354492,28.719999313354492,28.719999313354492,28.690000534057617,28.690000534057617,266.0
2023-03-09 12:43:00,FBNC,38.65999984741211,38.65999984741211,38.65999984741211,38.65999984741211,38.65999984741211,100.0
2023-03-09 12:43:00,FCFS,88.3499984741211,88.3499984741211,88.3499984741211,88.3499984741211,88.3499984741211,200.0
2023-03-09 12:43:00,FCRD,4.570000171661377,4.570000171661377,4.570000171661377,4.570000171661377,4.570000171661377,100.0
2023-03-09 12:43:00,FFBC,22.520000457763672,22.520000457763672,22.530000686645508,22.520000457763672,22.530000686645508,558.0
2023-03-09 12:43:00,FFIC,17.270000457763672,17.270000457763672,17.270000457763672,17.260000228881836,17.260000228881836,319.0
2023-03-09 12:43:00,FFIN,33.869998931884766,33.869998931884766,33.869998931884766,33.84000015258789,33.84000015258789,1545.0
2023-03-09 12:43:00,FHB,24.15999984741211,24.15999984741211,24.174999237060547,24.15999984741211,24.15999984741211,3942.0
2023-03-09 12:43:00,FIBK,32.41999816894531,32.41999816894531,32.45000076293945,32.41999816894531,32.45000076293945,963.0
2023-03-09 12:43:00,FINW,9.068599700927734,9.068599700927734,9.068599700927734,8.989999771118164,8.989999771118164,304.0
2023-03-09 12:43:00,FITB,32.375,32.375,32.415000915527344,32.375,32.404998779296875,12229.0
2023-03-09 12:43:00,FOCS,51.68000030517578,51.68000030517578,51.685001373291016,51.68000030517578,51.68000030517578,4457.0
2023-03-09 12:43:00,FRME,37.66999816894531,37.66999816894531,37.66999816894531,37.650001525878906,37.650001525878906,435.0
2023-03-09 12:43:00,FULT,15.779999732971191,15.779999732971191,15.789999961853027,15.779999732971191,15.789999961853027,2034.0
2023-03-09 12:43:00,FUTU,46.40999984741211,46.40999984741211,46.40999984741211,46.369998931884766,46.380001068115234,946.0
2023-03-09 12:43:00,GBDC,13.430000305175781,13.430000305175781,13.4350004196167,13.430000305175781,13.430000305175781,612.0
2023-03-09 12:43:00,GGAL,12.859999656677246,12.859999656677246,12.859999656677246,12.843000411987305,12.843000411987305,1535.0
2023-03-09 12:43:00,GREE,0.4401000142097473,0.4401000142097473,0.4401000142097473,0.4401000142097473,0.4401000142097473,104.0
2023-03-09 12:43:00,GXII,10.119999885559082,10.119999885559082,10.119999885559082,10.119999885559082,10.119999885559082,100.0
2023-03-09 12:43:00,HAFC,21.90999984741211,21.90999984741211,21.90999984741211,21.90999984741211,21.90999984741211,162.0
2023-03-09 12:43:00,HBAN,13.944999694824219,13.944999694824219,13.960000038146973,13.9399995803833,13.95989990234375,26051.0
2023-03-09 12:43:00,HCMA,10.4399995803833,10.4399995803833,10.4399995803833,10.4399995803833,10.4399995803833,100.0
2023-03-09 12:43:00,HONE,12.779999732971191,12.779999732971191,12.779999732971191,12.779999732971191,12.779999732971191,518.0
2023-03-09 12:43:00,HOPE,11.8100004196167,11.8100004196167,11.8100004196167,11.8100004196167,11.8100004196167,443.0
2023-03-09 12:43:00,HTBK,10.960000038146973,10.960000038146973,10.960000038146973,10.960000038146973,10.960000038146973,152.0
2023-03-09 12:43:00,HTLF,45.70000076293945,45.70000076293945,45.70000076293945,45.70000076293945,45.70000076293945,472.0
2023-03-09 12:43:00,HUT,1.3600000143051147,1.3600000143051147,1.3641999959945679,1.350000023841858,1.3519999980926514,55061.0
2023-03-09 12:43:00,HWC,44.25,44.25,44.25,44.25,44.25,487.0
2023-03-09 12:43:00,IBKR,87.37999725341797,87.37999725341797,87.44499969482422,87.37999725341797,87.44499969482422,723.0
2023-03-09 12:43:00,IBOC,45.13999938964844,45.13999938964844,45.13999938964844,45.130001068115234,45.130001068115234,574.0
2023-03-09 12:43:00,IBTX,52.88999938964844,52.88999938964844,52.88999938964844,52.88999938964844,52.88999938964844,703.0
2023-03-09 12:43:00,INDB,71.76000213623047,71.76000213623047,71.76000213623047,71.73999786376953,71.73999786376953,442.0
2023-03-09 12:44:00,ABCB,43.099998474121094,43.099998474121094,43.11000061035156,43.099998474121094,43.11000061035156,462.0
2023-03-09 12:44:00,ACGL,69.88999938964844,69.88999938964844,69.91000366210938,69.86000061035156,69.86000061035156,4263.0
2023-03-09 12:44:00,ACT,24.149999618530273,24.149999618530273,24.149999618530273,24.139999389648438,24.139999389648438,589.0
2023-03-09 12:44:00,AMAL,20.997499465942383,20.997499465942383,21.0,20.989999771118164,20.989999771118164,301.0
2023-03-09 12:44:00,AMRK,28.049999237060547,28.049999237060547,28.049999237060547,28.049999237060547,28.049999237060547,370.0
2023-03-09 12:44:00,ARCC,18.924999237060547,18.924999237060547,18.93000030517578,18.920000076293945,18.93000030517578,3421.0
2023-03-09 12:44:00,AUB,36.93000030517578,36.93000030517578,36.95000076293945,36.91999816894531,36.939998626708984,3993.0
2023-03-09 12:44:00,BGCP,4.994999885559082,4.994999885559082,4.994999885559082,4.994999885559082,4.994999885559082,100.0
2023-03-09 12:44:00,BHF,52.66999816894531,52.66999816894531,52.66999816894531,52.66999816894531,52.66999816894531,555.0
2023-03-09 12:44:00,BITF,0.7699999809265137,0.7699999809265137,0.772599995136261,0.7699999809265137,0.7699999809265137,300.0
2023-03-09 12:44:00,BKCC,3.6600000858306885,3.6600000858306885,3.665600061416626,3.6600000858306885,3.665600061416626,2640.0
2023-03-09 12:44:00,BLFY,11.449999809265137,11.449999809265137,11.449999809265137,11.425000190734863,11.425000190734863,990.0
2023-03-09 12:44:00,BPOP,62.744998931884766,62.744998931884766,62.744998931884766,62.61000061035156,62.66999816894531,5081.0
2023-03-09 12:44:00,BREZ,10.569499969482422,10.569499969482422,10.569499969482422,10.5600004196167,10.5600004196167,200.0
2023-03-09 12:44:00,BRKL,11.510000228881836,11.510000228881836,11.520000457763672,11.510000228881836,11.520000457763672,658.0
2023-03-09 12:44:00,BRP,25.84000015258789,25.84000015258789,25.850000381469727,25.84000015258789,25.850000381469727,800.0
2023-03-09 12:44:00,BTBT,1.1398999691009521,1.1398999691009521,1.1398999691009521,1.1349999904632568,1.1349999904632568,206.0
2023-03-09 12:44:00,BUSE,22.479999542236328,22.479999542236328,22.479999542236328,22.479999542236328,22.479999542236328,224.0
2023-03-09 12:44:00,BWFG,27.549999237060547,27.549999237060547,27.549999237060547,27.549999237060547,27.549999237060547,159.0
2023-03-09 12:44:00,CASH,47.34000015258789,47.34000015258789,47.369998931884766,47.34000015258789,47.369998931884766,632.0
2023-03-09 12:44:00,CFB,12.319999694824219,12.319999694824219,12.319999694824219,12.319999694824219,12.319999694824219,246.0
2023-03-09 12:44:00,CFFN,7.545000076293945,7.545000076293945,7.545000076293945,7.545000076293945,7.545000076293945,372.0
2023-03-09 12:44:00,CG,34.025001525878906,34.025001525878906,34.03499984741211,34.025001525878906,34.03499984741211,873.0
2023-03-09 12:44:00,CGBD,14.90999984741211,14.90999984741211,14.90999984741211,14.90999984741211,14.90999984741211,253.0
2023-03-09 12:44:00,CIFR,1.440000057220459,1.440000057220459,1.440000057220459,1.440000057220459,1.440000057220459,161.0
2023-03-09 12:44:00,CINF,116.33999633789062,116.33999633789062,116.33999633789062,116.19999694824219,116.29000091552734,1652.0
2023-03-09 12:44:00,CLBK,19.579999923706055,19.579999923706055,19.579999923706055,19.579999923706055,19.579999923706055,497.0
2023-03-09 12:44:00,CLIN,10.25,10.25,10.25,10.25,10.25,40870.0
2023-03-09 12:44:00,CME,179.17999267578125,179.17999267578125,179.25999450683594,179.14999389648438,179.22999572753906,1654.0
2023-03-09 12:44:00,CNOB,21.84000015258789,21.84000015258789,21.84000015258789,21.84000015258789,21.84000015258789,453.0
2023-03-09 12:44:00,COLB,25.209999084472656,25.209999084472656,25.21500015258789,25.174999237060547,25.18000030517578,9362.0
2023-03-09 12:44:00,COOP,44.290000915527344,44.290000915527344,44.290000915527344,44.2400016784668,44.2400016784668,2357.0
2023-03-09 12:44:00,CSQ,14.0,14.0,14.020000457763672,14.0,14.020000457763672,2606.0
2023-03-09 12:44:00,CSWC,18.3700008392334,18.3700008392334,18.389999389648438,18.3700008392334,18.389999389648438,2014.0
2023-03-09 12:44:00,CVBF,21.889999389648438,21.889999389648438,21.889999389648438,21.860000610351562,21.860000610351562,1984.0
2023-03-09 12:44:00,DGICA,15.100000381469727,15.100000381469727,15.100000381469727,15.100000381469727,15.100000381469727,795.0
2023-03-09 12:44:00,EBC,14.609999656677246,14.609999656677246,14.609999656677246,14.604999542236328,14.609999656677246,2184.0
2023-03-09 12:44:00,ECPG,50.540000915527344,50.540000915527344,50.540000915527344,50.47999954223633,50.47999954223633,1832.0
2023-03-09 12:44:00,EFSC,51.54499816894531,51.54499816894531,51.54499816894531,51.54499816894531,51.54499816894531,353.0
2023-03-09 12:44:00,ERIE,233.5449981689453,233.5449981689453,233.5449981689453,233.5449981689453,233.5449981689453,1027.0
2023-03-09 12:44:00,ESSA,18.774999618530273,18.774999618530273,18.774999618530273,18.774999618530273,18.774999618530273,100.0
2023-03-09 12:44:00,EWBC,68.1500015258789,68.1500015258789,68.1500015258789,68.05999755859375,68.06999969482422,1715.0
2023-03-09 12:44:00,EZPW,8.835000038146973,8.835000038146973,8.835000038146973,8.835000038146973,8.835000038146973,436.0
2023-03-09 12:44:00,FBMS,28.690000534057617,28.690000534057617,28.690000534057617,28.690000534057617,28.690000534057617,184.0
2023-03-09 12:44:00,FBNC,38.65999984741211,38.65999984741211,38.65999984741211,38.63999938964844,38.63999938964844,952.0
2023-03-09 12:44:00,FCBC,28.389999389648438,28.389999389648438,28.389999389648438,28.364999771118164,28.364999771118164,847.0
2023-03-09 12:44:00,FCFS,88.33499908447266,88.33499908447266,88.33499908447266,88.33499908447266,88.33499908447266,185.0
2023-03-09 12:44:00,FCNCA,650.0,650.0,650.0,650.0,650.0,820.0
2023-03-09 12:44:00,FCRD,4.559999942779541,4.559999942779541,4.559999942779541,4.559999942779541,4.559999942779541,100.0
2023-03-09 12:44:00,FDUS,20.28230094909668,20.28230094909668,20.28230094909668,20.28230094909668,20.28230094909668,2201.0
2023-03-09 12:44:00,FFBC,22.510000228881836,22.510000228881836,22.510000228881836,22.510000228881836,22.510000228881836,310.0
2023-03-09 12:44:00,FFIC,17.260000228881836,17.260000228881836,17.260000228881836,17.260000228881836,17.260000228881836,361.0
2023-03-09 12:44:00,FFIN,33.81999969482422,33.81999969482422,33.81999969482422,33.81999969482422,33.81999969482422,271.0
2023-03-09 12:44:00,FFWM,12.98900032043457,12.98900032043457,13.010000228881836,12.970000267028809,13.010000228881836,6016.0
2023-03-09 12:44:00,FHB,24.170000076293945,24.170000076293945,24.170000076293945,24.15999984741211,24.15999984741211,1049.0
2023-03-09 12:44:00,FIBK,32.400001525878906,32.400001525878906,32.400001525878906,32.400001525878906,32.400001525878906,898.0
2023-03-09 12:44:00,FITB,32.38999938964844,32.38999938964844,32.39500045776367,32.369998931884766,32.375,14100.0
2023-03-09 12:44:00,FLIC,16.18000030517578,16.18000030517578,16.18000030517578,16.18000030517578,16.18000030517578,100.0
2023-03-09 12:44:00,FMIV,10.119999885559082,10.119999885559082,10.119999885559082,10.119999885559082,10.119999885559082,200.0
2023-03-09 12:44:00,FMNB,13.180000305175781,13.180000305175781,13.1899995803833,13.180000305175781,13.1899995803833,728.0
2023-03-09 12:44:00,FOCS,51.665000915527344,51.665000915527344,51.689998626708984,51.665000915527344,51.685001373291016,17426.0
2023-03-09 12:44:00,FSBW,33.26499938964844,33.26499938964844,33.26499938964844,33.26499938964844,33.26499938964844,345.0
2023-03-09 12:44:00,FULT,15.779999732971191,15.779999732971191,15.779999732971191,15.774999618530273,15.779999732971191,3247.0
2023-03-09 12:44:00,FUTU,46.400001525878906,46.400001525878906,46.47999954223633,46.36000061035156,46.369998931884766,3835.0
2023-03-09 12:44:00,GBDC,13.430000305175781,13.430000305175781,13.4399995803833,13.425000190734863,13.430000305175781,28547.0
2023-03-09 12:44:00,GGAL,12.869999885559082,12.869999885559082,12.869999885559082,12.869999885559082,12.869999885559082,100.0
2023-03-09 12:44:00,GLRE,10.020000457763672,10.020000457763672,10.020000457763672,10.020000457763672,10.020000457763672,100.0
2023-03-09 12:44:00,GSHD,52.4900016784668,52.4900016784668,52.4900016784668,52.349998474121094,52.439998626708984,845.0
2023-03-09 12:44:00,HAFC,21.90999984741211,21.90999984741211,21.90999984741211,21.90999984741211,21.90999984741211,677.0
2023-03-09 12:44:00,HBAN,13.954999923706055,13.954999923706055,13.95989990234375,13.9350004196167,13.9399995803833,78447.0
2023-03-09 12:44:00,HBNC,13.9399995803833,13.9399995803833,13.9399995803833,13.9399995803833,13.9399995803833,297.0
2023-03-09 12:44:00,HBT,22.010000228881836,22.010000228881836,22.010000228881836,21.969999313354492,21.979999542236328,822.0
2023-03-09 12:44:00,HIVE,2.5799999237060547,2.5799999237060547,2.5799999237060547,2.5799999237060547,2.5799999237060547,1075.0
2023-03-09 12:44:00,HMST,22.600000381469727,22.600000381469727,22.649999618530273,22.600000381469727,22.649999618530273,491.0
2023-03-09 12:44:00,HONE,12.779999732971191,12.779999732971191,12.779999732971191,12.779999732971191,12.779999732971191,389.0
2023-03-09 12:44:00,HOPE,11.78499984741211,11.78499984741211,11.800000190734863,11.78499984741211,11.800000190734863,1052.0
2023-03-09 12:44:00,HRZN,11.98859977722168,11.98859977722168,11.98859977722168,11.98859977722168,11.98859977722168,542.0
2023-03-09 12:44:00,HTBI,27.709999084472656,27.709999084472656,27.709999084472656,27.709999084472656,27.709999084472656,100.0
2023-03-09 12:44:00,HTBK,10.949999809265137,10.949999809265137,10.949999809265137,10.949999809265137,10.949999809265137,416.0
2023-03-09 12:44:00,HTLF,45.75,45.75,45.75,45.70000076293945,45.70000076293945,417.0
2023-03-09 12:44:00,HUT,1.350000023841858,1.350000023841858,1.3600000143051147,1.350000023841858,1.3600000143051147,108690.0
2023-03-09 12:44:00,HWC,44.2400016784668,44.2400016784668,44.2400016784668,44.2400016784668,44.2400016784668,188.0
2023-03-09 12:44:00,IBKR,87.31999969482422,87.31999969482422,87.36000061035156,87.20999908447266,87.36000061035156,2182.0
2023-03-09 12:44:00,IBOC,45.08000183105469,45.08000183105469,45.08000183105469,45.08000183105469,45.08000183105469,269.0
2023-03-09 12:44:00,IGTA,10.345000267028809,10.345000267028809,10.345000267028809,10.300000190734863,10.300000190734863,2199.0
2023-03-09 12:44:00,INDB,71.70999908447266,71.70999908447266,71.70999908447266,71.70999908447266,71.70999908447266,413.0
2023-03-09 12:44:00,INTR,2.009999990463257,2.009999990463257,2.009999990463257,2.009999990463257,2.009999990463257,902.0
2023-03-09 12:45:00,ABCB,43.06999969482422,43.06999969482422,43.08000183105469,43.06999969482422,43.08000183105469,746.0
2023-03-09 12:45:00,ACGL,69.87999725341797,69.87999725341797,69.87999725341797,69.8499984741211,69.87999725341797,5672.0
2023-03-09 12:45:00,AIHS,0.8759999871253967,0.8759999871253967,0.8759999871253967,0.8759999871253967,0.8759999871253967,1300.0
2023-03-09 12:45:00,ARCC,18.924999237060547,18.924999237060547,18.924999237060547,18.924999237060547,18.924999237060547,2058.0
2023-03-09 12:45:00,ATLCP,20.149999618530273,20.149999618530273,20.149999618530273,20.149999618530273,20.149999618530273,1000.0
2023-03-09 12:45:00,AUB,36.90999984741211,36.90999984741211,36.90999984741211,36.90999984741211,36.90999984741211,942.0
2023-03-09 12:45:00,BANF,85.55999755859375,85.55999755859375,85.55999755859375,85.55999755859375,85.55999755859375,696.0
2023-03-09 12:45:00,BANR,57.900001525878906,57.900001525878906,57.900001525878906,57.900001525878906,57.900001525878906,423.0
2023-03-09 12:45:00,BGCP,5.0,5.0,5.0,5.0,5.0,1672.0
2023-03-09 12:45:00,BHF,52.654998779296875,52.654998779296875,52.654998779296875,52.630001068115234,52.630001068115234,663.0
2023-03-09 12:45:00,BITF,0.7649999856948853,0.7649999856948853,0.7677000164985657,0.7649999856948853,0.7677000164985657,8016.0
2023-03-09 12:45:00,BKCC,3.6600000858306885,3.6600000858306885,3.6698999404907227,3.6600000858306885,3.6649999618530273,2979.0
2023-03-09 12:45:00,BLFY,11.4399995803833,11.4399995803833,11.4399995803833,11.4399995803833,11.4399995803833,140.0
2023-03-09 12:45:00,BPOP,62.68000030517578,62.68000030517578,62.72999954223633,62.65999984741211,62.72999954223633,1108.0
2023-03-09 12:45:00,BRKL,11.505000114440918,11.505000114440918,11.505000114440918,11.505000114440918,11.505000114440918,361.0
2023-03-09 12:45:00,BRP,25.829999923706055,25.829999923706055,25.829999923706055,25.829999923706055,25.829999923706055,1036.0
2023-03-09 12:45:00,BTBT,1.1349999904632568,1.1349999904632568,1.1349999904632568,1.1306999921798706,1.1306999921798706,1600.0
2023-03-09 12:45:00,BUSE,22.510000228881836,22.510000228881836,22.510000228881836,22.510000228881836,22.510000228881836,604.0
2023-03-09 12:45:00,CASH,47.310001373291016,47.310001373291016,47.31999969482422,47.310001373291016,47.31999969482422,318.0
2023-03-09 12:45:00,CATY,39.26539993286133,39.26539993286133,39.26539993286133,39.26539993286133,39.26539993286133,166.0
2023-03-09 12:45:00,CBSH,61.779998779296875,61.779998779296875,61.790000915527344,61.775001525878906,61.790000915527344,1140.0
2023-03-09 12:45:00,CG,34.0099983215332,34.0099983215332,34.02220153808594,34.0099983215332,34.02000045776367,1311.0
2023-03-09 12:45:00,CHCO,90.86009979248047,90.86009979248047,90.86009979248047,90.86009979248047,90.86009979248047,584.0
2023-03-09 12:45:00,CHW,6.052000045776367,6.052000045776367,6.052000045776367,6.052000045776367,6.052000045776367,130.0
2023-03-09 12:45:00,CLRC,10.359999656677246,10.359999656677246,10.359999656677246,10.359999656677246,10.359999656677246,68100.0
2023-03-09 12:45:00,CME,179.30999755859375,179.30999755859375,179.30999755859375,179.19000244140625,179.1999969482422,2628.0
2023-03-09 12:45:00,COLB,25.135000228881836,25.135000228881836,25.200000762939453,25.1299991607666,25.200000762939453,36788.0
2023-03-09 12:45:00,CSWC,18.375900268554688,18.375900268554688,18.375900268554688,18.36009979248047,18.36009979248047,898.0
2023-03-09 12:45:00,CVBF,21.8700008392334,21.8700008392334,21.8700008392334,21.8700008392334,21.8700008392334,298.0
2023-03-09 12:45:00,DALS,10.140000343322754,10.140000343322754,10.140000343322754,10.114999771118164,10.114999771118164,2413.0
2023-03-09 12:45:00,DWAC,14.09220027923584,14.09220027923584,14.09220027923584,14.09000015258789,14.09000015258789,581.0
2023-03-09 12:45:00,EBC,14.609999656677246,14.609999656677246,14.609999656677246,14.609999656677246,14.609999656677246,470.0
2023-03-09 12:45:00,ECBK,14.949999809265137,14.949999809265137,14.949999809265137,14.920000076293945,14.920000076293945,1864.0
2023-03-09 12:45:00,EWBC,68.12999725341797,68.12999725341797,68.1500015258789,68.08999633789062,68.1500015258789,1643.0
2023-03-09 12:45:00,FBNC,38.7599983215332,38.7599983215332,38.7599983215332,38.7599983215332,38.7599983215332,100.0
2023-03-09 12:45:00,FCBC,28.399999618530273,28.399999618530273,28.399999618530273,28.399999618530273,28.399999618530273,394.0
2023-03-09 12:45:00,FCFS,88.26000213623047,88.26000213623047,88.26000213623047,88.26000213623047,88.26000213623047,254.0
2023-03-09 12:45:00,FCRD,4.559999942779541,4.559999942779541,4.559999942779541,4.559999942779541,4.559999942779541,100.0
2023-03-09 12:45:00,FDUS,20.289899826049805,20.289899826049805,20.290000915527344,20.289899826049805,20.290000915527344,277.0
2023-03-09 12:45:00,FFBC,22.479999542236328,22.479999542236328,22.479999542236328,22.479999542236328,22.479999542236328,737.0
2023-03-09 12:45:00,FFWM,12.998900413513184,12.998900413513184,12.998900413513184,12.998900413513184,12.998900413513184,1110.0
2023-03-09 12:45:00,FIBK,32.380001068115234,32.380001068115234,32.380001068115234,32.380001068115234,32.380001068115234,382.0
2023-03-09 12:45:00,FITB,32.349998474121094,32.349998474121094,32.39500045776367,32.349998474121094,32.38999938964844,12178.0
2023-03-09 12:45:00,FLIC,16.18000030517578,16.18000030517578,16.18000030517578,16.18000030517578,16.18000030517578,100.0
2023-03-09 12:45:00,FMNB,13.180000305175781,13.180000305175781,13.180000305175781,13.180000305175781,13.180000305175781,303.0
2023-03-09 12:45:00,FOCS,51.630001068115234,51.630001068115234,51.65999984741211,51.599998474121094,51.65999984741211,37313.0
2023-03-09 12:45:00,FRME,37.6343994140625,37.6343994140625,37.6343994140625,37.6343994140625,37.6343994140625,720.0
2023-03-09 12:45:00,FULT,15.770000457763672,15.770000457763672,15.779999732971191,15.770000457763672,15.779999732971191,1003.0
2023-03-09 12:45:00,FUTU,46.36000061035156,46.36000061035156,46.40999984741211,46.34000015258789,46.400001525878906,4190.0
2023-03-09 12:45:00,GAIN,13.6850004196167,13.6850004196167,13.6850004196167,13.6850004196167,13.6850004196167,553.0
2023-03-09 12:45:00,GCMG,8.449999809265137,8.449999809265137,8.449999809265137,8.449999809265137,8.449999809265137,188.0
2023-03-09 12:45:00,GGAL,12.859999656677246,12.859999656677246,12.859999656677246,12.859999656677246,12.859999656677246,129.0
2023-03-09 12:45:00,GLAD,9.8725004196167,9.8725004196167,9.8725004196167,9.8725004196167,9.8725004196167,240.0
2023-03-09 12:45:00,GLRE,10.020000457763672,10.020000457763672,10.020000457763672,10.020000457763672,10.020000457763672,224.0
2023-03-09 12:45:00,GXII,10.119999885559082,10.119999885559082,10.119999885559082,10.119999885559082,10.119999885559082,200.0
2023-03-09 12:45:00,HBAN,13.9399995803833,13.9399995803833,13.95989990234375,13.9399995803833,13.954999923706055,22723.0
2023-03-09 12:45:00,HBNC,13.930000305175781,13.930000305175781,13.930000305175781,13.930000305175781,13.930000305175781,376.0
2023-03-09 12:45:00,HIVE,2.575000047683716,2.575000047683716,2.575000047683716,2.575000047683716,2.575000047683716,248.0
2023-03-09 12:45:00,HLNE,76.19000244140625,76.19000244140625,76.19000244140625,76.19000244140625,76.19000244140625,380.0
2023-03-09 12:45:00,HMST,22.649999618530273,22.649999618530273,22.649999618530273,22.649999618530273,22.649999618530273,348.0
2023-03-09 12:45:00,HONE,12.779999732971191,12.779999732971191,12.779999732971191,12.779999732971191,12.779999732971191,100.0
2023-03-09 12:45:00,HOPE,11.75,11.75,11.779999732971191,11.75,11.779999732971191,2282.0
2023-03-09 12:45:00,HRZN,11.979999542236328,11.979999542236328,11.979999542236328,11.979999542236328,11.979999542236328,101.0
2023-03-09 12:45:00,HUT,1.3515000343322754,1.3515000343322754,1.3600000143051147,1.350000023841858,1.3600000143051147,5849.0
2023-03-09 12:45:00,HWC,44.2400016784668,44.2400016784668,44.2400016784668,44.220001220703125,44.220001220703125,870.0
2023-03-09 12:45:00,IBKR,87.19000244140625,87.19000244140625,87.24500274658203,87.12999725341797,87.23999786376953,5929.0
2023-03-09 12:45:00,IBOC,45.11000061035156,45.11000061035156,45.11000061035156,45.11000061035156,45.11000061035156,529.0
2023-03-09 12:45:00,IBTX,52.84000015258789,52.84000015258789,52.84000015258789,52.84000015258789,52.84000015258789,403.0
2023-03-09 12:45:00,IGTA,10.329999923706055,10.329999923706055,10.340700149536133,10.329999923706055,10.34000015258789,1900.0
2023-03-09 12:45:00,INTR,2.0,2.0,2.0,2.0,2.0,222.0
2023-03-09 12:46:00,ABCB,43.060001373291016,43.060001373291016,43.060001373291016,43.060001373291016,43.060001373291016,740.0
2023-03-09 12:46:00,ACGL,69.81999969482422,69.81999969482422,69.87999725341797,69.81999969482422,69.8499984741211,17666.0
2023-03-09 12:46:00,AIHS,0.8759999871253967,0.8759999871253967,0.8899999856948853,0.8759999871253967,0.876101016998291,1800.0
2023-03-09 12:46:00,APLD,2.0950000286102295,2.0950000286102295,2.0950000286102295,2.0950000286102295,2.0950000286102295,136.0
2023-03-09 12:46:00,ARCC,18.920000076293945,18.920000076293945,18.924999237060547,18.90999984741211,18.924999237060547,4178.0
2023-03-09 12:46:00,ATLCP,20.149999618530273,20.149999618530273,20.149999618530273,20.149999618530273,20.149999618530273,1000.0
2023-03-09 12:46:00,ATLO,23.520000457763672,23.520000457763672,23.520000457763672,23.520000457763672,23.520000457763672,374.0
2023-03-09 12:46:00,AUB,36.86000061035156,36.86000061035156,36.91999816894531,36.85499954223633,36.90999984741211,3642.0
2023-03-09 12:46:00,BGCP,4.994999885559082,4.994999885559082,5.0,4.994999885559082,5.0,9330.0
2023-03-09 12:46:00,BHF,52.619998931884766,52.619998931884766,52.619998931884766,52.619998931884766,52.619998931884766,429.0
2023-03-09 12:46:00,BKCC,3.6600000858306885,3.6600000858306885,3.6600000858306885,3.6600000858306885,3.6600000858306885,245.0
2023-03-09 12:46:00,BOKF,95.97000122070312,95.97000122070312,95.98999786376953,95.97000122070312,95.98999786376953,1789.0
2023-03-09 12:46:00,BPOP,62.630001068115234,62.630001068115234,62.650001525878906,62.625,62.650001525878906,714.0
2023-03-09 12:46:00,BREZ,10.5600004196167,10.5600004196167,10.569499969482422,10.5600004196167,10.5600004196167,400.0
2023-03-09 12:46:00,BRKL,11.5,11.5,11.5,11.5,11.5,661.0
2023-03-09 12:46:00,BTBT,1.1299999952316284,1.1299999952316284,1.1299999952316284,1.1299999952316284,1.1299999952316284,108.0
2023-03-09 12:46:00,CATC,70.6500015258789,70.6500015258789,70.6500015258789,70.6500015258789,70.6500015258789,249.0
2023-03-09 12:46:00,CATY,39.22999954223633,39.22999954223633,39.22999954223633,39.22999954223633,39.22999954223633,714.0
2023-03-09 12:46:00,CBSH,61.775001525878906,61.775001525878906,61.775001525878906,61.775001525878906,61.775001525878906,396.0
2023-03-09 12:46:00,CCNE,22.559999465942383,22.559999465942383,22.559999465942383,22.559999465942383,22.559999465942383,200.0
2023-03-09 12:46:00,CFFN,7.539999961853027,7.539999961853027,7.539999961853027,7.539999961853027,7.539999961853027,1264.0
2023-03-09 12:46:00,CG,34.0,34.0,34.005001068115234,34.0,34.0,2148.0
2023-03-09 12:46:00,CGBD,14.869999885559082,14.869999885559082,14.899999618530273,14.869999885559082,14.899999618530273,2385.0
2023-03-09 12:46:00,CHW,6.052499771118164,6.052499771118164,6.052499771118164,6.052499771118164,6.052499771118164,1004.0
2023-03-09 12:46:00,CIFR,1.4299999475479126,1.4299999475479126,1.4327000379562378,1.4299999475479126,1.4327000379562378,3042.0
2023-03-09 12:46:00,CINF,116.20999908447266,116.20999908447266,116.20999908447266,116.20999908447266,116.20999908447266,436.0
2023-03-09 12:46:00,CLBK,19.579999923706055,19.579999923706055,19.579999923706055,19.579999923706055,19.579999923706055,139.0
2023-03-09 12:46:00,CLRC,10.359999656677246,10.359999656677246,10.359999656677246,10.359999656677246,10.359999656677246,12000.0
2023-03-09 12:46:00,CME,179.30999755859375,179.30999755859375,179.30999755859375,179.27999877929688,179.27999877929688,1030.0
2023-03-09 12:46:00,CNOB,21.81999969482422,21.81999969482422,21.81999969482422,21.81999969482422,21.81999969482422,236.0
2023-03-09 12:46:00,COLB,25.139999389648438,25.139999389648438,25.174999237060547,25.1200008392334,25.13010025024414,27135.0
2023-03-09 12:46:00,COOP,44.29499816894531,44.29499816894531,44.29499816894531,44.150001525878906,44.25,10166.0
2023-03-09 12:46:00,CRVL,179.6999969482422,179.6999969482422,179.6999969482422,179.6999969482422,179.6999969482422,127.0
2023-03-09 12:46:00,CSWC,18.360000610351562,18.360000610351562,18.360000610351562,18.360000610351562,18.360000610351562,349.0
2023-03-09 12:46:00,CVBF,21.860000610351562,21.860000610351562,21.860000610351562,21.860000610351562,21.860000610351562,931.0
2023-03-09 12:46:00,DCOM,29.5,29.5,29.530000686645508,29.489999771118164,29.530000686645508,556.0
2023-03-09 12:46:00,EBC,14.59000015258789,14.59000015258789,14.600000381469727,14.59000015258789,14.600000381469727,890.0
2023-03-09 12:46:00,EGBN,40.650001525878906,40.650001525878906,40.665000915527344,40.6349983215332,40.63999938964844,1246.0
2023-03-09 12:46:00,EHTH,8.81190013885498,8.81190013885498,8.81190013885498,8.81190013885498,8.81190013885498,208.0
2023-03-09 12:46:00,EWBC,68.04000091552734,68.04000091552734,68.06999969482422,68.04000091552734,68.06999969482422,884.0
2023-03-09 12:46:00,EZPW,8.835000038146973,8.835000038146973,8.839400291442871,8.835000038146973,8.839400291442871,360.0
2023-03-09 12:46:00,FBMS,28.709999084472656,28.709999084472656,28.709999084472656,28.709999084472656,28.709999084472656,288.0
2023-03-09 12:46:00,FBNC,38.80500030517578,38.80500030517578,38.83000183105469,38.7599983215332,38.7599983215332,4277.0
2023-03-09 12:46:00,FCRD,4.590000152587891,4.590000152587891,4.590000152587891,4.590000152587891,4.590000152587891,200.0
2023-03-09 12:46:00,FFIC,17.25,17.25,17.25,17.25,17.25,307.0
2023-03-09 12:46:00,FFIN,33.75,33.75,33.779998779296875,33.75,33.779998779296875,1240.0
2023-03-09 12:46:00,FITB,32.345001220703125,32.345001220703125,32.35499954223633,32.34000015258789,32.349998474121094,7045.0
2023-03-09 12:46:00,FLIC,16.139999389648438,16.139999389648438,16.18000030517578,16.139999389648438,16.18000030517578,10460.0
2023-03-09 12:46:00,FNLC,28.18000030517578,28.18000030517578,28.18000030517578,28.18000030517578,28.18000030517578,105.0
2023-03-09 12:46:00,FNWB,13.649999618530273,13.649999618530273,13.649999618530273,13.649999618530273,13.649999618530273,100.0
2023-03-09 12:46:00,FOCS,51.630001068115234,51.630001068115234,51.630001068115234,51.625,51.630001068115234,4050.0
2023-03-09 12:46:00,FULT,15.760000228881836,15.760000228881836,15.760000228881836,15.760000228881836,15.760000228881836,511.0
2023-03-09 12:46:00,FUTU,46.349998474121094,46.349998474121094,46.369998931884766,46.349998474121094,46.36000061035156,2238.0
2023-03-09 12:46:00,GBDC,13.430000305175781,13.430000305175781,13.430000305175781,13.430000305175781,13.430000305175781,3226.0
2023-03-09 12:46:00,GGAL,12.84000015258789,12.84000015258789,12.859999656677246,12.829999923706055,12.854999542236328,1399.0
2023-03-09 12:46:00,GLAD,9.868300437927246,9.868300437927246,9.869999885559082,9.868300437927246,9.869999885559082,1985.0
2023-03-09 12:46:00,GLRE,10.0,10.0,10.010000228881836,10.0,10.0,371.0
2023-03-09 12:46:00,GSHD,52.349998474121094,52.349998474121094,52.349998474121094,52.349998474121094,52.349998474121094,274.0
2023-03-09 12:46:00,HAFC,21.8799991607666,21.8799991607666,21.8799991607666,21.8799991607666,21.8799991607666,394.0
2023-03-09 12:46:00,HBAN,13.9350004196167,13.9350004196167,13.944999694824219,13.930000305175781,13.940099716186523,16671.0
2023-03-09 12:46:00,HIFS,259.19000244140625,259.19000244140625,259.19000244140625,259.19000244140625,259.19000244140625,575.0
2023-03-09 12:46:00,HONE,12.779999732971191,12.779999732971191,12.779999732971191,12.779999732971191,12.779999732971191,211.0
2023-03-09 12:46:00,HOPE,11.744999885559082,11.744999885559082,11.75,11.744999885559082,11.75,1940.0
2023-03-09 12:46:00,HTBK,10.9350004196167,10.9350004196167,10.9399995803833,10.9350004196167,10.9399995803833,272.0
2023-03-09 12:46:00,HUT,1.3550000190734863,1.3550000190734863,1.3600000143051147,1.350000023841858,1.3550000190734863,2306.0
2023-03-09 12:46:00,HWC,44.18000030517578,44.18000030517578,44.18000030517578,44.18000030517578,44.18000030517578,157.0
2023-03-09 12:46:00,IBKR,87.20500183105469,87.20500183105469,87.20500183105469,87.17250061035156,87.17250061035156,496.0
2023-03-09 12:46:00,IGIC,8.28499984741211,8.28499984741211,8.28499984741211,8.28499984741211,8.28499984741211,100.0
2023-03-09 12:46:00,IGTA,10.34000015258789,10.34000015258789,10.34000015258789,10.300000190734863,10.300000190734863,609.0
2023-03-09 12:46:00,INDB,71.62999725341797,71.62999725341797,71.62999725341797,71.62999725341797,71.62999725341797,396.0
2023-03-09 12:47:00,ACGL,69.8499984741211,69.8499984741211,69.8499984741211,69.79989624023438,69.80000305175781,15714.0
2023-03-09 12:47:00,ALSAW,0.018400000408291817,0.018400000408291817,0.018400000408291817,0.018400000408291817,0.018400000408291817,0.0
2023-03-09 12:47:00,AMAL,21.030000686645508,21.030000686645508,21.030000686645508,21.030000686645508,21.030000686645508,104.0
2023-03-09 12:47:00,AMAO,10.272000312805176,10.272000312805176,10.272000312805176,10.272000312805176,10.272000312805176,500.0
2023-03-09 12:47:00,ARBK,1.5219999551773071,1.5219999551773071,1.5219999551773071,1.5219999551773071,1.5219999551773071,204.0
2023-03-09 12:47:00,ARCC,18.915000915527344,18.915000915527344,18.91900062561035,18.915000915527344,18.915000915527344,890.0
2023-03-09 12:47:00,AUB,36.939998626708984,36.939998626708984,36.939998626708984,36.893001556396484,36.893001556396484,1993.0
2023-03-09 12:47:00,BGCP,4.994999885559082,4.994999885559082,4.994999885559082,4.994999885559082,4.994999885559082,110.0
2023-03-09 12:47:00,BHF,52.625,52.625,52.625,52.59000015258789,52.59000015258789,400.0
2023-03-09 12:47:00,BHFAO,24.989999771118164,24.989999771118164,24.989999771118164,24.989999771118164,24.989999771118164,128.0
2023-03-09 12:47:00,BITF,0.7663999795913696,0.7663999795913696,0.7683990001678467,0.7663999795913696,0.7683990001678467,310.0
2023-03-09 12:47:00,BOKF,96.01000213623047,96.01000213623047,96.01000213623047,96.0,96.0,200.0
2023-03-09 12:47:00,BPOP,62.70000076293945,62.70000076293945,62.70000076293945,62.65999984741211,62.65999984741211,1147.0
2023-03-09 12:47:00,BREZ,10.569499969482422,10.569499969482422,10.569499969482422,10.5600004196167,10.569299697875977,350.0
2023-03-09 12:47:00,BTBT,1.1349999904632568,1.1349999904632568,1.1349999904632568,1.1349999904632568,1.1349999904632568,100.0
2023-03-09 12:47:00,CARE,16.420000076293945,16.420000076293945,16.43000030517578,16.420000076293945,16.43000030517578,221.0
2023-03-09 12:47:00,CASH,47.29999923706055,47.29999923706055,47.29999923706055,47.29999923706055,47.29999923706055,420.0
2023-03-09 12:47:00,CATC,70.72000122070312,70.72000122070312,70.72000122070312,70.72000122070312,70.72000122070312,144.0
2023-03-09 12:47:00,CBSH,61.810001373291016,61.810001373291016,61.810001373291016,61.810001373291016,61.810001373291016,347.0
2023-03-09 12:47:00,CFB,12.319999694824219,12.319999694824219,12.319999694824219,12.319999694824219,12.319999694824219,134.0
2023-03-09 12:47:00,CFFN,7.550000190734863,7.550000190734863,7.550000190734863,7.550000190734863,7.550000190734863,301.0
2023-03-09 12:47:00,CG,33.9900016784668,33.9900016784668,34.0,33.9900016784668,33.9900016784668,2270.0
2023-03-09 12:47:00,CHCO,90.86000061035156,90.86000061035156,90.94000244140625,90.86000061035156,90.94000244140625,886.0
2023-03-09 12:47:00,CHY,12.34000015258789,12.34000015258789,12.34000015258789,12.34000015258789,12.34000015258789,418.0
2023-03-09 12:47:00,CIFR,1.434999942779541,1.434999942779541,1.434999942779541,1.4299999475479126,1.4299999475479126,3793.0
2023-03-09 12:47:00,CINF,116.19999694824219,116.19999694824219,116.19999694824219,116.19999694824219,116.19999694824219,208.0
2023-03-09 12:47:00,CME,179.14999389648438,179.14999389648438,179.2050018310547,179.14999389648438,179.1999969482422,2220.0
2023-03-09 12:47:00,COLB,25.149999618530273,25.149999618530273,25.170000076293945,25.1200008392334,25.1299991607666,11438.0
2023-03-09 12:47:00,CRVL,179.0800018310547,179.0800018310547,179.0800018310547,179.0800018310547,179.0800018310547,122.0
2023-03-09 12:47:00,CSQ,14.0,14.0,14.0,14.0,14.0,100.0
2023-03-09 12:47:00,CVBF,21.8700008392334,21.8700008392334,21.8700008392334,21.8700008392334,21.8700008392334,713.0
2023-03-09 12:47:00,DCOM,29.5,29.5,29.5,29.459999084472656,29.489999771118164,2015.0
2023-03-09 12:47:00,EBC,14.595000267028809,14.595000267028809,14.600000381469727,14.59000015258789,14.59000015258789,1310.0
2023-03-09 12:47:00,EFSC,51.540000915527344,51.540000915527344,51.540000915527344,51.540000915527344,51.540000915527344,162.0
2023-03-09 12:47:00,EGBN,40.70500183105469,40.70500183105469,40.70500183105469,40.68000030517578,40.68000030517578,608.0
2023-03-09 12:47:00,EWBC,68.12000274658203,68.12000274658203,68.16000366210938,68.06999969482422,68.12000274658203,8257.0
2023-03-09 12:47:00,FBMS,28.75,28.75,28.75,28.75,28.75,303.0
2023-03-09 12:47:00,FBNC,38.810001373291016,38.810001373291016,38.83000183105469,38.77000045776367,38.779998779296875,1972.0
2023-03-09 12:47:00,FCNCP,21.8528995513916,21.8528995513916,21.8528995513916,21.8528995513916,21.8528995513916,689.0
2023-03-09 12:47:00,FCRD,4.590000152587891,4.590000152587891,4.590000152587891,4.590000152587891,4.590000152587891,100.0
2023-03-09 12:47:00,FFIC,17.25,17.25,17.25,17.25,17.25,376.0
2023-03-09 12:47:00,FFIN,33.7599983215332,33.7599983215332,33.77000045776367,33.7599983215332,33.7599983215332,1107.0
2023-03-09 12:47:00,FHB,24.139999389648438,24.139999389648438,24.139999389648438,24.139999389648438,24.139999389648438,562.0
2023-03-09 12:47:00,FIBK,32.380001068115234,32.380001068115234,32.380001068115234,32.380001068115234,32.380001068115234,683.0
2023-03-09 12:47:00,FITB,32.349998474121094,32.349998474121094,32.369998931884766,32.33000183105469,32.34000015258789,11199.0
2023-03-09 12:47:00,FITBO,22.15999984741211,22.15999984741211,22.18000030517578,22.15999984741211,22.18000030517578,896.0
2023-03-09 12:47:00,FLIC,16.1200008392334,16.1200008392334,16.135000228881836,16.1200008392334,16.135000228881836,325.0
2023-03-09 12:47:00,FMBH,28.053800582885742,28.053800582885742,28.053800582885742,28.053800582885742,28.053800582885742,376.0
2023-03-09 12:47:00,FNCB,7.260000228881836,7.260000228881836,7.260000228881836,7.260000228881836,7.260000228881836,389.0
2023-03-09 12:47:00,FOCS,51.650001525878906,51.650001525878906,51.650001525878906,51.63999938964844,51.63999938964844,3443.0
2023-03-09 12:47:00,FULT,15.770000457763672,15.770000457763672,15.770000457763672,15.760000228881836,15.760000228881836,1009.0
2023-03-09 12:47:00,FUTU,46.33000183105469,46.33000183105469,46.35499954223633,46.33000183105469,46.33000183105469,432.0
2023-03-09 12:47:00,GAIN,13.649999618530273,13.649999618530273,13.649999618530273,13.649999618530273,13.649999618530273,299.0
2023-03-09 12:47:00,GBDC,13.430000305175781,13.430000305175781,13.4350004196167,13.430000305175781,13.430000305175781,9208.0
2023-03-09 12:47:00,GGAAW,0.02969999983906746,0.02969999983906746,0.02979999966919422,0.02969999983906746,0.02979999966919422,1000.0
2023-03-09 12:47:00,GSHD,52.25,52.25,52.25,52.25,52.25,337.0
2023-03-09 12:47:00,HAFC,21.8700008392334,21.8700008392334,21.8700008392334,21.8700008392334,21.8700008392334,105.0
2023-03-09 12:47:00,HBAN,13.9399995803833,13.9399995803833,13.949999809265137,13.9350004196167,13.9350004196167,25634.0
2023-03-09 12:47:00,HBNC,13.9399995803833,13.9399995803833,13.9399995803833,13.9399995803833,13.9399995803833,142.0
2023-03-09 12:47:00,HFWA,24.6200008392334,24.6200008392334,24.6200008392334,24.6200008392334,24.6200008392334,124.0
2023-03-09 12:47:00,HIVE,2.572000026702881,2.572000026702881,2.572000026702881,2.571700096130371,2.571700096130371,960.0
2023-03-09 12:47:00,HMST,22.629499435424805,22.629499435424805,22.635000228881836,22.629499435424805,22.635000228881836,542.0
2023-03-09 12:47:00,HONE,12.774999618530273,12.774999618530273,12.774999618530273,12.774999618530273,12.774999618530273,182.0
2023-03-09 12:47:00,HOPE,11.760000228881836,11.760000228881836,11.760000228881836,11.75,11.75,1830.0
2023-03-09 12:47:00,HRZN,11.979900360107422,11.979900360107422,11.981900215148926,11.970000267028809,11.979999542236328,1291.0
2023-03-09 12:47:00,HTBI,27.690000534057617,27.690000534057617,27.690000534057617,27.690000534057617,27.690000534057617,201.0
2023-03-09 12:47:00,HTLF,45.7599983215332,45.7599983215332,45.7599983215332,45.7599983215332,45.7599983215332,323.0
2023-03-09 12:47:00,HUIZ,1.371999979019165,1.371999979019165,1.371999979019165,1.371999979019165,1.371999979019165,100.0
2023-03-09 12:47:00,HUT,1.3509999513626099,1.3509999513626099,1.354699969291687,1.350000023841858,1.350000023841858,39700.0
2023-03-09 12:47:00,HWC,44.189998626708984,44.189998626708984,44.189998626708984,44.189998626708984,44.189998626708984,815.0
2023-03-09 12:47:00,IBKR,87.19499969482422,87.19499969482422,87.19499969482422,87.19499969482422,87.19499969482422,578.0
2023-03-09 12:47:00,INDB,71.6449966430664,71.6449966430664,71.6449966430664,71.6449966430664,71.6449966430664,413.0
2023-03-09 12:47:00,INTR,2.0,2.0,2.0,2.0,2.0,100.0
2023-03-09 12:48:00,ACAB,10.350000381469727,10.350000381469727,10.350000381469727,10.350000381469727,10.350000381469727,500.0
2023-03-09 12:48:00,ACGL,69.80999755859375,69.80999755859375,69.8499984741211,69.80000305175781,69.83999633789062,7196.0
2023-03-09 12:48:00,ALRS,18.989999771118164,18.989999771118164,19.0,18.989999771118164,19.0,416.0
2023-03-09 12:48:00,AMRK,28.010000228881836,28.010000228881836,28.010000228881836,28.010000228881836,28.010000228881836,368.0
2023-03-09 12:48:00,APLD,2.0899999141693115,2.0899999141693115,2.0899999141693115,2.0899999141693115,2.0899999141693115,436.0
2023-03-09 12:48:00,ARCC,18.899999618530273,18.899999618530273,18.90999984741211,18.899999618530273,18.90999984741211,4923.0
2023-03-09 12:48:00,AUB,36.91999816894531,36.91999816894531,36.935001373291016,36.91999816894531,36.91999816894531,1569.0
2023-03-09 12:48:00,BFST,18.739999771118164,18.739999771118164,18.739999771118164,18.719999313354492,18.739999771118164,602.0
2023-03-09 12:48:00,BGCP,4.994999885559082,4.994999885559082,5.0,4.994999885559082,5.0,828.0
2023-03-09 12:48:00,BHF,52.58000183105469,52.58000183105469,52.599998474121094,52.58000183105469,52.599998474121094,1025.0
2023-03-09 12:48:00,BHFAO,24.860000610351562,24.860000610351562,25.010000228881836,24.84000015258789,25.010000228881836,8506.0
2023-03-09 12:48:00,BITF,0.7688000202178955,0.7688000202178955,0.7723000049591064,0.7645000219345093,0.7645000219345093,5597.0
2023-03-09 12:48:00,BKCC,3.6600000858306885,3.6600000858306885,3.6600000858306885,3.6600000858306885,3.6600000858306885,213.0
2023-03-09 12:48:00,BOKF,96.12000274658203,96.12000274658203,96.12000274658203,96.12000274658203,96.12000274658203,177.0
2023-03-09 12:48:00,BPOP,62.68000030517578,62.68000030517578,62.68000030517578,62.650001525878906,62.65999984741211,1327.0
2023-03-09 12:48:00,BTBT,1.1349999904632568,1.1349999904632568,1.1349999904632568,1.1349999904632568,1.1349999904632568,100.0
2023-03-09 12:48:00,BUSE,22.489999771118164,22.489999771118164,22.489999771118164,22.489999771118164,22.489999771118164,378.0
2023-03-09 12:48:00,BWB,13.40999984741211,13.40999984741211,13.40999984741211,13.40999984741211,13.40999984741211,100.0
2023-03-09 12:48:00,CARE,16.44499969482422,16.44499969482422,16.44499969482422,16.440000534057617,16.440000534057617,425.0
2023-03-09 12:48:00,CASH,47.25,47.25,47.279998779296875,47.25,47.279998779296875,1972.0
2023-03-09 12:48:00,CATY,39.220001220703125,39.220001220703125,39.220001220703125,39.220001220703125,39.220001220703125,331.0
2023-03-09 12:48:00,CBSH,61.779998779296875,61.779998779296875,61.779998779296875,61.779998779296875,61.779998779296875,159.0
2023-03-09 12:48:00,CFB,12.319999694824219,12.319999694824219,12.319999694824219,12.319999694824219,12.319999694824219,107.0
2023-03-09 12:48:00,CFFN,7.545000076293945,7.545000076293945,7.545000076293945,7.545000076293945,7.545000076293945,249.0
2023-03-09 12:48:00,CG,33.97999954223633,33.97999954223633,34.0,33.97999954223633,33.994998931884766,9287.0
2023-03-09 12:48:00,CGBD,14.875,14.875,14.875,14.875,14.875,300.0
2023-03-09 12:48:00,CINF,116.13999938964844,116.13999938964844,116.13999938964844,116.13999938964844,116.13999938964844,799.0
2023-03-09 12:48:00,CIVB,20.639999389648438,20.639999389648438,20.639999389648438,20.600000381469727,20.639999389648438,1192.0
2023-03-09 12:48:00,CLBK,19.540000915527344,19.540000915527344,19.559999465942383,19.540000915527344,19.559999465942383,300.0
2023-03-09 12:48:00,CME,179.09500122070312,179.09500122070312,179.1199951171875,179.09500122070312,179.1199951171875,575.0
2023-03-09 12:48:00,CNOB,21.850000381469727,21.850000381469727,21.850000381469727,21.850000381469727,21.850000381469727,190.0
2023-03-09 12:48:00,COLB,25.200000762939453,25.200000762939453,25.204999923706055,25.149999618530273,25.149999618530273,28128.0
2023-03-09 12:48:00,COOP,44.189998626708984,44.189998626708984,44.275001525878906,44.189998626708984,44.275001525878906,1400.0
2023-03-09 12:48:00,CRVL,179.36000061035156,179.36000061035156,179.36000061035156,179.22999572753906,179.22999572753906,436.0
2023-03-09 12:48:00,CSWC,18.36199951171875,18.36199951171875,18.36199951171875,18.36199951171875,18.36199951171875,284.0
2023-03-09 12:48:00,CUBA,3.9000000953674316,3.9000000953674316,3.9000000953674316,3.9000000953674316,3.9000000953674316,529.0
2023-03-09 12:48:00,CVBF,21.8700008392334,21.8700008392334,21.879199981689453,21.8700008392334,21.879199981689453,431.0
2023-03-09 12:48:00,DCOM,29.5,29.5,29.5,29.489999771118164,29.5,736.0
2023-03-09 12:48:00,EBC,14.59000015258789,14.59000015258789,14.59000015258789,14.59000015258789,14.59000015258789,558.0
2023-03-09 12:48:00,EFSC,51.53499984741211,51.53499984741211,51.53499984741211,51.47999954223633,51.47999954223633,835.0
2023-03-09 12:48:00,EHTH,8.779999732971191,8.779999732971191,8.800000190734863,8.779999732971191,8.800000190734863,800.0
2023-03-09 12:48:00,EWBC,68.08000183105469,68.08000183105469,68.1094970703125,68.08000183105469,68.1094970703125,760.0
2023-03-09 12:48:00,EZPW,8.835000038146973,8.835000038146973,8.835000038146973,8.832500457763672,8.835000038146973,416.0
2023-03-09 12:48:00,FBMS,28.709999084472656,28.709999084472656,28.709999084472656,28.709999084472656,28.709999084472656,141.0
2023-03-09 12:48:00,FCFS,88.36000061035156,88.36000061035156,88.36000061035156,88.3499984741211,88.3499984741211,1061.0
2023-03-09 12:48:00,FCRD,4.590000152587891,4.590000152587891,4.590000152587891,4.590000152587891,4.590000152587891,100.0
2023-03-09 12:48:00,FFIN,33.720001220703125,33.720001220703125,33.720001220703125,33.720001220703125,33.720001220703125,111.0
2023-03-09 12:48:00,FFWM,12.979999542236328,12.979999542236328,12.979999542236328,12.970000267028809,12.970000267028809,2958.0
2023-03-09 12:48:00,FHB,24.1299991607666,24.1299991607666,24.1299991607666,24.125,24.1299991607666,887.0
2023-03-09 12:48:00,FIBK,32.349998474121094,32.349998474121094,32.349998474121094,32.349998474121094,32.349998474121094,373.0
2023-03-09 12:48:00,FITB,32.32500076293945,32.32500076293945,32.345001220703125,32.31999969482422,32.34000015258789,5239.0
2023-03-09 12:48:00,FLIC,16.1200008392334,16.1200008392334,16.1200008392334,16.1200008392334,16.1200008392334,263.0
2023-03-09 12:48:00,FMNB,13.15999984741211,13.15999984741211,13.170000076293945,13.15999984741211,13.170000076293945,413.0
2023-03-09 12:48:00,FOCS,51.630001068115234,51.630001068115234,51.650001525878906,51.630001068115234,51.63999938964844,6617.0
2023-03-09 12:48:00,FRHC,72.37000274658203,72.37000274658203,72.37000274658203,72.37000274658203,72.37000274658203,207.0
2023-03-09 12:48:00,FRME,37.56999969482422,37.56999969482422,37.56999969482422,37.56999969482422,37.56999969482422,624.0
2023-03-09 12:48:00,FULT,15.760000228881836,15.760000228881836,15.760000228881836,15.760000228881836,15.760000228881836,393.0
2023-03-09 12:48:00,FUTU,46.29499816894531,46.29499816894531,46.36000061035156,46.279998779296875,46.33000183105469,27203.0
2023-03-09 12:48:00,GABC,35.720001220703125,35.720001220703125,35.72999954223633,35.720001220703125,35.72999954223633,413.0
2023-03-09 12:48:00,GAIN,13.649999618530273,13.649999618530273,13.649999618530273,13.649999618530273,13.649999618530273,315.0
2023-03-09 12:48:00,GBDC,13.40999984741211,13.40999984741211,13.430000305175781,13.407299995422363,13.430000305175781,14992.0
2023-03-09 12:48:00,GCMG,8.449999809265137,8.449999809265137,8.449999809265137,8.449999809265137,8.449999809265137,133.0
2023-03-09 12:48:00,GLRE,10.020000457763672,10.020000457763672,10.020000457763672,10.020000457763672,10.020000457763672,467.0
2023-03-09 12:48:00,GSHD,52.290000915527344,52.290000915527344,52.290000915527344,52.290000915527344,52.290000915527344,510.0
2023-03-09 12:48:00,HAFC,21.8700008392334,21.8700008392334,21.8700008392334,21.8700008392334,21.8700008392334,701.0
2023-03-09 12:48:00,HBAN,13.930000305175781,13.930000305175781,13.9399995803833,13.920000076293945,13.9399995803833,54631.0
2023-03-09 12:48:00,HLNE,76.11000061035156,76.11000061035156,76.11000061035156,76.11000061035156,76.11000061035156,548.0
2023-03-09 12:48:00,HMST,22.6200008392334,22.6200008392334,22.6200008392334,22.6200008392334,22.6200008392334,147.0
2023-03-09 12:48:00,HONE,12.774999618530273,12.774999618530273,12.774999618530273,12.774999618530273,12.774999618530273,218.0
2023-03-09 12:48:00,HOPE,11.75,11.75,11.755000114440918,11.75,11.755000114440918,908.0
2023-03-09 12:48:00,HRZN,11.96500015258789,11.96500015258789,11.96500015258789,11.96500015258789,11.96500015258789,600.0
2023-03-09 12:48:00,HTBI,27.649999618530273,27.649999618530273,27.649999618530273,27.649999618530273,27.649999618530273,859.0
2023-03-09 12:48:00,HTBK,10.930000305175781,10.930000305175781,10.930000305175781,10.930000305175781,10.930000305175781,205.0
2023-03-09 12:48:00,HUT,1.350000023841858,1.350000023841858,1.354200005531311,1.340000033378601,1.350000023841858,80320.0
2023-03-09 12:48:00,HWC,44.150001525878906,44.150001525878906,44.18000030517578,44.13999938964844,44.18000030517578,1663.0
2023-03-09 12:48:00,IBCP,20.472999572753906,20.472999572753906,20.472999572753906,20.472999572753906,20.472999572753906,100.0
2023-03-09 12:48:00,IBKR,87.12999725341797,87.12999725341797,87.19000244140625,87.12999725341797,87.19000244140625,921.0
2023-03-09 12:48:00,IBTX,52.77000045776367,52.77000045776367,52.77000045776367,52.77000045776367,52.77000045776367,322.0
2023-03-09 12:49:00,ABCB,43.0,43.0,43.0,42.974998474121094,42.98500061035156,580.0
2023-03-09 12:49:00,ACGL,69.80500030517578,69.80500030517578,69.8324966430664,69.80000305175781,69.80000305175781,9892.0
2023-03-09 12:49:00,ACT,24.190000534057617,24.190000534057617,24.19499969482422,24.135000228881836,24.149999618530273,3192.0
2023-03-09 12:49:00,ALRS,19.020000457763672,19.020000457763672,19.020000457763672,19.020000457763672,19.020000457763672,160.0
2023-03-09 12:49:00,ARCC,18.889999389648438,18.889999389648438,18.905000686645508,18.889999389648438,18.899999618530273,21690.0
2023-03-09 12:49:00,AUB,36.90999984741211,36.90999984741211,36.90999984741211,36.90999984741211,36.90999984741211,1060.0
2023-03-09 12:49:00,BANF,85.6500015258789,85.6500015258789,85.6500015258789,85.6500015258789,85.6500015258789,314.0
2023-03-09 12:49:00,BANR,57.86000061035156,57.86000061035156,57.86000061035156,57.86000061035156,57.86000061035156,367.0
2023-03-09 12:49:00,BCBP,15.869999885559082,15.869999885559082,15.869999885559082,15.869999885559082,15.869999885559082,531.0
2023-03-09 12:49:00,BCML,19.360000610351562,19.360000610351562,19.360000610351562,19.360000610351562,19.360000610351562,120.0
2023-03-09 12:49:00,BFIN,10.25,10.25,10.25,10.25,10.25,315.0
2023-03-09 12:49:00,BGCP,4.994999885559082,4.994999885559082,4.994999885559082,4.989999771118164,4.989999771118164,1241.0
2023-03-09 12:49:00,BHF,52.52000045776367,52.52000045776367,52.52000045776367,52.52000045776367,52.52000045776367,758.0
2023-03-09 12:49:00,BHFAN,18.739999771118164,18.739999771118164,18.75,18.729999542236328,18.75,1228.0
2023-03-09 12:49:00,BITF,0.7659000158309937,0.7659000158309937,0.7659000158309937,0.7659000158309937,0.7659000158309937,100.0
2023-03-09 12:49:00,BOKF,96.05999755859375,96.05999755859375,96.05999755859375,96.05999755859375,96.05999755859375,796.0
2023-03-09 12:49:00,BPOP,62.630001068115234,62.630001068115234,62.650001525878906,62.599998474121094,62.650001525878906,1622.0
2023-03-09 12:49:00,BRKL,11.489999771118164,11.489999771118164,11.489999771118164,11.489999771118164,11.489999771118164,570.0
2023-03-09 12:49:00,BTBT,1.1349999904632568,1.1349999904632568,1.1349999904632568,1.1349999904632568,1.1349999904632568,180.0
2023-03-09 12:49:00,BUSE,22.489999771118164,22.489999771118164,22.489999771118164,22.479999542236328,22.479999542236328,434.0
2023-03-09 12:49:00,BWB,13.399999618530273,13.399999618530273,13.399999618530273,13.399999618530273,13.399999618530273,10000.0
2023-03-09 12:49:00,CARE,16.43000030517578,16.43000030517578,16.44499969482422,16.43000030517578,16.44499969482422,658.0
2023-03-09 12:49:00,CATC,71.03500366210938,71.03500366210938,71.03500366210938,71.03500366210938,71.03500366210938,109.0
2023-03-09 12:49:00,CATY,39.20000076293945,39.20000076293945,39.20000076293945,39.20000076293945,39.20000076293945,1271.0
2023-03-09 12:49:00,CBSH,61.790000915527344,61.790000915527344,61.79999923706055,61.75,61.7599983215332,2931.0
2023-03-09 12:49:00,CFFN,7.539999961853027,7.539999961853027,7.539999961853027,7.539999961853027,7.539999961853027,108.0
2023-03-09 12:49:00,CG,34.0,34.0,34.0,33.974998474121094,33.97999954223633,5580.0
2023-03-09 12:49:00,CGBD,14.880000114440918,14.880000114440918,14.880000114440918,14.869799613952637,14.869799613952637,901.0
2023-03-09 12:49:00,CHCO,90.8499984741211,90.8499984741211,90.86000061035156,90.83999633789062,90.83999633789062,640.0
2023-03-09 12:49:00,CHI,11.960000038146973,11.960000038146973,11.960000038146973,11.960000038146973,11.960000038146973,806.0
2023-03-09 12:49:00,CHY,12.34000015258789,12.34000015258789,12.34000015258789,12.34000015258789,12.34000015258789,518.0
2023-03-09 12:49:00,CIFR,1.4299999475479126,1.4299999475479126,1.4299999475479126,1.4172999858856201,1.4299999475479126,6416.0
2023-03-09 12:49:00,CINF,116.09500122070312,116.09500122070312,116.12000274658203,116.08999633789062,116.08999633789062,925.0
2023-03-09 12:49:00,CIVB,20.639999389648438,20.639999389648438,20.639999389648438,20.600000381469727,20.600000381469727,605.0
2023-03-09 12:49:00,CME,179.05999755859375,179.05999755859375,179.1999969482422,179.05999755859375,179.10499572753906,3804.0
2023-03-09 12:49:00,CNOB,21.815000534057617,21.815000534057617,21.81999969482422,21.815000534057617,21.81999969482422,826.0
2023-03-09 12:49:00,COLB,25.209999084472656,25.209999084472656,25.209999084472656,25.200000762939453,25.200000762939453,4029.0
2023-03-09 12:49:00,COOP,44.11000061035156,44.11000061035156,44.25,44.11000061035156,44.2400016784668,15378.0
2023-03-09 12:49:00,CRVL,179.63999938964844,179.63999938964844,179.63999938964844,179.63999938964844,179.63999938964844,442.0
2023-03-09 12:49:00,CSQ,13.960700035095215,13.960700035095215,13.979999542236328,13.960700035095215,13.979999542236328,1618.0
2023-03-09 12:49:00,CSWC,18.31999969482422,18.31999969482422,18.350000381469727,18.31999969482422,18.350000381469727,2947.0
2023-03-09 12:49:00,CVBF,21.895000457763672,21.895000457763672,21.899999618530273,21.860000610351562,21.860000610351562,3116.0
2023-03-09 12:49:00,DCOM,29.450000762939453,29.450000762939453,29.489999771118164,29.450000762939453,29.489999771118164,954.0
2023-03-09 12:49:00,EBC,14.579999923706055,14.579999923706055,14.579999923706055,14.579999923706055,14.579999923706055,861.0
2023-03-09 12:49:00,ECBK,14.854999542236328,14.854999542236328,14.854999542236328,14.854999542236328,14.854999542236328,1550.0
2023-03-09 12:49:00,ECPG,50.5099983215332,50.5099983215332,50.5099983215332,50.5099983215332,50.5099983215332,115.0
2023-03-09 12:49:00,EGBN,40.68000030517578,40.68000030517578,40.68000030517578,40.68000030517578,40.68000030517578,939.0
2023-03-09 12:49:00,EHTH,8.789999961853027,8.789999961853027,8.789999961853027,8.779999732971191,8.779999732971191,1071.0
2023-03-09 12:49:00,EQBK,28.1299991607666,28.1299991607666,28.15999984741211,28.1299991607666,28.15999984741211,373.0
2023-03-09 12:49:00,EZPW,8.830400466918945,8.830400466918945,8.830400466918945,8.829999923706055,8.829999923706055,693.0
2023-03-09 12:49:00,FBMS,28.709999084472656,28.709999084472656,28.709999084472656,28.709999084472656,28.709999084472656,491.0
2023-03-09 12:49:00,FBNC,38.790000915527344,38.790000915527344,38.790000915527344,38.790000915527344,38.790000915527344,426.0
2023-03-09 12:49:00,FCBC,28.260000228881836,28.260000228881836,28.3799991607666,28.260000228881836,28.3799991607666,433.0
2023-03-09 12:49:00,FCRD,4.590000152587891,4.590000152587891,4.590000152587891,4.590000152587891,4.590000152587891,100.0
2023-03-09 12:49:00,FFIC,17.229999542236328,17.229999542236328,17.229999542236328,17.229999542236328,17.229999542236328,100.0
2023-03-09 12:49:00,FFIN,33.720001220703125,33.720001220703125,33.720001220703125,33.709999084472656,33.709999084472656,604.0
2023-03-09 12:49:00,FFNW,14.680000305175781,14.680000305175781,14.680000305175781,14.680000305175781,14.680000305175781,591.0
2023-03-09 12:49:00,FFWM,12.979999542236328,12.979999542236328,12.979999542236328,12.970000267028809,12.970000267028809,1087.0
2023-03-09 12:49:00,FHB,24.1299991607666,24.1299991607666,24.1299991607666,24.1299991607666,24.1299991607666,427.0
2023-03-09 12:49:00,FIBK,32.33000183105469,32.33000183105469,32.34000015258789,32.31999969482422,32.34000015258789,763.0
2023-03-09 12:49:00,FITB,32.310001373291016,32.310001373291016,32.31999969482422,32.310001373291016,32.310001373291016,7327.0
2023-03-09 12:49:00,FMNB,13.170000076293945,13.170000076293945,13.170000076293945,13.15999984741211,13.15999984741211,608.0
2023-03-09 12:49:00,FOCS,51.63759994506836,51.63759994506836,51.63999938964844,51.630001068115234,51.630001068115234,2201.0
2023-03-09 12:49:00,FULT,15.75,15.75,15.75,15.75,15.75,531.0
2023-03-09 12:49:00,FUTU,46.2400016784668,46.2400016784668,46.27000045776367,46.220001220703125,46.27000045776367,7519.0
2023-03-09 12:49:00,GABC,35.72999954223633,35.72999954223633,35.72999954223633,35.72999954223633,35.72999954223633,329.0
2023-03-09 12:49:00,GAIN,13.649999618530273,13.649999618530273,13.649999618530273,13.649999618530273,13.649999618530273,133.0
2023-03-09 12:49:00,GBDC,13.399999618530273,13.399999618530273,13.40999984741211,13.399999618530273,13.40999984741211,5634.0
2023-03-09 12:49:00,GECC,9.412400245666504,9.412400245666504,9.412400245666504,9.412400245666504,9.412400245666504,424.0
2023-03-09 12:49:00,GGAL,12.8149995803833,12.8149995803833,12.835000038146973,12.800000190734863,12.824999809265137,1236.0
2023-03-09 12:49:00,GLAD,9.850000381469727,9.850000381469727,9.859999656677246,9.850000381469727,9.859999656677246,1745.0
2023-03-09 12:49:00,GLRE,10.020000457763672,10.020000457763672,10.020000457763672,10.020000457763672,10.020000457763672,214.0
2023-03-09 12:49:00,GOCO,18.44499969482422,18.44499969482422,18.44499969482422,18.44499969482422,18.44499969482422,382.0
2023-03-09 12:49:00,GROW,2.680000066757202,2.680000066757202,2.680000066757202,2.680000066757202,2.680000066757202,101.0
2023-03-09 12:49:00,GSHD,52.27000045776367,52.27000045776367,52.27000045776367,52.27000045776367,52.27000045776367,396.0
2023-03-09 12:49:00,HAFC,21.8700008392334,21.8700008392334,21.8700008392334,21.8700008392334,21.8700008392334,141.0
2023-03-09 12:49:00,HBAN,13.920000076293945,13.920000076293945,13.9350004196167,13.920000076293945,13.930100440979004,18017.0
2023-03-09 12:49:00,HBNC,13.920000076293945,13.920000076293945,13.920000076293945,13.920000076293945,13.920000076293945,740.0
2023-03-09 12:49:00,HBT,22.020000457763672,22.020000457763672,22.020000457763672,22.020000457763672,22.020000457763672,211.0
2023-03-09 12:49:00,HFWA,24.610000610351562,24.610000610351562,24.610000610351562,24.584999084472656,24.584999084472656,1030.0
2023-03-09 12:49:00,HIVE,2.569999933242798,2.569999933242798,2.569999933242798,2.569999933242798,2.569999933242798,2111.0
2023-03-09 12:49:00,HMST,22.614999771118164,22.614999771118164,22.649999618530273,22.614999771118164,22.649999618530273,363.0
2023-03-09 12:49:00,HOPE,11.739999771118164,11.739999771118164,11.75,11.739999771118164,11.75,1739.0
2023-03-09 12:49:00,HRZN,11.960000038146973,11.960000038146973,11.968500137329102,11.960000038146973,11.968500137329102,315.0
2023-03-09 12:49:00,HTBI,27.5049991607666,27.5049991607666,27.5049991607666,27.5049991607666,27.5049991607666,155.0
2023-03-09 12:49:00,HTBK,10.920000076293945,10.920000076293945,10.930000305175781,10.920000076293945,10.930000305175781,668.0
2023-03-09 12:49:00,HTLF,45.70000076293945,45.70000076293945,45.709999084472656,45.70000076293945,45.709999084472656,806.0
2023-03-09 12:49:00,HUT,1.3450000286102295,1.3450000286102295,1.3485000133514404,1.340399980545044,1.3485000133514404,5826.0
2023-03-09 12:49:00,HWC,44.150001525878906,44.150001525878906,44.150001525878906,44.125,44.130001068115234,5109.0
2023-03-09 12:49:00,IBCP,20.469999313354492,20.469999313354492,20.469999313354492,20.469999313354492,20.469999313354492,213.0
2023-03-09 12:49:00,IBKR,87.08999633789062,87.08999633789062,87.08999633789062,86.97000122070312,87.08999633789062,5734.0
2023-03-09 12:49:00,IBOC,45.04999923706055,45.04999923706055,45.08000183105469,45.04999923706055,45.08000183105469,1097.0
2023-03-09 12:49:00,INTR,2.0,2.0,2.0,2.0,2.0,300.0
2023-03-09 12:50:00,ABCB,43.084999084472656,43.084999084472656,43.099998474121094,42.994998931884766,42.994998931884766,3022.0
2023-03-09 12:50:00,ACGL,69.83999633789062,69.83999633789062,69.83999633789062,69.80000305175781,69.80999755859375,6689.0
2023-03-09 12:50:00,ACT,24.170000076293945,24.170000076293945,24.170000076293945,24.170000076293945,24.170000076293945,151.0
2023-03-09 12:50:00,AIMAW,0.035100001841783524,0.035100001841783524,0.035100001841783524,0.035100001841783524,0.035100001841783524,0.0
2023-03-09 12:50:00,APLD,2.0850000381469727,2.0850000381469727,2.0850000381469727,2.0850000381469727,2.0850000381469727,563.0
2023-03-09 12:50:00,ARCC,18.889999389648438,18.889999389648438,18.899999618530273,18.889999389648438,18.895000457763672,1802.0
2023-03-09 12:50:00,AUB,36.959999084472656,36.959999084472656,36.959999084472656,36.900001525878906,36.900001525878906,2644.0
2023-03-09 12:50:00,BANF,85.6500015258789,85.6500015258789,85.6500015258789,85.6500015258789,85.6500015258789,1141.0
2023-03-09 12:50:00,BANR,57.93000030517578,57.93000030517578,57.93000030517578,57.900001525878906,57.900001525878906,908.0
2023-03-09 12:50:00,BCML,19.209999084472656,19.209999084472656,19.209999084472656,19.209999084472656,19.209999084472656,110.0
2023-03-09 12:50:00,BFST,18.68000030517578,18.68000030517578,18.709999084472656,18.68000030517578,18.709999084472656,995.0
2023-03-09 12:50:00,BGCP,5.0,5.0,5.0,4.998199939727783,5.0,9683.0
2023-03-09 12:50:00,BHF,52.599998474121094,52.599998474121094,52.599998474121094,52.59000015258789,52.59000015258789,967.0
2023-03-09 12:50:00,BITF,0.7639999985694885,0.7639999985694885,0.7709879875183105,0.7639999985694885,0.7709879875183105,5800.0
2023-03-09 12:50:00,BKCC,3.6600000858306885,3.6600000858306885,3.6600000858306885,3.6600000858306885,3.6600000858306885,1532.0
2023-03-09 12:50:00,BLFY,11.4399995803833,11.4399995803833,11.4399995803833,11.4399995803833,11.4399995803833,230.0
2023-03-09 12:50:00,BOKF,96.19999694824219,96.19999694824219,96.19999694824219,96.16500091552734,96.16500091552734,455.0
2023-03-09 12:50:00,BPAC,10.380000114440918,10.380000114440918,10.380000114440918,10.380000114440918,10.380000114440918,136.0
2023-03-09 12:50:00,BPOP,62.720001220703125,62.720001220703125,62.77000045776367,62.6349983215332,62.650001525878906,3859.0
2023-03-09 12:50:00,BRKL,11.494999885559082,11.494999885559082,11.510000228881836,11.489999771118164,11.489999771118164,830.0
2023-03-09 12:50:00,BSRR,19.459999084472656,19.459999084472656,19.459999084472656,19.459999084472656,19.459999084472656,1038.0
2023-03-09 12:50:00,BUSE,22.514999389648438,22.514999389648438,22.540000915527344,22.514999389648438,22.540000915527344,320.0
2023-03-09 12:50:00,BWB,13.399999618530273,13.399999618530273,13.399999618530273,13.399999618530273,13.399999618530273,1461.0
2023-03-09 12:50:00,CATC,70.69999694824219,70.69999694824219,71.0,70.69999694824219,71.0,1457.0
2023-03-09 12:50:00,CBSH,61.83000183105469,61.83000183105469,61.880001068115234,61.790000915527344,61.790000915527344,3566.0
2023-03-09 12:50:00,CCNE,22.520000457763672,22.520000457763672,22.520000457763672,22.520000457763672,22.520000457763672,327.0
2023-03-09 12:50:00,CFB,12.319999694824219,12.319999694824219,12.319999694824219,12.319999694824219,12.319999694824219,727.0
2023-03-09 12:50:00,CFFN,7.550000190734863,7.550000190734863,7.550000190734863,7.545000076293945,7.545000076293945,281.0
2023-03-09 12:50:00,CG,34.0099983215332,34.0099983215332,34.01499938964844,33.9900016784668,34.0,9302.0
2023-03-09 12:50:00,CGBD,14.899999618530273,14.899999618530273,14.899999618530273,14.880000114440918,14.880000114440918,2481.0
2023-03-09 12:50:00,CHCO,90.86000061035156,90.86000061035156,90.86000061035156,90.86000061035156,90.86000061035156,610.0
2023-03-09 12:50:00,CIFR,1.4299999475479126,1.4299999475479126,1.4299999475479126,1.4299999475479126,1.4299999475479126,578.0
2023-03-09 12:50:00,CINF,116.08999633789062,116.08999633789062,116.08999633789062,116.02999877929688,116.05000305175781,727.0
2023-03-09 12:50:00,CIVB,20.639999389648438,20.639999389648438,20.639999389648438,20.639999389648438,20.639999389648438,100.0
2023-03-09 12:50:00,CLBK,19.559999465942383,19.559999465942383,19.559999465942383,19.559999465942383,19.559999465942383,1200.0
2023-03-09 12:50:00,CLST,12.850000381469727,12.850000381469727,12.859999656677246,12.850000381469727,12.859999656677246,2689.0
2023-03-09 12:50:00,CME,179.08999633789062,179.08999633789062,179.08999633789062,179.08999633789062,179.08999633789062,707.0
2023-03-09 12:50:00,CNOB,21.809999465942383,21.809999465942383,21.809999465942383,21.809999465942383,21.809999465942383,250.0
2023-03-09 12:50:00,COLB,25.229999542236328,25.229999542236328,25.239999771118164,25.200000762939453,25.20009994506836,13962.0
2023-03-09 12:50:00,CONX,10.164799690246582,10.164799690246582,10.164799690246582,10.164799690246582,10.164799690246582,504.0
2023-03-09 12:50:00,COOP,44.02000045776367,44.02000045776367,44.09000015258789,44.02000045776367,44.09000015258789,826.0
2023-03-09 12:50:00,CPSS,10.994999885559082,10.994999885559082,10.994999885559082,10.859999656677246,10.859999656677246,1508.0
2023-03-09 12:50:00,CRVL,179.67999267578125,179.67999267578125,179.67999267578125,179.67999267578125,179.67999267578125,151.0
2023-03-09 12:50:00,CSWC,18.319900512695312,18.319900512695312,18.31999969482422,18.310100555419922,18.31999969482422,1712.0
2023-03-09 12:50:00,CVBF,21.899999618530273,21.899999618530273,21.90999984741211,21.889999389648438,21.889999389648438,6701.0
2023-03-09 12:50:00,DCOM,29.459999084472656,29.459999084472656,29.459999084472656,29.420000076293945,29.450000762939453,1409.0
2023-03-09 12:50:00,EBC,14.600000381469727,14.600000381469727,14.600000381469727,14.5649995803833,14.569999694824219,3354.0
2023-03-09 12:50:00,EFSC,51.540000915527344,51.540000915527344,51.540000915527344,51.540000915527344,51.540000915527344,538.0
2023-03-09 12:50:00,EHTH,8.800000190734863,8.800000190734863,8.800000190734863,8.760000228881836,8.770000457763672,20035.0
2023-03-09 12:50:00,ESSA,18.774999618530273,18.774999618530273,18.774999618530273,18.774999618530273,18.774999618530273,210.0
2023-03-09 12:50:00,EWBC,68.12000274658203,68.12000274658203,68.13999938964844,68.01000213623047,68.01000213623047,3765.0
2023-03-09 12:50:00,EZPW,8.829999923706055,8.829999923706055,8.829999923706055,8.829999923706055,8.829999923706055,1949.0
2023-03-09 12:50:00,FBMS,28.75,28.75,28.75,28.709999084472656,28.709999084472656,1308.0
2023-03-09 12:50:00,FBNC,38.8849983215332,38.8849983215332,38.8849983215332,38.75,38.75,3530.0
2023-03-09 12:50:00,FCFS,88.21499633789062,88.21499633789062,88.21499633789062,88.21499633789062,88.21499633789062,460.0
2023-03-09 12:50:00,FCNCA,649.260009765625,649.260009765625,649.260009765625,649.260009765625,649.260009765625,251.0
2023-03-09 12:50:00,FCRD,4.590000152587891,4.590000152587891,4.590000152587891,4.590000152587891,4.590000152587891,202.0
2023-03-09 12:50:00,FDUS,20.229999542236328,20.229999542236328,20.26799964904785,20.229999542236328,20.26799964904785,9516.0
2023-03-09 12:50:00,FFBC,22.479999542236328,22.479999542236328,22.479999542236328,22.450000762939453,22.469999313354492,859.0
2023-03-09 12:50:00,FFIC,17.239999771118164,17.239999771118164,17.239999771118164,17.219999313354492,17.219999313354492,1687.0
2023-03-09 12:50:00,FFIN,33.77000045776367,33.77000045776367,33.790000915527344,33.7400016784668,33.7400016784668,2569.0
2023-03-09 12:50:00,FFWM,12.989999771118164,12.989999771118164,12.989999771118164,12.979999542236328,12.979999542236328,580.0
2023-03-09 12:50:00,FHB,24.15999984741211,24.15999984741211,24.170000076293945,24.1299991607666,24.1299991607666,2971.0
2023-03-09 12:50:00,FIBK,32.38999938964844,32.38999938964844,32.38999938964844,32.33000183105469,32.33000183105469,2030.0
2023-03-09 12:50:00,FITB,32.29499816894531,32.29499816894531,32.33000183105469,32.29499816894531,32.314998626708984,19002.0
2023-03-09 12:50:00,FLIC,16.1299991607666,16.1299991607666,16.1299991607666,16.094999313354492,16.094999313354492,1824.0
2023-03-09 12:50:00,FMIV,10.109999656677246,10.109999656677246,10.114999771118164,10.109999656677246,10.114999771118164,200.0
2023-03-09 12:50:00,FMNB,13.170000076293945,13.170000076293945,13.170000076293945,13.15999984741211,13.15999984741211,1196.0
2023-03-09 12:50:00,FOCS,51.650001525878906,51.650001525878906,51.650001525878906,51.6349983215332,51.63999938964844,8922.0
2023-03-09 12:50:00,FRBK,1.7549999952316284,1.7549999952316284,1.7549999952316284,1.7549999952316284,1.7549999952316284,145.0
2023-03-09 12:50:00,FRME,37.59000015258789,37.59000015258789,37.59000015258789,37.54999923706055,37.54999923706055,604.0
2023-03-09 12:50:00,FULT,15.779999732971191,15.779999732971191,15.779999732971191,15.744999885559082,15.744999885559082,1792.0
2023-03-09 12:50:00,FULTP,20.860000610351562,20.860000610351562,21.05500030517578,20.860000610351562,21.05500030517578,1411.0
2023-03-09 12:50:00,FUTU,46.279998779296875,46.279998779296875,46.310001373291016,46.22010040283203,46.22010040283203,6451.0
2023-03-09 12:50:00,GABC,35.77000045776367,35.77000045776367,35.79999923706055,35.77000045776367,35.77000045776367,398.0
2023-03-09 12:50:00,GCMG,8.449999809265137,8.449999809265137,8.449999809265137,8.449999809265137,8.449999809265137,101.0
2023-03-09 12:50:00,GGAL,12.799300193786621,12.799300193786621,12.819999694824219,12.799300193786621,12.8100004196167,1865.0
2023-03-09 12:50:00,GLRE,10.020000457763672,10.020000457763672,10.020000457763672,10.020000457763672,10.020000457763672,257.0
2023-03-09 12:50:00,GSHD,52.27000045776367,52.27000045776367,52.27000045776367,52.27000045776367,52.27000045776367,398.0
2023-03-09 12:50:00,GXII,10.119999885559082,10.119999885559082,10.119999885559082,10.119999885559082,10.119999885559082,100.0
2023-03-09 12:50:00,HAFC,21.8700008392334,21.8700008392334,21.8700008392334,21.854999542236328,21.854999542236328,1340.0
2023-03-09 12:50:00,HBAN,13.9350004196167,13.9350004196167,13.9350004196167,13.914999961853027,13.920000076293945,33991.0
2023-03-09 12:50:00,HBANP,19.148300170898438,19.148300170898438,19.149999618530273,19.139999389648438,19.139999389648438,1521.0
2023-03-09 12:50:00,HBNC,13.920000076293945,13.920000076293945,13.920000076293945,13.90999984741211,13.920000076293945,910.0
2023-03-09 12:50:00,HBT,22.020000457763672,22.020000457763672,22.020000457763672,22.020000457763672,22.020000457763672,192.0
2023-03-09 12:50:00,HIVE,2.569999933242798,2.569999933242798,2.569999933242798,2.569999933242798,2.569999933242798,439.0
2023-03-09 12:50:00,HMST,22.6200008392334,22.6200008392334,22.6200008392334,22.6200008392334,22.6200008392334,165.0
2023-03-09 12:50:00,HONE,12.770000457763672,12.770000457763672,12.770000457763672,12.770000457763672,12.770000457763672,1888.0
2023-03-09 12:50:00,HOPE,11.755000114440918,11.755000114440918,11.765000343322754,11.729999542236328,11.739999771118164,6805.0
2023-03-09 12:50:00,HTBK,10.930000305175781,10.930000305175781,10.930000305175781,10.930000305175781,10.930000305175781,1128.0
2023-03-09 12:50:00,HTLF,45.7400016784668,45.7400016784668,45.7400016784668,45.7400016784668,45.7400016784668,278.0
2023-03-09 12:50:00,HUT,1.3483999967575073,1.3483999967575073,1.350000023841858,1.340000033378601,1.3450000286102295,36318.0
2023-03-09 12:50:00,HWC,44.185001373291016,44.185001373291016,44.209999084472656,44.13999938964844,44.13999938964844,1466.0
2023-03-09 12:50:00,IBOC,45.130001068115234,45.130001068115234,45.130001068115234,45.099998474121094,45.099998474121094,1524.0
2023-03-09 12:50:00,INDB,71.61499786376953,71.61499786376953,71.61499786376953,71.61499786376953,71.61499786376953,316.0
2023-03-09 12:51:00,ABCB,43.11000061035156,43.11000061035156,43.130001068115234,43.11000061035156,43.130001068115234,783.0
2023-03-09 12:51:00,ACGL,69.875,69.875,69.91000366210938,69.83999633789062,69.8499984741211,15763.0
2023-03-09 12:51:00,ACT,24.170000076293945,24.170000076293945,24.170000076293945,24.170000076293945,24.170000076293945,307.0
2023-03-09 12:51:00,AMAL,21.030000686645508,21.030000686645508,21.030000686645508,20.979999542236328,20.979999542236328,401.0
2023-03-09 12:51:00,APLD,2.0799999237060547,2.0799999237060547,2.0799999237060547,2.0799999237060547,2.0799999237060547,125.0
2023-03-09 12:51:00,ARCC,18.895000457763672,18.895000457763672,18.899900436401367,18.895000457763672,18.895000457763672,3097.0
2023-03-09 12:51:00,AUB,36.994998931884766,36.994998931884766,37.0,36.939998626708984,36.939998626708984,652.0
2023-03-09 12:51:00,BANF,85.80000305175781,85.80000305175781,85.80000305175781,85.80000305175781,85.80000305175781,286.0
2023-03-09 12:51:00,BFC,76.58999633789062,76.58999633789062,76.62000274658203,76.56999969482422,76.62000274658203,811.0
2023-03-09 12:51:00,BGCP,5.010000228881836,5.010000228881836,5.010000228881836,5.0,5.0,3267.0
2023-03-09 12:51:00,BHF,52.65999984741211,52.65999984741211,52.65999984741211,52.619998931884766,52.630001068115234,1218.0
2023-03-09 12:51:00,BITF,0.7616000175476074,0.7616000175476074,0.7659000158309937,0.7616000175476074,0.7659000158309937,5248.0
2023-03-09 12:51:00,BOKF,96.23300170898438,96.23300170898438,96.25,96.23300170898438,96.25,1053.0
2023-03-09 12:51:00,BPOP,62.790000915527344,62.790000915527344,62.81999969482422,62.72999954223633,62.72999954223633,1333.0
2023-03-09 12:51:00,BRKL,11.510000228881836,11.510000228881836,11.510000228881836,11.5,11.5,821.0
2023-03-09 12:51:00,BUSE,22.575000762939453,22.575000762939453,22.575000762939453,22.575000762939453,22.575000762939453,100.0
2023-03-09 12:51:00,BWB,13.425000190734863,13.425000190734863,13.425000190734863,13.425000190734863,13.425000190734863,102.0
2023-03-09 12:51:00,CATC,70.80000305175781,70.80000305175781,70.80000305175781,70.80000305175781,70.80000305175781,107.0
2023-03-09 12:51:00,CATY,39.27000045776367,39.27000045776367,39.290000915527344,39.27000045776367,39.279998779296875,778.0
2023-03-09 12:51:00,CBSH,61.869998931884766,61.869998931884766,61.880001068115234,61.869998931884766,61.880001068115234,794.0
2023-03-09 12:51:00,CCAI,10.5,10.5,10.5,10.5,10.5,272.0
2023-03-09 12:51:00,CCNE,22.540000915527344,22.540000915527344,22.540000915527344,22.510099411010742,22.510099411010742,752.0
2023-03-09 12:51:00,CFFN,7.550000190734863,7.550000190734863,7.550000190734863,7.545000076293945,7.550000190734863,3912.0
2023-03-09 12:51:00,CG,34.02000045776367,34.02000045776367,34.029998779296875,34.005001068115234,34.0099983215332,3901.0
2023-03-09 12:51:00,CGBD,14.90999984741211,14.90999984741211,14.90999984741211,14.904999732971191,14.90999984741211,2836.0
2023-03-09 12:51:00,CHEAU,10.510000228881836,10.510000228881836,10.510000228881836,10.510000228881836,10.510000228881836,100.0
2023-03-09 12:51:00,CIFR,1.432800054550171,1.432800054550171,1.432800054550171,1.4297000169754028,1.4299999475479126,1157.0
2023-03-09 12:51:00,CINF,116.0999984741211,116.0999984741211,116.16000366210938,116.0999984741211,116.16000366210938,1029.0
2023-03-09 12:51:00,CME,179.07000732421875,179.07000732421875,179.1699981689453,179.07000732421875,179.1699981689453,335.0
2023-03-09 12:51:00,CNOB,21.81999969482422,21.81999969482422,21.84000015258789,21.799999237060547,21.799999237060547,1286.0
2023-03-09 12:51:00,COLB,25.2549991607666,25.2549991607666,25.270000457763672,25.235000610351562,25.235000610351562,8638.0
2023-03-09 12:51:00,COOP,44.13999938964844,44.13999938964844,44.16999816894531,44.02000045776367,44.02000045776367,1034.0
2023-03-09 12:51:00,CVBF,21.899999618530273,21.899999618530273,21.899999618530273,21.895000457763672,21.899999618530273,4442.0
2023-03-09 12:51:00,DHHC,10.489999771118164,10.489999771118164,10.5,10.489999771118164,10.5,501.0
2023-03-09 12:51:00,DWAC,14.089900016784668,14.089900016784668,14.089900016784668,14.089900016784668,14.089900016784668,441.0
2023-03-09 12:51:00,EBC,14.59000015258789,14.59000015258789,14.600000381469727,14.59000015258789,14.59000015258789,1165.0
2023-03-09 12:51:00,ECPG,50.470001220703125,50.470001220703125,50.470001220703125,50.470001220703125,50.470001220703125,189.0
2023-03-09 12:51:00,EFSC,51.57500076293945,51.57500076293945,51.57500076293945,51.57500076293945,51.57500076293945,240.0
2023-03-09 12:51:00,EGBN,40.709999084472656,40.709999084472656,40.720001220703125,40.709999084472656,40.720001220703125,455.0
2023-03-09 12:51:00,EHTH,8.798800468444824,8.798800468444824,8.800000190734863,8.798800468444824,8.800000190734863,2267.0
2023-03-09 12:51:00,EWBC,68.13999938964844,68.13999938964844,68.25,68.13999938964844,68.18000030517578,1871.0
2023-03-09 12:51:00,FBMS,28.809999465942383,28.809999465942383,28.809999465942383,28.780000686645508,28.780000686645508,673.0
2023-03-09 12:51:00,FBNC,38.8849983215332,38.8849983215332,38.8849983215332,38.8849983215332,38.8849983215332,204.0
2023-03-09 12:51:00,FCRD,4.590000152587891,4.590000152587891,4.590000152587891,4.590000152587891,4.590000152587891,100.0
2023-03-09 12:51:00,FDUS,20.229999542236328,20.229999542236328,20.229999542236328,20.229999542236328,20.229999542236328,1262.0
2023-03-09 12:51:00,FFBC,22.489999771118164,22.489999771118164,22.489999771118164,22.489999771118164,22.489999771118164,881.0
2023-03-09 12:51:00,FFIN,33.82500076293945,33.82500076293945,33.82500076293945,33.79999923706055,33.79999923706055,1399.0
2023-03-09 12:51:00,FFWM,13.0,13.0,13.0,13.0,13.0,122.0
2023-03-09 12:51:00,FHB,24.190000534057617,24.190000534057617,24.190000534057617,24.190000534057617,24.190000534057617,657.0
2023-03-09 12:51:00,FIBK,32.369998931884766,32.369998931884766,32.400001525878906,32.36989974975586,32.36989974975586,2360.0
2023-03-09 12:51:00,FITB,32.31999969482422,32.31999969482422,32.33000183105469,32.29499816894531,32.29499816894531,5526.0
2023-03-09 12:51:00,FLIC,16.1200008392334,16.1200008392334,16.1200008392334,16.1200008392334,16.1200008392334,103.0
2023-03-09 12:51:00,FOCS,51.63999938964844,51.63999938964844,51.665000915527344,51.6349983215332,51.65999984741211,7465.0
2023-03-09 12:51:00,FRBK,1.7599999904632568,1.7599999904632568,1.7599999904632568,1.7599999904632568,1.7599999904632568,378.0
2023-03-09 12:51:00,FSEA,9.90999984741211,9.90999984741211,9.90999984741211,9.90999984741211,9.90999984741211,200.0
2023-03-09 12:51:00,FULT,15.789999961853027,15.789999961853027,15.789999961853027,15.770000457763672,15.770000457763672,2515.0
2023-03-09 12:51:00,FUTU,46.275001525878906,46.275001525878906,46.29199981689453,46.2671012878418,46.29199981689453,2403.0
2023-03-09 12:51:00,FVCB,13.242500305175781,13.242500305175781,13.242500305175781,13.242500305175781,13.242500305175781,200.0
2023-03-09 12:51:00,GAIN,13.649999618530273,13.649999618530273,13.649999618530273,13.649999618530273,13.649999618530273,548.0
2023-03-09 12:51:00,GBDC,13.390000343322754,13.390000343322754,13.390000343322754,13.390000343322754,13.390000343322754,311.0
2023-03-09 12:51:00,GGAL,12.789999961853027,12.789999961853027,12.795000076293945,12.789999961853027,12.79010009765625,707.0
2023-03-09 12:51:00,GLAD,9.852399826049805,9.852399826049805,9.852399826049805,9.852399826049805,9.852399826049805,136.0
2023-03-09 12:51:00,GLRE,10.010000228881836,10.010000228881836,10.010000228881836,10.010000228881836,10.010000228881836,100.0
2023-03-09 12:51:00,HBAN,13.9350004196167,13.9350004196167,13.949999809265137,13.930000305175781,13.930000305175781,31979.0
2023-03-09 12:51:00,HBNC,13.920000076293945,13.920000076293945,13.920000076293945,13.920000076293945,13.920000076293945,261.0
2023-03-09 12:51:00,HOPE,11.765000343322754,11.765000343322754,11.765000343322754,11.755000114440918,11.760000228881836,1821.0
2023-03-09 12:51:00,HRZN,11.96500015258789,11.96500015258789,11.96500015258789,11.96500015258789,11.96500015258789,216.0
2023-03-09 12:51:00,HTBI,27.600000381469727,27.600000381469727,27.600000381469727,27.56999969482422,27.56999969482422,1014.0
2023-03-09 12:51:00,HUT,1.3450000286102295,1.3450000286102295,1.350000023841858,1.340000033378601,1.3450000286102295,7840.0
2023-03-09 12:51:00,HWC,44.27000045776367,44.27000045776367,44.27000045776367,44.220001220703125,44.220001220703125,587.0
2023-03-09 12:51:00,IBKR,87.18789672851562,87.18789672851562,87.18789672851562,87.18000030517578,87.18000030517578,621.0
2023-03-09 12:51:00,IBTX,52.86000061035156,52.86000061035156,52.86000061035156,52.86000061035156,52.86000061035156,227.0
2023-03-09 12:51:00,INDB,71.75,71.75,71.75,71.66000366210938,71.66000366210938,486.0
2023-03-09 12:51:00,INTR,2.0,2.0,2.0,2.0,2.0,150.0
2023-03-09 12:52:00,ACGL,69.83999633789062,69.83999633789062,69.87000274658203,69.80999755859375,69.87000274658203,26356.0
2023-03-09 12:52:00,AMRK,28.040000915527344,28.040000915527344,28.040000915527344,28.040000915527344,28.040000915527344,201.0
2023-03-09 12:52:00,APLD,2.0899999141693115,2.0899999141693115,2.0899999141693115,2.0899999141693115,2.0899999141693115,100.0
2023-03-09 12:52:00,ARCC,18.899900436401367,18.899900436401367,18.905000686645508,18.889999389648438,18.899999618530273,20647.0
2023-03-09 12:52:00,AUB,36.9900016784668,36.9900016784668,36.9900016784668,36.970001220703125,36.970001220703125,1040.0
2023-03-09 12:52:00,BANR,57.93000030517578,57.93000030517578,58.0,57.93000030517578,58.0,1303.0
2023-03-09 12:52:00,BFC,76.58999633789062,76.58999633789062,76.58999633789062,76.58999633789062,76.58999633789062,569.0
2023-03-09 12:52:00,BGCP,5.0,5.0,5.0,5.0,5.0,7101.0
2023-03-09 12:52:00,BHF,52.58000183105469,52.58000183105469,52.630001068115234,52.58000183105469,52.630001068115234,1282.0
2023-03-09 12:52:00,BITF,0.7698990106582642,0.7698990106582642,0.7698990106582642,0.7616000175476074,0.7616000175476074,1491.0
2023-03-09 12:52:00,BKCC,3.6600000858306885,3.6600000858306885,3.6600000858306885,3.6600000858306885,3.6600000858306885,214.0
2023-03-09 12:52:00,BOKF,96.1449966430664,96.1449966430664,96.26000213623047,96.12000274658203,96.2249984741211,971.0
2023-03-09 12:52:00,BPOP,62.72999954223633,62.72999954223633,62.790000915527344,62.720001220703125,62.77000045776367,939.0
2023-03-09 12:52:00,BRKL,11.510000228881836,11.510000228881836,11.510000228881836,11.510000228881836,11.510000228881836,390.0
2023-03-09 12:52:00,BSRR,19.459999084472656,19.459999084472656,19.459999084472656,19.459999084472656,19.459999084472656,424.0
2023-03-09 12:52:00,BTBT,1.1299999952316284,1.1299999952316284,1.1349999904632568,1.1299999952316284,1.1299999952316284,885.0
2023-03-09 12:52:00,CASH,47.290000915527344,47.290000915527344,47.290000915527344,47.290000915527344,47.290000915527344,239.0
2023-03-09 12:52:00,CATC,70.69000244140625,70.69000244140625,70.69999694824219,70.66000366210938,70.69000244140625,2647.0
2023-03-09 12:52:00,CATY,39.2599983215332,39.2599983215332,39.27000045776367,39.25,39.27000045776367,731.0
2023-03-09 12:52:00,CBSH,61.79999923706055,61.79999923706055,61.79999923706055,61.790000915527344,61.79999923706055,2685.0
2023-03-09 12:52:00,CCD,23.049999237060547,23.049999237060547,23.049999237060547,23.049999237060547,23.049999237060547,572.0
2023-03-09 12:52:00,CFFN,7.545000076293945,7.545000076293945,7.545000076293945,7.545000076293945,7.545000076293945,118.0
2023-03-09 12:52:00,CG,33.994998931884766,33.994998931884766,34.010101318359375,33.994998931884766,34.0099983215332,5470.0
2023-03-09 12:52:00,CGBD,14.90999984741211,14.90999984741211,14.90999984741211,14.90999984741211,14.90999984741211,501.0
2023-03-09 12:52:00,CIFR,1.4399000406265259,1.4399000406265259,1.4399000406265259,1.4399000406265259,1.4399000406265259,1565.0
2023-03-09 12:52:00,CINF,116.0199966430664,116.0199966430664,116.08999633789062,116.0199966430664,116.08999633789062,789.0
2023-03-09 12:52:00,CIVB,20.639299392700195,20.639299392700195,20.639299392700195,20.639299392700195,20.639299392700195,150.0
2023-03-09 12:52:00,CLBK,19.559999465942383,19.559999465942383,19.559999465942383,19.559999465942383,19.559999465942383,655.0
2023-03-09 12:52:00,CME,179.0500030517578,179.0500030517578,179.1699981689453,179.0500030517578,179.1699981689453,2295.0
2023-03-09 12:52:00,COLB,25.2549991607666,25.2549991607666,25.270000457763672,25.2450008392334,25.260000228881836,5469.0
2023-03-09 12:52:00,COOP,44.04999923706055,44.04999923706055,44.04999923706055,44.04999923706055,44.04999923706055,521.0
2023-03-09 12:52:00,CPSS,11.0,11.0,11.0,10.949999809265137,10.949999809265137,209.0
2023-03-09 12:52:00,CSWC,18.32990074157715,18.32990074157715,18.329999923706055,18.327699661254883,18.329999923706055,348.0
2023-03-09 12:52:00,CVBF,21.899999618530273,21.899999618530273,21.899999618530273,21.885000228881836,21.889999389648438,6219.0
2023-03-09 12:52:00,CZWI,12.319999694824219,12.319999694824219,12.319999694824219,12.319999694824219,12.319999694824219,301.0
2023-03-09 12:52:00,EBC,14.59000015258789,14.59000015258789,14.595000267028809,14.585000038146973,14.595000267028809,2130.0
2023-03-09 12:52:00,EFSC,51.56999969482422,51.56999969482422,51.56999969482422,51.560001373291016,51.56999969482422,554.0
2023-03-09 12:52:00,EGBN,40.65999984741211,40.65999984741211,40.65999984741211,40.65999984741211,40.65999984741211,246.0
2023-03-09 12:52:00,EHTH,8.829999923706055,8.829999923706055,8.829999923706055,8.805000305175781,8.805000305175781,548.0
2023-03-09 12:52:00,EWBC,68.04499816894531,68.04499816894531,68.13999938964844,68.01499938964844,68.13999938964844,1016.0
2023-03-09 12:52:00,FBIZ,33.71260070800781,33.71260070800781,33.71260070800781,33.71260070800781,33.71260070800781,174.0
2023-03-09 12:52:00,FBNC,38.8849983215332,38.8849983215332,38.8849983215332,38.8849983215332,38.8849983215332,301.0
2023-03-09 12:52:00,FCRD,4.590000152587891,4.590000152587891,4.590000152587891,4.590000152587891,4.590000152587891,100.0
2023-03-09 12:52:00,FFBC,22.479999542236328,22.479999542236328,22.479999542236328,22.479999542236328,22.479999542236328,143.0
2023-03-09 12:52:00,FFIC,17.239999771118164,17.239999771118164,17.239999771118164,17.239999771118164,17.239999771118164,362.0
2023-03-09 12:52:00,FFIN,33.790000915527344,33.790000915527344,33.790000915527344,33.790000915527344,33.790000915527344,626.0
2023-03-09 12:52:00,FFWM,12.979999542236328,12.979999542236328,12.979999542236328,12.979999542236328,12.979999542236328,114.0
2023-03-09 12:52:00,FHB,24.15999984741211,24.15999984741211,24.15999984741211,24.15999984741211,24.15999984741211,934.0
2023-03-09 12:52:00,FIBK,32.34000015258789,32.34000015258789,32.349998474121094,32.34000015258789,32.349998474121094,868.0
2023-03-09 12:52:00,FITB,32.255001068115234,32.255001068115234,32.310001373291016,32.255001068115234,32.310001373291016,11836.0
2023-03-09 12:52:00,FOCS,51.650001525878906,51.650001525878906,51.650001525878906,51.630001068115234,51.630001068115234,4479.0
2023-03-09 12:52:00,FRME,37.599998474121094,37.599998474121094,37.599998474121094,37.599998474121094,37.599998474121094,287.0
2023-03-09 12:52:00,FSBW,33.2599983215332,33.2599983215332,33.26499938964844,33.2599983215332,33.26499938964844,286.0
2023-03-09 12:52:00,FULT,15.765000343322754,15.765000343322754,15.779999732971191,15.765000343322754,15.779999732971191,2136.0
2023-03-09 12:52:00,FUTU,46.209999084472656,46.209999084472656,46.275001525878906,46.16999816894531,46.2599983215332,11989.0
2023-03-09 12:52:00,GBDC,13.390000343322754,13.390000343322754,13.390000343322754,13.390000343322754,13.390000343322754,367.0
2023-03-09 12:52:00,GCMG,8.449999809265137,8.449999809265137,8.449999809265137,8.449999809265137,8.449999809265137,123.0
2023-03-09 12:52:00,GGAL,12.760000228881836,12.760000228881836,12.789999961853027,12.760000228881836,12.789999961853027,2048.0
2023-03-09 12:52:00,GSHD,52.38999938964844,52.38999938964844,52.38999938964844,52.314998626708984,52.314998626708984,200.0
2023-03-09 12:52:00,GXII,10.119999885559082,10.119999885559082,10.119999885559082,10.119999885559082,10.119999885559082,100.0
2023-03-09 12:52:00,HAFC,21.860000610351562,21.860000610351562,21.860000610351562,21.860000610351562,21.860000610351562,352.0
2023-03-09 12:52:00,HBAN,13.914999961853027,13.914999961853027,13.9350004196167,13.914999961853027,13.930000305175781,28522.0
2023-03-09 12:52:00,HBNC,13.920000076293945,13.920000076293945,13.920000076293945,13.920000076293945,13.920000076293945,367.0
2023-03-09 12:52:00,HBT,22.010000228881836,22.010000228881836,22.010000228881836,22.010000228881836,22.010000228881836,141.0
2023-03-09 12:52:00,HOPE,11.75,11.75,11.75,11.75,11.75,316.0
2023-03-09 12:52:00,HRZN,11.969900131225586,11.969900131225586,11.969900131225586,11.960000038146973,11.960000038146973,1273.0
2023-03-09 12:52:00,HTBK,10.920000076293945,10.920000076293945,10.920000076293945,10.920000076293945,10.920000076293945,100.0
2023-03-09 12:52:00,HTLF,45.779998779296875,45.779998779296875,45.790000915527344,45.75,45.78499984741211,776.0
2023-03-09 12:52:00,HUIZ,1.388100028038025,1.388100028038025,1.388100028038025,1.388100028038025,1.388100028038025,500.0
2023-03-09 12:52:00,HUT,1.3450000286102295,1.3450000286102295,1.3499000072479248,1.3450000286102295,1.3450000286102295,1865.0
2023-03-09 12:52:00,HWC,44.209999084472656,44.209999084472656,44.2400016784668,44.209999084472656,44.2400016784668,586.0
2023-03-09 12:52:00,IBKR,87.07009887695312,87.07009887695312,87.13999938964844,87.07009887695312,87.13999938964844,438.0
2023-03-09 12:52:00,IBTX,52.834999084472656,52.834999084472656,52.834999084472656,52.834999084472656,52.834999084472656,240.0
2023-03-09 12:52:00,INTR,2.0,2.0,2.0,2.0,2.0,200.0
2023-03-09 12:53:00,ACGL,69.87000274658203,69.87000274658203,69.88999938964844,69.8499984741211,69.8550033569336,15135.0
2023-03-09 12:53:00,ADAL,10.414999961853027,10.414999961853027,10.420000076293945,10.414999961853027,10.420000076293945,25500.0
2023-03-09 12:53:00,AMAL,21.020000457763672,21.020000457763672,21.020000457763672,20.98150062561035,20.98150062561035,681.0
2023-03-09 12:53:00,APLD,2.0799999237060547,2.0799999237060547,2.088599920272827,2.0799999237060547,2.088599920272827,291.0
2023-03-09 12:53:00,ARBK,1.496999979019165,1.496999979019165,1.496999979019165,1.496999979019165,1.496999979019165,1044.0
2023-03-09 12:53:00,ARCC,18.899900436401367,18.899900436401367,18.899999618530273,18.892499923706055,18.89900016784668,3744.0
2023-03-09 12:53:00,BGCP,5.0,5.0,5.0,5.0,5.0,225.0
2023-03-09 12:53:00,BHF,52.719600677490234,52.719600677490234,52.719600677490234,52.584999084472656,52.59000015258789,7512.0
2023-03-09 12:53:00,BKCC,3.6600000858306885,3.6600000858306885,3.6600000858306885,3.6600000858306885,3.6600000858306885,472.0
2023-03-09 12:53:00,BPOP,62.72999954223633,62.72999954223633,62.75,62.65999984741211,62.75,2865.0
2023-03-09 12:53:00,BUSE,22.575000762939453,22.575000762939453,22.575000762939453,22.575000762939453,22.575000762939453,200.0
2023-03-09 12:53:00,CATC,70.80000305175781,70.80000305175781,70.80000305175781,70.69000244140625,70.69000244140625,525.0
2023-03-09 12:53:00,CBAN,11.829999923706055,11.829999923706055,11.829999923706055,11.789999961853027,11.789999961853027,325.0
2023-03-09 12:53:00,CBSH,61.845001220703125,61.845001220703125,61.845001220703125,61.845001220703125,61.845001220703125,158.0
2023-03-09 12:53:00,CCAP,14.920000076293945,14.920000076293945,14.920000076293945,14.920000076293945,14.920000076293945,239.0
2023-03-09 12:53:00,CFFN,7.545000076293945,7.545000076293945,7.545000076293945,7.545000076293945,7.545000076293945,106.0
2023-03-09 12:53:00,CG,34.0099983215332,34.0099983215332,34.0099983215332,33.994998931884766,34.0,951.0
2023-03-09 12:53:00,CINF,116.01000213623047,116.01000213623047,116.01000213623047,116.01000213623047,116.01000213623047,235.0
2023-03-09 12:53:00,CIVB,20.799999237060547,20.799999237060547,20.799999237060547,20.68000030517578,20.68000030517578,1445.0
2023-03-09 12:53:00,CME,178.9600067138672,178.9600067138672,179.00999450683594,178.9499969482422,179.00999450683594,1298.0
2023-03-09 12:53:00,CNOB,21.799999237060547,21.799999237060547,21.799999237060547,21.799999237060547,21.799999237060547,200.0
2023-03-09 12:53:00,COLB,25.280000686645508,25.280000686645508,25.280000686645508,25.25,25.260000228881836,4543.0
2023-03-09 12:53:00,CPSS,11.050000190734863,11.050000190734863,11.050000190734863,10.949999809265137,10.970000267028809,912.0
2023-03-09 12:53:00,CSWC,18.34000015258789,18.34000015258789,18.34000015258789,18.32080078125,18.32080078125,2042.0
2023-03-09 12:53:00,CVBF,21.899999618530273,21.899999618530273,21.899999618530273,21.889999389648438,21.899999618530273,2451.0
2023-03-09 12:53:00,EBC,14.585000038146973,14.585000038146973,14.59000015258789,14.585000038146973,14.59000015258789,521.0
2023-03-09 12:53:00,EFSC,51.564998626708984,51.564998626708984,51.564998626708984,51.564998626708984,51.564998626708984,125.0
2023-03-09 12:53:00,EHTH,8.819999694824219,8.819999694824219,8.819999694824219,8.819999694824219,8.819999694824219,491.0
2023-03-09 12:53:00,EWBC,68.0022964477539,68.0022964477539,68.01000213623047,68.0,68.01000213623047,1921.0
2023-03-09 12:53:00,FBIZ,33.72999954223633,33.72999954223633,33.72999954223633,33.72999954223633,33.72999954223633,246.0
2023-03-09 12:53:00,FBMS,28.770000457763672,28.770000457763672,28.770000457763672,28.770000457763672,28.770000457763672,632.0
2023-03-09 12:53:00,FBNC,38.88999938964844,38.88999938964844,38.88999938964844,38.88999938964844,38.88999938964844,206.0
2023-03-09 12:53:00,FCNCA,650.77001953125,650.77001953125,650.77001953125,650.77001953125,650.77001953125,670.0
2023-03-09 12:53:00,FCRD,4.590000152587891,4.590000152587891,4.590000152587891,4.590000152587891,4.590000152587891,100.0
2023-03-09 12:53:00,FFIN,33.779998779296875,33.779998779296875,33.79999923706055,33.779998779296875,33.78499984741211,987.0
2023-03-09 12:53:00,FFWM,12.979999542236328,12.979999542236328,12.979999542236328,12.960100173950195,12.961000442504883,2538.0
2023-03-09 12:53:00,FHB,24.15999984741211,24.15999984741211,24.15999984741211,24.15999984741211,24.15999984741211,464.0
2023-03-09 12:53:00,FIBK,32.380001068115234,32.380001068115234,32.380001068115234,32.349998474121094,32.36000061035156,1390.0
2023-03-09 12:53:00,FITB,32.27909851074219,32.27909851074219,32.27909851074219,32.251399993896484,32.255001068115234,6272.0
2023-03-09 12:53:00,FLIC,16.110000610351562,16.110000610351562,16.110000610351562,16.110000610351562,16.110000610351562,239.0
2023-03-09 12:53:00,FSBW,33.20000076293945,33.20000076293945,33.20000076293945,33.20000076293945,33.20000076293945,110.0
2023-03-09 12:53:00,FULT,15.770000457763672,15.770000457763672,15.770000457763672,15.770000457763672,15.770000457763672,1330.0
2023-03-09 12:53:00,FUTU,46.26499938964844,46.26499938964844,46.290000915527344,46.26499938964844,46.279998779296875,1496.0
2023-03-09 12:53:00,GBDC,13.396400451660156,13.396400451660156,13.396400451660156,13.390000343322754,13.390000343322754,6304.0
2023-03-09 12:53:00,GCMG,8.4399995803833,8.4399995803833,8.4399995803833,8.4399995803833,8.4399995803833,1052.0
2023-03-09 12:53:00,GGAL,12.760100364685059,12.760100364685059,12.760100364685059,12.760100364685059,12.760100364685059,200.0
2023-03-09 12:53:00,GLRE,10.020000457763672,10.020000457763672,10.020000457763672,10.020000457763672,10.020000457763672,300.0
2023-03-09 12:53:00,GREE,0.4410000145435333,0.4410000145435333,0.4410000145435333,0.4399999976158142,0.44054898619651794,2178.0
2023-03-09 12:53:00,GSHD,52.459999084472656,52.459999084472656,52.459999084472656,52.32500076293945,52.32500076293945,2496.0
2023-03-09 12:53:00,HBAN,13.920000076293945,13.920000076293945,13.920000076293945,13.914999961853027,13.914999961853027,41268.0
2023-03-09 12:53:00,HBCP,36.290000915527344,36.290000915527344,36.290000915527344,36.290000915527344,36.290000915527344,137.0
2023-03-09 12:53:00,HBNC,13.914999961853027,13.914999961853027,13.914999961853027,13.914999961853027,13.914999961853027,295.0
2023-03-09 12:53:00,HIVE,2.5799999237060547,2.5799999237060547,2.5799999237060547,2.5799999237060547,2.5799999237060547,246.0
2023-03-09 12:53:00,HONE,12.78499984741211,12.78499984741211,12.78499984741211,12.78499984741211,12.78499984741211,200.0
2023-03-09 12:53:00,HOPE,11.739999771118164,11.739999771118164,11.739999771118164,11.739999771118164,11.739999771118164,937.0
2023-03-09 12:53:00,HTLF,45.81990051269531,45.81990051269531,45.81990051269531,45.77000045776367,45.77000045776367,879.0
2023-03-09 12:53:00,HUT,1.340000033378601,1.340000033378601,1.350000023841858,1.340000033378601,1.3422000408172607,9412.0
2023-03-09 12:53:00,HWC,44.18000030517578,44.18000030517578,44.18000030517578,44.18000030517578,44.18000030517578,308.0
2023-03-09 12:53:00,IBKR,87.19000244140625,87.19000244140625,87.19000244140625,87.16000366210938,87.18000030517578,853.0
2023-03-09 12:53:00,INTR,2.0,2.0,2.0,2.0,2.0,452.0
2023-03-09 12:54:00,ABCB,43.040000915527344,43.040000915527344,43.04999923706055,43.040000915527344,43.04999923706055,1230.0
2023-03-09 12:54:00,ACGL,69.86499786376953,69.86499786376953,69.88999938964844,69.8499984741211,69.87999725341797,13750.0
2023-03-09 12:54:00,ADAL,10.414999961853027,10.414999961853027,10.414999961853027,10.414999961853027,10.414999961853027,25500.0
2023-03-09 12:54:00,ARCC,18.893199920654297,18.893199920654297,18.905000686645508,18.889999389648438,18.899999618530273,8311.0
2023-03-09 12:54:00,ATLC,28.8799991607666,28.8799991607666,28.8799991607666,28.8799991607666,28.8799991607666,549.0
2023-03-09 12:54:00,AUB,36.970001220703125,36.970001220703125,36.970001220703125,36.970001220703125,36.970001220703125,123.0
2023-03-09 12:54:00,BGCP,5.0,5.0,5.0,4.994999885559082,4.994999885559082,2760.0
2023-03-09 12:54:00,BHF,52.75,52.75,52.75,52.70000076293945,52.70000076293945,824.0
2023-03-09 12:54:00,BITF,0.7699000239372253,0.7699000239372253,0.7699000239372253,0.7699000239372253,0.7699000239372253,263.0
2023-03-09 12:54:00,BKCC,3.6600000858306885,3.6600000858306885,3.6695001125335693,3.6600000858306885,3.6695001125335693,2416.0
2023-03-09 12:54:00,BOKF,96.2249984741211,96.2249984741211,96.2300033569336,96.19999694824219,96.2300033569336,829.0
2023-03-09 12:54:00,BPOP,62.70000076293945,62.70000076293945,62.7400016784668,62.689998626708984,62.7400016784668,911.0
2023-03-09 12:54:00,BRKL,11.510000228881836,11.510000228881836,11.510000228881836,11.510000228881836,11.510000228881836,628.0
2023-03-09 12:54:00,BUSE,22.56999969482422,22.56999969482422,22.56999969482422,22.56999969482422,22.56999969482422,201.0
2023-03-09 12:54:00,CACC,438.8299865722656,438.8299865722656,438.8299865722656,438.8299865722656,438.8299865722656,841.0
2023-03-09 12:54:00,CASH,47.30500030517578,47.30500030517578,47.30500030517578,47.30500030517578,47.30500030517578,823.0
2023-03-09 12:54:00,CATC,70.55999755859375,70.55999755859375,70.62000274658203,70.55999755859375,70.62000274658203,911.0
2023-03-09 12:54:00,CBSH,61.849998474121094,61.849998474121094,61.869998931884766,61.81999969482422,61.869998931884766,1856.0
2023-03-09 12:54:00,CFFN,7.548999786376953,7.548999786376953,7.548999786376953,7.548999786376953,7.548999786376953,111.0
2023-03-09 12:54:00,CG,34.0,34.0,34.010501861572266,34.0,34.010501861572266,749.0
2023-03-09 12:54:00,CHMG,49.19499969482422,49.19499969482422,49.19499969482422,49.19499969482422,49.19499969482422,653.0
2023-03-09 12:54:00,CIFR,1.440000057220459,1.440000057220459,1.440000057220459,1.440000057220459,1.440000057220459,100.0
2023-03-09 12:54:00,CIVB,20.899999618530273,20.899999618530273,20.899999618530273,20.899999618530273,20.899999618530273,200.0
2023-03-09 12:54:00,CME,178.8000030517578,178.8000030517578,178.91749572753906,178.8000030517578,178.91749572753906,611.0
2023-03-09 12:54:00,CNOB,21.799999237060547,21.799999237060547,21.799999237060547,21.799999237060547,21.799999237060547,830.0
2023-03-09 12:54:00,COLB,25.280000686645508,25.280000686645508,25.28499984741211,25.280000686645508,25.28059959411621,1137.0
2023-03-09 12:54:00,COOP,44.060001373291016,44.060001373291016,44.060001373291016,44.060001373291016,44.060001373291016,200.0
2023-03-09 12:54:00,CPSS,11.010000228881836,11.010000228881836,11.050000190734863,11.010000228881836,11.050000190734863,368.0
2023-03-09 12:54:00,CSWC,18.329999923706055,18.329999923706055,18.349899291992188,18.32990074157715,18.32990074157715,3189.0
2023-03-09 12:54:00,CVBF,21.899999618530273,21.899999618530273,21.905000686645508,21.899999618530273,21.899999618530273,865.0
2023-03-09 12:54:00,DWACW,3.180000066757202,3.180000066757202,3.180000066757202,3.1050000190734863,3.1500000953674316,3499.0
2023-03-09 12:54:00,EBC,14.579999923706055,14.579999923706055,14.59000015258789,14.579999923706055,14.59000015258789,1809.0
2023-03-09 12:54:00,EWBC,67.92250061035156,67.92250061035156,68.02999877929688,67.91000366210938,68.0199966430664,4709.0
2023-03-09 12:54:00,FBNC,38.970001220703125,38.970001220703125,38.970001220703125,38.869998931884766,38.869998931884766,2402.0
2023-03-09 12:54:00,FCFS,88.22000122070312,88.22000122070312,88.22000122070312,88.22000122070312,88.22000122070312,506.0
2023-03-09 12:54:00,FCRD,4.590000152587891,4.590000152587891,4.590000152587891,4.590000152587891,4.590000152587891,200.0
2023-03-09 12:54:00,FFIN,33.783599853515625,33.783599853515625,33.783599853515625,33.779998779296875,33.779998779296875,803.0
2023-03-09 12:54:00,FFWM,12.979999542236328,12.979999542236328,12.979999542236328,12.970000267028809,12.979999542236328,1149.0
2023-03-09 12:54:00,FHB,24.149999618530273,24.149999618530273,24.149999618530273,24.149999618530273,24.149999618530273,748.0
2023-03-09 12:54:00,FIBK,32.369998931884766,32.369998931884766,32.380001068115234,32.369998931884766,32.380001068115234,797.0
2023-03-09 12:54:00,FINW,9.15999984741211,9.15999984741211,9.15999984741211,9.15999984741211,9.15999984741211,100.0
2023-03-09 12:54:00,FITB,32.2599983215332,32.2599983215332,32.28499984741211,32.2599983215332,32.27000045776367,5166.0
2023-03-09 12:54:00,FNCB,7.25,7.25,7.25,7.25,7.25,214.0
2023-03-09 12:54:00,FNWB,13.649999618530273,13.649999618530273,13.65999984741211,13.649999618530273,13.65999984741211,400.0
2023-03-09 12:54:00,FOCS,51.63740158081055,51.63740158081055,51.650001525878906,51.630001068115234,51.650001525878906,2642.0
2023-03-09 12:54:00,FRBK,1.7599999904632568,1.7599999904632568,1.7599999904632568,1.7599999904632568,1.7599999904632568,392.0
2023-03-09 12:54:00,FRHC,72.06999969482422,72.06999969482422,72.06999969482422,72.06999969482422,72.06999969482422,948.0
2023-03-09 12:54:00,FULT,15.774999618530273,15.774999618530273,15.779999732971191,15.774999618530273,15.779999732971191,623.0
2023-03-09 12:54:00,FUTU,46.23500061035156,46.23500061035156,46.23500061035156,46.22999954223633,46.22999954223633,1294.0
2023-03-09 12:54:00,FVCB,13.234999656677246,13.234999656677246,13.234999656677246,13.234999656677246,13.234999656677246,100.0
2023-03-09 12:54:00,GAIN,13.654999732971191,13.654999732971191,13.654999732971191,13.654999732971191,13.654999732971191,531.0
2023-03-09 12:54:00,GBDC,13.390000343322754,13.390000343322754,13.395000457763672,13.390000343322754,13.390000343322754,1422.0
2023-03-09 12:54:00,GSHD,52.4900016784668,52.4900016784668,52.4900016784668,52.470001220703125,52.470001220703125,544.0
2023-03-09 12:54:00,GXII,10.119999885559082,10.119999885559082,10.119999885559082,10.119999885559082,10.119999885559082,100.0
2023-03-09 12:54:00,HAFC,21.860000610351562,21.860000610351562,21.8799991607666,21.860000610351562,21.8799991607666,350.0
2023-03-09 12:54:00,HBAN,13.9350004196167,13.9350004196167,13.9399995803833,13.920000076293945,13.925000190734863,22587.0
2023-03-09 12:54:00,HBT,22.010000228881836,22.010000228881836,22.010000228881836,22.010000228881836,22.010000228881836,522.0
2023-03-09 12:54:00,HMST,22.59000015258789,22.59000015258789,22.59000015258789,22.59000015258789,22.59000015258789,473.0
2023-03-09 12:54:00,HONE,12.78499984741211,12.78499984741211,12.78499984741211,12.780099868774414,12.780099868774414,533.0
2023-03-09 12:54:00,HOPE,11.739999771118164,11.739999771118164,11.744999885559082,11.739999771118164,11.744999885559082,1098.0
2023-03-09 12:54:00,HRZN,11.951000213623047,11.951000213623047,11.951000213623047,11.951000213623047,11.951000213623047,600.0
2023-03-09 12:54:00,HTBK,10.914999961853027,10.914999961853027,10.914999961853027,10.914999961853027,10.914999961853027,340.0
2023-03-09 12:54:00,HUT,1.350000023841858,1.350000023841858,1.350000023841858,1.3443000316619873,1.344499945640564,25511.0
2023-03-09 12:54:00,HWC,44.21500015258789,44.21500015258789,44.21500015258789,44.21500015258789,44.21500015258789,620.0
2023-03-09 12:54:00,IBKR,87.19000244140625,87.19000244140625,87.19000244140625,87.0999984741211,87.16999816894531,1149.0
2023-03-09 12:54:00,ICMB,3.9600000381469727,3.9600000381469727,3.9600000381469727,3.9600000381469727,3.9600000381469727,344.0
2023-03-09 12:54:00,IGTA,10.329999923706055,10.329999923706055,10.364999771118164,10.329999923706055,10.364999771118164,1502.0
2023-03-09 12:54:00,INDB,71.80999755859375,71.80999755859375,71.80999755859375,71.80999755859375,71.80999755859375,175.0
2023-03-09 12:54:00,INTR,2.005000114440918,2.005000114440918,2.009999990463257,2.005000114440918,2.009999990463257,300.0
2023-03-09 12:55:00,ACGL,69.8499984741211,69.8499984741211,69.87000274658203,69.81999969482422,69.87000274658203,7896.0
2023-03-09 12:55:00,AMRK,28.049999237060547,28.049999237060547,28.049999237060547,28.049999237060547,28.049999237060547,419.0
2023-03-09 12:55:00,APLD,2.0850000381469727,2.0850000381469727,2.0850000381469727,2.0850000381469727,2.0850000381469727,153.0
2023-03-09 12:55:00,ARCC,18.896299362182617,18.896299362182617,18.896299362182617,18.895000457763672,18.895000457763672,1342.0
2023-03-09 12:55:00,ATLO,23.5,23.5,23.5,23.5,23.5,208.0
2023-03-09 12:55:00,AUB,36.959999084472656,36.959999084472656,36.9900016784668,36.959999084472656,36.9900016784668,4091.0
2023-03-09 12:55:00,BCBP,15.850000381469727,15.850000381469727,15.850000381469727,15.850000381469727,15.850000381469727,129.0
2023-03-09 12:55:00,BGCP,4.994999885559082,4.994999885559082,5.0,4.994999885559082,5.0,1703.0
2023-03-09 12:55:00,BHF,52.665000915527344,52.665000915527344,52.720001220703125,52.665000915527344,52.720001220703125,1126.0
2023-03-09 12:55:00,BHFAO,24.575000762939453,24.575000762939453,24.575000762939453,24.575000762939453,24.575000762939453,112.0
2023-03-09 12:55:00,BITF,0.7601000070571899,0.7601000070571899,0.7620000243186951,0.7601000070571899,0.7609000205993652,19309.0
2023-03-09 12:55:00,BLFY,11.430000305175781,11.430000305175781,11.430000305175781,11.430000305175781,11.430000305175781,236.0
2023-03-09 12:55:00,BMRC,26.829999923706055,26.829999923706055,26.829999923706055,26.829999923706055,26.829999923706055,321.0
2023-03-09 12:55:00,BOKF,95.91000366210938,95.91000366210938,96.12999725341797,95.91000366210938,96.12999725341797,2325.0
2023-03-09 12:55:00,BPOP,62.56999969482422,62.56999969482422,62.650001525878906,62.56999969482422,62.650001525878906,1581.0
2023-03-09 12:55:00,BRKL,11.479999542236328,11.479999542236328,11.479999542236328,11.479999542236328,11.479999542236328,377.0
2023-03-09 12:55:00,BSRR,19.399999618530273,19.399999618530273,19.440000534057617,19.399999618530273,19.440000534057617,517.0
2023-03-09 12:55:00,BTBT,1.1399999856948853,1.1399999856948853,1.1399999856948853,1.1399999856948853,1.1399999856948853,100.0
2023-03-09 12:55:00,BUSE,22.549999237060547,22.549999237060547,22.565000534057617,22.530000686645508,22.549999237060547,1167.0
2023-03-09 12:55:00,BWB,13.449999809265137,13.449999809265137,13.449999809265137,13.449999809265137,13.449999809265137,1388.0
2023-03-09 12:55:00,CATC,70.75,70.75,70.75,70.62000274658203,70.62000274658203,622.0
2023-03-09 12:55:00,CATY,39.2599983215332,39.2599983215332,39.2599983215332,39.2599983215332,39.2599983215332,595.0
2023-03-09 12:55:00,CBSH,61.79999923706055,61.79999923706055,61.849998474121094,61.79999923706055,61.849998474121094,2068.0
2023-03-09 12:55:00,CCAP,14.890000343322754,14.890000343322754,14.890000343322754,14.890000343322754,14.890000343322754,1010.0
2023-03-09 12:55:00,CCBG,32.779998779296875,32.779998779296875,32.779998779296875,32.779998779296875,32.779998779296875,343.0
2023-03-09 12:55:00,CFFN,7.534999847412109,7.534999847412109,7.539999961853027,7.534999847412109,7.539999961853027,2380.0
2023-03-09 12:55:00,CG,34.0,34.0,34.0,33.98500061035156,34.0,11349.0
2023-03-09 12:55:00,CGBD,14.890000343322754,14.890000343322754,14.890000343322754,14.890000343322754,14.890000343322754,7616.0
2023-03-09 12:55:00,CINF,115.88300323486328,115.88300323486328,115.95999908447266,115.88300323486328,115.95999908447266,1895.0
2023-03-09 12:55:00,CME,178.74000549316406,178.74000549316406,178.8300018310547,178.74000549316406,178.8300018310547,490.0
2023-03-09 12:55:00,CNOB,21.799999237060547,21.799999237060547,21.799999237060547,21.790000915527344,21.790000915527344,374.0
2023-03-09 12:55:00,COLB,25.25,25.25,25.28499984741211,25.25,25.284000396728516,14215.0
2023-03-09 12:55:00,COOP,44.060001373291016,44.060001373291016,44.060001373291016,44.060001373291016,44.060001373291016,229.0
2023-03-09 12:55:00,CPSS,11.0600004196167,11.0600004196167,11.0600004196167,11.039999961853027,11.039999961853027,1223.0
2023-03-09 12:55:00,CSQ,13.999899864196777,13.999899864196777,14.0,13.999899864196777,14.0,2180.0
2023-03-09 12:55:00,CSTR,15.350000381469727,15.350000381469727,15.354999542236328,15.350000381469727,15.354999542236328,702.0
2023-03-09 12:55:00,CSWC,18.325000762939453,18.325000762939453,18.325000762939453,18.325000762939453,18.325000762939453,422.0
2023-03-09 12:55:00,CTBI,40.290000915527344,40.290000915527344,40.290000915527344,40.290000915527344,40.290000915527344,193.0
2023-03-09 12:55:00,CVBF,21.8700008392334,21.8700008392334,21.889999389648438,21.8700008392334,21.889999389648438,2376.0
2023-03-09 12:55:00,CZWI,12.319999694824219,12.319999694824219,12.319999694824219,12.319999694824219,12.319999694824219,201.0
2023-03-09 12:55:00,DCOM,29.5,29.5,29.5,29.489999771118164,29.489999771118164,647.0
2023-03-09 12:55:00,DNAD,10.209099769592285,10.209099769592285,10.209099769592285,10.209099769592285,10.209099769592285,108.0
2023-03-09 12:55:00,DWACW,3.180000066757202,3.180000066757202,3.180000066757202,3.109999895095825,3.109999895095825,3500.0
2023-03-09 12:55:00,EBC,14.571800231933594,14.571800231933594,14.579999923706055,14.569999694824219,14.571900367736816,2482.0
2023-03-09 12:55:00,ECPG,50.5099983215332,50.5099983215332,50.5099983215332,50.5099983215332,50.5099983215332,171.0
2023-03-09 12:55:00,EFSC,51.58000183105469,51.58000183105469,51.58000183105469,51.58000183105469,51.58000183105469,135.0
2023-03-09 12:55:00,EGBN,40.58000183105469,40.58000183105469,40.599998474121094,40.58000183105469,40.599998474121094,1452.0
2023-03-09 12:55:00,EHTH,8.84000015258789,8.84000015258789,8.84000015258789,8.829999923706055,8.829999923706055,1372.0
2023-03-09 12:55:00,EWBC,67.80999755859375,67.80999755859375,67.9000015258789,67.80999755859375,67.9000015258789,1547.0
2023-03-09 12:55:00,EZPW,8.835000038146973,8.835000038146973,8.835000038146973,8.832500457763672,8.832500457763672,515.0
2023-03-09 12:55:00,FBMS,28.799999237060547,28.799999237060547,28.799999237060547,28.770000457763672,28.770000457763672,842.0
2023-03-09 12:55:00,FBNC,38.97999954223633,38.97999954223633,39.0,38.93000030517578,38.93000030517578,2963.0
2023-03-09 12:55:00,FCRD,4.590000152587891,4.590000152587891,4.590000152587891,4.590000152587891,4.590000152587891,100.0
2023-03-09 12:55:00,FDUS,20.219999313354492,20.219999313354492,20.219999313354492,20.219999313354492,20.219999313354492,426.0
2023-03-09 12:55:00,FFBC,22.475000381469727,22.475000381469727,22.475000381469727,22.475000381469727,22.475000381469727,769.0
2023-03-09 12:55:00,FFWM,12.949999809265137,12.949999809265137,12.970000267028809,12.949999809265137,12.970000267028809,1396.0
2023-03-09 12:55:00,FHB,24.110000610351562,24.110000610351562,24.110000610351562,24.110000610351562,24.110000610351562,201.0
2023-03-09 12:55:00,FIBK,32.310001373291016,32.310001373291016,32.34000015258789,32.310001373291016,32.34000015258789,1351.0
2023-03-09 12:55:00,FINW,9.020000457763672,9.020000457763672,9.149999618530273,9.010000228881836,9.149999618530273,463.0
2023-03-09 12:55:00,FITB,32.25,32.25,32.27000045776367,32.25,32.27000045776367,4780.0
2023-03-09 12:55:00,FLIC,16.065000534057617,16.065000534057617,16.110000610351562,16.065000534057617,16.110000610351562,5259.0
2023-03-09 12:55:00,FMNB,13.15999984741211,13.15999984741211,13.179900169372559,13.15999984741211,13.179900169372559,2811.0
2023-03-09 12:55:00,FOCS,51.63999938964844,51.63999938964844,51.63999938964844,51.6349983215332,51.6349983215332,300.0
2023-03-09 12:55:00,FRME,37.55500030517578,37.55500030517578,37.55500030517578,37.55500030517578,37.55500030517578,325.0
2023-03-09 12:55:00,FULT,15.75,15.75,15.770000457763672,15.75,15.770000457763672,3349.0
2023-03-09 12:55:00,FUTU,46.31999969482422,46.31999969482422,46.31999969482422,46.22999954223633,46.22999954223633,11272.0
2023-03-09 12:55:00,GBDC,13.395099639892578,13.395099639892578,13.395099639892578,13.390000343322754,13.3927001953125,1150.0
2023-03-09 12:55:00,GGAL,12.770000457763672,12.770000457763672,12.770000457763672,12.770000457763672,12.770000457763672,589.0
2023-03-09 12:55:00,GLAD,9.84000015258789,9.84000015258789,9.851699829101562,9.84000015258789,9.851699829101562,5335.0
2023-03-09 12:55:00,GLRE,10.010000228881836,10.010000228881836,10.010000228881836,10.010000228881836,10.010000228881836,166.0
2023-03-09 12:55:00,GREE,0.4406999945640564,0.4406999945640564,0.4406999945640564,0.4406999945640564,0.4406999945640564,351.0
2023-03-09 12:55:00,GSHD,52.720001220703125,52.720001220703125,52.720001220703125,52.4900016784668,52.4900016784668,2994.0
2023-03-09 12:55:00,HAFC,21.854999542236328,21.854999542236328,21.855600357055664,21.854999542236328,21.855600357055664,1333.0
2023-03-09 12:55:00,HBAN,13.914999961853027,13.914999961853027,13.9350004196167,13.914999961853027,13.9350004196167,29176.0
2023-03-09 12:55:00,HBNC,13.890000343322754,13.890000343322754,13.899999618530273,13.890000343322754,13.899999618530273,2767.0
2023-03-09 12:55:00,HFWA,24.59000015258789,24.59000015258789,24.59000015258789,24.59000015258789,24.59000015258789,101.0
2023-03-09 12:55:00,HONE,12.779999732971191,12.779999732971191,12.779999732971191,12.779999732971191,12.779999732971191,284.0
2023-03-09 12:55:00,HOPE,11.725000381469727,11.725000381469727,11.729999542236328,11.725000381469727,11.729999542236328,700.0
2023-03-09 12:55:00,HRZN,11.955499649047852,11.955499649047852,11.955499649047852,11.955499649047852,11.955499649047852,774.0
2023-03-09 12:55:00,HTBK,10.90999984741211,10.90999984741211,10.90999984741211,10.90999984741211,10.90999984741211,470.0
2023-03-09 12:55:00,HUT,1.3481999635696411,1.3481999635696411,1.350000023841858,1.3481999635696411,1.350000023841858,11147.0
2023-03-09 12:55:00,HWC,44.15999984741211,44.15999984741211,44.15999984741211,44.15999984741211,44.15999984741211,334.0
2023-03-09 12:55:00,IBCP,20.440000534057617,20.440000534057617,20.440000534057617,20.440000534057617,20.440000534057617,301.0
2023-03-09 12:55:00,IBKR,87.1500015258789,87.1500015258789,87.15499877929688,87.13999938964844,87.15499877929688,1264.0
2023-03-09 12:55:00,IBOC,45.08000183105469,45.08000183105469,45.08000183105469,45.060001373291016,45.07500076293945,681.0
2023-03-09 12:55:00,IBTX,52.72999954223633,52.72999954223633,52.72999954223633,52.72999954223633,52.72999954223633,354.0
2023-03-09 12:55:00,INDB,71.76000213623047,71.76000213623047,71.7876968383789,71.75,71.7876968383789,4148.0
2023-03-09 12:55:00,INTR,2.009999990463257,2.009999990463257,2.009999990463257,2.0,2.0,400.0
2023-03-09 12:56:00,ABCB,42.939998626708984,42.939998626708984,42.939998626708984,42.939998626708984,42.939998626708984,533.0
2023-03-09 12:56:00,ACGL,69.87000274658203,69.87000274658203,69.87999725341797,69.8499984741211,69.86000061035156,4413.0
2023-03-09 12:56:00,ACT,24.149999618530273,24.149999618530273,24.165000915527344,24.149999618530273,24.165000915527344,329.0
2023-03-09 12:56:00,AMAL,21.0,21.0,21.0,21.0,21.0,435.0
2023-03-09 12:56:00,AMTB,25.34000015258789,25.34000015258789,25.34000015258789,25.34000015258789,25.34000015258789,1044.0
2023-03-09 12:56:00,APLD,2.0850000381469727,2.0850000381469727,2.0850000381469727,2.0799999237060547,2.0799999237060547,304.0
2023-03-09 12:56:00,ARCC,18.898000717163086,18.898000717163086,18.89900016784668,18.889999389648438,18.895000457763672,2928.0
2023-03-09 12:56:00,AUB,36.85749816894531,36.85749816894531,36.959999084472656,36.84000015258789,36.95000076293945,6894.0
2023-03-09 12:56:00,BCML,19.360000610351562,19.360000610351562,19.360000610351562,19.360000610351562,19.360000610351562,100.0
2023-03-09 12:56:00,BGCP,4.994999885559082,4.994999885559082,5.0,4.994999885559082,5.0,350.0
2023-03-09 12:56:00,BHFAO,24.8169002532959,24.8169002532959,24.8169002532959,24.8169002532959,24.8169002532959,1021.0
2023-03-09 12:56:00,BKCC,3.6600000858306885,3.6600000858306885,3.6600000858306885,3.6600000858306885,3.6600000858306885,273.0
2023-03-09 12:56:00,BMRC,26.84000015258789,26.84000015258789,26.84000015258789,26.84000015258789,26.84000015258789,235.0
2023-03-09 12:56:00,BOKF,95.94999694824219,95.94999694824219,95.94999694824219,95.94000244140625,95.94000244140625,427.0
2023-03-09 12:56:00,BPOP,62.56999969482422,62.56999969482422,62.56999969482422,62.505001068115234,62.5099983215332,1322.0
2023-03-09 12:56:00,BRP,25.81999969482422,25.81999969482422,25.81999969482422,25.81999969482422,25.81999969482422,174.0
2023-03-09 12:56:00,BTBT,1.1366000175476074,1.1366000175476074,1.1399999856948853,1.1299999952316284,1.1399999856948853,2400.0
2023-03-09 12:56:00,BTWN,10.039999961853027,10.039999961853027,10.039999961853027,10.039999961853027,10.039999961853027,1251.0
2023-03-09 12:56:00,BUSE,22.549999237060547,22.549999237060547,22.549999237060547,22.549999237060547,22.549999237060547,185.0
2023-03-09 12:56:00,BWB,13.470000267028809,13.470000267028809,13.470000267028809,13.449999809265137,13.449999809265137,264.0
2023-03-09 12:56:00,BWFG,27.790000915527344,27.790000915527344,27.790000915527344,27.790000915527344,27.790000915527344,793.0
2023-03-09 12:56:00,CATY,39.209999084472656,39.209999084472656,39.209999084472656,39.189998626708984,39.20000076293945,1056.0
2023-03-09 12:56:00,CBSH,61.81999969482422,61.81999969482422,61.81999969482422,61.81999969482422,61.81999969482422,356.0
2023-03-09 12:56:00,CCAP,14.880000114440918,14.880000114440918,14.880000114440918,14.859999656677246,14.859999656677246,1357.0
2023-03-09 12:56:00,CG,34.03499984741211,34.03499984741211,34.040000915527344,33.994998931884766,34.0,18482.0
2023-03-09 12:56:00,CINF,116.06999969482422,116.06999969482422,116.06999969482422,115.8550033569336,115.8550033569336,2194.0
2023-03-09 12:56:00,CME,178.66000366210938,178.66000366210938,178.75,178.66000366210938,178.75,2815.0
2023-03-09 12:56:00,CNOB,21.799999237060547,21.799999237060547,21.799999237060547,21.780000686645508,21.780000686645508,566.0
2023-03-09 12:56:00,COLB,25.25,25.25,25.25,25.2450008392334,25.25,7039.0
2023-03-09 12:56:00,COOP,44.060001373291016,44.060001373291016,44.11000061035156,44.060001373291016,44.11000061035156,306.0
2023-03-09 12:56:00,CPSS,11.100000381469727,11.100000381469727,11.100000381469727,11.100000381469727,11.100000381469727,693.0
2023-03-09 12:56:00,CSWC,18.315000534057617,18.315000534057617,18.31999969482422,18.315000534057617,18.319900512695312,1929.0
2023-03-09 12:56:00,CVBF,21.8700008392334,21.8700008392334,21.8700008392334,21.850000381469727,21.860000610351562,1753.0
2023-03-09 12:56:00,DCOM,29.5,29.5,29.5,29.5,29.5,865.0
2023-03-09 12:56:00,DHCA,10.100000381469727,10.100000381469727,10.119999885559082,10.100000381469727,10.109999656677246,500.0
2023-03-09 12:56:00,DWAC,14.050000190734863,14.050000190734863,14.0600004196167,14.039999961853027,14.0600004196167,11694.0
2023-03-09 12:56:00,DWACW,3.180000066757202,3.180000066757202,3.180000066757202,3.130000114440918,3.130000114440918,5500.0
2023-03-09 12:56:00,EBC,14.569899559020996,14.569899559020996,14.569899559020996,14.5649995803833,14.5649995803833,238.0
2023-03-09 12:56:00,EFSC,51.55500030517578,51.55500030517578,51.56999969482422,51.55500030517578,51.564998626708984,531.0
2023-03-09 12:56:00,EHTH,8.859999656677246,8.859999656677246,8.859999656677246,8.84000015258789,8.84000015258789,515.0
2023-03-09 12:56:00,EWBC,67.83000183105469,67.83000183105469,67.83000183105469,67.77999877929688,67.80000305175781,1857.0
2023-03-09 12:56:00,EZPW,8.829999923706055,8.829999923706055,8.829999923706055,8.829999923706055,8.829999923706055,160.0
2023-03-09 12:56:00,FBNC,38.94499969482422,38.94499969482422,38.95500183105469,38.93000030517578,38.95500183105469,876.0
2023-03-09 12:56:00,FCBC,28.3799991607666,28.3799991607666,28.3799991607666,28.3799991607666,28.3799991607666,826.0
2023-03-09 12:56:00,FCRD,4.590000152587891,4.590000152587891,4.590000152587891,4.590000152587891,4.590000152587891,100.0
2023-03-09 12:56:00,FFIC,17.209999084472656,17.209999084472656,17.219999313354492,17.204999923706055,17.219999313354492,6026.0
2023-03-09 12:56:00,FFIN,33.744998931884766,33.744998931884766,33.744998931884766,33.744998931884766,33.744998931884766,424.0
2023-03-09 12:56:00,FFWM,12.930000305175781,12.930000305175781,12.930000305175781,12.930000305175781,12.930000305175781,161.0
2023-03-09 12:56:00,FHB,24.110000610351562,24.110000610351562,24.110000610351562,24.100000381469727,24.110000610351562,1716.0
2023-03-09 12:56:00,FIBK,32.31999969482422,32.31999969482422,32.31999969482422,32.31999969482422,32.31999969482422,991.0
2023-03-09 12:56:00,FITB,32.27000045776367,32.27000045776367,32.27000045776367,32.2400016784668,32.244998931884766,5586.0
2023-03-09 12:56:00,FMNB,13.199999809265137,13.199999809265137,13.199999809265137,13.154999732971191,13.154999732971191,1100.0
2023-03-09 12:56:00,FNCB,7.304999828338623,7.304999828338623,7.304999828338623,7.304999828338623,7.304999828338623,167.0
2023-03-09 12:56:00,FOCS,51.63999938964844,51.63999938964844,51.63999938964844,51.6349983215332,51.6349983215332,1220.0
2023-03-09 12:56:00,FRON,10.1850004196167,10.1850004196167,10.1850004196167,10.1850004196167,10.1850004196167,1406.0
2023-03-09 12:56:00,FRST,10.949999809265137,10.949999809265137,10.949999809265137,10.949999809265137,10.949999809265137,175.0
2023-03-09 12:56:00,FSEA,9.90999984741211,9.90999984741211,9.90999984741211,9.90999984741211,9.90999984741211,100.0
2023-03-09 12:56:00,FULT,15.760000228881836,15.760000228881836,15.760000228881836,15.75,15.75,1708.0
2023-03-09 12:56:00,FUTU,46.28499984741211,46.28499984741211,46.34000015258789,46.28499984741211,46.310001373291016,3152.0
2023-03-09 12:56:00,GABC,35.72999954223633,35.72999954223633,35.72999954223633,35.72999954223633,35.72999954223633,342.0
2023-03-09 12:56:00,GBDC,13.395000457763672,13.395000457763672,13.395000457763672,13.395000457763672,13.395000457763672,523.0
2023-03-09 12:56:00,GGAL,12.779999732971191,12.779999732971191,12.789999961853027,12.774999618530273,12.774999618530273,531.0
2023-03-09 12:56:00,GLRE,10.010000228881836,10.010000228881836,10.010000228881836,10.010000228881836,10.010000228881836,200.0
2023-03-09 12:56:00,GREE,0.4399999976158142,0.4399999976158142,0.4401000142097473,0.4399999976158142,0.4401000142097473,1363.0
2023-03-09 12:56:00,GSHD,52.69499969482422,52.69499969482422,52.69499969482422,52.69499969482422,52.69499969482422,695.0
2023-03-09 12:56:00,GXII,10.119999885559082,10.119999885559082,10.119999885559082,10.119999885559082,10.119999885559082,110.0
2023-03-09 12:56:00,HBAN,13.930000305175781,13.930000305175781,13.9350004196167,13.90999984741211,13.90999984741211,66069.0
2023-03-09 12:56:00,HFWA,24.549999237060547,24.549999237060547,24.56999969482422,24.549999237060547,24.559999465942383,1204.0
2023-03-09 12:56:00,HMST,22.610000610351562,22.610000610351562,22.610000610351562,22.610000610351562,22.610000610351562,173.0
2023-03-09 12:56:00,HONE,12.779999732971191,12.779999732971191,12.779999732971191,12.779999732971191,12.779999732971191,280.0
2023-03-09 12:56:00,HOPE,11.720000267028809,11.720000267028809,11.720000267028809,11.720000267028809,11.720000267028809,300.0
2023-03-09 12:56:00,HRZN,11.949999809265137,11.949999809265137,11.949999809265137,11.949999809265137,11.949999809265137,511.0
2023-03-09 12:56:00,HTBK,10.90999984741211,10.90999984741211,10.90999984741211,10.90999984741211,10.90999984741211,432.0
2023-03-09 12:56:00,HTLF,45.7400016784668,45.7400016784668,45.75749969482422,45.720001220703125,45.720001220703125,951.0
2023-03-09 12:56:00,HUT,1.3482999801635742,1.3482999801635742,1.350000023841858,1.340000033378601,1.350000023841858,29654.0
2023-03-09 12:56:00,HWC,44.14500045776367,44.14500045776367,44.15999984741211,44.14500045776367,44.15999984741211,701.0
2023-03-09 12:56:00,IBKR,87.0999984741211,87.0999984741211,87.12000274658203,87.0999984741211,87.12000274658203,1702.0
2023-03-09 12:56:00,IBOC,45.06999969482422,45.06999969482422,45.06999969482422,45.06999969482422,45.06999969482422,337.0
2023-03-09 12:56:00,ICMB,3.9600000381469727,3.9600000381469727,3.9600000381469727,3.9600000381469727,3.9600000381469727,100.0
2023-03-09 12:56:00,IGTA,10.321000099182129,10.321000099182129,10.321000099182129,10.319999694824219,10.319999694824219,706.0
2023-03-09 12:56:00,INDB,71.69999694824219,71.69999694824219,71.75,71.69999694824219,71.75,955.0
2023-03-09 12:57:00,ABCB,42.880001068115234,42.880001068115234,42.939998626708984,42.86000061035156,42.939998626708984,738.0
2023-03-09 12:57:00,ACGL,69.8499984741211,69.8499984741211,69.87000274658203,69.83999633789062,69.87000274658203,1656.0
2023-03-09 12:57:00,ACGLN,18.799999237060547,18.799999237060547,18.799999237060547,18.799999237060547,18.799999237060547,878.0
2023-03-09 12:57:00,AMAL,21.0,21.0,21.0,21.0,21.0,491.0
2023-03-09 12:57:00,ARCC,18.889999389648438,18.889999389648438,18.89739990234375,18.889999389648438,18.89739990234375,20396.0
2023-03-09 12:57:00,AUB,36.83000183105469,36.83000183105469,36.86000061035156,36.83000183105469,36.85499954223633,1151.0
2023-03-09 12:57:00,BANF,85.6500015258789,85.6500015258789,85.6500015258789,85.6500015258789,85.6500015258789,1439.0
2023-03-09 12:57:00,BANR,57.779998779296875,57.779998779296875,57.779998779296875,57.779998779296875,57.779998779296875,409.0
2023-03-09 12:57:00,BGCP,4.994999885559082,4.994999885559082,5.0,4.994999885559082,5.0,550.0
2023-03-09 12:57:00,BHF,52.650001525878906,52.650001525878906,52.65999984741211,52.650001525878906,52.65999984741211,1007.0
2023-03-09 12:57:00,BKCC,3.6600000858306885,3.6600000858306885,3.6696999073028564,3.6600000858306885,3.6696999073028564,481.0
2023-03-09 12:57:00,BMRC,26.84000015258789,26.84000015258789,26.84000015258789,26.834999084472656,26.834999084472656,3346.0
2023-03-09 12:57:00,BOKF,95.86000061035156,95.86000061035156,95.86000061035156,95.86000061035156,95.86000061035156,261.0
2023-03-09 12:57:00,BPOP,62.529998779296875,62.529998779296875,62.560001373291016,62.49330139160156,62.560001373291016,1523.0
2023-03-09 12:57:00,BPRN,33.25,33.25,33.25,33.25,33.25,213.0
2023-03-09 12:57:00,BRKL,11.460000038146973,11.460000038146973,11.484999656677246,11.460000038146973,11.484999656677246,1133.0
2023-03-09 12:57:00,BTBT,1.1299999952316284,1.1299999952316284,1.1349999904632568,1.1299999952316284,1.1299999952316284,700.0
2023-03-09 12:57:00,BUSE,22.510000228881836,22.510000228881836,22.530000686645508,22.510000228881836,22.530000686645508,348.0
2023-03-09 12:57:00,BWB,13.430000305175781,13.430000305175781,13.470000267028809,13.430000305175781,13.470000267028809,1637.0
2023-03-09 12:57:00,CACC,438.510009765625,438.510009765625,438.510009765625,438.510009765625,438.510009765625,633.0
2023-03-09 12:57:00,CARE,16.3700008392334,16.3700008392334,16.399999618530273,16.3700008392334,16.399999618530273,565.0
2023-03-09 12:57:00,CASH,47.22999954223633,47.22999954223633,47.22999954223633,47.22999954223633,47.22999954223633,196.0
2023-03-09 12:57:00,CATY,39.11000061035156,39.11000061035156,39.18000030517578,39.11000061035156,39.18000030517578,866.0
2023-03-09 12:57:00,CBNK,18.81999969482422,18.81999969482422,18.854999542236328,18.81999969482422,18.854999542236328,448.0
2023-03-09 12:57:00,CBSH,61.79999923706055,61.79999923706055,61.83000183105469,61.79999923706055,61.83000183105469,2283.0
2023-03-09 12:57:00,CCNE,22.479999542236328,22.479999542236328,22.530000686645508,22.479999542236328,22.520000457763672,3445.0
2023-03-09 12:57:00,CFB,12.3100004196167,12.3100004196167,12.3100004196167,12.3100004196167,12.3100004196167,732.0
2023-03-09 12:57:00,CFFN,7.53000020980835,7.53000020980835,7.53000020980835,7.53000020980835,7.53000020980835,1149.0
2023-03-09 12:57:00,CG,34.01499938964844,34.01499938964844,34.029998779296875,34.0099983215332,34.029998779296875,4443.0
2023-03-09 12:57:00,CHCO,90.73999786376953,90.73999786376953,90.73999786376953,90.73999786376953,90.73999786376953,108.0
2023-03-09 12:57:00,CIFR,1.4299999475479126,1.4299999475479126,1.434999942779541,1.4299999475479126,1.434999942779541,5640.0
2023-03-09 12:57:00,CINF,115.95999908447266,115.95999908447266,116.0,115.95999908447266,116.0,1206.0
2023-03-09 12:57:00,CIVB,20.780000686645508,20.780000686645508,20.780000686645508,20.780000686645508,20.780000686645508,284.0
2023-03-09 12:57:00,CME,178.69000244140625,178.69000244140625,178.69000244140625,178.69000244140625,178.69000244140625,465.0
2023-03-09 12:57:00,CNOB,21.739999771118164,21.739999771118164,21.774999618530273,21.739999771118164,21.770000457763672,1683.0
2023-03-09 12:57:00,COLB,25.235000610351562,25.235000610351562,25.2549991607666,25.229999542236328,25.2549991607666,23802.0
2023-03-09 12:57:00,COOP,44.060001373291016,44.060001373291016,44.060001373291016,44.060001373291016,44.060001373291016,845.0
2023-03-09 12:57:00,CRVL,179.6300048828125,179.6300048828125,179.6300048828125,179.6300048828125,179.6300048828125,359.0
2023-03-09 12:57:00,CSTR,15.319999694824219,15.319999694824219,15.319999694824219,15.319999694824219,15.319999694824219,236.0
2023-03-09 12:57:00,CSWC,18.30389976501465,18.30389976501465,18.310100555419922,18.30389976501465,18.310100555419922,5009.0
2023-03-09 12:57:00,CUBA,3.9000000953674316,3.9000000953674316,3.9000000953674316,3.9000000953674316,3.9000000953674316,933.0
2023-03-09 12:57:00,CVBF,21.829999923706055,21.829999923706055,21.860000610351562,21.829999923706055,21.860000610351562,962.0
2023-03-09 12:57:00,DCOM,29.479999542236328,29.479999542236328,29.5,29.475000381469727,29.5,1074.0
2023-03-09 12:57:00,DGICA,15.039999961853027,15.039999961853027,15.039999961853027,15.039999961853027,15.039999961853027,313.0
2023-03-09 12:57:00,DWACW,3.180000066757202,3.180000066757202,3.180000066757202,3.1700000762939453,3.1700000762939453,2500.0
2023-03-09 12:57:00,EBC,14.5600004196167,14.5600004196167,14.569999694824219,14.555000305175781,14.5600004196167,9186.0
2023-03-09 12:57:00,ECPG,50.459999084472656,50.459999084472656,50.459999084472656,50.459999084472656,50.459999084472656,471.0
2023-03-09 12:57:00,EFSC,51.55500030517578,51.55500030517578,51.55500030517578,51.5,51.5,271.0
2023-03-09 12:57:00,EGBN,40.52000045776367,40.52000045776367,40.52000045776367,40.52000045776367,40.52000045776367,381.0
2023-03-09 12:57:00,EHTH,8.850000381469727,8.850000381469727,8.850000381469727,8.850000381469727,8.850000381469727,432.0
2023-03-09 12:57:00,EWBC,67.80500030517578,67.80500030517578,67.8499984741211,67.79000091552734,67.8499984741211,897.0
2023-03-09 12:57:00,EZPW,8.835000038146973,8.835000038146973,8.835000038146973,8.835000038146973,8.835000038146973,112.0
2023-03-09 12:57:00,FBMS,28.770000457763672,28.770000457763672,28.770000457763672,28.75,28.75,1116.0
2023-03-09 12:57:00,FBNC,38.939998626708984,38.939998626708984,38.970001220703125,38.880001068115234,38.900001525878906,2889.0
2023-03-09 12:57:00,FCRD,4.590000152587891,4.590000152587891,4.590000152587891,4.590000152587891,4.590000152587891,100.0
2023-03-09 12:57:00,FFBC,22.399999618530273,22.399999618530273,22.420000076293945,22.399999618530273,22.420000076293945,582.0
2023-03-09 12:57:00,FFIC,17.200000762939453,17.200000762939453,17.200000762939453,17.200000762939453,17.200000762939453,166.0
2023-03-09 12:57:00,FFIN,33.689998626708984,33.689998626708984,33.689998626708984,33.689998626708984,33.689998626708984,610.0
2023-03-09 12:57:00,FFWM,12.9399995803833,12.9399995803833,12.949999809265137,12.930000305175781,12.9399995803833,2313.0
2023-03-09 12:57:00,FHB,24.110000610351562,24.110000610351562,24.110000610351562,24.100000381469727,24.110000610351562,2134.0
2023-03-09 12:57:00,FIBK,32.279998779296875,32.279998779296875,32.290000915527344,32.279998779296875,32.290000915527344,676.0
2023-03-09 12:57:00,FITB,32.220001220703125,32.220001220703125,32.2776985168457,32.220001220703125,32.2776985168457,5195.0
2023-03-09 12:57:00,FLIC,16.09000015258789,16.09000015258789,16.09000015258789,16.065000534057617,16.065000534057617,777.0
2023-03-09 12:57:00,FMBH,28.010000228881836,28.010000228881836,28.010000228881836,28.010000228881836,28.010000228881836,100.0
2023-03-09 12:57:00,FMIV,10.119999885559082,10.119999885559082,10.119999885559082,10.119999885559082,10.119999885559082,100.0
2023-03-09 12:57:00,FMNB,13.229999542236328,13.229999542236328,13.229999542236328,13.199999809265137,13.199999809265137,5370.0
2023-03-09 12:57:00,FOCS,51.630001068115234,51.630001068115234,51.650001525878906,51.630001068115234,51.650001525878906,3110.0
2023-03-09 12:57:00,FRBA,12.899999618530273,12.899999618530273,12.899999618530273,12.899999618530273,12.899999618530273,526.0
2023-03-09 12:57:00,FRME,37.48500061035156,37.48500061035156,37.48500061035156,37.48500061035156,37.48500061035156,404.0
2023-03-09 12:57:00,FULT,15.739999771118164,15.739999771118164,15.75,15.739999771118164,15.75,1147.0
2023-03-09 12:57:00,FUTU,46.28499984741211,46.28499984741211,46.29999923706055,46.26499938964844,46.279998779296875,11205.0
2023-03-09 12:57:00,FVCB,13.234999656677246,13.234999656677246,13.234999656677246,13.234999656677246,13.234999656677246,133.0
2023-03-09 12:57:00,GBDC,13.395000457763672,13.395000457763672,13.395000457763672,13.393099784851074,13.393099784851074,912.0
2023-03-09 12:57:00,GGAL,12.789999961853027,12.789999961853027,12.789999961853027,12.779999732971191,12.779999732971191,362.0
2023-03-09 12:57:00,GLAD,9.838600158691406,9.838600158691406,9.838600158691406,9.838600158691406,9.838600158691406,157.0
2023-03-09 12:57:00,GNTY,29.219999313354492,29.219999313354492,29.219999313354492,29.110000610351562,29.110000610351562,679.0
2023-03-09 12:57:00,GOCO,18.610000610351562,18.610000610351562,18.610000610351562,18.610000610351562,18.610000610351562,110.0
2023-03-09 12:57:00,GSHD,52.790000915527344,52.790000915527344,52.79999923706055,52.790000915527344,52.79999923706055,302.0
2023-03-09 12:57:00,HBAN,13.914999961853027,13.914999961853027,13.930000305175781,13.90999984741211,13.925000190734863,21156.0
2023-03-09 12:57:00,HBNC,13.850000381469727,13.850000381469727,13.880000114440918,13.850000381469727,13.880000114440918,959.0
2023-03-09 12:57:00,HBT,21.979999542236328,21.979999542236328,22.0,21.950000762939453,21.989999771118164,3120.0
2023-03-09 12:57:00,HFWA,24.559999465942383,24.559999465942383,24.559999465942383,24.559900283813477,24.559900283813477,2473.0
2023-03-09 12:57:00,HIVE,2.575000047683716,2.575000047683716,2.575000047683716,2.575000047683716,2.575000047683716,111.0
2023-03-09 12:57:00,HMST,22.549999237060547,22.549999237060547,22.59000015258789,22.5,22.59000015258789,1018.0
2023-03-09 12:57:00,HONE,12.779999732971191,12.779999732971191,12.779999732971191,12.779999732971191,12.779999732971191,156.0
2023-03-09 12:57:00,HOPE,11.704999923706055,11.704999923706055,11.725000381469727,11.704999923706055,11.725000381469727,1000.0
2023-03-09 12:57:00,HTBK,10.898799896240234,10.898799896240234,10.898799896240234,10.898799896240234,10.898799896240234,303.0
2023-03-09 12:57:00,HTLF,45.6150016784668,45.6150016784668,45.75,45.6150016784668,45.75,2331.0
2023-03-09 12:57:00,HUT,1.3499000072479248,1.3499000072479248,1.350000023841858,1.340000033378601,1.350000023841858,14277.0
2023-03-09 12:57:00,HWC,44.09000015258789,44.09000015258789,44.15999984741211,44.09000015258789,44.15999984741211,4129.0
2023-03-09 12:57:00,IBKR,87.16999816894531,87.16999816894531,87.16999816894531,87.16999816894531,87.16999816894531,158.0
2023-03-09 12:57:00,IBOC,45.0,45.0,45.0,45.0,45.0,1098.0
2023-03-09 12:57:00,IBTX,52.68000030517578,52.68000030517578,52.68000030517578,52.68000030517578,52.68000030517578,378.0
2023-03-09 12:57:00,ICMB,3.9600000381469727,3.9600000381469727,3.9600000381469727,3.9600000381469727,3.9600000381469727,618.0
2023-03-09 12:57:00,INDB,71.62999725341797,71.62999725341797,71.62999725341797,71.62999725341797,71.62999725341797,301.0
2023-03-09 12:57:00,INTR,2.0,2.0,2.0,2.0,2.0,110.0
2023-03-09 12:58:00,ABCB,42.86000061035156,42.86000061035156,42.89500045776367,42.86000061035156,42.88999938964844,1711.0
2023-03-09 12:58:00,ACGL,69.83999633789062,69.83999633789062,69.83999633789062,69.82499694824219,69.83999633789062,4351.0
2023-03-09 12:58:00,ACGLN,18.836000442504883,18.836000442504883,18.836000442504883,18.836000442504883,18.836000442504883,162.0
2023-03-09 12:58:00,APLD,2.0799999237060547,2.0799999237060547,2.0850000381469727,2.0799999237060547,2.0850000381469727,3982.0
2023-03-09 12:58:00,APMI,10.199999809265137,10.199999809265137,10.199999809265137,10.199999809265137,10.199999809265137,100.0
2023-03-09 12:58:00,ARCC,18.889299392700195,18.889299392700195,18.88990020751953,18.8799991607666,18.885000228881836,3051.0
2023-03-09 12:58:00,ATLO,23.360000610351562,23.360000610351562,23.360000610351562,23.360000610351562,23.360000610351562,158.0
2023-03-09 12:58:00,AUB,36.869998931884766,36.869998931884766,36.869998931884766,36.869998931884766,36.869998931884766,189.0
2023-03-09 12:58:00,BANR,57.849998474121094,57.849998474121094,57.849998474121094,57.849998474121094,57.849998474121094,393.0
2023-03-09 12:58:00,BFIN,10.25,10.25,10.25,10.25,10.25,127.0
2023-03-09 12:58:00,BFST,18.6200008392334,18.6200008392334,18.639999389648438,18.610000610351562,18.639999389648438,1014.0
2023-03-09 12:58:00,BGCP,4.994999885559082,4.994999885559082,5.0,4.994999885559082,5.0,262.0
2023-03-09 12:58:00,BHFAO,24.84000015258789,24.84000015258789,24.84000015258789,24.829999923706055,24.84000015258789,1000.0
2023-03-09 12:58:00,BITF,0.7609999775886536,0.7609999775886536,0.7649999856948853,0.7609999775886536,0.7649999856948853,1524.0
2023-03-09 12:58:00,BKCC,3.6600000858306885,3.6600000858306885,3.6700000762939453,3.6600000858306885,3.6700000762939453,3414.0
2023-03-09 12:58:00,BMRC,26.829999923706055,26.829999923706055,26.829999923706055,26.829999923706055,26.829999923706055,3264.0
2023-03-09 12:58:00,BOKF,95.7699966430664,95.7699966430664,95.7699966430664,95.7699966430664,95.7699966430664,389.0
2023-03-09 12:58:00,BPOP,62.400001525878906,62.400001525878906,62.43000030517578,62.38999938964844,62.43000030517578,1820.0
2023-03-09 12:58:00,BRKL,11.470000267028809,11.470000267028809,11.470000267028809,11.460000038146973,11.460000038146973,2328.0
2023-03-09 12:58:00,BRP,25.815000534057617,25.815000534057617,25.815000534057617,25.815000534057617,25.815000534057617,100.0
2023-03-09 12:58:00,BSRR,19.405000686645508,19.405000686645508,19.405000686645508,19.405000686645508,19.405000686645508,280.0
2023-03-09 12:58:00,BTBT,1.1299999952316284,1.1299999952316284,1.1354999542236328,1.1299999952316284,1.1299999952316284,300.0
2023-03-09 12:58:00,BTCS,1.2400000095367432,1.2400000095367432,1.2400000095367432,1.2400000095367432,1.2400000095367432,508.0
2023-03-09 12:58:00,BUSE,22.5,22.5,22.5,22.5,22.5,288.0
2023-03-09 12:58:00,CAC,38.83000183105469,38.83000183105469,38.83000183105469,38.83000183105469,38.83000183105469,598.0
2023-03-09 12:58:00,CASH,47.18000030517578,47.18000030517578,47.20000076293945,47.18000030517578,47.20000076293945,822.0
2023-03-09 12:58:00,CBNK,18.75,18.75,18.790000915527344,18.75,18.790000915527344,1567.0
2023-03-09 12:58:00,CBRG,10.409299850463867,10.409299850463867,10.409299850463867,10.409299850463867,10.409299850463867,107.0
2023-03-09 12:58:00,CBSH,61.79999923706055,61.79999923706055,61.810001373291016,61.790000915527344,61.79499816894531,2154.0
2023-03-09 12:58:00,CCAP,14.895000457763672,14.895000457763672,14.920000076293945,14.859999656677246,14.859999656677246,2700.0
2023-03-09 12:58:00,CFB,12.289999961853027,12.289999961853027,12.289999961853027,12.289999961853027,12.289999961853027,254.0
2023-03-09 12:58:00,CG,34.06999969482422,34.06999969482422,34.06999969482422,34.01499938964844,34.01499938964844,19640.0
2023-03-09 12:58:00,CGBD,14.895400047302246,14.895400047302246,14.899200439453125,14.880000114440918,14.885000228881836,3629.0
2023-03-09 12:58:00,CHCO,90.70999908447266,90.70999908447266,90.70999908447266,90.70999908447266,90.70999908447266,553.0
2023-03-09 12:58:00,CIFR,1.440000057220459,1.440000057220459,1.440000057220459,1.440000057220459,1.440000057220459,200.0
2023-03-09 12:58:00,CMCAW,0.10000000149011612,0.10000000149011612,0.10000000149011612,0.10000000149011612,0.10000000149011612,100.0
2023-03-09 12:58:00,CME,178.55999755859375,178.55999755859375,178.5749969482422,178.55999755859375,178.5749969482422,228.0
2023-03-09 12:58:00,CNOB,21.719999313354492,21.719999313354492,21.729999542236328,21.719999313354492,21.729999542236328,306.0
2023-03-09 12:58:00,COLB,25.204999923706055,25.204999923706055,25.235000610351562,25.200000762939453,25.229999542236328,15793.0
2023-03-09 12:58:00,COOP,44.060001373291016,44.060001373291016,44.10499954223633,44.060001373291016,44.10499954223633,229.0
2023-03-09 12:58:00,CVBF,21.81999969482422,21.81999969482422,21.81999969482422,21.81999969482422,21.81999969482422,675.0
2023-03-09 12:58:00,DALS,10.125,10.125,10.125,10.125,10.125,400.0
2023-03-09 12:58:00,DCOM,29.43000030517578,29.43000030517578,29.43000030517578,29.43000030517578,29.43000030517578,166.0
2023-03-09 12:58:00,DGNU,9.914999961853027,9.914999961853027,9.914999961853027,9.914999961853027,9.914999961853027,1011.0
2023-03-09 12:58:00,DWACW,3.180000066757202,3.180000066757202,3.180000066757202,3.1700000762939453,3.1700000762939453,2000.0
2023-03-09 12:58:00,EBC,14.550000190734863,14.550000190734863,14.5600004196167,14.545000076293945,14.5600004196167,3737.0
2023-03-09 12:58:00,EFSC,51.55500030517578,51.55500030517578,51.55500030517578,51.55500030517578,51.55500030517578,402.0
2023-03-09 12:58:00,EHTH,8.845000267028809,8.845000267028809,8.845000267028809,8.845000267028809,8.845000267028809,100.0
2023-03-09 12:58:00,ESSA,18.704999923706055,18.704999923706055,18.704999923706055,18.704999923706055,18.704999923706055,100.0
2023-03-09 12:58:00,EWBC,67.7300033569336,67.7300033569336,67.76000213623047,67.7300033569336,67.76000213623047,619.0
2023-03-09 12:58:00,EZPW,8.835000038146973,8.835000038146973,8.835000038146973,8.835000038146973,8.835000038146973,305.0
2023-03-09 12:58:00,FBNC,38.900001525878906,38.900001525878906,38.900001525878906,38.849998474121094,38.86000061035156,2140.0
2023-03-09 12:58:00,FCNCA,647.719970703125,647.719970703125,647.719970703125,647.719970703125,647.719970703125,257.0
2023-03-09 12:58:00,FCRD,4.590000152587891,4.590000152587891,4.590000152587891,4.590000152587891,4.590000152587891,300.0
2023-03-09 12:58:00,FFIC,17.190000534057617,17.190000534057617,17.190000534057617,17.190000534057617,17.190000534057617,239.0
2023-03-09 12:58:00,FFIN,33.65999984741211,33.65999984741211,33.66999816894531,33.65999984741211,33.66999816894531,1188.0
2023-03-09 12:58:00,FFWM,12.890000343322754,12.890000343322754,12.930000305175781,12.890000343322754,12.930000305175781,3904.0
2023-03-09 12:58:00,FHB,24.079999923706055,24.079999923706055,24.100000381469727,24.079999923706055,24.100000381469727,2968.0
2023-03-09 12:58:00,FIBK,32.22999954223633,32.22999954223633,32.22999954223633,32.22999954223633,32.22999954223633,223.0
2023-03-09 12:58:00,FITB,32.209999084472656,32.209999084472656,32.224998474121094,32.209999084472656,32.209999084472656,2946.0
2023-03-09 12:58:00,FITBO,22.155000686645508,22.155000686645508,22.155000686645508,22.155000686645508,22.155000686645508,100.0
2023-03-09 12:58:00,FMNB,13.1899995803833,13.1899995803833,13.210000038146973,13.1899995803833,13.210000038146973,423.0
2023-03-09 12:58:00,FNLC,28.18000030517578,28.18000030517578,28.2455997467041,28.18000030517578,28.2455997467041,670.0
2023-03-09 12:58:00,FNWB,13.649999618530273,13.649999618530273,13.649999618530273,13.649999618530273,13.649999618530273,853.0
2023-03-09 12:58:00,FOCS,51.6349983215332,51.6349983215332,51.6349983215332,51.6349983215332,51.6349983215332,200.0
2023-03-09 12:58:00,FRBA,12.899999618530273,12.899999618530273,12.90999984741211,12.899999618530273,12.899999618530273,9586.0
2023-03-09 12:58:00,FRHC,72.0199966430664,72.0199966430664,72.0199966430664,72.0199966430664,72.0199966430664,129.0
2023-03-09 12:58:00,FRME,37.47999954223633,37.47999954223633,37.47999954223633,37.47999954223633,37.47999954223633,360.0
2023-03-09 12:58:00,FSBW,33.2599983215332,33.2599983215332,33.2599983215332,33.2599983215332,33.2599983215332,106.0
2023-03-09 12:58:00,FULT,15.720000267028809,15.720000267028809,15.739999771118164,15.720000267028809,15.729999542236328,1162.0
2023-03-09 12:58:00,FUTU,46.28499984741211,46.28499984741211,46.28499984741211,46.28499984741211,46.28499984741211,619.0
2023-03-09 12:58:00,GBDC,13.390000343322754,13.390000343322754,13.395000457763672,13.390000343322754,13.395000457763672,264.0
2023-03-09 12:58:00,GGAL,12.770000457763672,12.770000457763672,12.779999732971191,12.760000228881836,12.760100364685059,1998.0
2023-03-09 12:58:00,GOCO,18.6200008392334,18.6200008392334,18.6200008392334,18.6200008392334,18.6200008392334,111.0
2023-03-09 12:58:00,GSHD,52.70000076293945,52.70000076293945,52.70000076293945,52.70000076293945,52.70000076293945,269.0
2023-03-09 12:58:00,GXII,10.119999885559082,10.119999885559082,10.119999885559082,10.119999885559082,10.119999885559082,100.0
2023-03-09 12:58:00,HBAN,13.914999961853027,13.914999961853027,13.914999961853027,13.904999732971191,13.90999984741211,37258.0
2023-03-09 12:58:00,HBANP,19.1299991607666,19.1299991607666,19.1299991607666,19.1299991607666,19.1299991607666,160.0
2023-03-09 12:58:00,HIVE,2.571500062942505,2.571500062942505,2.571500062942505,2.571500062942505,2.571500062942505,400.0
2023-03-09 12:58:00,HONE,12.770000457763672,12.770000457763672,12.770000457763672,12.765000343322754,12.770000457763672,3146.0
2023-03-09 12:58:00,HOPE,11.699999809265137,11.699999809265137,11.699999809265137,11.699999809265137,11.699999809265137,308.0
2023-03-09 12:58:00,HRZN,11.930000305175781,11.930000305175781,11.930000305175781,11.930000305175781,11.930000305175781,981.0
2023-03-09 12:58:00,HTBK,10.890000343322754,10.890000343322754,10.890000343322754,10.890000343322754,10.890000343322754,313.0
2023-03-09 12:58:00,HUT,1.340000033378601,1.340000033378601,1.3437000513076782,1.340000033378601,1.3437000513076782,2540.0
2023-03-09 12:58:00,HWC,44.04999923706055,44.04999923706055,44.04999923706055,44.04999923706055,44.04999923706055,219.0
2023-03-09 12:58:00,IBCP,20.450000762939453,20.450000762939453,20.450000762939453,20.450000762939453,20.450000762939453,156.0
2023-03-09 12:59:00,ACGL,69.83999633789062,69.83999633789062,69.83999633789062,69.81999969482422,69.83999633789062,8423.0
2023-03-09 12:59:00,APLD,2.0799999237060547,2.0799999237060547,2.0799999237060547,2.0799999237060547,2.0799999237060547,116.0
2023-03-09 12:59:00,APMI,10.25,10.25,10.25,10.220000267028809,10.220000267028809,1986.0
2023-03-09 12:59:00,ARCC,18.88249969482422,18.88249969482422,18.889999389648438,18.8799991607666,18.8799991607666,6507.0
2023-03-09 12:59:00,AUB,36.81999969482422,36.81999969482422,36.88999938964844,36.81999969482422,36.85499954223633,958.0
2023-03-09 12:59:00,BANF,85.73500061035156,85.73500061035156,85.73500061035156,85.6500015258789,85.6500015258789,3087.0
2023-03-09 12:59:00,BANR,57.7599983215332,57.7599983215332,57.79999923706055,57.7599983215332,57.79999923706055,1794.0
2023-03-09 12:59:00,BHF,52.56999969482422,52.56999969482422,52.619998931884766,52.56999969482422,52.619998931884766,2209.0
2023-03-09 12:59:00,BHFAO,24.84000015258789,24.84000015258789,24.84000015258789,24.84000015258789,24.84000015258789,617.0
2023-03-09 12:59:00,BITF,0.7601500153541565,0.7601500153541565,0.760200023651123,0.7601000070571899,0.7601000070571899,2619.0
2023-03-09 12:59:00,BPOP,62.34000015258789,62.34000015258789,62.34000015258789,62.34000015258789,62.34000015258789,440.0
2023-03-09 12:59:00,BPRN,33.25,33.25,33.25,33.25,33.25,250.0
2023-03-09 12:59:00,BRKL,11.473999977111816,11.473999977111816,11.473999977111816,11.470000267028809,11.470000267028809,600.0
2023-03-09 12:59:00,BRP,25.790000915527344,25.790000915527344,25.790000915527344,25.790000915527344,25.790000915527344,800.0
2023-03-09 12:59:00,BTBT,1.1299999952316284,1.1299999952316284,1.1299999952316284,1.1299999952316284,1.1299999952316284,280.0
2023-03-09 12:59:00,BUSE,22.489999771118164,22.489999771118164,22.489999771118164,22.489999771118164,22.489999771118164,159.0
2023-03-09 12:59:00,CATY,39.122100830078125,39.122100830078125,39.122100830078125,39.122100830078125,39.122100830078125,2814.0
2023-03-09 12:59:00,CBSH,61.7599983215332,61.7599983215332,61.79999923706055,61.7400016784668,61.79999923706055,8524.0
2023-03-09 12:59:00,CCD,22.996299743652344,22.996299743652344,22.996299743652344,22.996299743652344,22.996299743652344,373.0
2023-03-09 12:59:00,CG,34.04999923706055,34.04999923706055,34.06999969482422,34.040000915527344,34.064998626708984,15040.0
2023-03-09 12:59:00,CME,178.74000549316406,178.74000549316406,178.74000549316406,178.60679626464844,178.6199951171875,2923.0
2023-03-09 12:59:00,CNOB,21.709999084472656,21.709999084472656,21.709999084472656,21.709999084472656,21.709999084472656,207.0
2023-03-09 12:59:00,COLB,25.200000762939453,25.200000762939453,25.2450008392334,25.200000762939453,25.209999084472656,22045.0
2023-03-09 12:59:00,COOP,44.04999923706055,44.04999923706055,44.10499954223633,44.04999923706055,44.10499954223633,770.0
2023-03-09 12:59:00,CSQ,13.979999542236328,13.979999542236328,13.979999542236328,13.979999542236328,13.979999542236328,109.0
2023-03-09 12:59:00,CSWC,18.295000076293945,18.295000076293945,18.299999237060547,18.295000076293945,18.299999237060547,3445.0
2023-03-09 12:59:00,CVBF,21.815000534057617,21.815000534057617,21.829999923706055,21.809999465942383,21.829999923706055,626.0
2023-03-09 12:59:00,DNAB,10.20009994506836,10.20009994506836,10.20009994506836,10.199999809265137,10.20009994506836,1503.0
2023-03-09 12:59:00,DWAC,14.0649995803833,14.0649995803833,14.0649995803833,14.0649995803833,14.0649995803833,779.0
2023-03-09 12:59:00,EBC,14.545000076293945,14.545000076293945,14.550000190734863,14.539999961853027,14.550000190734863,1981.0
2023-03-09 12:59:00,ECPG,50.43000030517578,50.43000030517578,50.43000030517578,50.43000030517578,50.43000030517578,855.0
2023-03-09 12:59:00,EGBN,40.46500015258789,40.46500015258789,40.46500015258789,40.439998626708984,40.439998626708984,525.0
2023-03-09 12:59:00,EHTH,8.850000381469727,8.850000381469727,8.850000381469727,8.850000381469727,8.850000381469727,200.0
2023-03-09 12:59:00,ESSA,18.729999542236328,18.729999542236328,18.729999542236328,18.729999542236328,18.729999542236328,150.0
2023-03-09 12:59:00,EWBC,67.67500305175781,67.67500305175781,67.76499938964844,67.67500305175781,67.73999786376953,3483.0
2023-03-09 12:59:00,FBNC,38.91999816894531,38.91999816894531,38.91999816894531,38.900001525878906,38.900001525878906,1963.0
2023-03-09 12:59:00,FCFS,88.20999908447266,88.20999908447266,88.20999908447266,88.20999908447266,88.20999908447266,415.0
2023-03-09 12:59:00,FCNCA,646.7999877929688,646.7999877929688,647.2949829101562,646.0900268554688,647.2949829101562,2156.0
2023-03-09 12:59:00,FFBC,22.3799991607666,22.3799991607666,22.3799991607666,22.3799991607666,22.3799991607666,294.0
2023-03-09 12:59:00,FFIC,17.190000534057617,17.190000534057617,17.200000762939453,17.190000534057617,17.190000534057617,1043.0
2023-03-09 12:59:00,FFIN,33.619998931884766,33.619998931884766,33.619998931884766,33.619998931884766,33.619998931884766,512.0
2023-03-09 12:59:00,FFWM,12.880000114440918,12.880000114440918,12.880000114440918,12.880000114440918,12.880000114440918,454.0
2023-03-09 12:59:00,FHB,24.049999237060547,24.049999237060547,24.059999465942383,24.049999237060547,24.059999465942383,2044.0
2023-03-09 12:59:00,FISI,23.1299991607666,23.1299991607666,23.1299991607666,23.1299991607666,23.1299991607666,470.0
2023-03-09 12:59:00,FITB,32.207698822021484,32.207698822021484,32.224998474121094,32.207698822021484,32.220001220703125,2938.0
2023-03-09 12:59:00,FITBI,25.174999237060547,25.174999237060547,25.174999237060547,25.174999237060547,25.174999237060547,310.0
2023-03-09 12:59:00,FLIC,16.110000610351562,16.110000610351562,16.149999618530273,16.109899520874023,16.110000610351562,7743.0
2023-03-09 12:59:00,FMNB,13.199999809265137,13.199999809265137,13.199999809265137,13.1899995803833,13.1899995803833,249.0
2023-03-09 12:59:00,FNLC,28.18000030517578,28.18000030517578,28.18000030517578,28.18000030517578,28.18000030517578,700.0
2023-03-09 12:59:00,FOCS,51.64500045776367,51.64500045776367,51.650001525878906,51.63999938964844,51.63999938964844,2864.0
2023-03-09 12:59:00,FRBA,12.899999618530273,12.899999618530273,12.899999618530273,12.899999618530273,12.899999618530273,225.0
2023-03-09 12:59:00,FRME,37.439998626708984,37.439998626708984,37.45009994506836,37.439998626708984,37.45009994506836,1628.0
2023-03-09 12:59:00,FRST,10.869999885559082,10.869999885559082,10.90999984741211,10.869999885559082,10.90999984741211,1171.0
2023-03-09 12:59:00,FULT,15.710000038146973,15.710000038146973,15.720000267028809,15.710000038146973,15.720000267028809,1620.0
2023-03-09 12:59:00,FUTU,46.2781982421875,46.2781982421875,46.31999969482422,46.27000045776367,46.28499984741211,2552.0
2023-03-09 12:59:00,FVCB,13.25,13.25,13.25,13.199999809265137,13.199999809265137,528.0
2023-03-09 12:59:00,GBDC,13.395000457763672,13.395000457763672,13.395000457763672,13.385000228881836,13.390000343322754,3557.0
2023-03-09 12:59:00,GLRE,10.020000457763672,10.020000457763672,10.020000457763672,10.020000457763672,10.020000457763672,300.0
2023-03-09 12:59:00,HAFC,21.780000686645508,21.780000686645508,21.780000686645508,21.780000686645508,21.780000686645508,544.0
2023-03-09 12:59:00,HBAN,13.899999618530273,13.899999618530273,13.914999961853027,13.899999618530273,13.90999984741211,12114.0
2023-03-09 12:59:00,HBANP,19.116100311279297,19.116100311279297,19.116100311279297,19.116100311279297,19.116100311279297,200.0
2023-03-09 12:59:00,HBNC,13.850000381469727,13.850000381469727,13.850000381469727,13.850000381469727,13.850000381469727,299.0
2023-03-09 12:59:00,HBT,22.0,22.0,22.0,22.0,22.0,615.0
2023-03-09 12:59:00,HGBL,2.480299949645996,2.480299949645996,2.490000009536743,2.480299949645996,2.490000009536743,1200.0
2023-03-09 12:59:00,HLNE,76.13999938964844,76.13999938964844,76.13999938964844,76.13999938964844,76.13999938964844,1372.0
2023-03-09 12:59:00,HMST,22.549999237060547,22.549999237060547,22.549999237060547,22.549999237060547,22.549999237060547,640.0
2023-03-09 12:59:00,HOPE,11.680000305175781,11.680000305175781,11.699999809265137,11.680000305175781,11.699999809265137,3583.0
2023-03-09 12:59:00,HTBK,10.880000114440918,10.880000114440918,10.890000343322754,10.880000114440918,10.890000343322754,700.0
2023-03-09 12:59:00,HUT,1.3450000286102295,1.3450000286102295,1.3499000072479248,1.340000033378601,1.3450000286102295,9742.0
2023-03-09 12:59:00,HWC,44.060001373291016,44.060001373291016,44.060001373291016,44.060001373291016,44.060001373291016,268.0
2023-03-09 12:59:00,IBKR,87.16549682617188,87.16549682617188,87.17500305175781,87.13999938964844,87.17500305175781,4457.0
2023-03-09 12:59:00,INTR,2.0,2.0,2.0199999809265137,2.0,2.0,3652.0
2023-03-09 13:00:00,ACGL,69.83999633789062,69.83999633789062,69.8499984741211,69.83000183105469,69.83999633789062,13935.0
2023-03-09 13:00:00,ACGLN,18.838600158691406,18.838600158691406,18.838600158691406,18.838600158691406,18.838600158691406,490.0
2023-03-09 13:00:00,ACGLO,22.54400062561035,22.54400062561035,22.54400062561035,22.54400062561035,22.54400062561035,361.0
2023-03-09 13:00:00,ACT,24.100000381469727,24.100000381469727,24.100000381469727,24.100000381469727,24.100000381469727,376.0
2023-03-09 13:00:00,AMAL,21.010000228881836,21.010000228881836,21.010000228881836,20.969999313354492,20.969999313354492,2668.0
2023-03-09 13:00:00,APLD,2.0850000381469727,2.0850000381469727,2.0850000381469727,2.0850000381469727,2.0850000381469727,204.0
2023-03-09 13:00:00,ARCC,18.889999389648438,18.889999389648438,18.889999389648438,18.8882999420166,18.88920021057129,1435.0
2023-03-09 13:00:00,AUB,36.810001373291016,36.810001373291016,36.81999969482422,36.810001373291016,36.81999969482422,2658.0
2023-03-09 13:00:00,BGCP,4.994999885559082,4.994999885559082,4.994999885559082,4.994999885559082,4.994999885559082,420.0
2023-03-09 13:00:00,BHF,52.63999938964844,52.63999938964844,52.650001525878906,52.595001220703125,52.619998931884766,2736.0
2023-03-09 13:00:00,BHFAN,18.800899505615234,18.800899505615234,18.800899505615234,18.800899505615234,18.800899505615234,1000.0
2023-03-09 13:00:00,BKCC,3.6600000858306885,3.6600000858306885,3.6600000858306885,3.6600000858306885,3.6600000858306885,430.0
2023-03-09 13:00:00,BLFY,11.420000076293945,11.420000076293945,11.420000076293945,11.420000076293945,11.420000076293945,223.0
2023-03-09 13:00:00,BMRC,26.809999465942383,26.809999465942383,26.889999389648438,26.809999465942383,26.829999923706055,9569.0
2023-03-09 13:00:00,BOKF,95.66999816894531,95.66999816894531,95.66999816894531,95.55999755859375,95.55999755859375,790.0
2023-03-09 13:00:00,BPOP,62.38999938964844,62.38999938964844,62.38999938964844,62.27000045776367,62.27000045776367,1491.0
2023-03-09 13:00:00,BTBT,1.1299999952316284,1.1299999952316284,1.1349999904632568,1.1299999952316284,1.1299999952316284,580.0
2023-03-09 13:00:00,BUSE,22.520000457763672,22.520000457763672,22.520000457763672,22.510000228881836,22.510000228881836,394.0
2023-03-09 13:00:00,CASH,47.18000030517578,47.18000030517578,47.18000030517578,47.18000030517578,47.18000030517578,130.0
2023-03-09 13:00:00,CBSH,61.7599983215332,61.7599983215332,61.77000045776367,61.720001220703125,61.77000045776367,10054.0
2023-03-09 13:00:00,CFFN,7.53000020980835,7.53000020980835,7.53000020980835,7.53000020980835,7.53000020980835,2711.0
2023-03-09 13:00:00,CG,34.060001373291016,34.060001373291016,34.060001373291016,34.040000915527344,34.04999923706055,6765.0
2023-03-09 13:00:00,CGBD,14.8774995803833,14.8774995803833,14.8774995803833,14.8774995803833,14.8774995803833,100.0
2023-03-09 13:00:00,CINF,115.9800033569336,115.9800033569336,115.98999786376953,115.9800033569336,115.98999786376953,580.0
2023-03-09 13:00:00,CME,178.77000427246094,178.77000427246094,178.80999755859375,178.72500610351562,178.72500610351562,2385.0
2023-03-09 13:00:00,CNOB,21.68000030517578,21.68000030517578,21.709999084472656,21.68000030517578,21.709999084472656,520.0
2023-03-09 13:00:00,COLB,25.200000762939453,25.200000762939453,25.209999084472656,25.19499969482422,25.200000762939453,2725.0
2023-03-09 13:00:00,COOP,44.040000915527344,44.040000915527344,44.040000915527344,44.0099983215332,44.040000915527344,1389.0
2023-03-09 13:00:00,CRVL,179.27999877929688,179.27999877929688,179.32000732421875,179.27999877929688,179.32000732421875,217.0
2023-03-09 13:00:00,CSWC,18.290199279785156,18.290199279785156,18.290199279785156,18.290199279785156,18.290199279785156,650.0
2023-03-09 13:00:00,CTBI,40.27000045776367,40.27000045776367,40.27000045776367,40.27000045776367,40.27000045776367,570.0
2023-03-09 13:00:00,CVBF,21.825000762939453,21.825000762939453,21.825000762939453,21.815000534057617,21.815000534057617,1197.0
2023-03-09 13:00:00,CVCY,24.399999618530273,24.399999618530273,24.399999618530273,24.399999618530273,24.399999618530273,397.0
2023-03-09 13:00:00,DCOM,29.399999618530273,29.399999618530273,29.399999618530273,29.399999618530273,29.399999618530273,520.0
2023-03-09 13:00:00,DWACW,3.109999895095825,3.109999895095825,3.109999895095825,3.109999895095825,3.109999895095825,1034.0
2023-03-09 13:00:00,EBC,14.54010009765625,14.54010009765625,14.545000076293945,14.529999732971191,14.539999961853027,7725.0
2023-03-09 13:00:00,EFSC,51.4900016784668,51.4900016784668,51.56999969482422,51.4900016784668,51.5,833.0
2023-03-09 13:00:00,EHTH,8.845000267028809,8.845000267028809,8.845000267028809,8.845000267028809,8.845000267028809,104.0
2023-03-09 13:00:00,ESQ,41.70000076293945,41.70000076293945,41.70000076293945,41.70000076293945,41.70000076293945,115.0
2023-03-09 13:00:00,EWBC,67.74189758300781,67.74189758300781,67.74189758300781,67.70999908447266,67.70999908447266,2066.0
2023-03-09 13:00:00,EZPW,8.835000038146973,8.835000038146973,8.835000038146973,8.835000038146973,8.835000038146973,429.0
2023-03-09 13:00:00,FBMS,28.71500015258789,28.71500015258789,28.71500015258789,28.71500015258789,28.71500015258789,249.0
2023-03-09 13:00:00,FBNC,38.88999938964844,38.88999938964844,38.90999984741211,38.880001068115234,38.880001068115234,2516.0
2023-03-09 13:00:00,FCFS,88.26000213623047,88.26000213623047,88.26000213623047,88.25,88.25,586.0
2023-03-09 13:00:00,FCNCA,646.469970703125,646.469970703125,647.0,646.1400146484375,646.1400146484375,1249.0
2023-03-09 13:00:00,FCRD,4.53000020980835,4.53000020980835,4.53000020980835,4.53000020980835,4.53000020980835,100.0
2023-03-09 13:00:00,FFBC,22.360000610351562,22.360000610351562,22.360000610351562,22.360000610351562,22.360000610351562,677.0
2023-03-09 13:00:00,FFIN,33.630001068115234,33.630001068115234,33.630001068115234,33.630001068115234,33.630001068115234,726.0
2023-03-09 13:00:00,FFWM,12.890000343322754,12.890000343322754,12.90999984741211,12.890000343322754,12.890000343322754,634.0
2023-03-09 13:00:00,FHB,24.059999465942383,24.059999465942383,24.059999465942383,24.05500030517578,24.05500030517578,1277.0
2023-03-09 13:00:00,FIBK,32.220001220703125,32.220001220703125,32.220001220703125,32.220001220703125,32.220001220703125,852.0
2023-03-09 13:00:00,FITB,32.220001220703125,32.220001220703125,32.224998474121094,32.20000076293945,32.20000076293945,8729.0
2023-03-09 13:00:00,FITBI,25.18000030517578,25.18000030517578,25.18000030517578,25.18000030517578,25.18000030517578,295.0
2023-03-09 13:00:00,FITBO,22.155000686645508,22.155000686645508,22.155000686645508,22.155000686645508,22.155000686645508,432.0
2023-03-09 13:00:00,FMNB,13.1899995803833,13.1899995803833,13.1899995803833,13.1899995803833,13.1899995803833,104.0
2023-03-09 13:00:00,FNLC,28.18000030517578,28.18000030517578,28.18000030517578,28.18000030517578,28.18000030517578,826.0
2023-03-09 13:00:00,FOCS,51.63999938964844,51.63999938964844,51.64500045776367,51.63999938964844,51.64500045776367,1082.0
2023-03-09 13:00:00,FRBA,12.899999618530273,12.899999618530273,12.899999618530273,12.899999618530273,12.899999618530273,208.0
2023-03-09 13:00:00,FRBK,1.7549999952316284,1.7549999952316284,1.7549999952316284,1.7549999952316284,1.7549999952316284,501.0
2023-03-09 13:00:00,FUTU,46.31999969482422,46.31999969482422,46.34000015258789,46.27000045776367,46.279998779296875,2826.0
2023-03-09 13:00:00,FVCB,13.237099647521973,13.237099647521973,13.25,13.237099647521973,13.25,200.0
2023-03-09 13:00:00,GBDC,13.395000457763672,13.395000457763672,13.395000457763672,13.390000343322754,13.390000343322754,575.0
2023-03-09 13:00:00,GCMG,8.449999809265137,8.449999809265137,8.449999809265137,8.449999809265137,8.449999809265137,628.0
2023-03-09 13:00:00,GFGD,10.220000267028809,10.220000267028809,10.220000267028809,10.220000267028809,10.220000267028809,107.0
2023-03-09 13:00:00,GLRE,10.020000457763672,10.020000457763672,10.020000457763672,10.020000457763672,10.020000457763672,100.0
2023-03-09 13:00:00,GOCO,18.81999969482422,18.81999969482422,18.81999969482422,18.6200008392334,18.6200008392334,305.0
2023-03-09 13:00:00,GREE,0.4399999976158142,0.4399999976158142,0.4399999976158142,0.4399999976158142,0.4399999976158142,233.0
2023-03-09 13:00:00,GXII,10.119999885559082,10.119999885559082,10.119999885559082,10.119999885559082,10.119999885559082,100.0
2023-03-09 13:00:00,HAFC,21.780000686645508,21.780000686645508,21.780000686645508,21.780000686645508,21.780000686645508,755.0
2023-03-09 13:00:00,HBAN,13.90999984741211,13.90999984741211,13.90999984741211,13.899999618530273,13.899999618530273,8353.0
2023-03-09 13:00:00,HBANP,19.059999465942383,19.059999465942383,19.190000534057617,19.059999465942383,19.190000534057617,571.0
2023-03-09 13:00:00,HIVE,2.5708000659942627,2.5708000659942627,2.5708000659942627,2.5708000659942627,2.5708000659942627,525.0
2023-03-09 13:00:00,HLNE,76.08000183105469,76.08000183105469,76.08000183105469,76.08000183105469,76.08000183105469,214.0
2023-03-09 13:00:00,HONE,12.770000457763672,12.770000457763672,12.774999618530273,12.765000343322754,12.774999618530273,3818.0
2023-03-09 13:00:00,HOPE,11.6850004196167,11.6850004196167,11.6850004196167,11.680000305175781,11.680000305175781,2662.0
2023-03-09 13:00:00,HTBI,27.6299991607666,27.6299991607666,27.6299991607666,27.6299991607666,27.6299991607666,220.0
2023-03-09 13:00:00,HTBK,10.880000114440918,10.880000114440918,10.880000114440918,10.880000114440918,10.880000114440918,190.0
2023-03-09 13:00:00,HUT,1.340000033378601,1.340000033378601,1.3450000286102295,1.340000033378601,1.3450000286102295,77527.0
2023-03-09 13:00:00,HWC,44.04999923706055,44.04999923706055,44.04999923706055,44.029998779296875,44.040000915527344,1766.0
2023-03-09 13:00:00,HYW,5.550000190734863,5.550000190734863,5.599999904632568,5.550000190734863,5.599999904632568,350.0
2023-03-09 13:00:00,IBCP,20.43000030517578,20.43000030517578,20.43000030517578,20.420000076293945,20.420000076293945,1029.0
2023-03-09 13:00:00,IBKR,87.29000091552734,87.29000091552734,87.34239959716797,87.20999908447266,87.20999908447266,1831.0
2023-03-09 13:00:00,INDB,71.5199966430664,71.5199966430664,71.62999725341797,71.51000213623047,71.62999725341797,1538.0
2023-03-09 13:01:00,ABCB,42.689998626708984,42.689998626708984,42.77000045776367,42.689998626708984,42.77000045776367,3608.0
2023-03-09 13:01:00,ACGL,69.75499725341797,69.75499725341797,69.87000274658203,69.75499725341797,69.8499984741211,21306.0
2023-03-09 13:01:00,ALRS,19.010000228881836,19.010000228881836,19.010000228881836,19.010000228881836,19.010000228881836,344.0
2023-03-09 13:01:00,AMAL,20.979999542236328,20.979999542236328,21.0,20.979999542236328,21.0,553.0
2023-03-09 13:01:00,AMTB,25.200000762939453,25.200000762939453,25.270000457763672,25.200000762939453,25.270000457763672,834.0
2023-03-09 13:01:00,APLD,2.0850000381469727,2.0850000381469727,2.0850000381469727,2.0850000381469727,2.0850000381469727,172.0
2023-03-09 13:01:00,ARCC,18.8799991607666,18.8799991607666,18.889999389648438,18.8799991607666,18.889999389648438,22203.0
2023-03-09 13:01:00,ATLO,23.520000457763672,23.520000457763672,23.520000457763672,23.520000457763672,23.520000457763672,111.0
2023-03-09 13:01:00,AUB,36.689998626708984,36.689998626708984,36.81999969482422,36.689998626708984,36.810001373291016,2938.0
2023-03-09 13:01:00,BCBP,15.8100004196167,15.8100004196167,15.84000015258789,15.8100004196167,15.84000015258789,1076.0
2023-03-09 13:01:00,BFST,18.600000381469727,18.600000381469727,18.600000381469727,18.600000381469727,18.600000381469727,606.0
2023-03-09 13:01:00,BGCP,4.994999885559082,4.994999885559082,5.0,4.994999885559082,5.0,1490.0
2023-03-09 13:01:00,BHF,52.529998779296875,52.529998779296875,52.61000061035156,52.529998779296875,52.61000061035156,1197.0
2023-03-09 13:01:00,BITF,0.7599999904632568,0.7599999904632568,0.7601000070571899,0.7599999904632568,0.7601000070571899,10788.0
2023-03-09 13:01:00,BLFY,11.399999618530273,11.399999618530273,11.399999618530273,11.399999618530273,11.399999618530273,352.0
2023-03-09 13:01:00,BMRC,26.809999465942383,26.809999465942383,26.809999465942383,26.809999465942383,26.809999465942383,4254.0
2023-03-09 13:01:00,BPOP,62.2599983215332,62.2599983215332,62.36000061035156,62.25,62.36000061035156,4864.0
2023-03-09 13:01:00,BRKL,11.425000190734863,11.425000190734863,11.460000038146973,11.420000076293945,11.460000038146973,2801.0
2023-03-09 13:01:00,BTBT,1.1299999952316284,1.1299999952316284,1.1349999904632568,1.1299999952316284,1.1301000118255615,5301.0
2023-03-09 13:01:00,BUSE,22.475000381469727,22.475000381469727,22.5,22.469999313354492,22.489999771118164,1265.0
2023-03-09 13:01:00,CARE,16.375,16.375,16.375,16.375,16.375,441.0
2023-03-09 13:01:00,CASH,46.869998931884766,46.869998931884766,47.150001525878906,46.86000061035156,47.150001525878906,9436.0
2023-03-09 13:01:00,CATY,38.93000030517578,38.93000030517578,39.029998779296875,38.93000030517578,39.029998779296875,1148.0
2023-03-09 13:01:00,CBSH,61.61000061035156,61.61000061035156,61.7599983215332,61.560001373291016,61.7599983215332,18324.0
2023-03-09 13:01:00,CCAP,14.899999618530273,14.899999618530273,14.899999618530273,14.899999618530273,14.899999618530273,100.0
2023-03-09 13:01:00,CCB,42.119998931884766,42.119998931884766,42.31999969482422,42.119998931884766,42.31999969482422,1182.0
2023-03-09 13:01:00,CCNE,22.469999313354492,22.469999313354492,22.489999771118164,22.469999313354492,22.489999771118164,437.0
2023-03-09 13:01:00,CFB,12.260000228881836,12.260000228881836,12.289999961853027,12.260000228881836,12.289999961853027,949.0
2023-03-09 13:01:00,CFFN,7.510000228881836,7.510000228881836,7.519999980926514,7.510000228881836,7.519999980926514,2753.0
2023-03-09 13:01:00,CG,34.040000915527344,34.040000915527344,34.06999969482422,34.025001525878906,34.04999923706055,39670.0
2023-03-09 13:01:00,CGBD,14.875,14.875,14.875,14.869999885559082,14.869999885559082,303.0
2023-03-09 13:01:00,CHCO,90.5,90.5,90.51000213623047,90.5,90.51000213623047,1186.0
2023-03-09 13:01:00,CIFR,1.4299999475479126,1.4299999475479126,1.4299999475479126,1.4299999475479126,1.4299999475479126,219.0
2023-03-09 13:01:00,CINF,115.87999725341797,115.87999725341797,116.02839660644531,115.8499984741211,115.98999786376953,2257.0
2023-03-09 13:01:00,CLBK,19.530000686645508,19.530000686645508,19.559999465942383,19.530000686645508,19.559999465942383,1394.0
2023-03-09 13:01:00,CME,178.73500061035156,178.73500061035156,178.8699951171875,178.66000366210938,178.8699951171875,2009.0
2023-03-09 13:01:00,CNOB,21.65999984741211,21.65999984741211,21.670000076293945,21.65999984741211,21.670000076293945,655.0
2023-03-09 13:01:00,COLB,25.155000686645508,25.155000686645508,25.21500015258789,25.155000686645508,25.200000762939453,61557.0
2023-03-09 13:01:00,COOP,43.959999084472656,43.959999084472656,44.02000045776367,43.959999084472656,44.02000045776367,1084.0
2023-03-09 13:01:00,CSTR,15.289999961853027,15.289999961853027,15.289999961853027,15.289999961853027,15.289999961853027,419.0
2023-03-09 13:01:00,CTBI,40.290000915527344,40.290000915527344,40.290000915527344,40.290000915527344,40.290000915527344,318.0
2023-03-09 13:01:00,CVBF,21.760000228881836,21.760000228881836,21.809999465942383,21.75,21.809999465942383,7916.0
2023-03-09 13:01:00,CZNC,22.149999618530273,22.149999618530273,22.18000030517578,22.149999618530273,22.15999984741211,2303.0
2023-03-09 13:01:00,DCOM,29.309999465942383,29.309999465942383,29.309999465942383,29.309999465942383,29.309999465942383,499.0
2023-03-09 13:01:00,EBC,14.510000228881836,14.510000228881836,14.529999732971191,14.510000228881836,14.529999732971191,15048.0
2023-03-09 13:01:00,ECPG,50.42499923706055,50.42499923706055,50.42499923706055,50.38999938964844,50.38999938964844,468.0
2023-03-09 13:01:00,EFSC,51.33000183105469,51.33000183105469,51.41999816894531,51.25,51.415000915527344,1964.0
2023-03-09 13:01:00,EGBN,40.400001525878906,40.400001525878906,40.400001525878906,40.400001525878906,40.400001525878906,960.0
2023-03-09 13:01:00,EHTH,8.84000015258789,8.84000015258789,8.845000267028809,8.829999923706055,8.845000267028809,1338.0
2023-03-09 13:01:00,EQBK,28.010000228881836,28.010000228881836,28.1299991607666,28.010000228881836,28.1299991607666,2121.0
2023-03-09 13:01:00,EWBC,67.54000091552734,67.54000091552734,67.6500015258789,67.48999786376953,67.6500015258789,8128.0
2023-03-09 13:01:00,EZPW,8.829999923706055,8.829999923706055,8.835000038146973,8.819999694824219,8.835000038146973,2696.0
2023-03-09 13:01:00,FBMS,28.579999923706055,28.579999923706055,28.65999984741211,28.579999923706055,28.65999984741211,1098.0
2023-03-09 13:01:00,FBNC,38.814998626708984,38.814998626708984,38.88999938964844,38.810001373291016,38.88999938964844,2771.0
2023-03-09 13:01:00,FCFS,88.25,88.25,88.25,88.16000366210938,88.16000366210938,378.0
2023-03-09 13:01:00,FCNCA,645.9600219726562,645.9600219726562,645.9600219726562,645.9600219726562,645.9600219726562,1421.0
2023-03-09 13:01:00,FCRD,4.53000020980835,4.53000020980835,4.53000020980835,4.53000020980835,4.53000020980835,102.0
2023-03-09 13:01:00,FFBC,22.270000457763672,22.270000457763672,22.329999923706055,22.270000457763672,22.329999923706055,2560.0
2023-03-09 13:01:00,FFIC,17.1299991607666,17.1299991607666,17.149999618530273,17.1299991607666,17.149999618530273,256.0
2023-03-09 13:01:00,FFIN,33.5,33.5,33.58000183105469,33.5,33.58000183105469,3280.0
2023-03-09 13:01:00,FFWM,12.829999923706055,12.829999923706055,12.890000343322754,12.829999923706055,12.890000343322754,5064.0
2023-03-09 13:01:00,FHB,23.969999313354492,23.969999313354492,24.049999237060547,23.969999313354492,24.049999237060547,6427.0
2023-03-09 13:01:00,FIBK,32.11000061035156,32.11000061035156,32.189998626708984,32.11000061035156,32.189998626708984,3253.0
2023-03-09 13:01:00,FITB,32.13999938964844,32.13999938964844,32.209999084472656,32.13999938964844,32.209999084472656,22439.0
2023-03-09 13:01:00,FLIC,16.079999923706055,16.079999923706055,16.079999923706055,16.079999923706055,16.079999923706055,1811.0
2023-03-09 13:01:00,FMBH,28.010000228881836,28.010000228881836,28.010000228881836,28.010000228881836,28.010000228881836,581.0
2023-03-09 13:01:00,FMNB,13.180000305175781,13.180000305175781,13.180000305175781,13.180000305175781,13.180000305175781,566.0
2023-03-09 13:01:00,FOCS,51.630001068115234,51.630001068115234,51.650001525878906,51.630001068115234,51.650001525878906,2077.0
2023-03-09 13:01:00,FRBA,12.899999618530273,12.899999618530273,12.899999618530273,12.899999618530273,12.899999618530273,330.0
2023-03-09 13:01:00,FRME,37.35380172729492,37.35380172729492,37.439998626708984,37.35380172729492,37.439998626708984,2923.0
2023-03-09 13:01:00,FSEA,9.920000076293945,9.920000076293945,9.920000076293945,9.920000076293945,9.920000076293945,140.0
2023-03-09 13:01:00,FULT,15.640000343322754,15.640000343322754,15.710000038146973,15.640000343322754,15.710000038146973,9475.0
2023-03-09 13:01:00,FUTU,46.31999969482422,46.31999969482422,46.34000015258789,46.31999969482422,46.32500076293945,2120.0
2023-03-09 13:01:00,FVCB,13.25,13.25,13.25,13.204999923706055,13.204999923706055,204.0
2023-03-09 13:01:00,GABC,35.59000015258789,35.59000015258789,35.619998931884766,35.59000015258789,35.619998931884766,519.0
2023-03-09 13:01:00,GBDC,13.395000457763672,13.395000457763672,13.395000457763672,13.395000457763672,13.395000457763672,120.0
2023-03-09 13:01:00,GGAL,12.770000457763672,12.770000457763672,12.789999961853027,12.770000457763672,12.779999732971191,984.0
2023-03-09 13:01:00,GLAD,9.842100143432617,9.842100143432617,9.842100143432617,9.842100143432617,9.842100143432617,203.0
2023-03-09 13:01:00,GLRE,10.020000457763672,10.020000457763672,10.020000457763672,10.020000457763672,10.020000457763672,200.0
2023-03-09 13:01:00,GROW,2.674999952316284,2.674999952316284,2.674999952316284,2.674999952316284,2.674999952316284,351.0
2023-03-09 13:01:00,GSBC,53.77000045776367,53.77000045776367,53.77000045776367,53.77000045776367,53.77000045776367,321.0
2023-03-09 13:01:00,HAFC,21.729999542236328,21.729999542236328,21.729999542236328,21.729999542236328,21.729999542236328,559.0
2023-03-09 13:01:00,HBAN,13.864999771118164,13.864999771118164,13.904999732971191,13.864999771118164,13.899999618530273,93184.0
2023-03-09 13:01:00,HBCP,36.185001373291016,36.185001373291016,36.185001373291016,36.185001373291016,36.185001373291016,300.0
2023-03-09 13:01:00,HBNC,13.789999961853027,13.789999961853027,13.850000381469727,13.789999961853027,13.84000015258789,2316.0
2023-03-09 13:01:00,HBT,22.030000686645508,22.030000686645508,22.030000686645508,22.0,22.0,339.0
2023-03-09 13:01:00,HFWA,24.450000762939453,24.450000762939453,24.5,24.450000762939453,24.5,1631.0
2023-03-09 13:01:00,HIVE,2.569999933242798,2.569999933242798,2.569999933242798,2.565000057220459,2.569999933242798,3151.0
2023-03-09 13:01:00,HONE,12.6899995803833,12.6899995803833,12.770000457763672,12.6899995803833,12.760000228881836,12489.0
2023-03-09 13:01:00,HOPE,11.635000228881836,11.635000228881836,11.680000305175781,11.635000228881836,11.680000305175781,5000.0
2023-03-09 13:01:00,HTBI,27.549999237060547,27.549999237060547,27.6299991607666,27.549999237060547,27.6299991607666,1393.0
2023-03-09 13:01:00,HTBK,10.850000381469727,10.850000381469727,10.880000114440918,10.850000381469727,10.880000114440918,1335.0
2023-03-09 13:01:00,HTLF,45.560001373291016,45.560001373291016,45.560001373291016,45.560001373291016,45.560001373291016,870.0
2023-03-09 13:01:00,HUT,1.340000033378601,1.340000033378601,1.350000023841858,1.340000033378601,1.350000023841858,9541.0
2023-03-09 13:01:00,HWC,43.880001068115234,43.880001068115234,44.02000045776367,43.880001068115234,44.02000045776367,3274.0
2023-03-09 13:01:00,HYW,5.5,5.5,5.5,5.5,5.5,391.0
2023-03-09 13:01:00,IBKR,87.23999786376953,87.23999786376953,87.2699966430664,87.23999786376953,87.26000213623047,1186.0
2023-03-09 13:01:00,IBOC,44.81999969482422,44.81999969482422,44.86000061035156,44.81999969482422,44.83000183105469,1258.0
2023-03-09 13:01:00,IBTX,52.45000076293945,52.45000076293945,52.5525016784668,52.45000076293945,52.5525016784668,1178.0
2023-03-09 13:01:00,INDB,71.25,71.25,71.4000015258789,71.25,71.4000015258789,1863.0
2023-03-09 13:02:00,ABCB,42.709999084472656,42.709999084472656,42.709999084472656,42.66999816894531,42.66999816894531,986.0
2023-03-09 13:02:00,ACGL,69.76499938964844,69.76499938964844,69.80999755859375,69.75,69.75,6222.0
2023-03-09 13:02:00,ACGLO,22.510000228881836,22.510000228881836,22.510000228881836,22.510000228881836,22.510000228881836,358.0
2023-03-09 13:02:00,ALRS,18.969999313354492,18.969999313354492,18.969999313354492,18.969999313354492,18.969999313354492,719.0
2023-03-09 13:02:00,AMNB,31.329999923706055,31.329999923706055,31.389999389648438,31.329999923706055,31.389999389648438,748.0
2023-03-09 13:02:00,AMRK,28.06999969482422,28.06999969482422,28.06999969482422,28.06999969482422,28.06999969482422,154.0
2023-03-09 13:02:00,APLD,2.0850000381469727,2.0850000381469727,2.0850000381469727,2.0850000381469727,2.0850000381469727,119.0
2023-03-09 13:02:00,ARCC,18.885000228881836,18.885000228881836,18.889999389648438,18.8799991607666,18.885000228881836,4455.0
2023-03-09 13:02:00,AUB,36.7400016784668,36.7400016784668,36.77000045776367,36.7400016784668,36.75,1883.0
2023-03-09 13:02:00,BANR,57.56999969482422,57.56999969482422,57.61000061035156,57.56999969482422,57.61000061035156,519.0
2023-03-09 13:02:00,BCML,19.350000381469727,19.350000381469727,19.350000381469727,19.350000381469727,19.350000381469727,303.0
2023-03-09 13:02:00,BHF,52.525001525878906,52.525001525878906,52.525001525878906,52.525001525878906,52.525001525878906,395.0
2023-03-09 13:02:00,BHFAO,24.600000381469727,24.600000381469727,24.600000381469727,24.600000381469727,24.600000381469727,840.0
2023-03-09 13:02:00,BITF,0.7599999904632568,0.7599999904632568,0.7639999985694885,0.7599999904632568,0.7599999904632568,3384.0
2023-03-09 13:02:00,BKCC,3.6600000858306885,3.6600000858306885,3.6698999404907227,3.6600000858306885,3.6649999618530273,6610.0
2023-03-09 13:02:00,BMRC,26.81999969482422,26.81999969482422,26.81999969482422,26.81999969482422,26.81999969482422,639.0
2023-03-09 13:02:00,BOKF,95.55500030517578,95.55500030517578,95.5999984741211,95.4000015258789,95.41000366210938,1573.0
2023-03-09 13:02:00,BPOP,62.290000915527344,62.290000915527344,62.377498626708984,62.279998779296875,62.33000183105469,3062.0
2023-03-09 13:02:00,BRKL,11.4399995803833,11.4399995803833,11.444100379943848,11.430000305175781,11.430000305175781,6074.0
2023-03-09 13:02:00,BSRR,19.389999389648438,19.389999389648438,19.389999389648438,19.389999389648438,19.389999389648438,100.0
2023-03-09 13:02:00,BTBT,1.1299999952316284,1.1299999952316284,1.1399999856948853,1.1299999952316284,1.1399999856948853,3225.0
2023-03-09 13:02:00,BUSE,22.475000381469727,22.475000381469727,22.475000381469727,22.475000381469727,22.475000381469727,340.0
2023-03-09 13:02:00,BWB,13.40999984741211,13.40999984741211,13.40999984741211,13.40999984741211,13.40999984741211,771.0
2023-03-09 13:02:00,BWBBP,20.309499740600586,20.309499740600586,20.309499740600586,20.309499740600586,20.309499740600586,400.0
2023-03-09 13:02:00,BWFG,27.969999313354492,27.969999313354492,27.969999313354492,27.969999313354492,27.969999313354492,373.0
2023-03-09 13:02:00,CASH,46.91999816894531,46.91999816894531,46.95000076293945,46.91999816894531,46.95000076293945,918.0
2023-03-09 13:02:00,CATY,38.95000076293945,38.95000076293945,39.029998779296875,38.94499969482422,39.029998779296875,1650.0
2023-03-09 13:02:00,CBAN,11.789999961853027,11.789999961853027,11.789999961853027,11.789999961853027,11.789999961853027,408.0
2023-03-09 13:02:00,CBSH,61.65999984741211,61.65999984741211,61.68000030517578,61.5901985168457,61.619998931884766,1996.0
2023-03-09 13:02:00,CCNE,22.450000762939453,22.450000762939453,22.450000762939453,22.440000534057617,22.440000534057617,736.0
2023-03-09 13:02:00,CG,34.09000015258789,34.09000015258789,34.09000015258789,34.029998779296875,34.040000915527344,12330.0
2023-03-09 13:02:00,CGBD,14.885000228881836,14.885000228881836,14.885000228881836,14.885000228881836,14.885000228881836,209.0
2023-03-09 13:02:00,CHEAU,10.520000457763672,10.520000457763672,10.520000457763672,10.520000457763672,10.520000457763672,100.0
2023-03-09 13:02:00,CHI,11.979999542236328,11.979999542236328,11.979999542236328,11.954999923706055,11.954999923706055,4402.0
2023-03-09 13:02:00,CINF,116.04000091552734,116.04000091552734,116.04000091552734,115.94000244140625,115.94999694824219,1561.0
2023-03-09 13:02:00,CLBK,19.510000228881836,19.510000228881836,19.510000228881836,19.510000228881836,19.510000228881836,425.0
2023-03-09 13:02:00,CME,178.74000549316406,178.74000549316406,178.74000549316406,178.74000549316406,178.74000549316406,130.0
2023-03-09 13:02:00,CNOB,21.639999389648438,21.639999389648438,21.65999984741211,21.6299991607666,21.65999984741211,1153.0
2023-03-09 13:02:00,COLB,25.209999084472656,25.209999084472656,25.229999542236328,25.15999984741211,25.15999984741211,7237.0
2023-03-09 13:02:00,COOP,43.959999084472656,43.959999084472656,43.959999084472656,43.959999084472656,43.959999084472656,888.0
2023-03-09 13:02:00,CRVL,179.11000061035156,179.11000061035156,179.16000366210938,179.11000061035156,179.16000366210938,247.0
2023-03-09 13:02:00,CSQ,13.984999656677246,13.984999656677246,13.984999656677246,13.984999656677246,13.984999656677246,400.0
2023-03-09 13:02:00,CSWC,18.274999618530273,18.274999618530273,18.290000915527344,18.274999618530273,18.289899826049805,1600.0
2023-03-09 13:02:00,CVBF,21.780000686645508,21.780000686645508,21.780000686645508,21.760000228881836,21.760000228881836,1660.0
2023-03-09 13:02:00,EBC,14.515000343322754,14.515000343322754,14.529999732971191,14.510000228881836,14.510000228881836,2680.0
2023-03-09 13:02:00,ECPG,50.459999084472656,50.459999084472656,50.459999084472656,50.459999084472656,50.459999084472656,982.0
2023-03-09 13:02:00,EFSC,51.36000061035156,51.36000061035156,51.36000061035156,51.36000061035156,51.36000061035156,876.0
2023-03-09 13:02:00,EHTH,8.829999923706055,8.829999923706055,8.869999885559082,8.829999923706055,8.850000381469727,2672.0
2023-03-09 13:02:00,ESSA,18.700000762939453,18.700000762939453,18.700000762939453,18.700000762939453,18.700000762939453,339.0
2023-03-09 13:02:00,EWBC,67.66999816894531,67.66999816894531,67.75,67.58999633789062,67.5999984741211,2107.0
2023-03-09 13:02:00,EZPW,8.805000305175781,8.805000305175781,8.835000038146973,8.800000190734863,8.824999809265137,18434.0
2023-03-09 13:02:00,FBMS,28.670000076293945,28.670000076293945,28.670000076293945,28.565000534057617,28.600000381469727,1446.0
2023-03-09 13:02:00,FBNC,38.744998931884766,38.744998931884766,38.88999938964844,38.744998931884766,38.814998626708984,6488.0
2023-03-09 13:02:00,FCNCO,21.510000228881836,21.510000228881836,21.559999465942383,21.510000228881836,21.559999465942383,1116.0
2023-03-09 13:02:00,FCRD,4.53000020980835,4.53000020980835,4.53000020980835,4.53000020980835,4.53000020980835,100.0
2023-03-09 13:02:00,FFBC,22.31999969482422,22.31999969482422,22.31999969482422,22.290000915527344,22.290000915527344,1884.0
2023-03-09 13:02:00,FFIC,17.1299991607666,17.1299991607666,17.1299991607666,17.1299991607666,17.1299991607666,476.0
2023-03-09 13:02:00,FFIN,33.58000183105469,33.58000183105469,33.595001220703125,33.52000045776367,33.52000045776367,3452.0
2023-03-09 13:02:00,FFWM,12.819999694824219,12.819999694824219,12.850000381469727,12.8100004196167,12.835000038146973,5067.0
2023-03-09 13:02:00,FHB,23.989999771118164,23.989999771118164,24.0,23.989999771118164,23.989999771118164,1038.0
2023-03-09 13:02:00,FIBK,32.13999938964844,32.13999938964844,32.189998626708984,32.13999938964844,32.13999938964844,2386.0
2023-03-09 13:02:00,FITB,32.13819885253906,32.13819885253906,32.16999816894531,32.130001068115234,32.13819885253906,10552.0
2023-03-09 13:02:00,FLIC,16.084999084472656,16.084999084472656,16.084999084472656,16.079999923706055,16.079999923706055,221.0
2023-03-09 13:02:00,FMNB,13.164999961853027,13.164999961853027,13.164999961853027,13.164999961853027,13.164999961853027,145.0
2023-03-09 13:02:00,FOCS,51.650001525878906,51.650001525878906,51.650001525878906,51.63999938964844,51.63999938964844,1710.0
2023-03-09 13:02:00,FRME,37.36000061035156,37.36000061035156,37.36000061035156,37.36000061035156,37.36000061035156,437.0
2023-03-09 13:02:00,FULT,15.670000076293945,15.670000076293945,15.6899995803833,15.640000343322754,15.640000343322754,7885.0
2023-03-09 13:02:00,FUTU,46.36000061035156,46.36000061035156,46.369998931884766,46.33000183105469,46.33000183105469,1587.0
2023-03-09 13:02:00,GAIN,13.659700393676758,13.659700393676758,13.659700393676758,13.659700393676758,13.659700393676758,175.0
2023-03-09 13:02:00,GGAL,12.789999961853027,12.789999961853027,12.789999961853027,12.789999961853027,12.789999961853027,100.0
2023-03-09 13:02:00,GSHD,52.73500061035156,52.73500061035156,52.73500061035156,52.73500061035156,52.73500061035156,597.0
2023-03-09 13:02:00,GXII,10.119999885559082,10.119999885559082,10.119999885559082,10.119999885559082,10.119999885559082,100.0
2023-03-09 13:02:00,HBAN,13.869999885559082,13.869999885559082,13.890000343322754,13.86299991607666,13.86299991607666,35112.0
2023-03-09 13:02:00,HBANP,19.059999465942383,19.059999465942383,19.059999465942383,19.059999465942383,19.059999465942383,100.0
2023-03-09 13:02:00,HBNC,13.800000190734863,13.800000190734863,13.800000190734863,13.800000190734863,13.800000190734863,1801.0
2023-03-09 13:02:00,HLNE,76.18000030517578,76.18000030517578,76.18000030517578,76.18000030517578,76.18000030517578,373.0
2023-03-09 13:02:00,HOPE,11.630000114440918,11.630000114440918,11.64680004119873,11.630000114440918,11.635000228881836,5827.0
2023-03-09 13:02:00,HRZN,11.920000076293945,11.920000076293945,11.920000076293945,11.920000076293945,11.920000076293945,1553.0
2023-03-09 13:02:00,HTBK,10.859999656677246,10.859999656677246,10.869999885559082,10.859999656677246,10.859999656677246,719.0
2023-03-09 13:02:00,HUT,1.3301000595092773,1.3301000595092773,1.3450000286102295,1.3301000595092773,1.3450000286102295,46203.0
2023-03-09 13:02:00,HWC,43.90999984741211,43.90999984741211,43.91999816894531,43.880001068115234,43.91999816894531,2157.0
2023-03-09 13:02:00,IBKR,87.33999633789062,87.33999633789062,87.3499984741211,87.33999633789062,87.3499984741211,262.0
2023-03-09 13:03:00,ABCB,42.66999816894531,42.66999816894531,42.66999816894531,42.66999816894531,42.66999816894531,742.0
2023-03-09 13:03:00,ACGL,69.79499816894531,69.79499816894531,69.80999755859375,69.7699966430664,69.7699966430664,7193.0
2023-03-09 13:03:00,ACGLN,18.8341007232666,18.8341007232666,18.8341007232666,18.8341007232666,18.8341007232666,164.0
2023-03-09 13:03:00,ACQR,10.204999923706055,10.204999923706055,10.204999923706055,10.204999923706055,10.204999923706055,400.0
2023-03-09 13:03:00,AMRK,28.079999923706055,28.079999923706055,28.079999923706055,28.079999923706055,28.079999923706055,283.0
2023-03-09 13:03:00,AMTB,25.270000457763672,25.270000457763672,25.270000457763672,25.229999542236328,25.229999542236328,1115.0
2023-03-09 13:03:00,APLD,2.0850000381469727,2.0850000381469727,2.0850000381469727,2.0799999237060547,2.0799999237060547,321.0
2023-03-09 13:03:00,ARCC,18.889999389648438,18.889999389648438,18.889999389648438,18.8799991607666,18.889999389648438,4149.0
2023-03-09 13:03:00,AUB,36.76499938964844,36.76499938964844,36.779998779296875,36.76499938964844,36.779998779296875,565.0
2023-03-09 13:03:00,BANF,85.26000213623047,85.26000213623047,85.26000213623047,85.26000213623047,85.26000213623047,176.0
2023-03-09 13:03:00,BANR,57.68000030517578,57.68000030517578,57.68000030517578,57.619998931884766,57.619998931884766,1567.0
2023-03-09 13:03:00,BCBP,15.8100004196167,15.8100004196167,15.819999694824219,15.8100004196167,15.819999694824219,1522.0
2023-03-09 13:03:00,BGCP,5.0,5.0,5.0,5.0,5.0,239.0
2023-03-09 13:03:00,BHF,52.6349983215332,52.6349983215332,52.6349983215332,52.6349983215332,52.6349983215332,686.0
2023-03-09 13:03:00,BITF,0.7617999911308289,0.7617999911308289,0.7634999752044678,0.7617999911308289,0.7634999752044678,1490.0
2023-03-09 13:03:00,BKCC,3.6649999618530273,3.6649999618530273,3.6649999618530273,3.6649999618530273,3.6649999618530273,293.0
2023-03-09 13:03:00,BOKF,95.61000061035156,95.61000061035156,95.61000061035156,95.61000061035156,95.61000061035156,492.0
2023-03-09 13:03:00,BPOP,62.36000061035156,62.36000061035156,62.36000061035156,62.2599983215332,62.33000183105469,2052.0
2023-03-09 13:03:00,BRKL,11.430000305175781,11.430000305175781,11.4350004196167,11.430000305175781,11.430000305175781,815.0
2023-03-09 13:03:00,BTBT,1.1349999904632568,1.1349999904632568,1.1349999904632568,1.1299999952316284,1.1349999904632568,3171.0
2023-03-09 13:03:00,CASH,46.86000061035156,46.86000061035156,46.86000061035156,46.86000061035156,46.86000061035156,262.0
2023-03-09 13:03:00,CATC,71.06999969482422,71.06999969482422,71.06999969482422,71.06999969482422,71.06999969482422,195.0
2023-03-09 13:03:00,CATY,38.970001220703125,38.970001220703125,38.97999954223633,38.970001220703125,38.970001220703125,1211.0
2023-03-09 13:03:00,CBNK,18.579999923706055,18.579999923706055,18.674999237060547,18.579999923706055,18.674999237060547,6487.0
2023-03-09 13:03:00,CBSH,61.654998779296875,61.654998779296875,61.65999984741211,61.654998779296875,61.65999984741211,1072.0
2023-03-09 13:03:00,CCD,22.9906005859375,22.9906005859375,22.9906005859375,22.9906005859375,22.9906005859375,1267.0
2023-03-09 13:03:00,CFFN,7.514999866485596,7.514999866485596,7.514999866485596,7.514999866485596,7.514999866485596,159.0
2023-03-09 13:03:00,CG,34.07500076293945,34.07500076293945,34.099998474121094,34.064998626708984,34.09000015258789,14526.0
2023-03-09 13:03:00,CGBD,14.889699935913086,14.889699935913086,14.889699935913086,14.889699935913086,14.889699935913086,332.0
2023-03-09 13:03:00,CIFR,1.434999942779541,1.434999942779541,1.440000057220459,1.434999942779541,1.440000057220459,428.0
2023-03-09 13:03:00,CME,178.66000366210938,178.66000366210938,178.74000549316406,178.66000366210938,178.74000549316406,571.0
2023-03-09 13:03:00,CNOB,21.649999618530273,21.649999618530273,21.65999984741211,21.649999618530273,21.65999984741211,416.0
2023-03-09 13:03:00,COLB,25.229999542236328,25.229999542236328,25.239999771118164,25.170000076293945,25.200000762939453,11841.0
2023-03-09 13:03:00,COOP,44.02000045776367,44.02000045776367,44.02000045776367,44.02000045776367,44.02000045776367,880.0
2023-03-09 13:03:00,CSWC,18.280000686645508,18.280000686645508,18.280000686645508,18.280000686645508,18.280000686645508,109.0
2023-03-09 13:03:00,CVBF,21.770000457763672,21.770000457763672,21.770000457763672,21.760000228881836,21.770000457763672,1289.0
2023-03-09 13:03:00,EBC,14.510000228881836,14.510000228881836,14.510000228881836,14.5,14.510000228881836,2944.0
2023-03-09 13:03:00,ECPG,50.45500183105469,50.45500183105469,50.45500183105469,50.45500183105469,50.45500183105469,644.0
2023-03-09 13:03:00,EHTH,8.829999923706055,8.829999923706055,8.84000015258789,8.819999694824219,8.84000015258789,4405.0
2023-03-09 13:03:00,EWBC,67.76000213623047,67.76000213623047,67.7699966430664,67.68000030517578,67.68000030517578,1688.0
2023-03-09 13:03:00,EZPW,8.822500228881836,8.822500228881836,8.824999809265137,8.8100004196167,8.8100004196167,2015.0
2023-03-09 13:03:00,FBIZ,33.70000076293945,33.70000076293945,33.70000076293945,33.70000076293945,33.70000076293945,172.0
2023-03-09 13:03:00,FBMS,28.719999313354492,28.719999313354492,28.719999313354492,28.64310073852539,28.64310073852539,2359.0
2023-03-09 13:03:00,FBNC,38.619998931884766,38.619998931884766,38.724998474121094,38.619998931884766,38.724998474121094,1802.0
2023-03-09 13:03:00,FCFS,88.25,88.25,88.25,88.25,88.25,254.0
2023-03-09 13:03:00,FCRD,4.53000020980835,4.53000020980835,4.53000020980835,4.53000020980835,4.53000020980835,100.0
2023-03-09 13:03:00,FFBC,22.34000015258789,22.34000015258789,22.34000015258789,22.309999465942383,22.332500457763672,1237.0
2023-03-09 13:03:00,FFIN,33.529998779296875,33.529998779296875,33.540000915527344,33.529998779296875,33.529998779296875,1406.0
2023-03-09 13:03:00,FFWM,12.819999694824219,12.819999694824219,12.819999694824219,12.789999961853027,12.789999961853027,2900.0
2023-03-09 13:03:00,FHB,24.010000228881836,24.010000228881836,24.010000228881836,23.989999771118164,23.989999771118164,1342.0
2023-03-09 13:03:00,FIBK,32.150001525878906,32.150001525878906,32.150001525878906,32.11000061035156,32.11000061035156,1785.0
2023-03-09 13:03:00,FITB,32.165000915527344,32.165000915527344,32.165000915527344,32.119998931884766,32.130001068115234,8888.0
2023-03-09 13:03:00,FITBO,22.079999923706055,22.079999923706055,22.079999923706055,22.079999923706055,22.079999923706055,541.0
2023-03-09 13:03:00,FNCB,7.300000190734863,7.300000190734863,7.300000190734863,7.300000190734863,7.300000190734863,280.0
2023-03-09 13:03:00,FOCS,51.650001525878906,51.650001525878906,51.650001525878906,51.650001525878906,51.650001525878906,452.0
2023-03-09 13:03:00,FRHC,72.11000061035156,72.11000061035156,72.11000061035156,72.11000061035156,72.11000061035156,200.0
2023-03-09 13:03:00,FRME,37.380001068115234,37.380001068115234,37.38949966430664,37.380001068115234,37.38949966430664,1190.0
2023-03-09 13:03:00,FULT,15.670000076293945,15.670000076293945,15.670000076293945,15.649999618530273,15.65999984741211,2452.0
2023-03-09 13:03:00,FUTU,46.38999938964844,46.38999938964844,46.38999938964844,46.369998931884766,46.369998931884766,1175.0
2023-03-09 13:03:00,GABC,35.56999969482422,35.56999969482422,35.56999969482422,35.56999969482422,35.56999969482422,298.0
2023-03-09 13:03:00,GBDC,13.399900436401367,13.399900436401367,13.399900436401367,13.390000343322754,13.390000343322754,847.0
2023-03-09 13:03:00,GGAL,12.789999961853027,12.789999961853027,12.789999961853027,12.789999961853027,12.789999961853027,100.0
2023-03-09 13:03:00,HAFC,21.719999313354492,21.719999313354492,21.719999313354492,21.719999313354492,21.719999313354492,261.0
2023-03-09 13:03:00,HBAN,13.885000228881836,13.885000228881836,13.890000343322754,13.869999885559082,13.875,28375.0
2023-03-09 13:03:00,HBANP,19.1299991607666,19.1299991607666,19.1299991607666,19.1299991607666,19.1299991607666,148.0
2023-03-09 13:03:00,HBCP,36.25,36.25,36.38800048828125,36.25,36.38800048828125,525.0
2023-03-09 13:03:00,HBNC,13.819999694824219,13.819999694824219,13.819999694824219,13.795000076293945,13.795000076293945,1969.0
2023-03-09 13:03:00,HFWA,24.450000762939453,24.450000762939453,24.450000762939453,24.450000762939453,24.450000762939453,697.0
2023-03-09 13:03:00,HIVE,2.57069993019104,2.57069993019104,2.57069993019104,2.57069993019104,2.57069993019104,2500.0
2023-03-09 13:03:00,HMST,22.375,22.375,22.375,22.375,22.375,265.0
2023-03-09 13:03:00,HONE,12.680000305175781,12.680000305175781,12.680000305175781,12.680000305175781,12.680000305175781,587.0
2023-03-09 13:03:00,HOPE,11.630000114440918,11.630000114440918,11.640000343322754,11.619999885559082,11.630000114440918,1665.0
2023-03-09 13:03:00,HRZN,11.90999984741211,11.90999984741211,11.90999984741211,11.90999984741211,11.90999984741211,200.0
2023-03-09 13:03:00,HTBK,10.850000381469727,10.850000381469727,10.859999656677246,10.850000381469727,10.859999656677246,878.0
2023-03-09 13:03:00,HUT,1.340000033378601,1.340000033378601,1.340000033378601,1.3300000429153442,1.3300000429153442,31294.0
2023-03-09 13:03:00,HWC,43.959999084472656,43.959999084472656,43.970001220703125,43.849998474121094,43.849998474121094,1007.0
2023-03-09 13:03:00,IBKR,87.4800033569336,87.4800033569336,87.49700164794922,87.36000061035156,87.36000061035156,2663.0
2023-03-09 13:03:00,IBOC,44.7400016784668,44.7400016784668,44.7400016784668,44.7400016784668,44.7400016784668,681.0
2023-03-09 13:04:00,ACGL,69.83000183105469,69.83000183105469,69.8499984741211,69.80000305175781,69.80000305175781,10355.0
2023-03-09 13:04:00,AHRN,10.380000114440918,10.380000114440918,10.380000114440918,10.380000114440918,10.380000114440918,107.0
2023-03-09 13:04:00,ALRS,18.989999771118164,18.989999771118164,18.989999771118164,18.989999771118164,18.989999771118164,340.0
2023-03-09 13:04:00,ARBK,1.5427000522613525,1.5427000522613525,1.5427000522613525,1.5427000522613525,1.5427000522613525,131.0
2023-03-09 13:04:00,ARCC,18.884599685668945,18.884599685668945,18.88949966430664,18.8799991607666,18.885000228881836,1897.0
2023-03-09 13:04:00,AUB,36.810001373291016,36.810001373291016,36.810001373291016,36.810001373291016,36.810001373291016,359.0
2023-03-09 13:04:00,BGCP,5.0,5.0,5.0,5.0,5.0,230.0
2023-03-09 13:04:00,BITF,0.7595999836921692,0.7595999836921692,0.7601000070571899,0.7595000267028809,0.7601000070571899,4980.0
2023-03-09 13:04:00,BKCC,3.6600000858306885,3.6600000858306885,3.6600000858306885,3.6600000858306885,3.6600000858306885,216.0
2023-03-09 13:04:00,BPOP,62.369998931884766,62.369998931884766,62.369998931884766,62.36000061035156,62.36000061035156,778.0
2023-03-09 13:04:00,BTBT,1.1349999904632568,1.1349999904632568,1.1349999904632568,1.1299999952316284,1.1299999952316284,400.0
2023-03-09 13:04:00,BUSE,22.489999771118164,22.489999771118164,22.489999771118164,22.489999771118164,22.489999771118164,246.0
2023-03-09 13:04:00,CACC,437.4549865722656,437.4549865722656,437.4549865722656,437.4549865722656,437.4549865722656,108.0
2023-03-09 13:04:00,CASH,46.88999938964844,46.88999938964844,46.88999938964844,46.86000061035156,46.86000061035156,1222.0
2023-03-09 13:04:00,CATY,39.04999923706055,39.04999923706055,39.04999923706055,39.04999923706055,39.04999923706055,372.0
2023-03-09 13:04:00,CBSH,61.665000915527344,61.665000915527344,61.66999816894531,61.65999984741211,61.65999984741211,856.0
2023-03-09 13:04:00,CCAP,14.9399995803833,14.9399995803833,14.9399995803833,14.916999816894531,14.916999816894531,600.0
2023-03-09 13:04:00,CCB,42.13029861450195,42.13029861450195,42.13029861450195,42.13029861450195,42.13029861450195,268.0
2023-03-09 13:04:00,CCTS,10.420000076293945,10.420000076293945,10.420000076293945,10.420000076293945,10.420000076293945,100000.0
2023-03-09 13:04:00,CFFN,7.514999866485596,7.514999866485596,7.514999866485596,7.514999866485596,7.514999866485596,273.0
2023-03-09 13:04:00,CG,34.08000183105469,34.08000183105469,34.084999084472656,34.06999969482422,34.08000183105469,13271.0
2023-03-09 13:04:00,CHY,12.34000015258789,12.34000015258789,12.34000015258789,12.34000015258789,12.34000015258789,1000.0
2023-03-09 13:04:00,CME,178.73500061035156,178.73500061035156,178.73500061035156,178.73500061035156,178.73500061035156,922.0
2023-03-09 13:04:00,CNOB,21.65999984741211,21.65999984741211,21.700000762939453,21.65999984741211,21.690000534057617,1656.0
2023-03-09 13:04:00,COLB,25.229999542236328,25.229999542236328,25.239999771118164,25.229999542236328,25.229999542236328,5562.0
2023-03-09 13:04:00,COOP,44.01499938964844,44.01499938964844,44.01499938964844,43.970001220703125,43.970001220703125,504.0
2023-03-09 13:04:00,CREC,10.430000305175781,10.430000305175781,10.430000305175781,10.430000305175781,10.430000305175781,0.0
2023-03-09 13:04:00,CRVL,179.10000610351562,179.10000610351562,179.14999389648438,179.10000610351562,179.14999389648438,303.0
2023-03-09 13:04:00,CSWC,18.280000686645508,18.280000686645508,18.280000686645508,18.280000686645508,18.280000686645508,204.0
2023-03-09 13:04:00,CTBI,40.290000915527344,40.290000915527344,40.290000915527344,40.290000915527344,40.290000915527344,176.0
2023-03-09 13:04:00,DHCA,10.0600004196167,10.0600004196167,10.0600004196167,10.0600004196167,10.0600004196167,2001.0
2023-03-09 13:04:00,EBC,14.510100364685059,14.510100364685059,14.510100364685059,14.510100364685059,14.510100364685059,1410.0
2023-03-09 13:04:00,EHTH,8.819499969482422,8.819499969482422,8.819499969482422,8.8100004196167,8.8100004196167,889.0
2023-03-09 13:04:00,EWBC,67.75,67.75,67.75,67.75,67.75,1223.0
2023-03-09 13:04:00,FBNC,38.665000915527344,38.665000915527344,38.665000915527344,38.650001525878906,38.650001525878906,1011.0
2023-03-09 13:04:00,FCRD,4.539999961853027,4.539999961853027,4.539999961853027,4.539999961853027,4.539999961853027,200.0
2023-03-09 13:04:00,FFIC,17.1299991607666,17.1299991607666,17.1299991607666,17.1299991607666,17.1299991607666,767.0
2023-03-09 13:04:00,FFIN,33.56999969482422,33.56999969482422,33.595001220703125,33.56999969482422,33.59000015258789,979.0
2023-03-09 13:04:00,FFWM,12.859999656677246,12.859999656677246,12.859999656677246,12.829999923706055,12.829999923706055,2006.0
2023-03-09 13:04:00,FIBK,32.13999938964844,32.13999938964844,32.13999938964844,32.13999938964844,32.13999938964844,625.0
2023-03-09 13:04:00,FITB,32.220001220703125,32.220001220703125,32.224998474121094,32.16999816894531,32.16999816894531,6427.0
2023-03-09 13:04:00,FLIC,16.09000015258789,16.09000015258789,16.09000015258789,16.084999084472656,16.084999084472656,638.0
2023-03-09 13:04:00,FMNB,13.15999984741211,13.15999984741211,13.15999984741211,13.15999984741211,13.15999984741211,300.0
2023-03-09 13:04:00,FOCS,51.63999938964844,51.63999938964844,51.650001525878906,51.63999938964844,51.63999938964844,797.0
2023-03-09 13:04:00,FRBK,1.7549999952316284,1.7549999952316284,1.7599999904632568,1.7549999952316284,1.7599999904632568,301.0
2023-03-09 13:04:00,FULT,15.680000305175781,15.680000305175781,15.680000305175781,15.670000076293945,15.670000076293945,1421.0
2023-03-09 13:04:00,FUTU,46.400001525878906,46.400001525878906,46.41999816894531,46.3849983215332,46.41999816894531,2584.0
2023-03-09 13:04:00,GBDC,13.395000457763672,13.395000457763672,13.395000457763672,13.395000457763672,13.395000457763672,116.0
2023-03-09 13:04:00,GGAL,12.800000190734863,12.800000190734863,12.800000190734863,12.779999732971191,12.800000190734863,505.0
2023-03-09 13:04:00,GLAD,9.849900245666504,9.849900245666504,9.849900245666504,9.849900245666504,9.849900245666504,265.0
2023-03-09 13:04:00,GXII,10.119999885559082,10.119999885559082,10.119999885559082,10.119999885559082,10.119999885559082,100.0
2023-03-09 13:04:00,HBAN,13.890000343322754,13.890000343322754,13.897500038146973,13.885000228881836,13.885000228881836,27786.0
2023-03-09 13:04:00,HBANP,19.18000030517578,19.18000030517578,19.18000030517578,19.18000030517578,19.18000030517578,241.0
2023-03-09 13:04:00,HIVE,2.578000068664551,2.578000068664551,2.578000068664551,2.578000068664551,2.578000068664551,525.0
2023-03-09 13:04:00,HMST,22.3700008392334,22.3700008392334,22.420000076293945,22.3700008392334,22.420000076293945,1840.0
2023-03-09 13:04:00,HOPE,11.630000114440918,11.630000114440918,11.635000228881836,11.630000114440918,11.635000228881836,823.0
2023-03-09 13:04:00,HRZN,11.899999618530273,11.899999618530273,11.899999618530273,11.899999618530273,11.899999618530273,2744.0
2023-03-09 13:04:00,HTBK,10.868300437927246,10.868300437927246,10.868300437927246,10.868300437927246,10.868300437927246,392.0
2023-03-09 13:04:00,HTLF,45.540000915527344,45.540000915527344,45.540000915527344,45.540000915527344,45.540000915527344,202.0
2023-03-09 13:04:00,HUT,1.340000033378601,1.340000033378601,1.340000033378601,1.3301000595092773,1.3385000228881836,20712.0
2023-03-09 13:04:00,IBKR,87.56999969482422,87.56999969482422,87.56999969482422,87.48999786376953,87.48999786376953,635.0
2023-03-09 13:04:00,INDB,71.30000305175781,71.30000305175781,71.30000305175781,71.30000305175781,71.30000305175781,254.0
2023-03-09 13:05:00,ABCB,42.7400016784668,42.7400016784668,42.7400016784668,42.689998626708984,42.689998626708984,767.0
2023-03-09 13:05:00,ACGL,69.80999755859375,69.80999755859375,69.83999633789062,69.80999755859375,69.83000183105469,9957.0
2023-03-09 13:05:00,AMAL,21.020000457763672,21.020000457763672,21.020000457763672,21.010000228881836,21.010000228881836,699.0
2023-03-09 13:05:00,ARCC,18.864999771118164,18.864999771118164,18.885000228881836,18.860000610351562,18.885000228881836,71658.0
2023-03-09 13:05:00,ATLCP,20.0,20.0,20.0,20.0,20.0,100.0
2023-03-09 13:05:00,AUB,36.7599983215332,36.7599983215332,36.79499816894531,36.7599983215332,36.7599983215332,427.0
2023-03-09 13:05:00,AVACW,0.08780000358819962,0.08780000358819962,0.09000000357627869,0.08709999918937683,0.09000000357627869,0.0
2023-03-09 13:05:00,BGCP,4.994999885559082,4.994999885559082,5.0,4.994999885559082,4.994999885559082,718.0
2023-03-09 13:05:00,BITF,0.7592999935150146,0.7592999935150146,0.7595000267028809,0.7592999935150146,0.7595000267028809,1995.0
2023-03-09 13:05:00,BPOP,62.36000061035156,62.36000061035156,62.36000061035156,62.35710144042969,62.35710144042969,924.0
2023-03-09 13:05:00,BTBT,1.1299999952316284,1.1299999952316284,1.1299999952316284,1.1299999952316284,1.1299999952316284,202.0
2023-03-09 13:05:00,BUSE,22.489999771118164,22.489999771118164,22.5,22.489999771118164,22.5,1915.0
2023-03-09 13:05:00,BWB,13.399200439453125,13.399200439453125,13.399200439453125,13.390000343322754,13.395000457763672,545.0
2023-03-09 13:05:00,BYFC,1.271299958229065,1.271299958229065,1.271299958229065,1.271299958229065,1.271299958229065,255.0
2023-03-09 13:05:00,CATY,38.97999954223633,38.97999954223633,38.97999954223633,38.974998474121094,38.974998474121094,840.0
2023-03-09 13:05:00,CBSH,61.69499969482422,61.69499969482422,61.69499969482422,61.69499969482422,61.69499969482422,436.0
2023-03-09 13:05:00,CCAP,14.906000137329102,14.906000137329102,14.906000137329102,14.906000137329102,14.906000137329102,1164.0
2023-03-09 13:05:00,CCTS,10.420000076293945,10.420000076293945,10.420000076293945,10.420000076293945,10.420000076293945,8066.0
2023-03-09 13:05:00,CFFN,7.519999980926514,7.519999980926514,7.519999980926514,7.514999866485596,7.514999866485596,411.0
2023-03-09 13:05:00,CG,34.08000183105469,34.08000183105469,34.084999084472656,34.05500030517578,34.08000183105469,12282.0
2023-03-09 13:05:00,CHW,6.059299945831299,6.059299945831299,6.059299945831299,6.059299945831299,6.059299945831299,640.0
2023-03-09 13:05:00,CHY,12.34000015258789,12.34000015258789,12.34000015258789,12.34000015258789,12.34000015258789,316.0
2023-03-09 13:05:00,CINF,116.02999877929688,116.02999877929688,116.02999877929688,116.02999877929688,116.02999877929688,337.0
2023-03-09 13:05:00,CME,178.64999389648438,178.64999389648438,178.64999389648438,178.64999389648438,178.64999389648438,193.0
2023-03-09 13:05:00,CNOB,21.655000686645508,21.655000686645508,21.690000534057617,21.6299991607666,21.65999984741211,1918.0
2023-03-09 13:05:00,CNOBP,20.5,20.5,20.6299991607666,20.5,20.5,2145.0
2023-03-09 13:05:00,COLB,25.219999313354492,25.219999313354492,25.229999542236328,25.200000762939453,25.225000381469727,4073.0
2023-03-09 13:05:00,CSWC,18.278400421142578,18.278400421142578,18.278400421142578,18.278400421142578,18.278400421142578,502.0
2023-03-09 13:05:00,CTBI,40.290000915527344,40.290000915527344,40.290000915527344,40.290000915527344,40.290000915527344,105.0
2023-03-09 13:05:00,CZNC,22.18000030517578,22.18000030517578,22.18000030517578,22.18000030517578,22.18000030517578,136.0
2023-03-09 13:05:00,DCOM,29.34000015258789,29.34000015258789,29.34000015258789,29.34000015258789,29.34000015258789,226.0
2023-03-09 13:05:00,EBC,14.515000343322754,14.515000343322754,14.516200065612793,14.510000228881836,14.510000228881836,520.0
2023-03-09 13:05:00,EGBN,40.314998626708984,40.314998626708984,40.314998626708984,40.314998626708984,40.314998626708984,158.0
2023-03-09 13:05:00,EHTH,8.805000305175781,8.805000305175781,8.805000305175781,8.805000305175781,8.805000305175781,1101.0
2023-03-09 13:05:00,EWBC,67.75,67.75,67.7699966430664,67.70999908447266,67.7699966430664,1156.0
2023-03-09 13:05:00,EZPW,8.8100004196167,8.8100004196167,8.819999694824219,8.8100004196167,8.819999694824219,596.0
2023-03-09 13:05:00,FBMS,28.690000534057617,28.690000534057617,28.690000534057617,28.690000534057617,28.690000534057617,309.0
2023-03-09 13:05:00,FBNC,38.665000915527344,38.665000915527344,38.665000915527344,38.665000915527344,38.665000915527344,216.0
2023-03-09 13:05:00,FCFS,88.25,88.25,88.25,88.25,88.25,388.0
2023-03-09 13:05:00,FCRD,4.539999961853027,4.539999961853027,4.539999961853027,4.539999961853027,4.539999961853027,100.0
2023-03-09 13:05:00,FFIN,33.560001373291016,33.560001373291016,33.56999969482422,33.54999923706055,33.56999969482422,1073.0
2023-03-09 13:05:00,FFWM,12.869999885559082,12.869999885559082,12.869999885559082,12.869999885559082,12.869999885559082,200.0
2023-03-09 13:05:00,FHB,24.010000228881836,24.010000228881836,24.010000228881836,24.010000228881836,24.010000228881836,745.0
2023-03-09 13:05:00,FIBK,32.150001525878906,32.150001525878906,32.15999984741211,32.150001525878906,32.15999984741211,439.0
2023-03-09 13:05:00,FITB,32.20000076293945,32.20000076293945,32.209999084472656,32.20000076293945,32.209999084472656,5947.0
2023-03-09 13:05:00,FMNB,13.15999984741211,13.15999984741211,13.15999984741211,13.15999984741211,13.15999984741211,305.0
2023-03-09 13:05:00,FNLC,28.100000381469727,28.100000381469727,28.100000381469727,28.100000381469727,28.100000381469727,272.0
2023-03-09 13:05:00,FNWB,13.600000381469727,13.600000381469727,13.630000114440918,13.600000381469727,13.630000114440918,5079.0
2023-03-09 13:05:00,FOCS,51.63999938964844,51.63999938964844,51.650001525878906,51.63999938964844,51.63999938964844,2795.0
2023-03-09 13:05:00,FRBA,12.899999618530273,12.899999618530273,12.899999618530273,12.899999618530273,12.899999618530273,736.0
2023-03-09 13:05:00,FRHC,72.2300033569336,72.2300033569336,72.2300033569336,72.01699829101562,72.01699829101562,1351.0
2023-03-09 13:05:00,FULT,15.670000076293945,15.670000076293945,15.670000076293945,15.65999984741211,15.670000076293945,921.0
2023-03-09 13:05:00,FUTU,46.29999923706055,46.29999923706055,46.349998474121094,46.29999923706055,46.349998474121094,1066.0
2023-03-09 13:05:00,FVCB,13.25,13.25,13.25,13.15999984741211,13.204999923706055,1730.0
2023-03-09 13:05:00,GBDC,13.392800331115723,13.392800331115723,13.395000457763672,13.392800331115723,13.395000457763672,1184.0
2023-03-09 13:05:00,GLRE,10.020000457763672,10.020000457763672,10.020000457763672,10.020000457763672,10.020000457763672,400.0
2023-03-09 13:05:00,GOCO,18.420900344848633,18.420900344848633,18.420900344848633,18.420900344848633,18.420900344848633,262.0
2023-03-09 13:05:00,GROW,2.680000066757202,2.680000066757202,2.680000066757202,2.680000066757202,2.680000066757202,154.0
2023-03-09 13:05:00,GSBC,53.52000045776367,53.52000045776367,53.52000045776367,53.52000045776367,53.52000045776367,129.0
2023-03-09 13:05:00,HAFC,21.719999313354492,21.719999313354492,21.719999313354492,21.719999313354492,21.719999313354492,100.0
2023-03-09 13:05:00,HBAN,13.883999824523926,13.883999824523926,13.895000457763672,13.880000114440918,13.890000343322754,13750.0
2023-03-09 13:05:00,HFWA,24.450000762939453,24.450000762939453,24.450000762939453,24.450000762939453,24.450000762939453,405.0
2023-03-09 13:05:00,HOPE,11.625,11.625,11.630000114440918,11.625,11.630000114440918,1673.0
2023-03-09 13:05:00,HTLF,45.4900016784668,45.4900016784668,45.4900016784668,45.4900016784668,45.4900016784668,253.0
2023-03-09 13:05:00,HUT,1.3350000381469727,1.3350000381469727,1.340000033378601,1.3301000595092773,1.333899974822998,27036.0
2023-03-09 13:05:00,HWC,43.97999954223633,43.97999954223633,43.97999954223633,43.97999954223633,43.97999954223633,288.0
2023-03-09 13:05:00,IBKR,87.48999786376953,87.48999786376953,87.54000091552734,87.48999786376953,87.5250015258789,1917.0
2023-03-09 13:05:00,IBTX,52.41999816894531,52.41999816894531,52.41999816894531,52.41999816894531,52.41999816894531,592.0
2023-03-09 13:05:00,ICMB,3.9386000633239746,3.9386000633239746,3.9386000633239746,3.9386000633239746,3.9386000633239746,1027.0
2023-03-09 13:05:00,IGIC,8.300000190734863,8.300000190734863,8.300000190734863,8.300000190734863,8.300000190734863,1000.0
2023-03-09 13:05:00,INDB,71.37999725341797,71.37999725341797,71.37999725341797,71.30000305175781,71.30000305175781,983.0
2023-03-09 13:06:00,ABCB,42.72999954223633,42.72999954223633,42.72999954223633,42.720001220703125,42.720001220703125,893.0
2023-03-09 13:06:00,ACGL,69.79000091552734,69.79000091552734,69.81999969482422,69.77999877929688,69.80999755859375,10131.0
2023-03-09 13:06:00,AMRK,28.100000381469727,28.100000381469727,28.100000381469727,28.100000381469727,28.100000381469727,515.0
2023-03-09 13:06:00,APLD,2.0799999237060547,2.0799999237060547,2.0799999237060547,2.0799999237060547,2.0799999237060547,122.0
2023-03-09 13:06:00,ARCC,18.860000610351562,18.860000610351562,18.86989974975586,18.860000610351562,18.86590003967285,2178.0
2023-03-09 13:06:00,ATLO,23.489999771118164,23.489999771118164,23.489999771118164,23.489999771118164,23.489999771118164,263.0
2023-03-09 13:06:00,AUB,36.880001068115234,36.880001068115234,36.880001068115234,36.810001373291016,36.83000183105469,2038.0
2023-03-09 13:06:00,BANF,85.5199966430664,85.5199966430664,85.5199966430664,85.44000244140625,85.44000244140625,826.0
2023-03-09 13:06:00,BGCP,4.994999885559082,4.994999885559082,5.0,4.994999885559082,4.994999885559082,1199.0
2023-03-09 13:06:00,BHF,52.70000076293945,52.70000076293945,52.709999084472656,52.66999816894531,52.66999816894531,828.0
2023-03-09 13:06:00,BKCC,3.6600000858306885,3.6600000858306885,3.6600000858306885,3.6600000858306885,3.6600000858306885,223.0
2023-03-09 13:06:00,BOTJ,12.960000038146973,12.960000038146973,12.979999542236328,12.960000038146973,12.979999542236328,800.0
2023-03-09 13:06:00,BPOP,62.5,62.5,62.5,62.3754997253418,62.3754997253418,4956.0
2023-03-09 13:06:00,BRKL,11.420000076293945,11.420000076293945,11.430000305175781,11.420000076293945,11.430000305175781,1025.0
2023-03-09 13:06:00,BSRR,19.3799991607666,19.3799991607666,19.3799991607666,19.3799991607666,19.3799991607666,369.0
2023-03-09 13:06:00,BTBT,1.1299999952316284,1.1299999952316284,1.1299999952316284,1.1299999952316284,1.1299999952316284,300.0
2023-03-09 13:06:00,BUSE,22.4950008392334,22.4950008392334,22.4950008392334,22.479999542236328,22.479999542236328,257.0
2023-03-09 13:06:00,CACC,437.4549865722656,437.4549865722656,437.4549865722656,437.4549865722656,437.4549865722656,207.0
2023-03-09 13:06:00,CASH,46.86000061035156,46.86000061035156,46.86000061035156,46.86000061035156,46.86000061035156,505.0
2023-03-09 13:06:00,CATY,38.97999954223633,38.97999954223633,38.97999954223633,38.97999954223633,38.97999954223633,152.0
2023-03-09 13:06:00,CBSH,61.720001220703125,61.720001220703125,61.720001220703125,61.689998626708984,61.69499969482422,1158.0
2023-03-09 13:06:00,CFFN,7.514999866485596,7.514999866485596,7.519999980926514,7.514999866485596,7.519999980926514,325.0
2023-03-09 13:06:00,CG,34.06999969482422,34.06999969482422,34.095001220703125,34.060001373291016,34.08000183105469,31864.0
2023-03-09 13:06:00,CHCO,90.37999725341797,90.37999725341797,90.37999725341797,90.37000274658203,90.37000274658203,772.0
2023-03-09 13:06:00,CIVB,20.770000457763672,20.770000457763672,20.770000457763672,20.770000457763672,20.770000457763672,110.0
2023-03-09 13:06:00,CME,178.58999633789062,178.58999633789062,178.69000244140625,178.58999633789062,178.64999389648438,1519.0
2023-03-09 13:06:00,CNOB,21.6299991607666,21.6299991607666,21.631999969482422,21.6299991607666,21.6299991607666,2552.0
2023-03-09 13:06:00,COLB,25.25,25.25,25.260000228881836,25.225000381469727,25.225000381469727,9781.0
2023-03-09 13:06:00,CSWC,18.28569984436035,18.28569984436035,18.28569984436035,18.274999618530273,18.274999618530273,584.0
2023-03-09 13:06:00,CVBF,21.739999771118164,21.739999771118164,21.760000228881836,21.729999542236328,21.7549991607666,14119.0
2023-03-09 13:06:00,CZFS,79.01000213623047,79.01000213623047,79.01000213623047,79.01000213623047,79.01000213623047,172.0
2023-03-09 13:06:00,EBC,14.529999732971191,14.529999732971191,14.53499984741211,14.510000228881836,14.515000343322754,4197.0
2023-03-09 13:06:00,ERIE,233.47999572753906,233.47999572753906,233.47999572753906,233.4199981689453,233.4199981689453,1358.0
2023-03-09 13:06:00,EWBC,67.7699966430664,67.7699966430664,67.80000305175781,67.7699966430664,67.79000091552734,1433.0
2023-03-09 13:06:00,EZPW,8.8100004196167,8.8100004196167,8.8149995803833,8.8100004196167,8.8149995803833,392.0
2023-03-09 13:06:00,FBNC,38.70000076293945,38.70000076293945,38.70000076293945,38.689998626708984,38.689998626708984,1038.0
2023-03-09 13:06:00,FCFS,88.33999633789062,88.33999633789062,88.3499984741211,88.2750015258789,88.30500030517578,929.0
2023-03-09 13:06:00,FCRD,4.53000020980835,4.53000020980835,4.53000020980835,4.53000020980835,4.53000020980835,100.0
2023-03-09 13:06:00,FFIN,33.58000183105469,33.58000183105469,33.58000183105469,33.58000183105469,33.58000183105469,492.0
2023-03-09 13:06:00,FFWM,12.880000114440918,12.880000114440918,12.890000343322754,12.869999885559082,12.869999885559082,4029.0
2023-03-09 13:06:00,FHB,24.030000686645508,24.030000686645508,24.03499984741211,24.030000686645508,24.030000686645508,926.0
2023-03-09 13:06:00,FIBK,32.15999984741211,32.15999984741211,32.15999984741211,32.15999984741211,32.15999984741211,592.0
2023-03-09 13:06:00,FITB,32.16999816894531,32.16999816894531,32.20000076293945,32.16999816894531,32.20000076293945,2613.0
2023-03-09 13:06:00,FLIC,16.09000015258789,16.09000015258789,16.09000015258789,16.09000015258789,16.09000015258789,210.0
2023-03-09 13:06:00,FMNB,13.170000076293945,13.170000076293945,13.170000076293945,13.170000076293945,13.170000076293945,387.0
2023-03-09 13:06:00,FNCB,7.250999927520752,7.250999927520752,7.250999927520752,7.250999927520752,7.250999927520752,912.0
2023-03-09 13:06:00,FOCS,51.64500045776367,51.64500045776367,51.650001525878906,51.63999938964844,51.63999938964844,2835.0
2023-03-09 13:06:00,FRBK,1.7549999952316284,1.7549999952316284,1.7549999952316284,1.7549999952316284,1.7549999952316284,229.0
2023-03-09 13:06:00,FRHC,72.13069915771484,72.13069915771484,72.13069915771484,72.13069915771484,72.13069915771484,1005.0
2023-03-09 13:06:00,FSBW,33.2599983215332,33.2599983215332,33.2599983215332,33.2599983215332,33.2599983215332,107.0
2023-03-09 13:06:00,FULT,15.670000076293945,15.670000076293945,15.670000076293945,15.670000076293945,15.670000076293945,2039.0
2023-03-09 13:06:00,FUTU,46.29999923706055,46.29999923706055,46.29999923706055,46.29999923706055,46.29999923706055,216.0
2023-03-09 13:06:00,FVCB,13.239999771118164,13.239999771118164,13.25,13.239999771118164,13.25,400.0
2023-03-09 13:06:00,GLRE,10.020000457763672,10.020000457763672,10.020000457763672,10.020000457763672,10.020000457763672,3502.0
2023-03-09 13:06:00,GOCO,18.799999237060547,18.799999237060547,18.799999237060547,18.799999237060547,18.799999237060547,100.0
2023-03-09 13:06:00,GSHD,52.78499984741211,52.78499984741211,52.78499984741211,52.78499984741211,52.78499984741211,546.0
2023-03-09 13:06:00,GXII,10.119999885559082,10.119999885559082,10.119999885559082,10.119999885559082,10.119999885559082,100.0
2023-03-09 13:06:00,HAFC,21.719999313354492,21.719999313354492,21.719999313354492,21.719999313354492,21.719999313354492,861.0
2023-03-09 13:06:00,HBAN,13.875,13.875,13.890000343322754,13.869999885559082,13.885000228881836,15423.0
2023-03-09 13:06:00,HBNC,13.800000190734863,13.800000190734863,13.8100004196167,13.800000190734863,13.8100004196167,802.0
2023-03-09 13:06:00,HFWA,24.459999084472656,24.459999084472656,24.459999084472656,24.420000076293945,24.420000076293945,1224.0
2023-03-09 13:06:00,HLNE,76.08499908447266,76.08499908447266,76.08499908447266,76.05000305175781,76.06999969482422,778.0
2023-03-09 13:06:00,HOPE,11.6850004196167,11.6850004196167,11.6850004196167,11.619999885559082,11.630000114440918,5028.0
2023-03-09 13:06:00,HUT,1.3300000429153442,1.3300000429153442,1.340000033378601,1.3300000429153442,1.3382999897003174,3438.0
2023-03-09 13:06:00,HWC,43.93000030517578,43.93000030517578,43.98500061035156,43.93000030517578,43.98500061035156,352.0
2023-03-09 13:06:00,IBKR,87.33000183105469,87.33000183105469,87.47000122070312,87.33000183105469,87.47000122070312,2614.0
2023-03-09 13:06:00,INDB,71.43000030517578,71.43000030517578,71.43000030517578,71.43000030517578,71.43000030517578,322.0
2023-03-09 13:06:00,INTR,2.0199999809265137,2.0199999809265137,2.0199999809265137,2.0199999809265137,2.0199999809265137,122.0
2023-03-09 13:07:00,ABCB,42.689998626708984,42.689998626708984,42.689998626708984,42.65999984741211,42.68000030517578,1185.0
2023-03-09 13:07:00,ACGL,69.7699966430664,69.7699966430664,69.77999877929688,69.73500061035156,69.77999877929688,16454.0
2023-03-09 13:07:00,ACGLN,18.770099639892578,18.770099639892578,18.780000686645508,18.770099639892578,18.780000686645508,1147.0
2023-03-09 13:07:00,AIHS,0.8759999871253967,0.8759999871253967,0.8899000287055969,0.8759999871253967,0.8848999738693237,1100.0
2023-03-09 13:07:00,AMAL,21.0,21.0,21.0,21.0,21.0,430.0
2023-03-09 13:07:00,AMNB,31.290000915527344,31.290000915527344,31.290000915527344,31.290000915527344,31.290000915527344,319.0
2023-03-09 13:07:00,APLD,2.0850000381469727,2.0850000381469727,2.0850000381469727,2.0850000381469727,2.0850000381469727,359.0
2023-03-09 13:07:00,ARCC,18.855499267578125,18.855499267578125,18.866500854492188,18.850000381469727,18.866500854492188,8502.0
2023-03-09 13:07:00,ATLCP,20.0,20.0,20.0,20.0,20.0,205.0
2023-03-09 13:07:00,AUB,36.790000915527344,36.790000915527344,36.880001068115234,36.790000915527344,36.880001068115234,4314.0
2023-03-09 13:07:00,BANF,85.48999786376953,85.48999786376953,85.48999786376953,85.48999786376953,85.48999786376953,119.0
2023-03-09 13:07:00,BFST,18.540000915527344,18.540000915527344,18.540000915527344,18.540000915527344,18.540000915527344,304.0
2023-03-09 13:07:00,BGCP,4.994999885559082,4.994999885559082,5.0,4.994999885559082,4.994999885559082,6393.0
2023-03-09 13:07:00,BHF,52.67499923706055,52.67499923706055,52.689998626708984,52.65999984741211,52.689998626708984,954.0
2023-03-09 13:07:00,BITF,0.7558000087738037,0.7558000087738037,0.7592009902000427,0.7549999952316284,0.7591999769210815,8176.0
2023-03-09 13:07:00,BOKF,95.5250015258789,95.5250015258789,95.5250015258789,95.5250015258789,95.5250015258789,132.0
2023-03-09 13:07:00,BOTJ,12.960000038146973,12.960000038146973,12.979999542236328,12.960000038146973,12.979999542236328,567.0
2023-03-09 13:07:00,BPOP,62.5,62.5,62.5,62.349998474121094,62.48160171508789,3683.0
2023-03-09 13:07:00,BSRR,19.350000381469727,19.350000381469727,19.350000381469727,19.350000381469727,19.350000381469727,412.0
2023-03-09 13:07:00,BTBT,1.1299999952316284,1.1299999952316284,1.1349999904632568,1.1299999952316284,1.1299999952316284,308.0
2023-03-09 13:07:00,BUSE,22.489999771118164,22.489999771118164,22.510000228881836,22.489999771118164,22.510000228881836,217.0
2023-03-09 13:07:00,CARE,16.360000610351562,16.360000610351562,16.386499404907227,16.360000610351562,16.386499404907227,1124.0
2023-03-09 13:07:00,CASH,46.81999969482422,46.81999969482422,46.81999969482422,46.79999923706055,46.79999923706055,1613.0
2023-03-09 13:07:00,CATY,38.959999084472656,38.959999084472656,38.97999954223633,38.959999084472656,38.97999954223633,748.0
2023-03-09 13:07:00,CBSH,61.72999954223633,61.72999954223633,61.75,61.68000030517578,61.72999954223633,3454.0
2023-03-09 13:07:00,CCB,42.04999923706055,42.04999923706055,42.04999923706055,42.04999923706055,42.04999923706055,1042.0
2023-03-09 13:07:00,CCBG,32.709999084472656,32.709999084472656,32.790000915527344,32.709999084472656,32.790000915527344,497.0
2023-03-09 13:07:00,CCNE,22.420000076293945,22.420000076293945,22.424999237060547,22.420000076293945,22.424999237060547,300.0
2023-03-09 13:07:00,CFB,12.239999771118164,12.239999771118164,12.239999771118164,12.239999771118164,12.239999771118164,1082.0
2023-03-09 13:07:00,CFFN,7.514999866485596,7.514999866485596,7.514999866485596,7.514999866485596,7.514999866485596,185.0
2023-03-09 13:07:00,CG,34.06999969482422,34.06999969482422,34.08000183105469,34.064998626708984,34.064998626708984,3253.0
2023-03-09 13:07:00,CGO,9.807600021362305,9.807600021362305,9.807600021362305,9.807600021362305,9.807600021362305,599.0
2023-03-09 13:07:00,CIFR,1.440000057220459,1.440000057220459,1.440000057220459,1.440000057220459,1.440000057220459,100.0
2023-03-09 13:07:00,CINF,116.0199966430664,116.0199966430664,116.0199966430664,116.0199966430664,116.0199966430664,237.0
2023-03-09 13:07:00,CIVB,20.760000228881836,20.760000228881836,20.80500030517578,20.760000228881836,20.80500030517578,363.0
2023-03-09 13:07:00,CLBK,19.5,19.5,19.510000228881836,19.5,19.510000228881836,1308.0
2023-03-09 13:07:00,CME,178.5399932861328,178.5399932861328,178.6199951171875,178.5399932861328,178.6199951171875,941.0
2023-03-09 13:07:00,CNOB,21.6200008392334,21.6200008392334,21.6299991607666,21.6200008392334,21.6299991607666,751.0
2023-03-09 13:07:00,COLB,25.2450008392334,25.2450008392334,25.25,25.219999313354492,25.25,6540.0
2023-03-09 13:07:00,COOP,44.01499938964844,44.01499938964844,44.01499938964844,44.01499938964844,44.01499938964844,559.0
2023-03-09 13:07:00,CRVL,179.0500030517578,179.0500030517578,179.19000244140625,179.02000427246094,179.19000244140625,1782.0
2023-03-09 13:07:00,CSWC,18.27899932861328,18.27899932861328,18.280000686645508,18.27899932861328,18.280000686645508,231.0
2023-03-09 13:07:00,CTBI,40.15999984741211,40.15999984741211,40.15999984741211,40.15999984741211,40.15999984741211,176.0
2023-03-09 13:07:00,CVBF,21.709999084472656,21.709999084472656,21.719999313354492,21.709999084472656,21.719999313354492,1288.0
2023-03-09 13:07:00,CZWI,12.319999694824219,12.319999694824219,12.319999694824219,12.319999694824219,12.319999694824219,513.0
2023-03-09 13:07:00,DCOM,29.280000686645508,29.280000686645508,29.290000915527344,29.260000228881836,29.290000915527344,987.0
2023-03-09 13:07:00,EBC,14.539999961853027,14.539999961853027,14.545000076293945,14.529999732971191,14.529999732971191,4912.0
2023-03-09 13:07:00,EGBN,40.2400016784668,40.2400016784668,40.2400016784668,40.220001220703125,40.2400016784668,863.0
2023-03-09 13:07:00,EHTH,8.79010009765625,8.79010009765625,8.79010009765625,8.79010009765625,8.79010009765625,504.0
2023-03-09 13:07:00,EWBC,67.76000213623047,67.76000213623047,67.76000213623047,67.69999694824219,67.75,2692.0
2023-03-09 13:07:00,EZPW,8.8100004196167,8.8100004196167,8.8149995803833,8.8100004196167,8.8149995803833,586.0
2023-03-09 13:07:00,FBIZ,33.66999816894531,33.66999816894531,33.66999816894531,33.66999816894531,33.66999816894531,600.0
2023-03-09 13:07:00,FBMS,28.670000076293945,28.670000076293945,28.670000076293945,28.65999984741211,28.670000076293945,496.0
2023-03-09 13:07:00,FBNC,38.630001068115234,38.630001068115234,38.72999954223633,38.58000183105469,38.70000076293945,5194.0
2023-03-09 13:07:00,FCBC,28.309999465942383,28.309999465942383,28.309999465942383,28.309999465942383,28.309999465942383,378.0
2023-03-09 13:07:00,FCFS,88.20999908447266,88.20999908447266,88.20999908447266,88.20999908447266,88.20999908447266,1777.0
2023-03-09 13:07:00,FCRD,4.539999961853027,4.539999961853027,4.539999961853027,4.539999961853027,4.539999961853027,100.0
2023-03-09 13:07:00,FFBC,22.31999969482422,22.31999969482422,22.31999969482422,22.31999969482422,22.31999969482422,430.0
2023-03-09 13:07:00,FFIN,33.59000015258789,33.59000015258789,33.59550094604492,33.560001373291016,33.560001373291016,1138.0
2023-03-09 13:07:00,FFWM,12.859999656677246,12.859999656677246,12.880000114440918,12.859999656677246,12.880000114440918,4105.0
2023-03-09 13:07:00,FHB,24.030000686645508,24.030000686645508,24.030000686645508,24.010000228881836,24.010000228881836,1163.0
2023-03-09 13:07:00,FIBK,32.13999938964844,32.13999938964844,32.13999938964844,32.125,32.13999938964844,2151.0
2023-03-09 13:07:00,FITB,32.154998779296875,32.154998779296875,32.17499923706055,32.13999938964844,32.17499923706055,6783.0
2023-03-09 13:07:00,FMAO,23.649999618530273,23.649999618530273,23.649999618530273,23.649999618530273,23.649999618530273,144.0
2023-03-09 13:07:00,FMBH,27.90999984741211,27.90999984741211,27.90999984741211,27.90999984741211,27.90999984741211,109.0
2023-03-09 13:07:00,FMNB,13.15999984741211,13.15999984741211,13.170000076293945,13.15999984741211,13.170000076293945,1309.0
2023-03-09 13:07:00,FNLC,28.049999237060547,28.049999237060547,28.08289909362793,28.049999237060547,28.08289909362793,603.0
2023-03-09 13:07:00,FOCS,51.63999938964844,51.63999938964844,51.63999938964844,51.6349983215332,51.6349983215332,231.0
2023-03-09 13:07:00,FRBA,12.899999618530273,12.899999618530273,12.899999618530273,12.899999618530273,12.899999618530273,112.0
2023-03-09 13:07:00,FRHC,72.25,72.25,72.25,72.25,72.25,430.0
2023-03-09 13:07:00,FRME,37.29999923706055,37.29999923706055,37.29999923706055,37.29999923706055,37.29999923706055,311.0
2023-03-09 13:07:00,FULT,15.65999984741211,15.65999984741211,15.65999984741211,15.649999618530273,15.649999618530273,487.0
2023-03-09 13:07:00,FUTU,46.349998474121094,46.349998474121094,46.369998931884766,46.349998474121094,46.36000061035156,1211.0
2023-03-09 13:07:00,FVCB,13.210000038146973,13.210000038146973,13.210000038146973,13.210000038146973,13.210000038146973,100.0
2023-03-09 13:07:00,GBDC,13.395000457763672,13.395000457763672,13.395000457763672,13.394599914550781,13.394599914550781,1039.0
2023-03-09 13:07:00,GGAL,12.779999732971191,12.779999732971191,12.8100004196167,12.779999732971191,12.795000076293945,1735.0
2023-03-09 13:07:00,GLAD,9.850000381469727,9.850000381469727,9.850000381469727,9.819999694824219,9.829999923706055,8396.0
2023-03-09 13:07:00,GLRE,10.020000457763672,10.020000457763672,10.020000457763672,10.020000457763672,10.020000457763672,2918.0
2023-03-09 13:07:00,GSBC,53.58000183105469,53.58000183105469,53.58000183105469,53.58000183105469,53.58000183105469,296.0
2023-03-09 13:07:00,HAFC,21.739999771118164,21.739999771118164,21.739999771118164,21.739999771118164,21.739999771118164,1101.0
2023-03-09 13:07:00,HBAN,13.864999771118164,13.864999771118164,13.880000114440918,13.859999656677246,13.875,19483.0
2023-03-09 13:07:00,HBT,22.0,22.0,22.0,22.0,22.0,435.0
2023-03-09 13:07:00,HFWA,24.450000762939453,24.450000762939453,24.450000762939453,24.420000076293945,24.420000076293945,360.0
2023-03-09 13:07:00,HMST,22.34000015258789,22.34000015258789,22.34000015258789,22.34000015258789,22.34000015258789,228.0
2023-03-09 13:07:00,HONE,12.6899995803833,12.6899995803833,12.6899995803833,12.6899995803833,12.6899995803833,364.0
2023-03-09 13:07:00,HOPE,11.680000305175781,11.680000305175781,11.6850004196167,11.680000305175781,11.6850004196167,8158.0
2023-03-09 13:07:00,HTBK,10.850000381469727,10.850000381469727,10.859999656677246,10.850000381469727,10.859999656677246,1054.0
2023-03-09 13:07:00,HTLF,45.4900016784668,45.4900016784668,45.4900016784668,45.4900016784668,45.4900016784668,586.0
2023-03-09 13:07:00,HUT,1.332800030708313,1.332800030708313,1.332800030708313,1.3300000429153442,1.3300000429153442,768.0
2023-03-09 13:07:00,HWC,43.959999084472656,43.959999084472656,43.959999084472656,43.915000915527344,43.959999084472656,2158.0
2023-03-09 13:07:00,IBKR,87.37000274658203,87.37000274658203,87.37000274658203,87.37000274658203,87.37000274658203,348.0
2023-03-09 13:07:00,IBOC,44.755001068115234,44.755001068115234,44.779998779296875,44.7400016784668,44.7599983215332,1952.0
2023-03-09 13:07:00,IBTX,52.369998931884766,52.369998931884766,52.369998931884766,52.369998931884766,52.369998931884766,1270.0
2023-03-09 13:07:00,INDB,71.30000305175781,71.30000305175781,71.30000305175781,71.30000305175781,71.30000305175781,207.0
2023-03-09 13:08:00,ABCB,42.70500183105469,42.70500183105469,42.70500183105469,42.70500183105469,42.70500183105469,488.0
2023-03-09 13:08:00,ACGL,69.77999877929688,69.77999877929688,69.80000305175781,69.7699966430664,69.7699966430664,17559.0
2023-03-09 13:08:00,ACT,24.040000915527344,24.040000915527344,24.040000915527344,24.040000915527344,24.040000915527344,318.0
2023-03-09 13:08:00,AIHS,0.8899999856948853,0.8899999856948853,0.8899999856948853,0.8899999856948853,0.8899999856948853,1428.0
2023-03-09 13:08:00,ARCC,18.858699798583984,18.858699798583984,18.858699798583984,18.850000381469727,18.854999542236328,6966.0
2023-03-09 13:08:00,AUB,36.72999954223633,36.72999954223633,36.7599983215332,36.72999954223633,36.7599983215332,1472.0
2023-03-09 13:08:00,BITF,0.7552000284194946,0.7552000284194946,0.7552000284194946,0.7551000118255615,0.7551000118255615,13254.0
2023-03-09 13:08:00,BKCC,3.6600000858306885,3.6600000858306885,3.6600000858306885,3.6600000858306885,3.6600000858306885,427.0
2023-03-09 13:08:00,BOKF,95.44999694824219,95.44999694824219,95.44999694824219,95.44999694824219,95.44999694824219,353.0
2023-03-09 13:08:00,BPOP,62.5099983215332,62.5099983215332,62.5099983215332,62.369998931884766,62.38999938964844,973.0
2023-03-09 13:08:00,BSRR,19.3799991607666,19.3799991607666,19.3799991607666,19.360000610351562,19.360000610351562,848.0
2023-03-09 13:08:00,BTBT,1.1299999952316284,1.1299999952316284,1.1299999952316284,1.1299999952316284,1.1299999952316284,400.0
2023-03-09 13:08:00,BUSE,22.489999771118164,22.489999771118164,22.489999771118164,22.489999771118164,22.489999771118164,250.0
2023-03-09 13:08:00,CACC,437.54998779296875,437.54998779296875,437.54998779296875,437.54998779296875,437.54998779296875,156.0
2023-03-09 13:08:00,CARE,16.34000015258789,16.34000015258789,16.34000015258789,16.34000015258789,16.34000015258789,200.0
2023-03-09 13:08:00,CATY,38.9385986328125,38.9385986328125,38.959999084472656,38.9385986328125,38.959999084472656,311.0
2023-03-09 13:08:00,CBSH,61.720001220703125,61.720001220703125,61.720001220703125,61.68000030517578,61.71500015258789,1028.0
2023-03-09 13:08:00,CFFN,7.514999866485596,7.514999866485596,7.519999980926514,7.514999866485596,7.519999980926514,393.0
2023-03-09 13:08:00,CG,34.08000183105469,34.08000183105469,34.08000183105469,34.064998626708984,34.06999969482422,2416.0
2023-03-09 13:08:00,CIFR,1.440000057220459,1.440000057220459,1.440000057220459,1.440000057220459,1.440000057220459,3984.0
2023-03-09 13:08:00,CINF,116.08999633789062,116.08999633789062,116.08999633789062,116.08999633789062,116.08999633789062,238.0
2023-03-09 13:08:00,CIVB,20.770000457763672,20.770000457763672,20.770000457763672,20.770000457763672,20.770000457763672,100.0
2023-03-09 13:08:00,CLBK,19.510000228881836,19.510000228881836,19.510000228881836,19.5,19.510000228881836,468.0
2023-03-09 13:08:00,CME,178.5800018310547,178.5800018310547,178.6309051513672,178.5800018310547,178.6309051513672,1407.0
2023-03-09 13:08:00,CNOB,21.739999771118164,21.739999771118164,21.75,21.649999618530273,21.649999618530273,2950.0
2023-03-09 13:08:00,COLB,25.219999313354492,25.219999313354492,25.25,25.219999313354492,25.239999771118164,7687.0
2023-03-09 13:08:00,COOP,44.0099983215332,44.0099983215332,44.0099983215332,44.0099983215332,44.0099983215332,330.0
2023-03-09 13:08:00,CRVL,179.4199981689453,179.4199981689453,179.4199981689453,179.25,179.25,2385.0
2023-03-09 13:08:00,CSQ,13.992899894714355,13.992899894714355,13.992899894714355,13.992899894714355,13.992899894714355,357.0
2023-03-09 13:08:00,CSTR,15.279999732971191,15.279999732971191,15.279999732971191,15.260000228881836,15.260000228881836,310.0
2023-03-09 13:08:00,CSWC,18.290000915527344,18.290000915527344,18.290000915527344,18.280000686645508,18.280000686645508,1187.0
2023-03-09 13:08:00,DALS,10.125,10.125,10.125,10.125,10.125,100.0
2023-03-09 13:08:00,DWAC,14.06820011138916,14.06820011138916,14.06820011138916,14.06820011138916,14.06820011138916,395.0
2023-03-09 13:08:00,EBC,14.550000190734863,14.550000190734863,14.550000190734863,14.539999961853027,14.539999961853027,926.0
2023-03-09 13:08:00,EGBN,40.20000076293945,40.20000076293945,40.20000076293945,40.20000076293945,40.20000076293945,640.0
2023-03-09 13:08:00,ERIE,233.27999877929688,233.27999877929688,233.27999877929688,233.27999877929688,233.27999877929688,311.0
2023-03-09 13:08:00,ESQ,41.31999969482422,41.31999969482422,41.599998474121094,41.31999969482422,41.599998474121094,1098.0
2023-03-09 13:08:00,EWBC,67.78990173339844,67.78990173339844,67.78990173339844,67.78990173339844,67.78990173339844,502.0
2023-03-09 13:08:00,EZPW,8.800000190734863,8.800000190734863,8.800000190734863,8.800000190734863,8.800000190734863,200.0
2023-03-09 13:08:00,FCRD,4.53000020980835,4.53000020980835,4.53000020980835,4.53000020980835,4.53000020980835,200.0
2023-03-09 13:08:00,FFBC,22.290000915527344,22.290000915527344,22.290000915527344,22.290000915527344,22.290000915527344,130.0
2023-03-09 13:08:00,FFIN,33.58000183105469,33.58000183105469,33.61000061035156,33.58000183105469,33.584999084472656,891.0
2023-03-09 13:08:00,FFWM,12.869999885559082,12.869999885559082,12.869999885559082,12.859999656677246,12.859999656677246,1343.0
2023-03-09 13:08:00,FHB,24.020000457763672,24.020000457763672,24.020000457763672,24.020000457763672,24.020000457763672,1149.0
2023-03-09 13:08:00,FIBK,32.119998931884766,32.119998931884766,32.119998931884766,32.119998931884766,32.119998931884766,213.0
2023-03-09 13:08:00,FITB,32.14500045776367,32.14500045776367,32.165000915527344,32.13999938964844,32.150001525878906,6936.0
2023-03-09 13:08:00,FITBO,22.25790023803711,22.25790023803711,22.25790023803711,22.25790023803711,22.25790023803711,100.0
2023-03-09 13:08:00,FMBH,27.975000381469727,27.975000381469727,27.975000381469727,27.975000381469727,27.975000381469727,326.0
2023-03-09 13:08:00,FOCS,51.630001068115234,51.630001068115234,51.63999938964844,51.630001068115234,51.63999938964844,917.0
2023-03-09 13:08:00,FRME,37.290000915527344,37.290000915527344,37.290000915527344,37.290000915527344,37.290000915527344,557.0
2023-03-09 13:08:00,FRON,10.1899995803833,10.1899995803833,10.1899995803833,10.1899995803833,10.1899995803833,15503.0
2023-03-09 13:08:00,FULT,15.65999984741211,15.65999984741211,15.65999984741211,15.65999984741211,15.65999984741211,694.0
2023-03-09 13:08:00,FUTU,46.470001220703125,46.470001220703125,46.4900016784668,46.349998474121094,46.349998474121094,1806.0
2023-03-09 13:08:00,FVCB,13.25,13.25,13.25,13.220000267028809,13.22920036315918,1901.0
2023-03-09 13:08:00,GBDC,13.392999649047852,13.392999649047852,13.395000457763672,13.390000343322754,13.390000343322754,2246.0
2023-03-09 13:08:00,GGAL,12.800000190734863,12.800000190734863,12.800000190734863,12.795000076293945,12.800000190734863,700.0
2023-03-09 13:08:00,GLAD,9.850000381469727,9.850000381469727,9.850000381469727,9.850000381469727,9.850000381469727,345.0
2023-03-09 13:08:00,GLRE,10.020000457763672,10.020000457763672,10.020000457763672,10.020000457763672,10.020000457763672,366.0
2023-03-09 13:08:00,GXII,10.119999885559082,10.119999885559082,10.119999885559082,10.119999885559082,10.119999885559082,100.0
2023-03-09 13:08:00,HAFC,21.71500015258789,21.71500015258789,21.71500015258789,21.71500015258789,21.71500015258789,422.0
2023-03-09 13:08:00,HBAN,13.859999656677246,13.859999656677246,13.875,13.854999542236328,13.859999656677246,282510.0
2023-03-09 13:08:00,HBANP,19.143400192260742,19.143400192260742,19.143400192260742,19.143400192260742,19.143400192260742,274.0
2023-03-09 13:08:00,HBT,22.020000457763672,22.020000457763672,22.020000457763672,21.989999771118164,22.0,620.0
2023-03-09 13:08:00,HIVE,2.578399896621704,2.578399896621704,2.578399896621704,2.578399896621704,2.578399896621704,324.0
2023-03-09 13:08:00,HMPT,1.8983999490737915,1.8983999490737915,1.8983999490737915,1.8983999490737915,1.8983999490737915,100.0
2023-03-09 13:08:00,HMST,22.389999389648438,22.389999389648438,22.389999389648438,22.389999389648438,22.389999389648438,860.0
2023-03-09 13:08:00,HOPE,11.6850004196167,11.6850004196167,11.699899673461914,11.680000305175781,11.6899995803833,2661.0
2023-03-09 13:08:00,HUT,1.330899953842163,1.330899953842163,1.340000033378601,1.3300000429153442,1.340000033378601,9414.0
2023-03-09 13:08:00,HWC,43.94499969482422,43.94499969482422,43.94499969482422,43.94499969482422,43.94499969482422,473.0
2023-03-09 13:08:00,IBKR,87.33999633789062,87.33999633789062,87.33999633789062,87.33999633789062,87.33999633789062,477.0
2023-03-09 13:08:00,IBOC,44.724998474121094,44.724998474121094,44.724998474121094,44.70000076293945,44.709999084472656,1264.0
2023-03-09 13:08:00,ICMB,3.930000066757202,3.930000066757202,3.930000066757202,3.930000066757202,3.930000066757202,269.0
2023-03-09 13:08:00,IGIC,8.300000190734863,8.300000190734863,8.300000190734863,8.300000190734863,8.300000190734863,100.0
2023-03-09 13:08:00,INDB,71.2699966430664,71.2699966430664,71.2699966430664,71.2699966430664,71.2699966430664,407.0
2023-03-09 13:08:00,INTR,2.0199999809265137,2.0199999809265137,2.0199999809265137,2.0199999809265137,2.0199999809265137,3355.0
2023-03-09 13:09:00,ACGL,69.79000091552734,69.79000091552734,69.79000091552734,69.76000213623047,69.7699966430664,7251.0
2023-03-09 13:09:00,AIHS,0.8899999856948853,0.8899999856948853,0.8988000154495239,0.8899999856948853,0.8988000154495239,3300.0
2023-03-09 13:09:00,APLD,2.0799999237060547,2.0799999237060547,2.0799999237060547,2.0799999237060547,2.0799999237060547,182.0
2023-03-09 13:09:00,ARCC,18.850000381469727,18.850000381469727,18.860000610351562,18.850000381469727,18.854999542236328,2585.0
2023-03-09 13:09:00,AUB,36.72999954223633,36.72999954223633,36.72999954223633,36.72999954223633,36.72999954223633,462.0
2023-03-09 13:09:00,BANF,85.48999786376953,85.48999786376953,85.48999786376953,85.48999786376953,85.48999786376953,611.0
2023-03-09 13:09:00,BGCP,4.994999885559082,4.994999885559082,4.994999885559082,4.994999885559082,4.994999885559082,749.0
2023-03-09 13:09:00,BITF,0.7537999749183655,0.7537999749183655,0.7552000284194946,0.7537999749183655,0.7552000284194946,22399.0
2023-03-09 13:09:00,BLFY,11.414999961853027,11.414999961853027,11.414999961853027,11.390000343322754,11.390000343322754,344.0
2023-03-09 13:09:00,BOKF,95.53500366210938,95.53500366210938,95.53500366210938,95.53500366210938,95.53500366210938,613.0
2023-03-09 13:09:00,BPOP,62.38999938964844,62.38999938964844,62.40999984741211,62.38999938964844,62.40999984741211,839.0
2023-03-09 13:09:00,BREZ,10.5600004196167,10.5600004196167,10.5600004196167,10.5600004196167,10.5600004196167,100.0
2023-03-09 13:09:00,BRKL,11.40999984741211,11.40999984741211,11.40999984741211,11.40999984741211,11.40999984741211,288.0
2023-03-09 13:09:00,BTBT,1.1349999904632568,1.1349999904632568,1.1399999856948853,1.1299999952316284,1.1299999952316284,10643.0
2023-03-09 13:09:00,BUSE,22.479999542236328,22.479999542236328,22.489999771118164,22.469999313354492,22.469999313354492,508.0
2023-03-09 13:09:00,CARE,16.34000015258789,16.34000015258789,16.34000015258789,16.34000015258789,16.34000015258789,326.0
2023-03-09 13:09:00,CATY,38.93000030517578,38.93000030517578,38.95500183105469,38.93000030517578,38.95500183105469,1402.0
2023-03-09 13:09:00,CBSH,61.69499969482422,61.69499969482422,61.69499969482422,61.65999984741211,61.68000030517578,1018.0
2023-03-09 13:09:00,CCBG,32.529998779296875,32.529998779296875,32.630001068115234,32.529998779296875,32.630001068115234,568.0
2023-03-09 13:09:00,CCD,23.099899291992188,23.099899291992188,23.100000381469727,23.049999237060547,23.049999237060547,914.0
2023-03-09 13:09:00,CFFN,7.519999980926514,7.519999980926514,7.519999980926514,7.5,7.514999866485596,24754.0
2023-03-09 13:09:00,CG,34.09000015258789,34.09000015258789,34.11000061035156,34.07500076293945,34.08000183105469,14938.0
2023-03-09 13:09:00,CIFR,1.440000057220459,1.440000057220459,1.440000057220459,1.440000057220459,1.440000057220459,100.0
2023-03-09 13:09:00,CINF,115.9749984741211,115.9749984741211,116.02999877929688,115.93000030517578,116.02999877929688,1986.0
2023-03-09 13:09:00,CLBK,19.5,19.5,19.5,19.5,19.5,278.0
2023-03-09 13:09:00,CME,178.5449981689453,178.5449981689453,178.65989685058594,178.52000427246094,178.65989685058594,1026.0
2023-03-09 13:09:00,COLB,25.229999542236328,25.229999542236328,25.229999542236328,25.204999923706055,25.219999313354492,3678.0
2023-03-09 13:09:00,COOP,44.040000915527344,44.040000915527344,44.040000915527344,43.994998931884766,43.994998931884766,1258.0
2023-03-09 13:09:00,CRVL,179.6999969482422,179.6999969482422,179.6999969482422,179.6999969482422,179.6999969482422,212.0
2023-03-09 13:09:00,CSWC,18.298999786376953,18.298999786376953,18.299999237060547,18.298999786376953,18.299999237060547,1440.0
2023-03-09 13:09:00,DHHC,10.350000381469727,10.350000381469727,10.489999771118164,10.350000381469727,10.489999771118164,1273.0
2023-03-09 13:09:00,EBC,14.5600004196167,14.5600004196167,14.5649995803833,14.555000305175781,14.5649995803833,1551.0
2023-03-09 13:09:00,EFSC,51.2599983215332,51.2599983215332,51.2599983215332,51.20500183105469,51.20500183105469,228.0
2023-03-09 13:09:00,EWBC,67.80000305175781,67.80000305175781,67.83000183105469,67.7699966430664,67.7699966430664,1965.0
2023-03-09 13:09:00,FBMS,28.674999237060547,28.674999237060547,28.700000762939453,28.674999237060547,28.700000762939453,825.0
2023-03-09 13:09:00,FBNC,38.540000915527344,38.540000915527344,38.560001373291016,38.529998779296875,38.560001373291016,825.0
2023-03-09 13:09:00,FCRD,4.550000190734863,4.550000190734863,4.629499912261963,4.550000190734863,4.629499912261963,200.0
2023-03-09 13:09:00,FFIC,17.149999618530273,17.149999618530273,17.149999618530273,17.1299991607666,17.1299991607666,1327.0
2023-03-09 13:09:00,FFWM,12.850000381469727,12.850000381469727,12.859999656677246,12.850000381469727,12.859999656677246,836.0
2023-03-09 13:09:00,FIBK,32.130001068115234,32.130001068115234,32.130001068115234,32.130001068115234,32.130001068115234,984.0
2023-03-09 13:09:00,FITB,32.13999938964844,32.13999938964844,32.154998779296875,32.130001068115234,32.14939880371094,8106.0
2023-03-09 13:09:00,FLIC,16.079999923706055,16.079999923706055,16.079999923706055,16.079999923706055,16.079999923706055,1052.0
2023-03-09 13:09:00,FMNB,13.15999984741211,13.15999984741211,13.15999984741211,13.15999984741211,13.15999984741211,228.0
2023-03-09 13:09:00,FOCS,51.6349983215332,51.6349983215332,51.63999938964844,51.630001068115234,51.630001068115234,4405.0
2023-03-09 13:09:00,FRBK,1.7549999952316284,1.7549999952316284,1.7549999952316284,1.7549999952316284,1.7549999952316284,107.0
2023-03-09 13:09:00,FSFG,18.790000915527344,18.790000915527344,19.100000381469727,18.790000915527344,19.100000381469727,409.0
2023-03-09 13:09:00,FULT,15.654999732971191,15.654999732971191,15.654999732971191,15.649999618530273,15.649999618530273,2912.0
2023-03-09 13:09:00,FUTU,46.369998931884766,46.369998931884766,46.459999084472656,46.369998931884766,46.459999084472656,1236.0
2023-03-09 13:09:00,FVCB,13.25,13.25,13.25,13.25,13.25,867.0
2023-03-09 13:09:00,GAIN,13.62399959564209,13.62399959564209,13.65999984741211,13.62399959564209,13.65999984741211,1400.0
2023-03-09 13:09:00,GBDC,13.395000457763672,13.395000457763672,13.395000457763672,13.395000457763672,13.395000457763672,791.0
2023-03-09 13:09:00,GECC,9.409299850463867,9.409299850463867,9.409299850463867,9.409299850463867,9.409299850463867,100.0
2023-03-09 13:09:00,GLAD,9.84000015258789,9.84000015258789,9.84000015258789,9.84000015258789,9.84000015258789,645.0
2023-03-09 13:09:00,GOCO,18.672500610351562,18.672500610351562,18.959999084472656,18.672500610351562,18.959999084472656,252.0
2023-03-09 13:09:00,GREE,0.4399999976158142,0.4399999976158142,0.4399999976158142,0.4399999976158142,0.4399999976158142,438.0
2023-03-09 13:09:00,GSHD,52.709999084472656,52.709999084472656,52.709999084472656,52.709999084472656,52.709999084472656,394.0
2023-03-09 13:09:00,HBAN,13.829999923706055,13.829999923706055,13.859999656677246,13.829999923706055,13.859999656677246,377710.0
2023-03-09 13:09:00,HBT,22.0,22.0,22.0,22.0,22.0,107.0
2023-03-09 13:09:00,HFWA,24.424999237060547,24.424999237060547,24.424999237060547,24.424999237060547,24.424999237060547,412.0
2023-03-09 13:09:00,HMPT,1.899999976158142,1.899999976158142,1.899999976158142,1.899999976158142,1.899999976158142,286.0
2023-03-09 13:09:00,HOPE,11.6850004196167,11.6850004196167,11.6850004196167,11.6850004196167,11.6850004196167,201.0
2023-03-09 13:09:00,HUT,1.3346999883651733,1.3346999883651733,1.3396999835968018,1.3300000429153442,1.3300000429153442,20361.0
2023-03-09 13:09:00,HWC,43.94499969482422,43.94499969482422,43.94499969482422,43.94499969482422,43.94499969482422,108.0
2023-03-09 13:09:00,IBKR,87.38999938964844,87.38999938964844,87.43000030517578,87.37999725341797,87.37999725341797,1884.0
2023-03-09 13:09:00,IBOC,44.689998626708984,44.689998626708984,44.689998626708984,44.689998626708984,44.689998626708984,1936.0
2023-03-09 13:10:00,ACACW,0.05000000074505806,0.05000000074505806,0.05000000074505806,0.05000000074505806,0.05000000074505806,200.0
2023-03-09 13:10:00,ACGL,69.78500366210938,69.78500366210938,69.79000091552734,69.7699966430664,69.7699966430664,3840.0
2023-03-09 13:10:00,ACT,23.969999313354492,23.969999313354492,23.969999313354492,23.969999313354492,23.969999313354492,512.0
2023-03-09 13:10:00,ADAL,10.414999961853027,10.414999961853027,10.414999961853027,10.414999961853027,10.414999961853027,13589.0
2023-03-09 13:10:00,AIHS,0.9100000262260437,0.9100000262260437,0.9100000262260437,0.8988999724388123,0.8988999724388123,1748.0
2023-03-09 13:10:00,APLD,2.0850000381469727,2.0850000381469727,2.0850000381469727,2.0850000381469727,2.0850000381469727,104.0
2023-03-09 13:10:00,APMI,10.247699737548828,10.247699737548828,10.25,10.211000442504883,10.249699592590332,3805.0
2023-03-09 13:10:00,ARCC,18.84000015258789,18.84000015258789,18.860000610351562,18.84000015258789,18.857500076293945,13818.0
2023-03-09 13:10:00,ATLCP,19.999900817871094,19.999900817871094,20.0,19.989999771118164,19.989999771118164,646.0
2023-03-09 13:10:00,AUB,36.720001220703125,36.720001220703125,36.7400016784668,36.720001220703125,36.72999954223633,1847.0
2023-03-09 13:10:00,BANF,85.44999694824219,85.44999694824219,85.55999755859375,85.36499786376953,85.36499786376953,2072.0
2023-03-09 13:10:00,BANR,57.56999969482422,57.56999969482422,57.56999969482422,57.56999969482422,57.56999969482422,2231.0
2023-03-09 13:10:00,BFST,18.549999237060547,18.549999237060547,18.549999237060547,18.549999237060547,18.549999237060547,104.0
2023-03-09 13:10:00,BGCP,4.989999771118164,4.989999771118164,4.994999885559082,4.985000133514404,4.989999771118164,11726.0
2023-03-09 13:10:00,BHF,52.630001068115234,52.630001068115234,52.685001373291016,52.630001068115234,52.63999938964844,1708.0
2023-03-09 13:10:00,BKCC,3.6600000858306885,3.6600000858306885,3.6600000858306885,3.6600000858306885,3.6600000858306885,212.0
2023-03-09 13:10:00,BPOP,62.415000915527344,62.415000915527344,62.415000915527344,62.415000915527344,62.415000915527344,440.0
2023-03-09 13:10:00,BRKL,11.40999984741211,11.40999984741211,11.40999984741211,11.40999984741211,11.40999984741211,300.0
2023-03-09 13:10:00,BRP,25.709999084472656,25.709999084472656,25.790000915527344,25.709999084472656,25.790000915527344,1360.0
2023-03-09 13:10:00,BTBT,1.1299999952316284,1.1299999952316284,1.1299999952316284,1.1299999952316284,1.1299999952316284,200.0
2023-03-09 13:10:00,BTCS,1.2300000190734863,1.2300000190734863,1.2300000190734863,1.2300000190734863,1.2300000190734863,184.0
2023-03-09 13:10:00,BWB,13.399999618530273,13.399999618530273,13.399999618530273,13.399999618530273,13.399999618530273,101.0
2023-03-09 13:10:00,CACC,436.9700012207031,436.9700012207031,436.9700012207031,436.9700012207031,436.9700012207031,429.0
2023-03-09 13:10:00,CARE,16.329999923706055,16.329999923706055,16.334999084472656,16.329999923706055,16.334999084472656,542.0
2023-03-09 13:10:00,CATC,70.62999725341797,70.62999725341797,70.62999725341797,70.62999725341797,70.62999725341797,486.0
2023-03-09 13:10:00,CATY,38.97050094604492,38.97050094604492,38.9900016784668,38.91999816894531,38.91999816894531,1630.0
2023-03-09 13:10:00,CBSH,61.689998626708984,61.689998626708984,61.689998626708984,61.66999816894531,61.66999816894531,859.0
2023-03-09 13:10:00,CCNE,22.40999984741211,22.40999984741211,22.420000076293945,22.399999618530273,22.420000076293945,459.0
2023-03-09 13:10:00,CFFN,7.514999866485596,7.514999866485596,7.519999980926514,7.514999866485596,7.519999980926514,630.0
2023-03-09 13:10:00,CG,34.064998626708984,34.064998626708984,34.084999084472656,34.064998626708984,34.084999084472656,12684.0
2023-03-09 13:10:00,CHI,11.960000038146973,11.960000038146973,11.960000038146973,11.960000038146973,11.960000038146973,100.0
2023-03-09 13:10:00,CHMG,48.54999923706055,48.54999923706055,48.75,48.54999923706055,48.75,675.0
2023-03-09 13:10:00,CINF,115.9800033569336,115.9800033569336,115.9800033569336,115.92500305175781,115.92500305175781,714.0
2023-03-09 13:10:00,CME,178.57000732421875,178.57000732421875,178.57000732421875,178.57000732421875,178.57000732421875,398.0
2023-03-09 13:10:00,COLB,25.239999771118164,25.239999771118164,25.25,25.219999313354492,25.239999771118164,5987.0
2023-03-09 13:10:00,COOP,44.040000915527344,44.040000915527344,44.040000915527344,43.970001220703125,43.97999954223633,1279.0
2023-03-09 13:10:00,CRVL,179.8000030517578,179.8000030517578,179.8000030517578,179.75999450683594,179.75999450683594,226.0
2023-03-09 13:10:00,CTBI,40.0,40.0,40.0099983215332,40.0,40.0099983215332,327.0
2023-03-09 13:10:00,CVBF,21.709999084472656,21.709999084472656,21.709999084472656,21.709999084472656,21.709999084472656,247.0
2023-03-09 13:10:00,DWAC,14.050000190734863,14.050000190734863,14.055000305175781,14.050000190734863,14.055000305175781,1626.0
2023-03-09 13:10:00,EBC,14.53499984741211,14.53499984741211,14.550000190734863,14.53499984741211,14.550000190734863,762.0
2023-03-09 13:10:00,EHTH,8.770000457763672,8.770000457763672,8.779999732971191,8.770000457763672,8.770000457763672,772.0
2023-03-09 13:10:00,EWBC,67.80999755859375,67.80999755859375,67.81999969482422,67.80999755859375,67.81999969482422,1076.0
2023-03-09 13:10:00,EZPW,8.795000076293945,8.795000076293945,8.795000076293945,8.795000076293945,8.795000076293945,337.0
2023-03-09 13:10:00,FBMS,28.6299991607666,28.6299991607666,28.649999618530273,28.59000015258789,28.649999618530273,9027.0
2023-03-09 13:10:00,FBNC,38.58000183105469,38.58000183105469,38.630001068115234,38.52000045776367,38.52000045776367,3009.0
2023-03-09 13:10:00,FCNCA,646.0,646.0,646.0,646.0,646.0,146.0
2023-03-09 13:10:00,FCNCO,21.689899444580078,21.689899444580078,21.689899444580078,21.689899444580078,21.689899444580078,1000.0
2023-03-09 13:10:00,FCRD,4.539999961853027,4.539999961853027,4.539999961853027,4.539999961853027,4.539999961853027,100.0
2023-03-09 13:10:00,FDUS,20.200000762939453,20.200000762939453,20.200000762939453,20.200000762939453,20.200000762939453,257.0
2023-03-09 13:10:00,FFBC,22.290000915527344,22.290000915527344,22.290000915527344,22.290000915527344,22.290000915527344,172.0
2023-03-09 13:10:00,FFIN,33.57419967651367,33.57419967651367,33.57419967651367,33.56999969482422,33.56999969482422,605.0
2023-03-09 13:10:00,FFWM,12.859999656677246,12.859999656677246,12.859999656677246,12.854999542236328,12.854999542236328,1181.0
2023-03-09 13:10:00,FHB,23.989999771118164,23.989999771118164,24.0,23.989999771118164,24.0,444.0
2023-03-09 13:10:00,FITB,32.1349983215332,32.1349983215332,32.150001525878906,32.130001068115234,32.1349983215332,7030.0
2023-03-09 13:10:00,FOCS,51.625,51.625,51.630001068115234,51.619998931884766,51.630001068115234,1455.0
2023-03-09 13:10:00,FRHC,72.30000305175781,72.30000305175781,72.61799621582031,72.23500061035156,72.23500061035156,3300.0
2023-03-09 13:10:00,FULT,15.649999618530273,15.649999618530273,15.649999618530273,15.649999618530273,15.649999618530273,176.0
2023-03-09 13:10:00,FUTU,46.31999969482422,46.31999969482422,46.31999969482422,46.31999969482422,46.31999969482422,159.0
2023-03-09 13:10:00,GCMG,8.4399995803833,8.4399995803833,8.449999809265137,8.4399995803833,8.449999809265137,2178.0
2023-03-09 13:10:00,GECC,9.411999702453613,9.411999702453613,9.411999702453613,9.411999702453613,9.411999702453613,283.0
2023-03-09 13:10:00,GGAL,12.805000305175781,12.805000305175781,12.817999839782715,12.805000305175781,12.8100004196167,1200.0
2023-03-09 13:10:00,GLAD,9.839300155639648,9.839300155639648,9.839300155639648,9.839300155639648,9.839300155639648,169.0
2023-03-09 13:10:00,GLRE,10.020000457763672,10.020000457763672,10.020000457763672,10.010000228881836,10.010000228881836,1406.0
2023-03-09 13:10:00,GOCO,18.864999771118164,18.864999771118164,18.864999771118164,18.625,18.625,332.0
2023-03-09 13:10:00,GSHD,52.665000915527344,52.665000915527344,52.665000915527344,52.665000915527344,52.665000915527344,711.0
2023-03-09 13:10:00,GXII,10.119999885559082,10.119999885559082,10.119999885559082,10.119999885559082,10.119999885559082,100.0
2023-03-09 13:10:00,HBAN,13.824999809265137,13.824999809265137,13.84000015258789,13.819999694824219,13.829999923706055,32266.0
2023-03-09 13:10:00,HBT,22.0,22.0,22.0,22.0,22.0,263.0
2023-03-09 13:10:00,HIVE,2.569000005722046,2.569000005722046,2.569999933242798,2.569000005722046,2.569999933242798,1376.0
2023-03-09 13:10:00,HONE,12.670000076293945,12.670000076293945,12.680000305175781,12.670000076293945,12.680000305175781,1563.0
2023-03-09 13:10:00,HOPE,11.680100440979004,11.680100440979004,11.6899995803833,11.680100440979004,11.6899995803833,6383.0
2023-03-09 13:10:00,HUT,1.3300000429153442,1.3300000429153442,1.3350000381469727,1.3300000429153442,1.3300000429153442,50299.0
2023-03-09 13:10:00,HWC,43.935001373291016,43.935001373291016,43.935001373291016,43.935001373291016,43.935001373291016,224.0
2023-03-09 13:10:00,IBKR,87.30000305175781,87.30000305175781,87.3770980834961,87.27999877929688,87.3770980834961,1212.0
2023-03-09 13:11:00,ABCB,42.61000061035156,42.61000061035156,42.650001525878906,42.61000061035156,42.630001068115234,2230.0
2023-03-09 13:11:00,ACGL,69.77999877929688,69.77999877929688,69.80000305175781,69.7699966430664,69.77999877929688,3898.0
2023-03-09 13:11:00,AMAL,21.010000228881836,21.010000228881836,21.010000228881836,20.969999313354492,20.969999313354492,1489.0
2023-03-09 13:11:00,APLD,2.075000047683716,2.075000047683716,2.0799999237060547,2.069999933242798,2.0799999237060547,3802.0
2023-03-09 13:11:00,ARCC,18.834999084472656,18.834999084472656,18.844999313354492,18.834999084472656,18.844999313354492,21148.0
2023-03-09 13:11:00,ATLO,23.39940071105957,23.39940071105957,23.39940071105957,23.3700008392334,23.3700008392334,302.0
2023-03-09 13:11:00,AUB,36.70500183105469,36.70500183105469,36.720001220703125,36.70500183105469,36.720001220703125,3000.0
2023-03-09 13:11:00,BANF,85.48999786376953,85.48999786376953,85.48999786376953,85.48999786376953,85.48999786376953,667.0
2023-03-09 13:11:00,BFIN,10.25,10.25,10.25,10.25,10.25,200.0
2023-03-09 13:11:00,BFST,18.56999969482422,18.56999969482422,18.56999969482422,18.530000686645508,18.530000686645508,4507.0
2023-03-09 13:11:00,BGCP,4.985000133514404,4.985000133514404,4.985000133514404,4.985000133514404,4.985000133514404,962.0
2023-03-09 13:11:00,BHF,52.619998931884766,52.619998931884766,52.619998931884766,52.59000015258789,52.599998474121094,575.0
2023-03-09 13:11:00,BITF,0.7524999976158142,0.7524999976158142,0.7527999877929688,0.7524999976158142,0.7527999877929688,6001.0
2023-03-09 13:11:00,BMRC,26.739999771118164,26.739999771118164,26.760000228881836,26.739999771118164,26.760000228881836,294.0
2023-03-09 13:11:00,BOKF,95.4000015258789,95.4000015258789,95.4000015258789,95.4000015258789,95.4000015258789,686.0
2023-03-09 13:11:00,BPOP,62.369998931884766,62.369998931884766,62.369998931884766,62.2599983215332,62.310001373291016,4584.0
2023-03-09 13:11:00,BRKL,11.40999984741211,11.40999984741211,11.40999984741211,11.399999618530273,11.40999984741211,4558.0
2023-03-09 13:11:00,BTBT,1.1299999952316284,1.1299999952316284,1.1299999952316284,1.1299999952316284,1.1299999952316284,1114.0
2023-03-09 13:11:00,BUSE,22.454999923706055,22.454999923706055,22.46500015258789,22.454999923706055,22.46500015258789,720.0
2023-03-09 13:11:00,CAC,38.77000045776367,38.77000045776367,38.77000045776367,38.650001525878906,38.650001525878906,3526.0
2023-03-09 13:11:00,CACC,436.7300109863281,436.7300109863281,436.7300109863281,435.79998779296875,435.79998779296875,355.0
2023-03-09 13:11:00,CARE,16.329999923706055,16.329999923706055,16.329999923706055,16.329999923706055,16.329999923706055,213.0
2023-03-09 13:11:00,CATY,38.88999938964844,38.88999938964844,38.88999938964844,38.88999938964844,38.88999938964844,566.0
2023-03-09 13:11:00,CBAN,11.819999694824219,11.819999694824219,11.819999694824219,11.819999694824219,11.819999694824219,398.0
2023-03-09 13:11:00,CBSH,61.59000015258789,61.59000015258789,61.68000030517578,61.59000015258789,61.68000030517578,1877.0
2023-03-09 13:11:00,CCAP,14.880000114440918,14.880000114440918,14.899999618530273,14.880000114440918,14.899999618530273,451.0
2023-03-09 13:11:00,CCD,23.099899291992188,23.099899291992188,23.100000381469727,23.099899291992188,23.100000381469727,270.0
2023-03-09 13:11:00,CFFN,7.510000228881836,7.510000228881836,7.514999866485596,7.510000228881836,7.514999866485596,3063.0
2023-03-09 13:11:00,CG,34.04999923706055,34.04999923706055,34.060001373291016,34.01750183105469,34.060001373291016,19356.0
2023-03-09 13:11:00,CGBD,14.890000343322754,14.890000343322754,14.890000343322754,14.880000114440918,14.880000114440918,504.0
2023-03-09 13:11:00,CHY,12.339900016784668,12.339900016784668,12.339900016784668,12.339900016784668,12.339900016784668,150.0
2023-03-09 13:11:00,CIFR,1.4249999523162842,1.4249999523162842,1.4299999475479126,1.4249999523162842,1.4299999475479126,1888.0
2023-03-09 13:11:00,CINF,115.9800033569336,115.9800033569336,116.03500366210938,115.9800033569336,116.03500366210938,1103.0
2023-03-09 13:11:00,CME,178.5500030517578,178.5500030517578,178.64999389648438,178.52999877929688,178.5500030517578,4563.0
2023-03-09 13:11:00,COLB,25.209999084472656,25.209999084472656,25.239999771118164,25.200000762939453,25.239999771118164,4859.0
2023-03-09 13:11:00,COOP,44.08000183105469,44.08000183105469,44.15999984741211,44.005001068115234,44.005001068115234,5697.0
2023-03-09 13:11:00,CSWC,18.270000457763672,18.270000457763672,18.270000457763672,18.270000457763672,18.270000457763672,345.0
2023-03-09 13:11:00,CTBI,40.060001373291016,40.060001373291016,40.060001373291016,40.060001373291016,40.060001373291016,181.0
2023-03-09 13:11:00,CVBF,21.700000762939453,21.700000762939453,21.729999542236328,21.700000762939453,21.709999084472656,23613.0
2023-03-09 13:11:00,CZNC,22.15999984741211,22.15999984741211,22.15999984741211,22.15999984741211,22.15999984741211,505.0
2023-03-09 13:11:00,DCOM,29.229999542236328,29.229999542236328,29.229999542236328,29.229999542236328,29.229999542236328,1143.0
2023-03-09 13:11:00,DNAD,10.199999809265137,10.199999809265137,10.199999809265137,10.199999809265137,10.199999809265137,100.0
2023-03-09 13:11:00,EBC,14.524999618530273,14.524999618530273,14.529999732971191,14.520000457763672,14.529999732971191,2340.0
2023-03-09 13:11:00,ECPG,50.400001525878906,50.400001525878906,50.40999984741211,50.400001525878906,50.40999984741211,531.0
2023-03-09 13:11:00,EFSC,51.150001525878906,51.150001525878906,51.2400016784668,51.150001525878906,51.20000076293945,880.0
2023-03-09 13:11:00,EHTH,8.770000457763672,8.770000457763672,8.770000457763672,8.770000457763672,8.770000457763672,255.0
2023-03-09 13:11:00,ESGRP,23.270000457763672,23.270000457763672,23.270000457763672,23.270000457763672,23.270000457763672,290.0
2023-03-09 13:11:00,EWBC,67.62000274658203,67.62000274658203,67.76499938964844,67.62000274658203,67.73999786376953,2966.0
2023-03-09 13:11:00,EZPW,8.779999732971191,8.779999732971191,8.789999961853027,8.779999732971191,8.789999961853027,713.0
2023-03-09 13:11:00,FBMS,28.6299991607666,28.6299991607666,28.6299991607666,28.56999969482422,28.600000381469727,4860.0
2023-03-09 13:11:00,FBNC,38.45000076293945,38.45000076293945,38.52000045776367,38.45000076293945,38.52000045776367,446.0
2023-03-09 13:11:00,FCNCA,645.89501953125,645.89501953125,645.89501953125,645.6900024414062,645.6900024414062,566.0
2023-03-09 13:11:00,FCRD,4.550000190734863,4.550000190734863,4.550000190734863,4.550000190734863,4.550000190734863,100.0
2023-03-09 13:11:00,FFBC,22.270000457763672,22.270000457763672,22.28499984741211,22.25,22.28499984741211,3238.0
2023-03-09 13:11:00,FFIC,17.139999389648438,17.139999389648438,17.139999389648438,17.139999389648438,17.139999389648438,633.0
2023-03-09 13:11:00,FFIN,33.5099983215332,33.5099983215332,33.529998779296875,33.5099983215332,33.529998779296875,811.0
2023-03-09 13:11:00,FFWM,12.829999923706055,12.829999923706055,12.850000381469727,12.819999694824219,12.850000381469727,2805.0
2023-03-09 13:11:00,FHB,23.989999771118164,23.989999771118164,23.989999771118164,23.969999313354492,23.989999771118164,3717.0
2023-03-09 13:11:00,FIBK,32.060001373291016,32.060001373291016,32.09000015258789,32.060001373291016,32.09000015258789,2762.0
2023-03-09 13:11:00,FITB,32.11000061035156,32.11000061035156,32.150001525878906,32.11000061035156,32.150001525878906,13381.0
2023-03-09 13:11:00,FITBI,25.174999237060547,25.174999237060547,25.174999237060547,25.174999237060547,25.174999237060547,1000.0
2023-03-09 13:11:00,FLIC,16.079999923706055,16.079999923706055,16.079999923706055,16.079999923706055,16.079999923706055,200.0
2023-03-09 13:11:00,FMNB,13.125,13.125,13.149999618530273,13.125,13.149999618530273,1287.0
2023-03-09 13:11:00,FNCB,7.300000190734863,7.300000190734863,7.300000190734863,7.300000190734863,7.300000190734863,288.0
2023-03-09 13:11:00,FNLC,28.049999237060547,28.049999237060547,28.049999237060547,28.049999237060547,28.049999237060547,105.0
2023-03-09 13:11:00,FOCS,51.630001068115234,51.630001068115234,51.630001068115234,51.619998931884766,51.619998931884766,4105.0
2023-03-09 13:11:00,FRBA,12.899999618530273,12.899999618530273,12.899999618530273,12.899999618530273,12.899999618530273,404.0
2023-03-09 13:11:00,FRBK,1.75,1.75,1.75,1.75,1.75,195.0
2023-03-09 13:11:00,FRHC,72.37989807128906,72.37989807128906,72.42510223388672,72.37989807128906,72.42510223388672,287.0
2023-03-09 13:11:00,FRME,37.279998779296875,37.279998779296875,37.279998779296875,37.25,37.25,758.0
2023-03-09 13:11:00,FSEA,9.90999984741211,9.90999984741211,9.90999984741211,9.90999984741211,9.90999984741211,336.0
2023-03-09 13:11:00,FULT,15.630000114440918,15.630000114440918,15.640000343322754,15.619999885559082,15.640000343322754,4781.0
2023-03-09 13:11:00,FUTU,46.279998779296875,46.279998779296875,46.33000183105469,46.25,46.33000183105469,5839.0
2023-03-09 13:11:00,GAIN,13.637200355529785,13.637200355529785,13.649999618530273,13.619999885559082,13.619999885559082,320.0
2023-03-09 13:11:00,GBDC,13.393600463867188,13.393600463867188,13.393600463867188,13.393600463867188,13.393600463867188,123.0
2023-03-09 13:11:00,GGAL,12.795000076293945,12.795000076293945,12.819999694824219,12.789999961853027,12.819999694824219,827.0
2023-03-09 13:11:00,HAFC,21.670000076293945,21.670000076293945,21.670000076293945,21.670000076293945,21.670000076293945,394.0
2023-03-09 13:11:00,HBAN,13.8149995803833,13.8149995803833,13.829999923706055,13.8100004196167,13.824999809265137,28456.0
2023-03-09 13:11:00,HBNC,13.770000457763672,13.770000457763672,13.770000457763672,13.770000457763672,13.770000457763672,275.0
2023-03-09 13:11:00,HBT,22.010000228881836,22.010000228881836,22.010000228881836,22.0,22.0,782.0
2023-03-09 13:11:00,HFWA,24.40999984741211,24.40999984741211,24.40999984741211,24.40999984741211,24.40999984741211,568.0
2023-03-09 13:11:00,HIVE,2.559000015258789,2.559000015258789,2.559999942779541,2.559000015258789,2.559999942779541,735.0
2023-03-09 13:11:00,HONE,12.65999984741211,12.65999984741211,12.65999984741211,12.65999984741211,12.65999984741211,628.0
2023-03-09 13:11:00,HOPE,11.675000190734863,11.675000190734863,11.6850004196167,11.664999961853027,11.6850004196167,5153.0
2023-03-09 13:11:00,HRZN,11.880000114440918,11.880000114440918,11.890899658203125,11.880000114440918,11.880000114440918,1103.0
2023-03-09 13:11:00,HTBI,27.510000228881836,27.510000228881836,27.510000228881836,27.450000762939453,27.450000762939453,430.0
2023-03-09 13:11:00,HTBK,10.8149995803833,10.8149995803833,10.829999923706055,10.8149995803833,10.829999923706055,1494.0
2023-03-09 13:11:00,HTLF,45.380001068115234,45.380001068115234,45.380001068115234,45.380001068115234,45.380001068115234,1526.0
2023-03-09 13:11:00,HUT,1.330899953842163,1.330899953842163,1.340000033378601,1.3300000429153442,1.3300000429153442,17239.0
2023-03-09 13:11:00,HWC,43.95000076293945,43.95000076293945,43.959999084472656,43.900001525878906,43.93000030517578,7164.0
2023-03-09 13:11:00,IBCP,20.31999969482422,20.31999969482422,20.31999969482422,20.31999969482422,20.31999969482422,208.0
2023-03-09 13:11:00,IBKR,87.31999969482422,87.31999969482422,87.31999969482422,87.25,87.28500366210938,923.0
2023-03-09 13:11:00,INDB,71.2699966430664,71.2699966430664,71.2699966430664,71.2699966430664,71.2699966430664,452.0
2023-03-09 13:12:00,ABCB,42.65999984741211,42.65999984741211,42.65999984741211,42.619998931884766,42.619998931884766,987.0
2023-03-09 13:12:00,ACGL,69.80999755859375,69.80999755859375,69.81500244140625,69.79499816894531,69.80000305175781,6415.0
2023-03-09 13:12:00,ADAL,10.414999961853027,10.414999961853027,10.414999961853027,10.414999961853027,10.414999961853027,209.0
2023-03-09 13:12:00,AIHS,0.8999999761581421,0.8999999761581421,0.9098989963531494,0.8999999761581421,0.9098989963531494,661.0
2023-03-09 13:12:00,AMSF,51.314998626708984,51.314998626708984,51.314998626708984,51.314998626708984,51.314998626708984,202.0
2023-03-09 13:12:00,APLD,2.075000047683716,2.075000047683716,2.0799999237060547,2.075000047683716,2.0799999237060547,499.0
2023-03-09 13:12:00,ARCC,18.844999313354492,18.844999313354492,18.850000381469727,18.834999084472656,18.83989906311035,11719.0
2023-03-09 13:12:00,AROW,28.270000457763672,28.270000457763672,28.270000457763672,28.270000457763672,28.270000457763672,156.0
2023-03-09 13:12:00,AUB,36.720001220703125,36.720001220703125,36.720001220703125,36.720001220703125,36.720001220703125,733.0
2023-03-09 13:12:00,BANF,85.41500091552734,85.41500091552734,85.41500091552734,85.41500091552734,85.41500091552734,147.0
2023-03-09 13:12:00,BFIN,10.25,10.25,10.25,10.25,10.25,768.0
2023-03-09 13:12:00,BFST,18.600000381469727,18.600000381469727,18.600000381469727,18.579999923706055,18.579999923706055,375.0
2023-03-09 13:12:00,BHF,52.56999969482422,52.56999969482422,52.56999969482422,52.560001373291016,52.560001373291016,611.0
2023-03-09 13:12:00,BHFAO,24.711999893188477,24.711999893188477,24.711999893188477,24.711999893188477,24.711999893188477,250.0
2023-03-09 13:12:00,BITF,0.75,0.75,0.751800000667572,0.75,0.751800000667572,16159.0
2023-03-09 13:12:00,BKCC,3.6600000858306885,3.6600000858306885,3.66129994392395,3.6600000858306885,3.66129994392395,905.0
2023-03-09 13:12:00,BMRC,26.762500762939453,26.762500762939453,26.780000686645508,26.7450008392334,26.7450008392334,5444.0
2023-03-09 13:12:00,BOKF,95.37999725341797,95.37999725341797,95.37999725341797,95.37999725341797,95.37999725341797,1598.0
2023-03-09 13:12:00,BPOP,62.369998931884766,62.369998931884766,62.369998931884766,62.369998931884766,62.369998931884766,367.0
2023-03-09 13:12:00,BPRN,33.20500183105469,33.20500183105469,33.209999084472656,33.189998626708984,33.20500183105469,6016.0
2023-03-09 13:12:00,BTBT,1.1299999952316284,1.1299999952316284,1.1299999952316284,1.1299999952316284,1.1299999952316284,300.0
2023-03-09 13:12:00,BUSE,22.479999542236328,22.479999542236328,22.479999542236328,22.459999084472656,22.459999084472656,1057.0
2023-03-09 13:12:00,CATY,38.84000015258789,38.84000015258789,38.900001525878906,38.84000015258789,38.900001525878906,24872.0
2023-03-09 13:12:00,CBSH,61.61000061035156,61.61000061035156,61.61000061035156,61.59000015258789,61.59000015258789,751.0
2023-03-09 13:12:00,CCNEP,25.559999465942383,25.559999465942383,25.68000030517578,25.559999465942383,25.68000030517578,601.0
2023-03-09 13:12:00,CFFN,7.505000114440918,7.505000114440918,7.505000114440918,7.505000114440918,7.505000114440918,614.0
2023-03-09 13:12:00,CG,34.064998626708984,34.064998626708984,34.08000183105469,34.04999923706055,34.04999923706055,19802.0
2023-03-09 13:12:00,CHCO,90.26499938964844,90.26499938964844,90.26499938964844,90.26499938964844,90.26499938964844,112.0
2023-03-09 13:12:00,CHI,11.964500427246094,11.964500427246094,11.964500427246094,11.964500427246094,11.964500427246094,118.0
2023-03-09 13:12:00,CHY,12.324999809265137,12.324999809265137,12.324999809265137,12.324999809265137,12.324999809265137,108.0
2023-03-09 13:12:00,CIFR,1.440000057220459,1.440000057220459,1.440000057220459,1.440000057220459,1.440000057220459,105.0
2023-03-09 13:12:00,CINF,116.05000305175781,116.05000305175781,116.08000183105469,116.04000091552734,116.04000091552734,939.0
2023-03-09 13:12:00,CME,178.72000122070312,178.72000122070312,178.72000122070312,178.5500030517578,178.5500030517578,2516.0
2023-03-09 13:12:00,CNOB,21.760000228881836,21.760000228881836,21.81999969482422,21.68000030517578,21.68000030517578,3135.0
2023-03-09 13:12:00,COLB,25.139999389648438,25.139999389648438,25.229999542236328,25.139999389648438,25.209999084472656,63868.0
2023-03-09 13:12:00,COOP,44.060001373291016,44.060001373291016,44.06999969482422,44.060001373291016,44.060001373291016,677.0
2023-03-09 13:12:00,CRVL,179.8300018310547,179.8300018310547,179.8300018310547,179.72999572753906,179.72999572753906,1630.0
2023-03-09 13:12:00,CSQ,13.970100402832031,13.970100402832031,13.970100402832031,13.970100402832031,13.970100402832031,925.0
2023-03-09 13:12:00,CSWC,18.270000457763672,18.270000457763672,18.270000457763672,18.260000228881836,18.260000228881836,1005.0
2023-03-09 13:12:00,CTBI,40.08000183105469,40.08000183105469,40.08000183105469,40.08000183105469,40.08000183105469,230.0
2023-03-09 13:12:00,EBC,14.529999732971191,14.529999732971191,14.529999732971191,14.520000457763672,14.520000457763672,1384.0
2023-03-09 13:12:00,EFSC,51.16999816894531,51.16999816894531,51.16999816894531,51.16999816894531,51.16999816894531,498.0
2023-03-09 13:12:00,EGBN,40.14500045776367,40.14500045776367,40.14500045776367,40.14500045776367,40.14500045776367,367.0
2023-03-09 13:12:00,EHTH,8.800000190734863,8.800000190734863,8.800000190734863,8.800000190734863,8.800000190734863,452.0
2023-03-09 13:12:00,EWBC,67.70999908447266,67.70999908447266,67.7300033569336,67.5999984741211,67.5999984741211,3183.0
2023-03-09 13:12:00,EZPW,8.78499984741211,8.78499984741211,8.789999961853027,8.78499984741211,8.78499984741211,406.0
2023-03-09 13:12:00,FBNC,38.45000076293945,38.45000076293945,38.45000076293945,38.45000076293945,38.45000076293945,102.0
2023-03-09 13:12:00,FCNCA,647.1400146484375,647.1400146484375,647.1400146484375,645.9450073242188,645.9450073242188,1244.0
2023-03-09 13:12:00,FCRD,4.539999961853027,4.539999961853027,4.539999961853027,4.539999961853027,4.539999961853027,100.0
2023-03-09 13:12:00,FFIN,33.54999923706055,33.54999923706055,33.54999923706055,33.54999923706055,33.54999923706055,388.0
2023-03-09 13:12:00,FFWM,12.824999809265137,12.824999809265137,12.829999923706055,12.824999809265137,12.824999809265137,731.0
2023-03-09 13:12:00,FHB,24.010000228881836,24.010000228881836,24.010000228881836,23.989999771118164,23.989999771118164,748.0
2023-03-09 13:12:00,FIAC,10.354999542236328,10.354999542236328,10.354999542236328,10.354999542236328,10.354999542236328,25500.0
2023-03-09 13:12:00,FIBK,32.06999969482422,32.06999969482422,32.06999969482422,32.060001373291016,32.060001373291016,693.0
2023-03-09 13:12:00,FITB,32.119998931884766,32.119998931884766,32.125,32.11000061035156,32.11000061035156,6604.0
2023-03-09 13:12:00,FLIC,16.084999084472656,16.084999084472656,16.084999084472656,16.084999084472656,16.084999084472656,483.0
2023-03-09 13:12:00,FNLC,28.0,28.0,28.0,28.0,28.0,171.0
2023-03-09 13:12:00,FOCS,51.625,51.625,51.630001068115234,51.619998931884766,51.625,700.0
2023-03-09 13:12:00,FULT,15.640000343322754,15.640000343322754,15.640000343322754,15.630000114440918,15.630000114440918,762.0
2023-03-09 13:12:00,FVCB,13.249899864196777,13.249899864196777,13.249899864196777,13.249899864196777,13.249899864196777,101.0
2023-03-09 13:12:00,GAIN,13.648500442504883,13.648500442504883,13.648500442504883,13.648500442504883,13.648500442504883,256.0
2023-03-09 13:12:00,GCMG,8.4399995803833,8.4399995803833,8.4399995803833,8.4399995803833,8.4399995803833,101.0
2023-03-09 13:12:00,GGAL,12.800000190734863,12.800000190734863,12.800000190734863,12.79010009765625,12.79010009765625,1603.0
2023-03-09 13:12:00,GSBC,53.349998474121094,53.349998474121094,53.349998474121094,53.349998474121094,53.349998474121094,498.0
2023-03-09 13:12:00,GSHD,52.650001525878906,52.650001525878906,52.650001525878906,52.650001525878906,52.650001525878906,647.0
2023-03-09 13:12:00,GXII,10.119999885559082,10.119999885559082,10.119999885559082,10.119999885559082,10.119999885559082,100.0
2023-03-09 13:12:00,HBAN,13.8149995803833,13.8149995803833,13.819999694824219,13.8100004196167,13.8149995803833,94626.0
2023-03-09 13:12:00,HGBL,2.490000009536743,2.490000009536743,2.490000009536743,2.490000009536743,2.490000009536743,615.0
2023-03-09 13:12:00,HIVE,2.559999942779541,2.559999942779541,2.559999942779541,2.559999942779541,2.559999942779541,100.0
2023-03-09 13:12:00,HOPE,11.680000305175781,11.680000305175781,11.680000305175781,11.679900169372559,11.679900169372559,2608.0
2023-03-09 13:12:00,HTBK,10.8149995803833,10.8149995803833,10.8149995803833,10.8149995803833,10.8149995803833,405.0
2023-03-09 13:12:00,HUT,1.3300000429153442,1.3300000429153442,1.340000033378601,1.3300000429153442,1.330299973487854,21383.0
2023-03-09 13:12:00,HWC,43.94499969482422,43.94499969482422,43.95000076293945,43.939998626708984,43.939998626708984,485.0
2023-03-09 13:12:00,IBCP,20.34000015258789,20.34000015258789,20.34000015258789,20.31999969482422,20.31999969482422,585.0
2023-03-09 13:12:00,INDB,71.2750015258789,71.2750015258789,71.2750015258789,71.2750015258789,71.2750015258789,794.0
2023-03-09 13:13:00,ACGL,69.81999969482422,69.81999969482422,69.83000183105469,69.80000305175781,69.81999969482422,16846.0
2023-03-09 13:13:00,AMSF,51.314998626708984,51.314998626708984,51.314998626708984,51.314998626708984,51.314998626708984,120.0
2023-03-09 13:13:00,APLD,2.069999933242798,2.069999933242798,2.069999933242798,2.069999933242798,2.069999933242798,107.0
2023-03-09 13:13:00,APMI,10.25,10.25,10.25,10.249899864196777,10.25,1100.0
2023-03-09 13:13:00,ARCC,18.829999923706055,18.829999923706055,18.846500396728516,18.829999923706055,18.846500396728516,8839.0
2023-03-09 13:13:00,AROW,28.270000457763672,28.270000457763672,28.270000457763672,28.270000457763672,28.270000457763672,210.0
2023-03-09 13:13:00,ATLO,23.489999771118164,23.489999771118164,23.489999771118164,23.489999771118164,23.489999771118164,216.0
2023-03-09 13:13:00,BFIN,10.25,10.25,10.25,10.25,10.25,341.0
2023-03-09 13:13:00,BFST,18.59000015258789,18.59000015258789,18.610000610351562,18.59000015258789,18.600000381469727,1772.0
2023-03-09 13:13:00,BGCP,4.985000133514404,4.985000133514404,4.985000133514404,4.980000019073486,4.985000133514404,1928.0
2023-03-09 13:13:00,BHF,52.56999969482422,52.56999969482422,52.56999969482422,52.56999969482422,52.56999969482422,533.0
2023-03-09 13:13:00,BITF,0.75,0.75,0.7501000165939331,0.75,0.7501000165939331,6632.0
2023-03-09 13:13:00,BPOP,62.380001068115234,62.380001068115234,62.400001525878906,62.31999969482422,62.31999969482422,3044.0
2023-03-09 13:13:00,BRKL,11.420000076293945,11.420000076293945,11.420000076293945,11.40999984741211,11.40999984741211,1466.0
2023-03-09 13:13:00,BTBT,1.1299999952316284,1.1299999952316284,1.1299999952316284,1.1299999952316284,1.1299999952316284,200.0
2023-03-09 13:13:00,BUSE,22.489999771118164,22.489999771118164,22.489999771118164,22.469999313354492,22.469999313354492,653.0
2023-03-09 13:13:00,CATY,38.86000061035156,38.86000061035156,38.880001068115234,38.83000183105469,38.869998931884766,1768.0
2023-03-09 13:13:00,CBSH,61.654998779296875,61.654998779296875,61.654998779296875,61.630001068115234,61.630001068115234,1112.0
2023-03-09 13:13:00,CCAP,14.850000381469727,14.850000381469727,14.850000381469727,14.850000381469727,14.850000381469727,211.0
2023-03-09 13:13:00,CFFN,7.505000114440918,7.505000114440918,7.505000114440918,7.505000114440918,7.505000114440918,101.0
2023-03-09 13:13:00,CG,34.069801330566406,34.069801330566406,34.08000183105469,34.04999923706055,34.06999969482422,37301.0
2023-03-09 13:13:00,CGBD,14.890000343322754,14.890000343322754,14.890000343322754,14.880000114440918,14.880000114440918,676.0
2023-03-09 13:13:00,CHCO,90.26499938964844,90.26499938964844,90.26499938964844,90.26499938964844,90.26499938964844,105.0
2023-03-09 13:13:00,CME,178.72000122070312,178.72000122070312,178.72000122070312,178.6199951171875,178.7100067138672,1219.0
2023-03-09 13:13:00,CNOB,21.75,21.75,21.764999389648438,21.75,21.75,321.0
2023-03-09 13:13:00,COLB,25.1299991607666,25.1299991607666,25.159900665283203,25.1299991607666,25.159900665283203,8027.0
2023-03-09 13:13:00,COOP,44.02000045776367,44.02000045776367,44.060001373291016,44.0099983215332,44.060001373291016,2091.0
2023-03-09 13:13:00,CRVL,179.8300018310547,179.8300018310547,179.8300018310547,179.80999755859375,179.82000732421875,1453.0
2023-03-09 13:13:00,CVBF,21.700000762939453,21.700000762939453,21.700000762939453,21.700000762939453,21.700000762939453,482.0
2023-03-09 13:13:00,EBC,14.524999618530273,14.524999618530273,14.524999618530273,14.505000114440918,14.520000457763672,5149.0
2023-03-09 13:13:00,ECPG,50.38999938964844,50.38999938964844,50.38999938964844,50.38999938964844,50.38999938964844,205.0
2023-03-09 13:13:00,FBMS,28.639999389648438,28.639999389648438,28.639999389648438,28.600000381469727,28.600000381469727,411.0
2023-03-09 13:13:00,FBNC,38.5099983215332,38.5099983215332,38.5099983215332,38.5099983215332,38.5099983215332,166.0
2023-03-09 13:13:00,FCNCA,646.6799926757812,646.6799926757812,646.6799926757812,646.6799926757812,646.6799926757812,139.0
2023-03-09 13:13:00,FCRD,4.599999904632568,4.599999904632568,4.599999904632568,4.539999961853027,4.539999961853027,2145.0
2023-03-09 13:13:00,FDUS,20.229999542236328,20.229999542236328,20.229999542236328,20.229999542236328,20.229999542236328,267.0
2023-03-09 13:13:00,FFIC,17.190000534057617,17.190000534057617,17.190000534057617,17.149999618530273,17.149999618530273,883.0
2023-03-09 13:13:00,FFIN,33.52000045776367,33.52000045776367,33.52000045776367,33.52000045776367,33.52000045776367,199.0
2023-03-09 13:13:00,FFWM,12.829999923706055,12.829999923706055,12.829999923706055,12.824999809265137,12.824999809265137,659.0
2023-03-09 13:13:00,FGBIP,23.857099533081055,23.857099533081055,23.857099533081055,23.857099533081055,23.857099533081055,0.0
2023-03-09 13:13:00,FHB,23.989999771118164,23.989999771118164,23.989999771118164,23.989999771118164,23.989999771118164,1044.0
2023-03-09 13:13:00,FIAC,10.354999542236328,10.354999542236328,10.354999542236328,10.350000381469727,10.354999542236328,56423.0
2023-03-09 13:13:00,FIBK,32.08000183105469,32.08000183105469,32.08000183105469,32.04999923706055,32.04999923706055,1073.0
2023-03-09 13:13:00,FITB,32.125,32.125,32.130001068115234,32.09000015258789,32.119998931884766,6423.0
2023-03-09 13:13:00,FLIC,16.084999084472656,16.084999084472656,16.084999084472656,16.084999084472656,16.084999084472656,700.0
2023-03-09 13:13:00,FMBH,27.959999084472656,27.959999084472656,27.959999084472656,27.959999084472656,27.959999084472656,221.0
2023-03-09 13:13:00,FMNB,13.119999885559082,13.119999885559082,13.119999885559082,13.109999656677246,13.109999656677246,323.0
2023-03-09 13:13:00,FNWB,13.600000381469727,13.600000381469727,13.600000381469727,13.600000381469727,13.600000381469727,603.0
2023-03-09 13:13:00,FOCS,51.625,51.625,51.630001068115234,51.625,51.630001068115234,510.0
2023-03-09 13:13:00,FRBK,1.75,1.75,1.75,1.75,1.75,118.0
2023-03-09 13:13:00,FRME,37.22999954223633,37.22999954223633,37.22999954223633,37.189998626708984,37.189998626708984,227.0
2023-03-09 13:13:00,FRST,10.84000015258789,10.84000015258789,10.84000015258789,10.84000015258789,10.84000015258789,300.0
2023-03-09 13:13:00,FULT,15.635000228881836,15.635000228881836,15.640000343322754,15.635000228881836,15.640000343322754,857.0
2023-03-09 13:13:00,FUTU,46.275001525878906,46.275001525878906,46.29999923706055,46.2400016784668,46.25,4911.0
2023-03-09 13:13:00,GBDC,13.395000457763672,13.395000457763672,13.395000457763672,13.380000114440918,13.390000343322754,16881.0
2023-03-09 13:13:00,GCMG,8.4399995803833,8.4399995803833,8.4399995803833,8.4399995803833,8.4399995803833,102.0
2023-03-09 13:13:00,GGAL,12.800000190734863,12.800000190734863,12.800000190734863,12.800000190734863,12.800000190734863,103.0
2023-03-09 13:13:00,GLRE,10.020000457763672,10.020000457763672,10.020000457763672,10.020000457763672,10.020000457763672,500.0
2023-03-09 13:13:00,GOCO,18.850000381469727,18.850000381469727,18.850000381469727,18.850000381469727,18.850000381469727,380.0
2023-03-09 13:13:00,GSHD,52.540000915527344,52.540000915527344,52.59000015258789,52.540000915527344,52.59000015258789,342.0
2023-03-09 13:13:00,HBAN,13.84000015258789,13.84000015258789,13.84000015258789,13.800000190734863,13.8149995803833,70207.0
2023-03-09 13:13:00,HCMA,10.444999694824219,10.444999694824219,10.444999694824219,10.444999694824219,10.444999694824219,100.0
2023-03-09 13:13:00,HIVE,2.559999942779541,2.559999942779541,2.559999942779541,2.559999942779541,2.559999942779541,275.0
2023-03-09 13:13:00,HOPE,11.65999984741211,11.65999984741211,11.670000076293945,11.65999984741211,11.670000076293945,697.0
2023-03-09 13:13:00,HTBK,10.829999923706055,10.829999923706055,10.829999923706055,10.829999923706055,10.829999923706055,186.0
2023-03-09 13:13:00,HUT,1.3300000429153442,1.3300000429153442,1.339900016784668,1.3300000429153442,1.3300000429153442,7126.0
2023-03-09 13:13:00,HWC,43.959999084472656,43.959999084472656,43.959999084472656,43.935001373291016,43.939998626708984,2636.0
2023-03-09 13:13:00,IBCP,20.350000381469727,20.350000381469727,20.350000381469727,20.350000381469727,20.350000381469727,101.0
2023-03-09 13:13:00,IBKR,87.41999816894531,87.41999816894531,87.41999816894531,87.41999816894531,87.41999816894531,411.0
2023-03-09 13:14:00,ACGL,69.83000183105469,69.83000183105469,69.83999633789062,69.83000183105469,69.83000183105469,2820.0
2023-03-09 13:14:00,APLD,2.065000057220459,2.065000057220459,2.069999933242798,2.065000057220459,2.069999933242798,3292.0
2023-03-09 13:14:00,APMI,10.40999984741211,10.40999984741211,10.457099914550781,10.40999984741211,10.457099914550781,2309.0
2023-03-09 13:14:00,ARCC,18.834999084472656,18.834999084472656,18.83989906311035,18.829999923706055,18.834999084472656,6579.0
2023-03-09 13:14:00,BANF,85.48999786376953,85.48999786376953,85.48999786376953,85.48999786376953,85.48999786376953,247.0
2023-03-09 13:14:00,BGCP,4.980000019073486,4.980000019073486,4.985000133514404,4.980000019073486,4.985000133514404,885.0
2023-03-09 13:14:00,BHF,52.529998779296875,52.529998779296875,52.529998779296875,52.529998779296875,52.529998779296875,255.0
2023-03-09 13:14:00,BHFAN,18.950000762939453,18.950000762939453,18.950000762939453,18.950000762939453,18.950000762939453,200.0
2023-03-09 13:14:00,BITF,0.7515000104904175,0.7515000104904175,0.7549999952316284,0.7501000165939331,0.7501000165939331,954.0
2023-03-09 13:14:00,BKCC,3.6600000858306885,3.6600000858306885,3.6600000858306885,3.6600000858306885,3.6600000858306885,239.0
2023-03-09 13:14:00,BMRC,26.770000457763672,26.770000457763672,26.780000686645508,26.7549991607666,26.7549991607666,1619.0
2023-03-09 13:14:00,BPRN,33.20000076293945,33.20000076293945,33.20000076293945,33.20000076293945,33.20000076293945,185.0
2023-03-09 13:14:00,BRP,25.709999084472656,25.709999084472656,25.719999313354492,25.709999084472656,25.719999313354492,1076.0
2023-03-09 13:14:00,BTBT,1.1299999952316284,1.1299999952316284,1.1299999952316284,1.1299999952316284,1.1299999952316284,406.0
2023-03-09 13:14:00,BWB,13.390000343322754,13.390000343322754,13.390000343322754,13.380000114440918,13.390000343322754,1223.0
2023-03-09 13:14:00,CACC,436.1300048828125,436.1300048828125,436.1300048828125,436.1300048828125,436.1300048828125,122.0
2023-03-09 13:14:00,CCAP,14.899999618530273,14.899999618530273,14.899999618530273,14.875,14.875,736.0
2023-03-09 13:14:00,CCNE,22.43000030517578,22.43000030517578,22.440000534057617,22.395000457763672,22.395000457763672,1034.0
2023-03-09 13:14:00,CFFN,7.505000114440918,7.505000114440918,7.510000228881836,7.505000114440918,7.510000228881836,415.0
2023-03-09 13:14:00,CG,34.029998779296875,34.029998779296875,34.06999969482422,34.029998779296875,34.064998626708984,45120.0
2023-03-09 13:14:00,CHCO,90.26499938964844,90.26499938964844,90.26499938964844,90.26499938964844,90.26499938964844,170.0
2023-03-09 13:14:00,CHEAU,10.520000457763672,10.520000457763672,10.520000457763672,10.520000457763672,10.520000457763672,100.0
2023-03-09 13:14:00,CHI,11.960000038146973,11.960000038146973,11.960000038146973,11.960000038146973,11.960000038146973,220.0
2023-03-09 13:14:00,CHW,6.054999828338623,6.054999828338623,6.054999828338623,6.054999828338623,6.054999828338623,421.0
2023-03-09 13:14:00,CINF,116.0199966430664,116.0199966430664,116.0199966430664,116.0199966430664,116.0199966430664,281.0
2023-03-09 13:14:00,CME,178.60000610351562,178.60000610351562,178.77000427246094,178.60000610351562,178.6199951171875,3295.0
2023-03-09 13:14:00,CNOB,21.760000228881836,21.760000228881836,21.760000228881836,21.760000228881836,21.760000228881836,300.0
2023-03-09 13:14:00,COLB,25.155000686645508,25.155000686645508,25.170000076293945,25.1299991607666,25.1299991607666,11394.0
2023-03-09 13:14:00,COOP,44.130001068115234,44.130001068115234,44.130001068115234,43.96500015258789,43.96500015258789,2074.0
2023-03-09 13:14:00,CRVL,179.57000732421875,179.57000732421875,179.57000732421875,179.57000732421875,179.57000732421875,652.0
2023-03-09 13:14:00,CVBF,21.770000457763672,21.770000457763672,21.770000457763672,21.739999771118164,21.739999771118164,658.0
2023-03-09 13:14:00,DGICA,15.050000190734863,15.050000190734863,15.050000190734863,15.050000190734863,15.050000190734863,133.0
2023-03-09 13:14:00,DWAC,14.050000190734863,14.050000190734863,14.050000190734863,14.043800354003906,14.043800354003906,767.0
2023-03-09 13:14:00,EWBC,67.69000244140625,67.69000244140625,67.70999908447266,67.69000244140625,67.70999908447266,406.0
2023-03-09 13:14:00,EZPW,8.78499984741211,8.78499984741211,8.78499984741211,8.78499984741211,8.78499984741211,221.0
2023-03-09 13:14:00,FBMS,28.639999389648438,28.639999389648438,28.639999389648438,28.639999389648438,28.639999389648438,616.0
2023-03-09 13:14:00,FCNCA,646.97998046875,646.97998046875,646.97998046875,646.6900024414062,646.6900024414062,234.0
2023-03-09 13:14:00,FCNCO,21.600000381469727,21.600000381469727,21.600000381469727,21.600000381469727,21.600000381469727,1000.0
2023-03-09 13:14:00,FCRD,4.599999904632568,4.599999904632568,4.599999904632568,4.599999904632568,4.599999904632568,100.0
2023-03-09 13:14:00,FFIC,17.19499969482422,17.19499969482422,17.200000762939453,17.19499969482422,17.200000762939453,483.0
2023-03-09 13:14:00,FFIN,33.540000915527344,33.540000915527344,33.540000915527344,33.529998779296875,33.529998779296875,969.0
2023-03-09 13:14:00,FFWM,12.829999923706055,12.829999923706055,12.829999923706055,12.819999694824219,12.819999694824219,1345.0
2023-03-09 13:14:00,FHB,24.0,24.0,24.0,24.0,24.0,212.0
2023-03-09 13:14:00,FIAC,10.350000381469727,10.350000381469727,10.350000381469727,10.350000381469727,10.350000381469727,100000.0
2023-03-09 13:14:00,FIBK,32.084999084472656,32.084999084472656,32.084999084472656,32.084999084472656,32.084999084472656,266.0
2023-03-09 13:14:00,FITB,32.10499954223633,32.10499954223633,32.13999938964844,32.099998474121094,32.130001068115234,6485.0
2023-03-09 13:14:00,FLIC,16.09000015258789,16.09000015258789,16.09000015258789,16.09000015258789,16.09000015258789,215.0
2023-03-09 13:14:00,FMNB,13.140000343322754,13.140000343322754,13.140000343322754,13.140000343322754,13.140000343322754,139.0
2023-03-09 13:14:00,FNLC,27.989999771118164,27.989999771118164,28.0,27.989999771118164,28.0,348.0
2023-03-09 13:14:00,FOCS,51.625,51.625,51.630001068115234,51.619998931884766,51.619998931884766,703.0
2023-03-09 13:14:00,FRBK,1.7549999952316284,1.7549999952316284,1.7549999952316284,1.7549999952316284,1.7549999952316284,300.0
2023-03-09 13:14:00,FRST,10.8100004196167,10.8100004196167,10.8100004196167,10.8100004196167,10.8100004196167,126.0
2023-03-09 13:14:00,FSBW,33.255001068115234,33.255001068115234,33.255001068115234,33.255001068115234,33.255001068115234,110.0
2023-03-09 13:14:00,FUTU,46.32500076293945,46.32500076293945,46.32500076293945,46.275001525878906,46.275001525878906,1552.0
2023-03-09 13:14:00,GABC,35.63999938964844,35.63999938964844,35.63999938964844,35.599998474121094,35.599998474121094,1000.0
2023-03-09 13:14:00,GBDC,13.399999618530273,13.399999618530273,13.399999618530273,13.395000457763672,13.395000457763672,4462.0
2023-03-09 13:14:00,GECC,9.449999809265137,9.449999809265137,9.449999809265137,9.449999809265137,9.449999809265137,336.0
2023-03-09 13:14:00,GFGDW,0.08009999990463257,0.08009999990463257,0.08009999990463257,0.08009999990463257,0.08009999990463257,2300.0
2023-03-09 13:14:00,GLRE,10.020000457763672,10.020000457763672,10.020000457763672,10.020000457763672,10.020000457763672,1710.0
2023-03-09 13:14:00,GREE,0.43959999084472656,0.43959999084472656,0.4399999976158142,0.43959999084472656,0.4399999976158142,1904.0
2023-03-09 13:14:00,GXII,10.119999885559082,10.119999885559082,10.119999885559082,10.119999885559082,10.119999885559082,100.0
2023-03-09 13:14:00,HBAN,13.829999923706055,13.829999923706055,13.84000015258789,13.829999923706055,13.835000038146973,11114.0
2023-03-09 13:14:00,HBT,22.0,22.0,22.0,22.0,22.0,159.0
2023-03-09 13:14:00,HIVE,2.569999933242798,2.569999933242798,2.569999933242798,2.559999942779541,2.559999942779541,557.0
2023-03-09 13:14:00,HMST,22.299999237060547,22.299999237060547,22.299999237060547,22.299999237060547,22.299999237060547,830.0
2023-03-09 13:14:00,HOPE,11.65999984741211,11.65999984741211,11.670000076293945,11.65999984741211,11.670000076293945,379.0
2023-03-09 13:14:00,HRZN,11.869999885559082,11.869999885559082,11.869999885559082,11.869999885559082,11.869999885559082,1190.0
2023-03-09 13:14:00,HUT,1.3341000080108643,1.3341000080108643,1.340000033378601,1.3300000429153442,1.3372000455856323,2748.0
2023-03-09 13:14:00,IBKR,87.4000015258789,87.4000015258789,87.44999694824219,87.3499984741211,87.44000244140625,2151.0
2023-03-09 13:14:00,IBOC,44.7599983215332,44.7599983215332,44.7599983215332,44.7400016784668,44.7400016784668,1141.0
2023-03-09 13:15:00,ACGL,69.83000183105469,69.83000183105469,69.8499984741211,69.81999969482422,69.83000183105469,4434.0
2023-03-09 13:15:00,AGBA,2.1796000003814697,2.1796000003814697,2.1796000003814697,2.1796000003814697,2.1796000003814697,543.0
2023-03-09 13:15:00,AMAL,21.020000457763672,21.020000457763672,21.020000457763672,21.010000228881836,21.010000228881836,757.0
2023-03-09 13:15:00,ANZU,9.9399995803833,9.9399995803833,9.9399995803833,9.9399995803833,9.9399995803833,700.0
2023-03-09 13:15:00,APMI,10.34000015258789,10.34000015258789,10.438599586486816,10.34000015258789,10.438599586486816,2003.0
2023-03-09 13:15:00,ARCC,18.834999084472656,18.834999084472656,18.84000015258789,18.829999923706055,18.829999923706055,8550.0
2023-03-09 13:15:00,AUB,36.724998474121094,36.724998474121094,36.724998474121094,36.724998474121094,36.724998474121094,277.0
2023-03-09 13:15:00,BANF,85.45999908447266,85.45999908447266,85.45999908447266,85.45999908447266,85.45999908447266,217.0
2023-03-09 13:15:00,BCML,19.270000457763672,19.270000457763672,19.270000457763672,19.270000457763672,19.270000457763672,269.0
2023-03-09 13:15:00,BFIN,10.25,10.25,10.25,10.25,10.25,101.0
2023-03-09 13:15:00,BGCP,4.974999904632568,4.974999904632568,4.980000019073486,4.96999979019165,4.980000019073486,3718.0
2023-03-09 13:15:00,BHF,52.63999938964844,52.63999938964844,52.63999938964844,52.4900016784668,52.4900016784668,2895.0
2023-03-09 13:15:00,BHFAO,24.6560001373291,24.6560001373291,24.6560001373291,24.6560001373291,24.6560001373291,120.0
2023-03-09 13:15:00,BITF,0.7549999952316284,0.7549999952316284,0.7549999952316284,0.7549999952316284,0.7549999952316284,454.0
2023-03-09 13:15:00,BPOP,62.40999984741211,62.40999984741211,62.41999816894531,62.38999938964844,62.40999984741211,2271.0
2023-03-09 13:15:00,BRKL,11.429100036621094,11.429100036621094,11.430000305175781,11.428799629211426,11.430000305175781,462.0
2023-03-09 13:15:00,BSRR,19.3799991607666,19.3799991607666,19.3799991607666,19.3799991607666,19.3799991607666,100.0
2023-03-09 13:15:00,BTBT,1.1299999952316284,1.1299999952316284,1.1349999904632568,1.1299999952316284,1.1299999952316284,2920.0
2023-03-09 13:15:00,BUSE,22.479999542236328,22.479999542236328,22.5,22.479999542236328,22.5,724.0
2023-03-09 13:15:00,CARE,16.315000534057617,16.315000534057617,16.315000534057617,16.315000534057617,16.315000534057617,225.0
2023-03-09 13:15:00,CASH,46.584999084472656,46.584999084472656,46.584999084472656,46.584999084472656,46.584999084472656,168.0
2023-03-09 13:15:00,CATY,38.939998626708984,38.939998626708984,38.939998626708984,38.904998779296875,38.904998779296875,675.0
2023-03-09 13:15:00,CBSH,61.68000030517578,61.68000030517578,61.72999954223633,61.65999984741211,61.65999984741211,2176.0
2023-03-09 13:15:00,CFBK,20.239999771118164,20.239999771118164,20.239999771118164,20.239999771118164,20.239999771118164,116.0
2023-03-09 13:15:00,CFFN,7.505000114440918,7.505000114440918,7.505000114440918,7.505000114440918,7.505000114440918,276.0
2023-03-09 13:15:00,CG,34.03499984741211,34.03499984741211,34.04999923706055,34.025001525878906,34.029998779296875,24702.0
2023-03-09 13:15:00,CGBD,14.896200180053711,14.896200180053711,14.896200180053711,14.896200180053711,14.896200180053711,1502.0
2023-03-09 13:15:00,CHCO,90.43000030517578,90.43000030517578,90.43000030517578,90.43000030517578,90.43000030517578,141.0
2023-03-09 13:15:00,CHI,11.970000267028809,11.970000267028809,11.970000267028809,11.970000267028809,11.970000267028809,101.0
2023-03-09 13:15:00,CHMG,48.83000183105469,48.83000183105469,48.83000183105469,48.83000183105469,48.83000183105469,460.0
2023-03-09 13:15:00,CHW,6.0528998374938965,6.0528998374938965,6.0528998374938965,6.0528998374938965,6.0528998374938965,1652.0
2023-03-09 13:15:00,CIFR,1.4378000497817993,1.4378000497817993,1.4378000497817993,1.4200999736785889,1.4200999736785889,855.0
2023-03-09 13:15:00,CINF,116.16000366210938,116.16000366210938,116.16000366210938,116.12000274658203,116.12000274658203,930.0
2023-03-09 13:15:00,CLBK,19.510000228881836,19.510000228881836,19.510000228881836,19.510000228881836,19.510000228881836,142.0
2023-03-09 13:15:00,CME,178.6199951171875,178.6199951171875,178.6699981689453,178.5800018310547,178.6699981689453,994.0
2023-03-09 13:15:00,CNOB,21.729999542236328,21.729999542236328,21.739999771118164,21.729999542236328,21.739999771118164,1070.0
2023-03-09 13:15:00,COLB,25.155000686645508,25.155000686645508,25.16990089416504,25.139999389648438,25.149999618530273,10358.0
2023-03-09 13:15:00,COOP,44.10499954223633,44.10499954223633,44.10499954223633,44.084999084472656,44.084999084472656,673.0
2023-03-09 13:15:00,CRVL,179.69000244140625,179.69000244140625,179.69000244140625,179.69000244140625,179.69000244140625,524.0
2023-03-09 13:15:00,CSTR,15.270000457763672,15.270000457763672,15.270000457763672,15.270000457763672,15.270000457763672,871.0
2023-03-09 13:15:00,CSWC,18.259899139404297,18.259899139404297,18.260000228881836,18.259899139404297,18.260000228881836,355.0
2023-03-09 13:15:00,CVBF,21.78499984741211,21.78499984741211,21.790000915527344,21.780000686645508,21.790000915527344,3542.0
2023-03-09 13:15:00,DGICA,15.020000457763672,15.020000457763672,15.020000457763672,15.0,15.0,659.0
2023-03-09 13:15:00,DNAD,10.204999923706055,10.204999923706055,10.204999923706055,10.204999923706055,10.204999923706055,101.0
2023-03-09 13:15:00,DWACW,3.0799999237060547,3.0799999237060547,3.0799999237060547,3.0799999237060547,3.0799999237060547,102.0
2023-03-09 13:15:00,EBC,14.5,14.5,14.510000228881836,14.5,14.510000228881836,1242.0
2023-03-09 13:15:00,EGBN,40.099998474121094,40.099998474121094,40.189998626708984,40.099998474121094,40.189998626708984,2018.0
2023-03-09 13:15:00,EWBC,67.69999694824219,67.69999694824219,67.70999908447266,67.62999725341797,67.66000366210938,2507.0
2023-03-09 13:15:00,EZPW,8.795000076293945,8.795000076293945,8.795000076293945,8.779999732971191,8.779999732971191,2884.0
2023-03-09 13:15:00,FBNC,38.4900016784668,38.4900016784668,38.56999969482422,38.45000076293945,38.5099983215332,2536.0
2023-03-09 13:15:00,FCNCA,646.719970703125,646.719970703125,646.719970703125,646.719970703125,646.719970703125,488.0
2023-03-09 13:15:00,FCRD,4.599999904632568,4.599999904632568,4.599999904632568,4.599999904632568,4.599999904632568,100.0
2023-03-09 13:15:00,FFIC,17.200000762939453,17.200000762939453,17.200000762939453,17.19499969482422,17.19499969482422,585.0
2023-03-09 13:15:00,FFWM,12.829999923706055,12.829999923706055,12.829999923706055,12.829999923706055,12.829999923706055,1665.0
2023-03-09 13:15:00,FHB,23.985000610351562,23.985000610351562,24.0,23.985000610351562,23.998600006103516,2496.0
2023-03-09 13:15:00,FIBK,32.119998931884766,32.119998931884766,32.119998931884766,32.099998474121094,32.099998474121094,1191.0
2023-03-09 13:15:00,FITB,32.119998931884766,32.119998931884766,32.130001068115234,32.099998474121094,32.099998474121094,5409.0
2023-03-09 13:15:00,FITBO,22.149999618530273,22.149999618530273,22.149999618530273,22.149999618530273,22.149999618530273,103.0
2023-03-09 13:15:00,FNLC,28.059999465942383,28.059999465942383,28.059999465942383,28.0,28.0,763.0
2023-03-09 13:15:00,FOCS,51.619998931884766,51.619998931884766,51.630001068115234,51.619998931884766,51.619998931884766,3028.0
2023-03-09 13:15:00,FRBA,12.899999618530273,12.899999618530273,12.899999618530273,12.899999618530273,12.899999618530273,410.0
2023-03-09 13:15:00,FRBK,1.7549999952316284,1.7549999952316284,1.7549999952316284,1.7549999952316284,1.7549999952316284,107.0
2023-03-09 13:15:00,FRME,37.189998626708984,37.189998626708984,37.189998626708984,37.189998626708984,37.189998626708984,774.0
2023-03-09 13:15:00,FULT,15.640000343322754,15.640000343322754,15.640000343322754,15.640000343322754,15.640000343322754,188.0
2023-03-09 13:15:00,FUTU,46.2400016784668,46.2400016784668,46.279998779296875,46.22999954223633,46.279998779296875,5337.0
2023-03-09 13:15:00,GFGDW,0.08009999990463257,0.08009999990463257,0.08009999990463257,0.07999999821186066,0.07999999821186066,109200.0
2023-03-09 13:15:00,GLAD,9.830100059509277,9.830100059509277,9.830100059509277,9.830100059509277,9.830100059509277,102.0
2023-03-09 13:15:00,GLRE,10.020000457763672,10.020000457763672,10.020000457763672,10.020000457763672,10.020000457763672,400.0
2023-03-09 13:15:00,HAFC,21.670000076293945,21.670000076293945,21.670000076293945,21.670000076293945,21.670000076293945,498.0
2023-03-09 13:15:00,HBAN,13.845000267028809,13.845000267028809,13.850000381469727,13.829999923706055,13.829999923706055,26651.0
2023-03-09 13:15:00,HFWA,24.440000534057617,24.440000534057617,24.440000534057617,24.389999389648438,24.389999389648438,956.0
2023-03-09 13:15:00,HLNE,75.82499694824219,75.82499694824219,75.82499694824219,75.82499694824219,75.82499694824219,199.0
2023-03-09 13:15:00,HOPE,11.65999984741211,11.65999984741211,11.65999984741211,11.65999984741211,11.65999984741211,2234.0
2023-03-09 13:15:00,HTBI,27.459999084472656,27.459999084472656,27.459999084472656,27.459999084472656,27.459999084472656,201.0
2023-03-09 13:15:00,HUT,1.3300000429153442,1.3300000429153442,1.3350000381469727,1.3300000429153442,1.3305000066757202,4945.0
2023-03-09 13:15:00,HWC,43.95500183105469,43.95500183105469,43.95500183105469,43.95500183105469,43.95500183105469,212.0
2023-03-09 13:15:00,IBKR,87.41000366210938,87.41000366210938,87.43000030517578,87.3499984741211,87.41999816894531,3095.0
2023-03-09 13:15:00,IBOC,44.790000915527344,44.790000915527344,44.790000915527344,44.790000915527344,44.790000915527344,608.0
2023-03-09 13:15:00,INDB,71.30500030517578,71.30500030517578,71.30500030517578,71.30500030517578,71.30500030517578,597.0
2023-03-09 13:16:00,ABCB,42.599998474121094,42.599998474121094,42.61000061035156,42.599998474121094,42.61000061035156,710.0
2023-03-09 13:16:00,ACGL,69.77999877929688,69.77999877929688,69.83000183105469,69.77999877929688,69.83000183105469,4090.0
2023-03-09 13:16:00,APLD,2.059999942779541,2.059999942779541,2.069999933242798,2.055000066757202,2.0643999576568604,4849.0
2023-03-09 13:16:00,APMI,10.46500015258789,10.46500015258789,10.46500015258789,10.380000114440918,10.399999618530273,909.0
2023-03-09 13:16:00,ARCC,18.829999923706055,18.829999923706055,18.837900161743164,18.829999923706055,18.837900161743164,7735.0
2023-03-09 13:16:00,AUB,36.75,36.75,36.75,36.75,36.75,357.0
2023-03-09 13:16:00,BANF,85.44499969482422,85.44499969482422,85.48999786376953,85.44499969482422,85.48999786376953,716.0
2023-03-09 13:16:00,BANX,18.799999237060547,18.799999237060547,18.799999237060547,18.799999237060547,18.799999237060547,222.0
2023-03-09 13:16:00,BFIN,10.25,10.25,10.25,10.25,10.25,100.0
2023-03-09 13:16:00,BGCP,4.980000019073486,4.980000019073486,4.980000019073486,4.96999979019165,4.974999904632568,8237.0
2023-03-09 13:16:00,BHF,52.560001373291016,52.560001373291016,52.58000183105469,52.560001373291016,52.58000183105469,1113.0
2023-03-09 13:16:00,BITF,0.7594000101089478,0.7594000101089478,0.7594000101089478,0.7551500201225281,0.7593989968299866,10490.0
2023-03-09 13:16:00,BPOP,62.31999969482422,62.31999969482422,62.38999938964844,62.31999969482422,62.38999938964844,2283.0
2023-03-09 13:16:00,BRKL,11.420000076293945,11.420000076293945,11.429300308227539,11.420000076293945,11.429300308227539,438.0
2023-03-09 13:16:00,BRP,25.709999084472656,25.709999084472656,25.709999084472656,25.709999084472656,25.709999084472656,450.0
2023-03-09 13:16:00,BTBT,1.1299999952316284,1.1299999952316284,1.1349999904632568,1.1299999952316284,1.1349999904632568,800.0
2023-03-09 13:16:00,BUSE,22.479999542236328,22.479999542236328,22.5,22.479999542236328,22.479999542236328,454.0
2023-03-09 13:16:00,CACC,435.75,435.75,435.75,435.75,435.75,132.0
2023-03-09 13:16:00,CASH,46.560001373291016,46.560001373291016,46.560001373291016,46.560001373291016,46.560001373291016,648.0
2023-03-09 13:16:00,CATY,38.900001525878906,38.900001525878906,38.900001525878906,38.900001525878906,38.900001525878906,796.0
2023-03-09 13:16:00,CBSH,61.63999938964844,61.63999938964844,61.689998626708984,61.619998931884766,61.689998626708984,1328.0
2023-03-09 13:16:00,CFFN,7.5,7.5,7.505000114440918,7.5,7.505000114440918,218.0
2023-03-09 13:16:00,CG,34.06999969482422,34.06999969482422,34.06999969482422,34.040000915527344,34.040000915527344,49960.0
2023-03-09 13:16:00,CHCO,90.44000244140625,90.44000244140625,90.44000244140625,90.30999755859375,90.3550033569336,1434.0
2023-03-09 13:16:00,CHMG,48.83000183105469,48.83000183105469,48.83000183105469,48.83000183105469,48.83000183105469,1106.0
2023-03-09 13:16:00,CIFR,1.4299999475479126,1.4299999475479126,1.4299999475479126,1.4299999475479126,1.4299999475479126,1500.0
2023-03-09 13:16:00,CINF,115.9800033569336,115.9800033569336,116.13500213623047,115.9800033569336,116.13500213623047,856.0
2023-03-09 13:16:00,CME,178.64999389648438,178.64999389648438,178.64999389648438,178.5800018310547,178.5800018310547,923.0
2023-03-09 13:16:00,COLB,25.110000610351562,25.110000610351562,25.149999618530273,25.09000015258789,25.149999618530273,21764.0
2023-03-09 13:16:00,COOP,44.125,44.125,44.130001068115234,44.125,44.130001068115234,724.0
2023-03-09 13:16:00,CRVL,179.75999450683594,179.75999450683594,179.75999450683594,179.75999450683594,179.75999450683594,234.0
2023-03-09 13:16:00,CSTR,15.260000228881836,15.260000228881836,15.260000228881836,15.260000228881836,15.260000228881836,436.0
2023-03-09 13:16:00,CSWC,18.260000228881836,18.260000228881836,18.260000228881836,18.260000228881836,18.260000228881836,153.0
2023-03-09 13:16:00,CVBF,21.729999542236328,21.729999542236328,21.770000457763672,21.729999542236328,21.770000457763672,1465.0
2023-03-09 13:16:00,EBC,14.479999542236328,14.479999542236328,14.505000114440918,14.470000267028809,14.5,3194.0
2023-03-09 13:16:00,ECBK,15.0,15.0,15.0,14.97599983215332,14.97599983215332,1050.0
2023-03-09 13:16:00,EFSC,51.150001525878906,51.150001525878906,51.150001525878906,51.150001525878906,51.150001525878906,246.0
2023-03-09 13:16:00,EGBN,40.005001068115234,40.005001068115234,40.099998474121094,40.005001068115234,40.099998474121094,727.0
2023-03-09 13:16:00,EHTH,8.789999961853027,8.789999961853027,8.789999961853027,8.78499984741211,8.78499984741211,1709.0
2023-03-09 13:16:00,EWBC,67.5999984741211,67.5999984741211,67.62999725341797,67.59500122070312,67.62999725341797,1200.0
2023-03-09 13:16:00,FBMS,28.670000076293945,28.670000076293945,28.670000076293945,28.625,28.625,1606.0
2023-03-09 13:16:00,FBNC,38.459999084472656,38.459999084472656,38.4900016784668,38.439998626708984,38.4900016784668,1929.0
2023-03-09 13:16:00,FCRD,4.599999904632568,4.599999904632568,4.599999904632568,4.599999904632568,4.599999904632568,100.0
2023-03-09 13:16:00,FFIC,17.18000030517578,17.18000030517578,17.190000534057617,17.18000030517578,17.190000534057617,446.0
2023-03-09 13:16:00,FFIN,33.494998931884766,33.494998931884766,33.494998931884766,33.494998931884766,33.494998931884766,1107.0
2023-03-09 13:16:00,FFWM,12.800000190734863,12.800000190734863,12.829999923706055,12.789999961853027,12.829999923706055,3384.0
2023-03-09 13:16:00,FHB,24.0,24.0,24.010000228881836,24.0,24.0049991607666,6127.0
2023-03-09 13:16:00,FIBK,32.040000915527344,32.040000915527344,32.060001373291016,32.040000915527344,32.060001373291016,660.0
2023-03-09 13:16:00,FITB,32.11000061035156,32.11000061035156,32.1150016784668,32.099998474121094,32.11000061035156,5560.0
2023-03-09 13:16:00,FITBO,22.100000381469727,22.100000381469727,22.100000381469727,22.100000381469727,22.100000381469727,394.0
2023-03-09 13:16:00,FLIC,16.084999084472656,16.084999084472656,16.084999084472656,16.084999084472656,16.084999084472656,300.0
2023-03-09 13:16:00,FOCS,51.630001068115234,51.630001068115234,51.63999938964844,51.619998931884766,51.625,3353.0
2023-03-09 13:16:00,FRBK,1.7549999952316284,1.7549999952316284,1.7583999633789062,1.75,1.75,417.0
2023-03-09 13:16:00,FULT,15.609999656677246,15.609999656677246,15.640000343322754,15.609999656677246,15.640000343322754,2839.0
2023-03-09 13:16:00,FUTU,46.209999084472656,46.209999084472656,46.2400016784668,46.20000076293945,46.2400016784668,4308.0
2023-03-09 13:16:00,FVCB,13.220000267028809,13.220000267028809,13.220000267028809,13.220000267028809,13.220000267028809,100.0
2023-03-09 13:16:00,GAIN,13.634400367736816,13.634400367736816,13.634400367736816,13.634400367736816,13.634400367736816,379.0
2023-03-09 13:16:00,GBDC,13.390000343322754,13.390000343322754,13.399999618530273,13.390000343322754,13.399999618530273,5270.0
2023-03-09 13:16:00,GCMG,8.444999694824219,8.444999694824219,8.444999694824219,8.444999694824219,8.444999694824219,101.0
2023-03-09 13:16:00,GFGDW,0.08009999990463257,0.08009999990463257,0.08009999990463257,0.07999999821186066,0.08009999990463257,224951.0
2023-03-09 13:16:00,GGAL,12.800000190734863,12.800000190734863,12.800000190734863,12.789999961853027,12.789999961853027,916.0
2023-03-09 13:16:00,GLAD,9.819999694824219,9.819999694824219,9.829999923706055,9.819999694824219,9.829999923706055,1731.0
2023-03-09 13:16:00,GLRE,10.020000457763672,10.020000457763672,10.020000457763672,10.020000457763672,10.020000457763672,100.0
2023-03-09 13:16:00,GXII,10.119999885559082,10.119999885559082,10.119999885559082,10.119999885559082,10.119999885559082,100.0
2023-03-09 13:16:00,HAFC,21.639999389648438,21.639999389648438,21.639999389648438,21.639999389648438,21.639999389648438,1649.0
2023-03-09 13:16:00,HBAN,13.835000038146973,13.835000038146973,13.850000381469727,13.835000038146973,13.849900245666504,30237.0
2023-03-09 13:16:00,HBNC,13.760000228881836,13.760000228881836,13.770000457763672,13.760000228881836,13.770000457763672,1241.0
2023-03-09 13:16:00,HFWA,24.40999984741211,24.40999984741211,24.450000762939453,24.40999984741211,24.440000534057617,919.0
2023-03-09 13:16:00,HGBL,2.490000009536743,2.490000009536743,2.490000009536743,2.490000009536743,2.490000009536743,200.0
2023-03-09 13:16:00,HIVE,2.5517001152038574,2.5517001152038574,2.5517001152038574,2.5517001152038574,2.5517001152038574,300.0
2023-03-09 13:16:00,HONE,12.649999618530273,12.649999618530273,12.65999984741211,12.649999618530273,12.65999984741211,314.0
2023-03-09 13:16:00,HOPE,11.640000343322754,11.640000343322754,11.649999618530273,11.640000343322754,11.649999618530273,478.0
2023-03-09 13:16:00,HTBK,10.819999694824219,10.819999694824219,10.819999694824219,10.819999694824219,10.819999694824219,983.0
2023-03-09 13:16:00,HUT,1.3300000429153442,1.3300000429153442,1.3315999507904053,1.3300000429153442,1.3315999507904053,17613.0
2023-03-09 13:16:00,HWC,43.935001373291016,43.935001373291016,43.97999954223633,43.93000030517578,43.95000076293945,5613.0
2023-03-09 13:16:00,IBKR,87.37000274658203,87.37000274658203,87.37840270996094,87.37000274658203,87.37840270996094,774.0
2023-03-09 13:16:00,INDB,71.25,71.25,71.27999877929688,71.25,71.27999877929688,527.0
2023-03-09 13:17:00,ABCB,42.54999923706055,42.54999923706055,42.54999923706055,42.54999923706055,42.54999923706055,240.0
2023-03-09 13:17:00,ACGL,69.7699966430664,69.7699966430664,69.80999755859375,69.76499938964844,69.79000091552734,9440.0
2023-03-09 13:17:00,ALRS,19.020000457763672,19.020000457763672,19.020000457763672,19.020000457763672,19.020000457763672,104.0
2023-03-09 13:17:00,AMNB,31.19499969482422,31.19499969482422,31.19499969482422,31.100000381469727,31.19499969482422,921.0
2023-03-09 13:17:00,AMTB,25.09000015258789,25.09000015258789,25.174999237060547,25.09000015258789,25.1200008392334,2264.0
2023-03-09 13:17:00,APMI,10.430000305175781,10.430000305175781,10.430000305175781,10.381699562072754,10.381699562072754,1710.0
2023-03-09 13:17:00,ARCC,18.84000015258789,18.84000015258789,18.84000015258789,18.829999923706055,18.834999084472656,10533.0
2023-03-09 13:17:00,AUB,36.689998626708984,36.689998626708984,36.71500015258789,36.689998626708984,36.689998626708984,1560.0
2023-03-09 13:17:00,BANF,85.48999786376953,85.48999786376953,85.48999786376953,85.33999633789062,85.48999786376953,1060.0
2023-03-09 13:17:00,BFC,76.58999633789062,76.58999633789062,76.58999633789062,76.58999633789062,76.58999633789062,364.0
2023-03-09 13:17:00,BFIN,10.260000228881836,10.260000228881836,10.260000228881836,10.260000228881836,10.260000228881836,357.0
2023-03-09 13:17:00,BFST,18.559999465942383,18.559999465942383,18.559999465942383,18.559999465942383,18.559999465942383,357.0
2023-03-09 13:17:00,BGCP,4.989999771118164,4.989999771118164,4.989999771118164,4.980000019073486,4.980000019073486,17182.0
2023-03-09 13:17:00,BHF,52.474998474121094,52.474998474121094,52.529998779296875,52.474998474121094,52.529998779296875,736.0
2023-03-09 13:17:00,BHFAN,18.905000686645508,18.905000686645508,18.905000686645508,18.905000686645508,18.905000686645508,436.0
2023-03-09 13:17:00,BITF,0.7422999739646912,0.7422999739646912,0.753000020980835,0.7422999739646912,0.753000020980835,32564.0
2023-03-09 13:17:00,BKCC,3.6549999713897705,3.6549999713897705,3.660599946975708,3.6500000953674316,3.6600000858306885,21238.0
2023-03-09 13:17:00,BMRC,26.739999771118164,26.739999771118164,26.739999771118164,26.739999771118164,26.739999771118164,424.0
2023-03-09 13:17:00,BOKF,95.42500305175781,95.42500305175781,95.42500305175781,95.42500305175781,95.42500305175781,331.0
2023-03-09 13:17:00,BPOP,62.2599983215332,62.2599983215332,62.290000915527344,62.2599983215332,62.290000915527344,778.0
2023-03-09 13:17:00,BRKL,11.40999984741211,11.40999984741211,11.40999984741211,11.40999984741211,11.40999984741211,1386.0
2023-03-09 13:17:00,BTBT,1.1299999952316284,1.1299999952316284,1.1299999952316284,1.1299999952316284,1.1299999952316284,202.0
2023-03-09 13:17:00,BUSE,22.459999084472656,22.459999084472656,22.479999542236328,22.459999084472656,22.479999542236328,587.0
2023-03-09 13:17:00,CACC,435.75,435.75,435.75,435.75,435.75,648.0
2023-03-09 13:17:00,CASH,46.470001220703125,46.470001220703125,46.470001220703125,46.470001220703125,46.470001220703125,1174.0
2023-03-09 13:17:00,CATY,38.81999969482422,38.81999969482422,38.81999969482422,38.81999969482422,38.81999969482422,1098.0
2023-03-09 13:17:00,CBSH,61.59000015258789,61.59000015258789,61.630001068115234,61.59000015258789,61.630001068115234,1876.0
2023-03-09 13:17:00,CCAP,14.869999885559082,14.869999885559082,14.869999885559082,14.869999885559082,14.869999885559082,482.0
2023-03-09 13:17:00,CCD,23.059999465942383,23.059999465942383,23.059999465942383,23.059999465942383,23.059999465942383,180.0
2023-03-09 13:17:00,CCNE,22.40999984741211,22.40999984741211,22.415000915527344,22.40999984741211,22.415000915527344,206.0
2023-03-09 13:17:00,CFFN,7.494999885559082,7.494999885559082,7.5,7.489999771118164,7.5,12202.0
2023-03-09 13:17:00,CG,34.064998626708984,34.064998626708984,34.06999969482422,34.04999923706055,34.060001373291016,33378.0
2023-03-09 13:17:00,CHI,11.979999542236328,11.979999542236328,11.979999542236328,11.949999809265137,11.949999809265137,4493.0
2023-03-09 13:17:00,CHW,6.050099849700928,6.050099849700928,6.050099849700928,6.050099849700928,6.050099849700928,1076.0
2023-03-09 13:17:00,CIFR,1.434999942779541,1.434999942779541,1.440000057220459,1.434999942779541,1.440000057220459,200.0
2023-03-09 13:17:00,CINF,115.98500061035156,115.98500061035156,116.05000305175781,115.98500061035156,116.05000305175781,944.0
2023-03-09 13:17:00,CME,178.61000061035156,178.61000061035156,178.6699981689453,178.58999633789062,178.58999633789062,3004.0
2023-03-09 13:17:00,COLB,25.06999969482422,25.06999969482422,25.100000381469727,25.049999237060547,25.100000381469727,25879.0
2023-03-09 13:17:00,COOP,44.125,44.125,44.125,44.125,44.125,562.0
2023-03-09 13:17:00,CSQ,13.976400375366211,13.976400375366211,13.976400375366211,13.976400375366211,13.976400375366211,618.0
2023-03-09 13:17:00,CSWC,18.260000228881836,18.260000228881836,18.260000228881836,18.260000228881836,18.260000228881836,607.0
2023-03-09 13:17:00,CTBI,40.08000183105469,40.08000183105469,40.08000183105469,40.08000183105469,40.08000183105469,300.0
2023-03-09 13:17:00,CUBA,3.9000000953674316,3.9000000953674316,3.9000000953674316,3.9000000953674316,3.9000000953674316,243.0
2023-03-09 13:17:00,CVBF,21.71500015258789,21.71500015258789,21.71500015258789,21.700000762939453,21.709999084472656,416.0
2023-03-09 13:17:00,DWAC,14.045000076293945,14.045000076293945,14.048999786376953,14.045000076293945,14.048999786376953,226.0
2023-03-09 13:17:00,EBC,14.460000038146973,14.460000038146973,14.475000381469727,14.460000038146973,14.470000267028809,1773.0
2023-03-09 13:17:00,ECPG,50.3849983215332,50.3849983215332,50.3849983215332,50.3849983215332,50.3849983215332,196.0
2023-03-09 13:17:00,EFSC,51.1349983215332,51.1349983215332,51.1349983215332,51.1349983215332,51.1349983215332,470.0
2023-03-09 13:17:00,EHTH,8.779999732971191,8.779999732971191,8.78499984741211,8.779999732971191,8.78499984741211,594.0
2023-03-09 13:17:00,EQBK,28.010000228881836,28.010000228881836,28.010000228881836,28.0,28.0,951.0
2023-03-09 13:17:00,ESQ,41.279998779296875,41.279998779296875,41.279998779296875,41.279998779296875,41.279998779296875,277.0
2023-03-09 13:17:00,EWBC,67.58999633789062,67.58999633789062,67.58999633789062,67.58999633789062,67.58999633789062,941.0
2023-03-09 13:17:00,EZPW,8.789999961853027,8.789999961853027,8.800000190734863,8.789999961853027,8.800000190734863,1011.0
2023-03-09 13:17:00,FBMS,28.690000534057617,28.690000534057617,28.690000534057617,28.674999237060547,28.68000030517578,2728.0
2023-03-09 13:17:00,FBNC,38.46500015258789,38.46500015258789,38.46500015258789,38.46500015258789,38.46500015258789,215.0
2023-03-09 13:17:00,FCRD,4.599999904632568,4.599999904632568,4.599999904632568,4.599999904632568,4.599999904632568,1093.0
2023-03-09 13:17:00,FFBC,22.239999771118164,22.239999771118164,22.260000228881836,22.239999771118164,22.260000228881836,1528.0
2023-03-09 13:17:00,FFWM,12.8100004196167,12.8100004196167,12.8100004196167,12.800000190734863,12.805000305175781,880.0
2023-03-09 13:17:00,FGBIP,23.850000381469727,23.850000381469727,23.850000381469727,23.850000381469727,23.850000381469727,100.0
2023-03-09 13:17:00,FHB,23.969999313354492,23.969999313354492,23.97800064086914,23.969999313354492,23.969999313354492,958.0
2023-03-09 13:17:00,FIBK,32.02000045776367,32.02000045776367,32.04309844970703,32.02000045776367,32.04309844970703,1027.0
2023-03-09 13:17:00,FITB,32.08000183105469,32.08000183105469,32.11000061035156,32.08000183105469,32.10499954223633,8933.0
2023-03-09 13:17:00,FLIC,16.084999084472656,16.084999084472656,16.084999084472656,16.084999084472656,16.084999084472656,186.0
2023-03-09 13:17:00,FMBH,27.915000915527344,27.915000915527344,27.940000534057617,27.915000915527344,27.920000076293945,511.0
2023-03-09 13:17:00,FMNB,13.125,13.125,13.125,13.125,13.125,433.0
2023-03-09 13:17:00,FOCS,51.63999938964844,51.63999938964844,51.63999938964844,51.63999938964844,51.63999938964844,212.0
2023-03-09 13:17:00,FRBK,1.7549999952316284,1.7549999952316284,1.7549999952316284,1.7549999952316284,1.7549999952316284,257.0
2023-03-09 13:17:00,FRME,37.150001525878906,37.150001525878906,37.150001525878906,37.150001525878906,37.150001525878906,529.0
2023-03-09 13:17:00,FSBW,33.20000076293945,33.20000076293945,33.20000076293945,33.20000076293945,33.20000076293945,100.0
2023-03-09 13:17:00,FSFG,19.290000915527344,19.290000915527344,19.290000915527344,19.290000915527344,19.290000915527344,398.0
2023-03-09 13:17:00,FULT,15.600000381469727,15.600000381469727,15.609999656677246,15.600000381469727,15.609999656677246,4968.0
2023-03-09 13:17:00,FUTU,46.28499984741211,46.28499984741211,46.29999923706055,46.220001220703125,46.22999954223633,2866.0
2023-03-09 13:17:00,FVCB,13.25,13.25,13.25,13.25,13.25,100.0
2023-03-09 13:17:00,GABC,35.560001373291016,35.560001373291016,35.599998474121094,35.560001373291016,35.599998474121094,2113.0
2023-03-09 13:17:00,GBDC,13.388500213623047,13.388500213623047,13.388500213623047,13.388500213623047,13.388500213623047,1011.0
2023-03-09 13:17:00,GGAL,12.800000190734863,12.800000190734863,12.808099746704102,12.800000190734863,12.800000190734863,10100.0
2023-03-09 13:17:00,GLAD,9.819999694824219,9.819999694824219,9.819999694824219,9.819999694824219,9.819999694824219,360.0
2023-03-09 13:17:00,GLRE,10.020000457763672,10.020000457763672,10.020000457763672,10.020000457763672,10.020000457763672,700.0
2023-03-09 13:17:00,HBAN,13.84000015258789,13.84000015258789,13.84000015258789,13.824999809265137,13.835000038146973,25857.0
2023-03-09 13:17:00,HBANM,22.709999084472656,22.709999084472656,22.75,22.709999084472656,22.75,1000.0
2023-03-09 13:17:00,HBNC,13.765000343322754,13.765000343322754,13.779899597167969,13.73900032043457,13.739999771118164,7312.0
2023-03-09 13:17:00,HFWA,24.415000915527344,24.415000915527344,24.415000915527344,24.399999618530273,24.399999618530273,1213.0
2023-03-09 13:17:00,HIVE,2.5510001182556152,2.5510001182556152,2.5510001182556152,2.5510001182556152,2.5510001182556152,1359.0
2023-03-09 13:17:00,HONE,12.649999618530273,12.649999618530273,12.649999618530273,12.649999618530273,12.649999618530273,418.0
2023-03-09 13:17:00,HOPE,11.640000343322754,11.640000343322754,11.640000343322754,11.640000343322754,11.640000343322754,491.0
2023-03-09 13:17:00,HUT,1.3250000476837158,1.3250000476837158,1.3300000429153442,1.3200000524520874,1.3300000429153442,70781.0
2023-03-09 13:17:00,HWC,43.902099609375,43.902099609375,43.95000076293945,43.900001525878906,43.95000076293945,3561.0
2023-03-09 13:17:00,IBCP,20.34000015258789,20.34000015258789,20.34000015258789,20.34000015258789,20.34000015258789,152.0
2023-03-09 13:17:00,IBKR,87.37000274658203,87.37000274658203,87.37000274658203,87.30000305175781,87.33999633789062,827.0
2023-03-09 13:17:00,IBOC,44.67499923706055,44.67499923706055,44.67499923706055,44.67499923706055,44.67499923706055,249.0
2023-03-09 13:17:00,IBTX,52.310001373291016,52.310001373291016,52.310001373291016,52.310001373291016,52.310001373291016,211.0
2023-03-09 13:17:00,INDB,71.23999786376953,71.23999786376953,71.23999786376953,71.19000244140625,71.19999694824219,746.0
2023-03-09 13:18:00,ABCB,42.38999938964844,42.38999938964844,42.529998779296875,42.38999938964844,42.52000045776367,2510.0
2023-03-09 13:18:00,ACGL,69.77999877929688,69.77999877929688,69.79000091552734,69.76000213623047,69.76000213623047,16657.0
2023-03-09 13:18:00,AIHS,0.8899999856948853,0.8899999856948853,0.9000999927520752,0.8899999856948853,0.8999999761581421,1653.0
2023-03-09 13:18:00,AMAL,20.959999084472656,20.959999084472656,20.989999771118164,20.959999084472656,20.989999771118164,915.0
2023-03-09 13:18:00,AMNB,31.270000457763672,31.270000457763672,31.270000457763672,31.270000457763672,31.270000457763672,223.0
2023-03-09 13:18:00,AMRK,28.049999237060547,28.049999237060547,28.059999465942383,28.049999237060547,28.059999465942383,631.0
2023-03-09 13:18:00,AMSF,51.314998626708984,51.314998626708984,51.314998626708984,51.314998626708984,51.314998626708984,456.0
2023-03-09 13:18:00,APMI,10.25,10.25,10.600000381469727,10.25,10.600000381469727,3121.0
2023-03-09 13:18:00,ARCC,18.83009910583496,18.83009910583496,18.839799880981445,18.829999923706055,18.837200164794922,3229.0
2023-03-09 13:18:00,AROW,28.264999389648438,28.264999389648438,28.264999389648438,28.264999389648438,28.264999389648438,133.0
2023-03-09 13:18:00,AUB,36.58000183105469,36.58000183105469,36.689998626708984,36.58000183105469,36.689998626708984,7039.0
2023-03-09 13:18:00,BANF,85.4800033569336,85.4800033569336,85.48999786376953,85.45999908447266,85.48999786376953,1198.0
2023-03-09 13:18:00,BCBP,15.789999961853027,15.789999961853027,15.789999961853027,15.789999961853027,15.789999961853027,373.0
2023-03-09 13:18:00,BHF,52.439998626708984,52.439998626708984,52.439998626708984,52.439998626708984,52.439998626708984,321.0
2023-03-09 13:18:00,BITF,0.743399977684021,0.743399977684021,0.746999979019165,0.7422999739646912,0.7445999979972839,9499.0
2023-03-09 13:18:00,BMRC,26.940000534057617,26.940000534057617,26.940000534057617,26.704999923706055,26.704999923706055,2369.0
2023-03-09 13:18:00,BOKF,95.37999725341797,95.37999725341797,95.38500213623047,95.37999725341797,95.38500213623047,1991.0
2023-03-09 13:18:00,BPOP,62.09000015258789,62.09000015258789,62.25,62.08000183105469,62.25,9720.0
2023-03-09 13:18:00,BRKL,11.369999885559082,11.369999885559082,11.404999732971191,11.359999656677246,11.399999618530273,4314.0
2023-03-09 13:18:00,BRP,25.809999465942383,25.809999465942383,25.809999465942383,25.709999084472656,25.709999084472656,1751.0
2023-03-09 13:18:00,BTBT,1.1299999952316284,1.1299999952316284,1.1299999952316284,1.1299999952316284,1.1299999952316284,365.0
2023-03-09 13:18:00,BUSE,22.43000030517578,22.43000030517578,22.440000534057617,22.420000076293945,22.440000534057617,2020.0
2023-03-09 13:18:00,CAC,38.709999084472656,38.709999084472656,38.709999084472656,38.709999084472656,38.709999084472656,264.0
2023-03-09 13:18:00,CACC,436.0,436.0,436.0,436.0,436.0,103.0
2023-03-09 13:18:00,CASH,46.310001373291016,46.310001373291016,46.310001373291016,46.310001373291016,46.310001373291016,387.0
2023-03-09 13:18:00,CATY,38.70000076293945,38.70000076293945,38.7400016784668,38.689998626708984,38.7400016784668,1087.0
2023-03-09 13:18:00,CBNK,18.639999389648438,18.639999389648438,18.639999389648438,18.639999389648438,18.639999389648438,500.0
2023-03-09 13:18:00,CBSH,61.47999954223633,61.47999954223633,61.529998779296875,61.43000030517578,61.529998779296875,3224.0
2023-03-09 13:18:00,CCB,41.900001525878906,41.900001525878906,42.04999923706055,41.900001525878906,42.04999923706055,1854.0
2023-03-09 13:18:00,CCD,23.020000457763672,23.020000457763672,23.030000686645508,23.020000457763672,23.030000686645508,200.0
2023-03-09 13:18:00,CCNE,22.385000228881836,22.385000228881836,22.389999389648438,22.3799991607666,22.385000228881836,1256.0
2023-03-09 13:18:00,CCNEP,25.5,25.5,25.549999237060547,25.5,25.549999237060547,656.0
2023-03-09 13:18:00,CFB,12.1899995803833,12.1899995803833,12.220000267028809,12.1899995803833,12.220000267028809,829.0
2023-03-09 13:18:00,CFFN,7.489999771118164,7.489999771118164,7.494999885559082,7.489999771118164,7.489999771118164,1497.0
2023-03-09 13:18:00,CG,34.05979919433594,34.05979919433594,34.064998626708984,34.029998779296875,34.064998626708984,51333.0
2023-03-09 13:18:00,CGBD,14.890000343322754,14.890000343322754,14.890000343322754,14.890000343322754,14.890000343322754,713.0
2023-03-09 13:18:00,CHCO,90.37999725341797,90.37999725341797,90.38999938964844,90.3499984741211,90.38999938964844,1181.0
2023-03-09 13:18:00,CHI,11.920000076293945,11.920000076293945,11.960000038146973,11.920000076293945,11.960000038146973,10000.0
2023-03-09 13:18:00,CHW,6.050099849700928,6.050099849700928,6.050099849700928,6.050099849700928,6.050099849700928,1500.0
2023-03-09 13:18:00,CINF,115.9749984741211,115.9749984741211,115.9749984741211,115.9749984741211,115.9749984741211,224.0
2023-03-09 13:18:00,CLBK,19.510000228881836,19.510000228881836,19.520000457763672,19.485000610351562,19.510000228881836,5294.0
2023-03-09 13:18:00,CME,178.60000610351562,178.60000610351562,178.6649932861328,178.5399932861328,178.6649932861328,2811.0
2023-03-09 13:18:00,CNOB,21.635000228881836,21.635000228881836,21.670000076293945,21.635000228881836,21.665000915527344,1004.0
2023-03-09 13:18:00,COLB,25.0,25.0,25.079999923706055,24.989999771118164,25.06999969482422,17497.0
2023-03-09 13:18:00,COOP,43.88999938964844,43.88999938964844,44.029998779296875,43.88999938964844,44.0099983215332,1868.0
2023-03-09 13:18:00,CSQ,13.970000267028809,13.970000267028809,13.970000267028809,13.970000267028809,13.970000267028809,362.0
2023-03-09 13:18:00,CTBI,40.08000183105469,40.08000183105469,40.08000183105469,40.08000183105469,40.08000183105469,442.0
2023-03-09 13:18:00,CVBF,21.670000076293945,21.670000076293945,21.719999313354492,21.670000076293945,21.700000762939453,9062.0
2023-03-09 13:18:00,CZWI,12.319999694824219,12.319999694824219,12.350000381469727,12.319999694824219,12.350000381469727,201.0
2023-03-09 13:18:00,EBC,14.4399995803833,14.4399995803833,14.460000038146973,14.4399995803833,14.460000038146973,9579.0
2023-03-09 13:18:00,ECPG,50.470001220703125,50.470001220703125,50.540000915527344,50.380001068115234,50.380001068115234,3904.0
2023-03-09 13:18:00,EFSC,51.095001220703125,51.095001220703125,51.1349983215332,51.04999923706055,51.1349983215332,1909.0
2023-03-09 13:18:00,EGBN,39.849998474121094,39.849998474121094,40.0,39.849998474121094,40.0,1630.0
2023-03-09 13:18:00,EHTH,8.779999732971191,8.779999732971191,8.779999732971191,8.779999732971191,8.779999732971191,167.0
2023-03-09 13:18:00,EWBC,67.33000183105469,67.33000183105469,67.56500244140625,67.33000183105469,67.54000091552734,9586.0
2023-03-09 13:18:00,EZPW,8.789999961853027,8.789999961853027,8.789999961853027,8.789999961853027,8.789999961853027,636.0
2023-03-09 13:18:00,FBIZ,33.61000061035156,33.61000061035156,33.61000061035156,33.61000061035156,33.61000061035156,141.0
2023-03-09 13:18:00,FBMS,28.655000686645508,28.655000686645508,28.690000534057617,28.639999389648438,28.68000030517578,9387.0
2023-03-09 13:18:00,FBNC,38.38999938964844,38.38999938964844,38.4900016784668,38.349998474121094,38.41999816894531,4470.0
2023-03-09 13:18:00,FCFS,88.06999969482422,88.06999969482422,88.11499786376953,88.06999969482422,88.11499786376953,733.0
2023-03-09 13:18:00,FCNCA,644.1500244140625,644.1500244140625,646.0,644.1500244140625,646.0,2187.0
2023-03-09 13:18:00,FCRD,4.599999904632568,4.599999904632568,4.599999904632568,4.599999904632568,4.599999904632568,200.0
2023-03-09 13:18:00,FDUS,20.204500198364258,20.204500198364258,20.21500015258789,20.204500198364258,20.21500015258789,380.0
2023-03-09 13:18:00,FFBC,22.18000030517578,22.18000030517578,22.260000228881836,22.18000030517578,22.239999771118164,4480.0
2023-03-09 13:18:00,FFIC,17.149999618530273,17.149999618530273,17.170000076293945,17.139999389648438,17.149999618530273,2230.0
2023-03-09 13:18:00,FFIN,33.369998931884766,33.369998931884766,33.470001220703125,33.369998931884766,33.439998626708984,5466.0
2023-03-09 13:18:00,FFWM,12.779999732971191,12.779999732971191,12.8100004196167,12.779999732971191,12.789999961853027,7567.0
2023-03-09 13:18:00,FHB,23.8799991607666,23.8799991607666,23.940000534057617,23.8799991607666,23.940000534057617,16501.0
2023-03-09 13:18:00,FIBK,31.93000030517578,31.93000030517578,32.0099983215332,31.920000076293945,32.0099983215332,5819.0
2023-03-09 13:18:00,FISI,22.969999313354492,22.969999313354492,23.0,22.969999313354492,23.0,749.0
2023-03-09 13:18:00,FITB,32.064998626708984,32.064998626708984,32.09000015258789,32.04999923706055,32.084999084472656,39197.0
2023-03-09 13:18:00,FLIC,16.084999084472656,16.084999084472656,16.084999084472656,16.084999084472656,16.084999084472656,596.0
2023-03-09 13:18:00,FOCS,51.6349983215332,51.6349983215332,51.63999938964844,51.630001068115234,51.630001068115234,3089.0
2023-03-09 13:18:00,FRBA,12.899999618530273,12.899999618530273,12.899999618530273,12.899999618530273,12.899999618530273,200.0
2023-03-09 13:18:00,FRBK,1.75,1.75,1.7549999952316284,1.75,1.7549999952316284,8838.0
2023-03-09 13:18:00,FRME,37.06999969482422,37.06999969482422,37.09000015258789,37.04999923706055,37.09000015258789,1044.0
2023-03-09 13:18:00,FRST,10.8100004196167,10.8100004196167,10.8100004196167,10.8100004196167,10.8100004196167,689.0
2023-03-09 13:18:00,FSBC,25.350000381469727,25.350000381469727,25.350000381469727,25.350000381469727,25.350000381469727,130.0
2023-03-09 13:18:00,FSBW,33.244998931884766,33.244998931884766,33.244998931884766,33.244998931884766,33.244998931884766,206.0
2023-03-09 13:18:00,FULT,15.5600004196167,15.5600004196167,15.600000381469727,15.550000190734863,15.600000381469727,11979.0
2023-03-09 13:18:00,FUTU,46.28499984741211,46.28499984741211,46.29999923706055,46.275001525878906,46.29999923706055,4655.0
2023-03-09 13:18:00,FVCB,13.25,13.25,13.25,13.21500015258789,13.21500015258789,1900.0
2023-03-09 13:18:00,GAIN,13.630000114440918,13.630000114440918,13.630000114440918,13.630000114440918,13.630000114440918,550.0
2023-03-09 13:18:00,GBDC,13.385000228881836,13.385000228881836,13.385000228881836,13.385000228881836,13.385000228881836,148.0
2023-03-09 13:18:00,GCMG,8.444999694824219,8.444999694824219,8.444999694824219,8.444999694824219,8.444999694824219,101.0
2023-03-09 13:18:00,GFGDW,0.08009999990463257,0.08009999990463257,0.08009999990463257,0.08009999990463257,0.08009999990463257,2500.0
2023-03-09 13:18:00,GGAL,12.789999961853027,12.789999961853027,12.805000305175781,12.789999961853027,12.789999961853027,1060.0
2023-03-09 13:18:00,GSHD,52.5,52.5,52.54499816894531,52.47999954223633,52.54499816894531,1003.0
2023-03-09 13:18:00,GXII,10.119999885559082,10.119999885559082,10.124699592590332,10.119999885559082,10.119999885559082,1000.0
2023-03-09 13:18:00,HBAN,13.819999694824219,13.819999694824219,13.84000015258789,13.8100004196167,13.829999923706055,44419.0
2023-03-09 13:18:00,HBANM,22.780000686645508,22.780000686645508,22.780000686645508,22.780000686645508,22.780000686645508,1044.0
2023-03-09 13:18:00,HBNC,13.75,13.75,13.75,13.75,13.75,2353.0
2023-03-09 13:18:00,HBT,22.0,22.0,22.0,22.0,22.0,257.0
2023-03-09 13:18:00,HFWA,24.31999969482422,24.31999969482422,24.31999969482422,24.31999969482422,24.31999969482422,259.0
2023-03-09 13:18:00,HIVE,2.558000087738037,2.558000087738037,2.558000087738037,2.555000066757202,2.555000066757202,794.0
2023-03-09 13:18:00,HMST,22.200000762939453,22.200000762939453,22.200000762939453,22.200000762939453,22.200000762939453,553.0
2023-03-09 13:18:00,HONE,12.609999656677246,12.609999656677246,12.619999885559082,12.609999656677246,12.619999885559082,666.0
2023-03-09 13:18:00,HOPE,11.59000015258789,11.59000015258789,11.619999885559082,11.579999923706055,11.619999885559082,9821.0
2023-03-09 13:18:00,HRZN,11.837699890136719,11.837699890136719,11.837699890136719,11.835000038146973,11.835000038146973,503.0
2023-03-09 13:18:00,HTBI,27.579999923706055,27.579999923706055,27.579999923706055,27.459999084472656,27.459999084472656,4670.0
2023-03-09 13:18:00,HTBK,10.789999961853027,10.789999961853027,10.8100004196167,10.789999961853027,10.8100004196167,2468.0
2023-03-09 13:18:00,HUT,1.320099949836731,1.320099949836731,1.3282999992370605,1.3200000524520874,1.3200000524520874,14903.0
2023-03-09 13:18:00,HWC,43.709999084472656,43.709999084472656,43.88999938964844,43.70000076293945,43.83000183105469,7069.0
2023-03-09 13:18:00,IBCP,20.350000381469727,20.350000381469727,20.350000381469727,20.31999969482422,20.31999969482422,1703.0
2023-03-09 13:18:00,IBKR,87.29989624023438,87.29989624023438,87.29989624023438,87.25,87.2699966430664,1241.0
2023-03-09 13:18:00,IBOC,44.47999954223633,44.47999954223633,44.63999938964844,44.459999084472656,44.63999938964844,8969.0
2023-03-09 13:18:00,IBTX,52.06999969482422,52.06999969482422,52.16999816894531,52.06999969482422,52.16999816894531,894.0
2023-03-09 13:18:00,INDB,71.0,71.0,71.23999786376953,71.0,71.23999786376953,1804.0
2023-03-09 13:19:00,ABCB,42.439998626708984,42.439998626708984,42.470001220703125,42.43000030517578,42.43000030517578,1703.0
2023-03-09 13:19:00,ACGL,69.66000366210938,69.66000366210938,69.78500366210938,69.66000366210938,69.77999877929688,20239.0
2023-03-09 13:19:00,AIHS,0.8759999871253967,0.8759999871253967,0.8899999856948853,0.8759999871253967,0.8899999856948853,1861.0
2023-03-09 13:19:00,APLD,2.065000057220459,2.065000057220459,2.065000057220459,2.065000057220459,2.065000057220459,222.0
2023-03-09 13:19:00,ARCC,18.834999084472656,18.834999084472656,18.84000015258789,18.829999923706055,18.833999633789062,3130.0
2023-03-09 13:19:00,AUB,36.59000015258789,36.59000015258789,36.619998931884766,36.59000015258789,36.619998931884766,1471.0
2023-03-09 13:19:00,BANR,57.15999984741211,57.15999984741211,57.15999984741211,57.15999984741211,57.15999984741211,343.0
2023-03-09 13:19:00,BFST,18.549999237060547,18.549999237060547,18.549999237060547,18.549999237060547,18.549999237060547,249.0
2023-03-09 13:19:00,BGCP,4.985000133514404,4.985000133514404,4.985000133514404,4.985000133514404,4.985000133514404,406.0
2023-03-09 13:19:00,BITF,0.75,0.75,0.75,0.7448999881744385,0.7475000023841858,1709.0
2023-03-09 13:19:00,BLFY,11.399999618530273,11.399999618530273,11.414999961853027,11.399999618530273,11.414999961853027,302.0
2023-03-09 13:19:00,BMRC,26.940000534057617,26.940000534057617,26.940000534057617,26.940000534057617,26.940000534057617,502.0
2023-03-09 13:19:00,BOKF,95.43000030517578,95.43000030517578,95.43000030517578,95.43000030517578,95.43000030517578,715.0
2023-03-09 13:19:00,BPOP,62.119998931884766,62.119998931884766,62.130001068115234,62.11000061035156,62.11000061035156,776.0
2023-03-09 13:19:00,BRKL,11.404999732971191,11.404999732971191,11.404999732971191,11.380000114440918,11.380000114440918,2842.0
2023-03-09 13:19:00,BRP,25.7450008392334,25.7450008392334,25.7450008392334,25.7450008392334,25.7450008392334,407.0
2023-03-09 13:19:00,BSRR,19.3799991607666,19.3799991607666,19.3799991607666,19.3799991607666,19.3799991607666,373.0
2023-03-09 13:19:00,BSVN,28.0,28.0,28.0,27.989999771118164,27.989999771118164,375.0
2023-03-09 13:19:00,BWB,13.369999885559082,13.369999885559082,13.369999885559082,13.369999885559082,13.369999885559082,397.0
2023-03-09 13:19:00,CACC,433.7099914550781,433.7099914550781,433.7099914550781,433.7099914550781,433.7099914550781,872.0
2023-03-09 13:19:00,CARE,16.299999237060547,16.299999237060547,16.299999237060547,16.299999237060547,16.299999237060547,748.0
2023-03-09 13:19:00,CASH,46.31999969482422,46.31999969482422,46.369998931884766,46.31999969482422,46.369998931884766,266.0
2023-03-09 13:19:00,CATY,38.75,38.75,38.75,38.75,38.75,164.0
2023-03-09 13:19:00,CBSH,61.47999954223633,61.47999954223633,61.47999954223633,61.435001373291016,61.470001220703125,711.0
2023-03-09 13:19:00,CCD,23.020000457763672,23.020000457763672,23.020000457763672,23.020000457763672,23.020000457763672,230.0
2023-03-09 13:19:00,CCNEP,25.059999465942383,25.059999465942383,25.350000381469727,25.059999465942383,25.350000381469727,744.0
2023-03-09 13:19:00,CFB,12.199999809265137,12.199999809265137,12.199999809265137,12.1899995803833,12.1899995803833,1536.0
2023-03-09 13:19:00,CFFN,7.485000133514404,7.485000133514404,7.489999771118164,7.480000019073486,7.485000133514404,806.0
2023-03-09 13:19:00,CG,34.03499984741211,34.03499984741211,34.099998474121094,34.03499984741211,34.05500030517578,71110.0
2023-03-09 13:19:00,CGBD,14.890000343322754,14.890000343322754,14.890000343322754,14.890000343322754,14.890000343322754,212.0
2023-03-09 13:19:00,CHCO,90.31999969482422,90.31999969482422,90.31999969482422,90.31999969482422,90.31999969482422,212.0
2023-03-09 13:19:00,CINF,115.91999816894531,115.91999816894531,115.93000030517578,115.91999816894531,115.93000030517578,1115.0
2023-03-09 13:19:00,CME,178.61000061035156,178.61000061035156,178.61000061035156,178.61000061035156,178.61000061035156,557.0
2023-03-09 13:19:00,CNOB,21.649999618530273,21.649999618530273,21.649999618530273,21.649999618530273,21.649999618530273,105.0
2023-03-09 13:19:00,COLB,25.06999969482422,25.06999969482422,25.06999969482422,25.0,25.0,12017.0
2023-03-09 13:19:00,COOP,43.95000076293945,43.95000076293945,43.95000076293945,43.95000076293945,43.95000076293945,128.0
2023-03-09 13:19:00,CSQ,13.975000381469727,13.975000381469727,13.975000381469727,13.975000381469727,13.975000381469727,410.0
2023-03-09 13:19:00,CSTR,15.229999542236328,15.229999542236328,15.229999542236328,15.229999542236328,15.229999542236328,654.0
2023-03-09 13:19:00,CSWC,18.229999542236328,18.229999542236328,18.25,18.229999542236328,18.25,1437.0
2023-03-09 13:19:00,CVBF,21.709999084472656,21.709999084472656,21.709999084472656,21.690000534057617,21.690000534057617,1029.0
2023-03-09 13:19:00,CZWI,12.319999694824219,12.319999694824219,12.319999694824219,12.319999694824219,12.319999694824219,319.0
2023-03-09 13:19:00,EBC,14.444999694824219,14.444999694824219,14.444999694824219,14.430000305175781,14.430000305175781,896.0
2023-03-09 13:19:00,EGBN,39.904998779296875,39.904998779296875,39.904998779296875,39.904998779296875,39.904998779296875,280.0
2023-03-09 13:19:00,EHTH,8.795000076293945,8.795000076293945,8.800000190734863,8.789999961853027,8.789999961853027,1345.0
2023-03-09 13:19:00,EWBC,67.48999786376953,67.48999786376953,67.48999786376953,67.37000274658203,67.4000015258789,2703.0
2023-03-09 13:19:00,FBMS,28.700000762939453,28.700000762939453,28.709999084472656,28.65999984741211,28.65999984741211,7822.0
2023-03-09 13:19:00,FCNCA,644.77001953125,644.77001953125,644.77001953125,644.77001953125,644.77001953125,251.0
2023-03-09 13:19:00,FCNCO,21.5,21.5,21.510000228881836,21.5,21.510000228881836,551.0
2023-03-09 13:19:00,FCRD,4.599999904632568,4.599999904632568,4.599999904632568,4.599999904632568,4.599999904632568,100.0
2023-03-09 13:19:00,FDUS,20.06999969482422,20.06999969482422,20.200000762939453,20.059999465942383,20.200000762939453,18756.0
2023-03-09 13:19:00,FFBC,22.209999084472656,22.209999084472656,22.209999084472656,22.200000762939453,22.200000762939453,407.0
2023-03-09 13:19:00,FFIC,17.170000076293945,17.170000076293945,17.170000076293945,17.170000076293945,17.170000076293945,121.0
2023-03-09 13:19:00,FFIN,33.40999984741211,33.40999984741211,33.40999984741211,33.375,33.375,998.0
2023-03-09 13:19:00,FFWM,12.8100004196167,12.8100004196167,12.8100004196167,12.8100004196167,12.8100004196167,606.0
2023-03-09 13:19:00,FHB,23.899999618530273,23.899999618530273,23.899999618530273,23.889999389648438,23.889999389648438,1010.0
2023-03-09 13:19:00,FIBK,31.989999771118164,31.989999771118164,32.0,31.950000762939453,31.950000762939453,1768.0
2023-03-09 13:19:00,FITB,32.11000061035156,32.11000061035156,32.11000061035156,32.060001373291016,32.06999969482422,10463.0
2023-03-09 13:19:00,FMBH,27.959999084472656,27.959999084472656,27.959999084472656,27.895000457763672,27.895000457763672,269.0
2023-03-09 13:19:00,FMNB,13.109999656677246,13.109999656677246,13.109999656677246,13.109999656677246,13.109999656677246,269.0
2023-03-09 13:19:00,FNWB,13.635000228881836,13.635000228881836,13.635000228881836,13.635000228881836,13.635000228881836,100.0
2023-03-09 13:19:00,FOCS,51.630001068115234,51.630001068115234,51.63999938964844,51.630001068115234,51.6349983215332,1700.0
2023-03-09 13:19:00,FRBA,12.899999618530273,12.899999618530273,12.899999618530273,12.899999618530273,12.899999618530273,1054.0
2023-03-09 13:19:00,FRBK,1.75,1.75,1.7549999952316284,1.75,1.75,5500.0
2023-03-09 13:19:00,FRHC,72.16000366210938,72.16000366210938,72.16000366210938,72.16000366210938,72.16000366210938,115.0
2023-03-09 13:19:00,FRME,37.130001068115234,37.130001068115234,37.130001068115234,37.119998931884766,37.119998931884766,422.0
2023-03-09 13:19:00,FSBW,33.20000076293945,33.20000076293945,33.209999084472656,33.20000076293945,33.209999084472656,407.0
2023-03-09 13:19:00,FULT,15.59000015258789,15.59000015258789,15.59000015258789,15.569999694824219,15.569999694824219,3439.0
2023-03-09 13:19:00,FULTP,21.25,21.25,21.25,21.25,21.25,269.0
2023-03-09 13:19:00,FUTU,46.290000915527344,46.290000915527344,46.29999923706055,46.2599983215332,46.279998779296875,2567.0
2023-03-09 13:19:00,FVCB,13.24899959564209,13.24899959564209,13.25,13.24899959564209,13.25,505.0
2023-03-09 13:19:00,GBDC,13.375,13.375,13.385000228881836,13.369999885559082,13.385000228881836,3891.0
2023-03-09 13:19:00,GGAAW,0.026000000536441803,0.026000000536441803,0.028200000524520874,0.026000000536441803,0.028200000524520874,800.0
2023-03-09 13:19:00,GGAL,12.795000076293945,12.795000076293945,12.795000076293945,12.779999732971191,12.779999732971191,385.0
2023-03-09 13:19:00,GREE,0.4350000023841858,0.4350000023841858,0.4350000023841858,0.4350000023841858,0.4350000023841858,500.0
2023-03-09 13:19:00,GROW,2.6702001094818115,2.6702001094818115,2.6702001094818115,2.6702001094818115,2.6702001094818115,395.0
2023-03-09 13:19:00,GSHD,52.470001220703125,52.470001220703125,52.47999954223633,52.470001220703125,52.47999954223633,446.0
2023-03-09 13:19:00,GXIIU,10.25,10.25,10.25,10.239999771118164,10.239999771118164,0.0
2023-03-09 13:19:00,HALL,11.300000190734863,11.300000190734863,11.300000190734863,11.300000190734863,11.300000190734863,498.0
2023-03-09 13:19:00,HBAN,13.835000038146973,13.835000038146973,13.839900016784668,13.819999694824219,13.819999694824219,25830.0
2023-03-09 13:19:00,HBNC,13.729999542236328,13.729999542236328,13.729999542236328,13.720000267028809,13.720000267028809,654.0
2023-03-09 13:19:00,HFWA,24.360000610351562,24.360000610351562,24.360000610351562,24.360000610351562,24.360000610351562,285.0
2023-03-09 13:19:00,HLNE,75.76000213623047,75.76000213623047,75.76000213623047,75.76000213623047,75.76000213623047,308.0
2023-03-09 13:19:00,HMST,22.190000534057617,22.190000534057617,22.190000534057617,22.170000076293945,22.170000076293945,1387.0
2023-03-09 13:19:00,HOPE,11.609999656677246,11.609999656677246,11.609999656677246,11.595000267028809,11.600000381469727,3192.0
2023-03-09 13:19:00,HRZN,11.82919979095459,11.82919979095459,11.829999923706055,11.82919979095459,11.829999923706055,1193.0
2023-03-09 13:19:00,HTBI,27.56999969482422,27.56999969482422,27.56999969482422,27.56999969482422,27.56999969482422,140.0
2023-03-09 13:19:00,HTLF,45.25,45.25,45.25,45.22999954223633,45.22999954223633,473.0
2023-03-09 13:19:00,HUT,1.329699993133545,1.329699993133545,1.3299000263214111,1.320099949836731,1.3299000263214111,2835.0
2023-03-09 13:19:00,HWBK,24.969999313354492,24.969999313354492,24.969999313354492,24.969999313354492,24.969999313354492,966.0
2023-03-09 13:19:00,HWC,43.81999969482422,43.81999969482422,43.81999969482422,43.77000045776367,43.77000045776367,2326.0
2023-03-09 13:19:00,IBKR,87.27999877929688,87.27999877929688,87.27999877929688,87.22000122070312,87.26499938964844,1346.0
2023-03-09 13:19:00,IBOC,44.5099983215332,44.5099983215332,44.52000045776367,44.5099983215332,44.52000045776367,333.0
2023-03-09 13:19:00,IBTX,52.22999954223633,52.22999954223633,52.22999954223633,52.16999816894531,52.18000030517578,962.0
2023-03-09 13:19:00,IGIC,8.3100004196167,8.3100004196167,8.3100004196167,8.3100004196167,8.3100004196167,100.0
2023-03-09 13:19:00,INDB,71.04000091552734,71.04000091552734,71.11000061035156,71.04000091552734,71.11000061035156,274.0
2023-03-09 13:19:00,INTR,2.0199999809265137,2.0199999809265137,2.0199999809265137,2.0199999809265137,2.0199999809265137,100.0
2023-03-09 13:20:00,ABCB,42.52000045776367,42.52000045776367,42.52000045776367,42.4900016784668,42.4900016784668,412.0
2023-03-09 13:20:00,ACGL,69.61000061035156,69.61000061035156,69.6500015258789,69.57499694824219,69.63999938964844,8952.0
2023-03-09 13:20:00,ACGLN,18.809999465942383,18.809999465942383,18.809999465942383,18.809999465942383,18.809999465942383,193.0
2023-03-09 13:20:00,AIHS,0.8759999871253967,0.8759999871253967,0.8759999871253967,0.8759999871253967,0.8759999871253967,700.0
2023-03-09 13:20:00,APLD,2.0799999237060547,2.0799999237060547,2.0799999237060547,2.065000057220459,2.065000057220459,6019.0
2023-03-09 13:20:00,APMI,10.350000381469727,10.350000381469727,10.350000381469727,10.329999923706055,10.329999923706055,201.0
2023-03-09 13:20:00,ARCC,18.829999923706055,18.829999923706055,18.84000015258789,18.829999923706055,18.834999084472656,1022.0
2023-03-09 13:20:00,AROW,28.264999389648438,28.264999389648438,28.264999389648438,28.264999389648438,28.264999389648438,100.0
2023-03-09 13:20:00,AUB,36.70000076293945,36.70000076293945,36.70000076293945,36.650001525878906,36.65999984741211,1438.0
2023-03-09 13:20:00,BANF,85.5,85.5,85.5,85.48999786376953,85.48999786376953,858.0
2023-03-09 13:20:00,BCML,19.209999084472656,19.209999084472656,19.229999542236328,19.209999084472656,19.229999542236328,657.0
2023-03-09 13:20:00,BHF,52.4900016784668,52.4900016784668,52.5,52.41999816894531,52.41999816894531,949.0
2023-03-09 13:20:00,BHFAO,24.66939926147461,24.66939926147461,24.66939926147461,24.6200008392334,24.6200008392334,452.0
2023-03-09 13:20:00,BLFY,11.408599853515625,11.408599853515625,11.408599853515625,11.408599853515625,11.408599853515625,1922.0
2023-03-09 13:20:00,BOKF,95.55000305175781,95.55000305175781,95.55000305175781,95.47000122070312,95.47000122070312,538.0
2023-03-09 13:20:00,BPOP,62.220001220703125,62.220001220703125,62.220001220703125,62.220001220703125,62.220001220703125,480.0
2023-03-09 13:20:00,BREZ,10.569999694824219,10.569999694824219,10.569999694824219,10.569999694824219,10.569999694824219,200.0
2023-03-09 13:20:00,BRKL,11.40999984741211,11.40999984741211,11.40999984741211,11.40999984741211,11.40999984741211,406.0
2023-03-09 13:20:00,BSVN,27.020000457763672,27.020000457763672,28.0,27.020000457763672,28.0,6227.0
2023-03-09 13:20:00,BTBT,1.1349999904632568,1.1349999904632568,1.1349999904632568,1.1349999904632568,1.1349999904632568,100.0
2023-03-09 13:20:00,CASH,46.345001220703125,46.345001220703125,46.349998474121094,46.345001220703125,46.349998474121094,322.0
2023-03-09 13:20:00,CATY,38.849998474121094,38.849998474121094,38.86000061035156,38.83000183105469,38.83000183105469,603.0
2023-03-09 13:20:00,CBNK,18.709999084472656,18.709999084472656,18.709999084472656,18.709999084472656,18.709999084472656,283.0
2023-03-09 13:20:00,CBSH,61.619998931884766,61.619998931884766,61.619998931884766,61.48830032348633,61.48830032348633,2505.0
2023-03-09 13:20:00,CCNE,22.399999618530273,22.399999618530273,22.399999618530273,22.399999618530273,22.399999618530273,743.0
2023-03-09 13:20:00,CFB,12.204999923706055,12.204999923706055,12.204999923706055,12.204999923706055,12.204999923706055,101.0
2023-03-09 13:20:00,CFFN,7.494999885559082,7.494999885559082,7.5,7.480000019073486,7.489999771118164,5719.0
2023-03-09 13:20:00,CG,34.08000183105469,34.08000183105469,34.08000183105469,34.025001525878906,34.040000915527344,14748.0
2023-03-09 13:20:00,CHCO,90.52999877929688,90.52999877929688,90.52999877929688,90.52999877929688,90.52999877929688,325.0
2023-03-09 13:20:00,CHI,11.92870044708252,11.92870044708252,11.92870044708252,11.92870044708252,11.92870044708252,202.0
2023-03-09 13:20:00,CHW,6.050099849700928,6.050099849700928,6.050099849700928,6.050099849700928,6.050099849700928,903.0
2023-03-09 13:20:00,CHY,12.3100004196167,12.3100004196167,12.3100004196167,12.3100004196167,12.3100004196167,159.0
2023-03-09 13:20:00,CIFR,1.4299999475479126,1.4299999475479126,1.4299999475479126,1.4299999475479126,1.4299999475479126,118.0
2023-03-09 13:20:00,CIVB,20.770000457763672,20.770000457763672,20.774999618530273,20.770000457763672,20.774999618530273,1001.0
2023-03-09 13:20:00,CLBK,19.524999618530273,19.524999618530273,19.530000686645508,19.520000457763672,19.520000457763672,898.0
2023-03-09 13:20:00,CME,178.6699981689453,178.6699981689453,178.72000122070312,178.6199951171875,178.6999969482422,1416.0
2023-03-09 13:20:00,CNOB,21.649999618530273,21.649999618530273,21.655000686645508,21.649999618530273,21.649999618530273,1311.0
2023-03-09 13:20:00,COLB,25.100000381469727,25.100000381469727,25.104999542236328,25.06999969482422,25.06999969482422,9511.0
2023-03-09 13:20:00,COOP,44.11000061035156,44.11000061035156,44.11000061035156,43.869998931884766,43.915000915527344,4508.0
2023-03-09 13:20:00,CSWC,18.235000610351562,18.235000610351562,18.239999771118164,18.235000610351562,18.239999771118164,531.0
2023-03-09 13:20:00,CTBI,40.084999084472656,40.084999084472656,40.084999084472656,40.084999084472656,40.084999084472656,363.0
2023-03-09 13:20:00,CVBF,21.729999542236328,21.729999542236328,21.729999542236328,21.719999313354492,21.719999313354492,1083.0
2023-03-09 13:20:00,EBC,14.449999809265137,14.449999809265137,14.458499908447266,14.420000076293945,14.444999694824219,18673.0
2023-03-09 13:20:00,EFSC,51.189998626708984,51.189998626708984,51.189998626708984,51.13999938964844,51.13999938964844,694.0
2023-03-09 13:20:00,EGBN,40.0099983215332,40.0099983215332,40.040000915527344,39.94499969482422,39.959999084472656,1639.0
2023-03-09 13:20:00,EWBC,67.55000305175781,67.55000305175781,67.55999755859375,67.55000305175781,67.55999755859375,687.0
2023-03-09 13:20:00,EZPW,8.78499984741211,8.78499984741211,8.78499984741211,8.78499984741211,8.78499984741211,107.0
2023-03-09 13:20:00,FBMS,28.719999313354492,28.719999313354492,28.719999313354492,28.700000762939453,28.700000762939453,2793.0
2023-03-09 13:20:00,FBNC,38.380001068115234,38.380001068115234,38.43000030517578,38.380001068115234,38.43000030517578,328.0
2023-03-09 13:20:00,FCNCA,645.8400268554688,645.8400268554688,645.8400268554688,645.8300170898438,645.8300170898438,549.0
2023-03-09 13:20:00,FCNCP,21.950000762939453,21.950000762939453,21.950000762939453,21.950000762939453,21.950000762939453,151.0
2023-03-09 13:20:00,FCRD,4.599999904632568,4.599999904632568,4.599999904632568,4.599999904632568,4.599999904632568,100.0
2023-03-09 13:20:00,FFBC,22.25,22.25,22.25,22.209999084472656,22.209999084472656,1180.0
2023-03-09 13:20:00,FFIC,17.18000030517578,17.18000030517578,17.18000030517578,17.167999267578125,17.167999267578125,1048.0
2023-03-09 13:20:00,FFIN,33.470001220703125,33.470001220703125,33.4900016784668,33.415000915527344,33.415000915527344,3194.0
2023-03-09 13:20:00,FFWM,12.8100004196167,12.8100004196167,12.8100004196167,12.8100004196167,12.8100004196167,407.0
2023-03-09 13:20:00,FHB,23.940000534057617,23.940000534057617,23.940000534057617,23.90999984741211,23.90999984741211,1059.0
2023-03-09 13:20:00,FIBK,32.029998779296875,32.029998779296875,32.029998779296875,32.02000045776367,32.02000045776367,971.0
2023-03-09 13:20:00,FITB,32.130001068115234,32.130001068115234,32.14500045776367,32.11000061035156,32.11000061035156,13632.0
2023-03-09 13:20:00,FLIC,16.094999313354492,16.094999313354492,16.094999313354492,16.09000015258789,16.09000015258789,579.0
2023-03-09 13:20:00,FOCS,51.63999938964844,51.63999938964844,51.63999938964844,51.630001068115234,51.630001068115234,2015.0
2023-03-09 13:20:00,FRBK,1.75,1.75,1.75,1.75,1.75,1114.0
2023-03-09 13:20:00,FRHC,72.41000366210938,72.41000366210938,72.41000366210938,72.41000366210938,72.41000366210938,334.0
2023-03-09 13:20:00,FRME,37.154998779296875,37.154998779296875,37.18000030517578,37.150001525878906,37.150001525878906,737.0
2023-03-09 13:20:00,FULT,15.614999771118164,15.614999771118164,15.614999771118164,15.614999771118164,15.614999771118164,232.0
2023-03-09 13:20:00,FUTU,46.310001373291016,46.310001373291016,46.310001373291016,46.279998779296875,46.29999923706055,1281.0
2023-03-09 13:20:00,GBDC,13.375,13.375,13.375,13.369999885559082,13.369999885559082,566.0
2023-03-09 13:20:00,GCMG,8.449999809265137,8.449999809265137,8.449999809265137,8.449999809265137,8.449999809265137,319.0
2023-03-09 13:20:00,GLRE,10.020000457763672,10.020000457763672,10.020000457763672,10.020000457763672,10.020000457763672,1232.0
2023-03-09 13:20:00,GOCO,18.8799991607666,18.8799991607666,18.8799991607666,18.8799991607666,18.8799991607666,108.0
2023-03-09 13:20:00,GXII,10.119999885559082,10.119999885559082,10.119999885559082,10.119999885559082,10.119999885559082,100.0
2023-03-09 13:20:00,HAFC,21.600000381469727,21.600000381469727,21.600000381469727,21.600000381469727,21.600000381469727,217.0
2023-03-09 13:20:00,HAIA,10.40999984741211,10.40999984741211,10.40999984741211,10.40999984741211,10.40999984741211,80.0
2023-03-09 13:20:00,HBAN,13.85990047454834,13.85990047454834,13.85990047454834,13.835000038146973,13.835000038146973,19850.0
2023-03-09 13:20:00,HBCP,36.25,36.25,36.25,36.25,36.25,690.0
2023-03-09 13:20:00,HBNC,13.739999771118164,13.739999771118164,13.739999771118164,13.725700378417969,13.725700378417969,779.0
2023-03-09 13:20:00,HOPE,11.619999885559082,11.619999885559082,11.619999885559082,11.609999656677246,11.609999656677246,911.0
2023-03-09 13:20:00,HTBK,10.800000190734863,10.800000190734863,10.800000190734863,10.789999961853027,10.789999961853027,1413.0
2023-03-09 13:20:00,HTLF,45.290000915527344,45.290000915527344,45.290000915527344,45.290000915527344,45.290000915527344,498.0
2023-03-09 13:20:00,HUT,1.3358999490737915,1.3358999490737915,1.340000033378601,1.3250000476837158,1.3282999992370605,235964.0
2023-03-09 13:20:00,HWC,43.91999816894531,43.91999816894531,43.91999816894531,43.79999923706055,43.79999923706055,1797.0
2023-03-09 13:20:00,IBCP,20.3700008392334,20.3700008392334,20.3700008392334,20.3700008392334,20.3700008392334,686.0
2023-03-09 13:20:00,IBKR,87.05500030517578,87.05500030517578,87.29000091552734,87.05500030517578,87.22200012207031,3980.0
2023-03-09 13:20:00,IBOC,44.560001373291016,44.560001373291016,44.619998931884766,44.54999923706055,44.54999923706055,652.0
2023-03-09 13:20:00,INDB,71.25,71.25,71.25,71.1500015258789,71.19999694824219,1329.0
2023-03-09 13:21:00,ABCB,42.54999923706055,42.54999923706055,42.54999923706055,42.54999923706055,42.54999923706055,505.0
2023-03-09 13:21:00,ACGL,69.6500015258789,69.6500015258789,69.6500015258789,69.56999969482422,69.61000061035156,9230.0
2023-03-09 13:21:00,AGGR,10.1899995803833,10.1899995803833,10.1899995803833,10.1899995803833,10.1899995803833,0.0
2023-03-09 13:21:00,APLD,2.0799999237060547,2.0799999237060547,2.0799999237060547,2.0799999237060547,2.0799999237060547,300.0
2023-03-09 13:21:00,ARCC,18.834999084472656,18.834999084472656,18.84000015258789,18.829999923706055,18.834999084472656,2674.0
2023-03-09 13:21:00,ATLO,23.479999542236328,23.479999542236328,23.479999542236328,23.479999542236328,23.479999542236328,365.0
2023-03-09 13:21:00,BGCP,4.989999771118164,4.989999771118164,4.989999771118164,4.985000133514404,4.985000133514404,2825.0
2023-03-09 13:21:00,BHF,52.540000915527344,52.540000915527344,52.540000915527344,52.439998626708984,52.4900016784668,3847.0
2023-03-09 13:21:00,BOKF,95.61000061035156,95.61000061035156,95.61000061035156,95.61000061035156,95.61000061035156,111.0
2023-03-09 13:21:00,BREZ,10.574999809265137,10.574999809265137,10.574999809265137,10.569999694824219,10.569999694824219,400.0
2023-03-09 13:21:00,BRKL,11.414999961853027,11.414999961853027,11.414999961853027,11.414999961853027,11.414999961853027,205.0
2023-03-09 13:21:00,BSVN,26.690000534057617,26.690000534057617,26.780000686645508,26.690000534057617,26.780000686645508,1385.0
2023-03-09 13:21:00,CASH,46.40999984741211,46.40999984741211,46.40999984741211,46.375,46.380001068115234,706.0
2023-03-09 13:21:00,CATY,38.849998474121094,38.849998474121094,38.86000061035156,38.849998474121094,38.86000061035156,247.0
2023-03-09 13:21:00,CBSH,61.70000076293945,61.70000076293945,61.70000076293945,61.619998931884766,61.619998931884766,3940.0
2023-03-09 13:21:00,CG,34.060001373291016,34.060001373291016,34.09000015258789,34.060001373291016,34.07500076293945,16714.0
2023-03-09 13:21:00,CINF,116.0,116.0,116.0,116.0,116.0,248.0
2023-03-09 13:21:00,CME,178.6699981689453,178.6699981689453,178.67999267578125,178.58999633789062,178.6300048828125,4231.0
2023-03-09 13:21:00,CNOB,21.670000076293945,21.670000076293945,21.670000076293945,21.649999618530273,21.649999618530273,400.0
2023-03-09 13:21:00,COLB,25.09000015258789,25.09000015258789,25.110000610351562,25.086000442504883,25.104999542236328,10456.0
2023-03-09 13:21:00,COOP,44.040000915527344,44.040000915527344,44.09000015258789,44.029998779296875,44.08000183105469,2454.0
2023-03-09 13:21:00,DCOM,29.06999969482422,29.06999969482422,29.06999969482422,29.06999969482422,29.06999969482422,143.0
2023-03-09 13:21:00,DHHC,10.138999938964844,10.138999938964844,10.34000015258789,10.138999938964844,10.319999694824219,3500.0
2023-03-09 13:21:00,EBC,14.449999809265137,14.449999809265137,14.470000267028809,14.430000305175781,14.460000038146973,12573.0
2023-03-09 13:21:00,EHTH,8.789999961853027,8.789999961853027,8.789999961853027,8.789999961853027,8.789999961853027,1063.0
2023-03-09 13:21:00,EWBC,67.58000183105469,67.58000183105469,67.58000183105469,67.58000183105469,67.58000183105469,563.0
2023-03-09 13:21:00,FBNC,38.43000030517578,38.43000030517578,38.43000030517578,38.38999938964844,38.43000030517578,1412.0
2023-03-09 13:21:00,FCRD,4.599999904632568,4.599999904632568,4.625199794769287,4.599999904632568,4.625199794769287,200.0
2023-03-09 13:21:00,FFWM,12.8100004196167,12.8100004196167,12.8100004196167,12.805000305175781,12.805000305175781,577.0
2023-03-09 13:21:00,FGBIP,23.850000381469727,23.850000381469727,23.850000381469727,23.799999237060547,23.850000381469727,600.0
2023-03-09 13:21:00,FHB,23.950000762939453,23.950000762939453,23.950000762939453,23.950000762939453,23.950000762939453,344.0
2023-03-09 13:21:00,FISI,22.96500015258789,22.96500015258789,22.96500015258789,22.96500015258789,22.96500015258789,130.0
2023-03-09 13:21:00,FITB,32.1150016784668,32.1150016784668,32.1349983215332,32.1150016784668,32.130001068115234,14068.0
2023-03-09 13:21:00,FMNB,13.119999885559082,13.119999885559082,13.119999885559082,13.119999885559082,13.119999885559082,598.0
2023-03-09 13:21:00,FOCS,51.630001068115234,51.630001068115234,51.630001068115234,51.630001068115234,51.630001068115234,502.0
2023-03-09 13:21:00,FRBK,1.75,1.75,1.7522000074386597,1.75,1.75,2072.0
2023-03-09 13:21:00,FRME,37.2400016784668,37.2400016784668,37.2400016784668,37.154998779296875,37.154998779296875,1141.0
2023-03-09 13:21:00,FSBW,33.20000076293945,33.20000076293945,33.20000076293945,33.16999816894531,33.16999816894531,593.0
2023-03-09 13:21:00,FULT,15.619999885559082,15.619999885559082,15.619999885559082,15.619999885559082,15.619999885559082,733.0
2023-03-09 13:21:00,FUTU,46.29499816894531,46.29499816894531,46.314998626708984,46.290000915527344,46.29499816894531,11616.0
2023-03-09 13:21:00,GAIN,13.630000114440918,13.630000114440918,13.630000114440918,13.630000114440918,13.630000114440918,134.0
2023-03-09 13:21:00,GBDC,13.380000114440918,13.380000114440918,13.380000114440918,13.380000114440918,13.380000114440918,4130.0
2023-03-09 13:21:00,GLAD,9.827899932861328,9.827899932861328,9.827899932861328,9.827899932861328,9.827899932861328,317.0
2023-03-09 13:21:00,GLRE,10.020000457763672,10.020000457763672,10.020000457763672,10.020000457763672,10.020000457763672,490.0
2023-03-09 13:21:00,GREE,0.4325999915599823,0.4325999915599823,0.4325999915599823,0.4325999915599823,0.4325999915599823,1073.0
2023-03-09 13:21:00,HBAN,13.860199928283691,13.860199928283691,13.867500305175781,13.850000381469727,13.854999542236328,20085.0
2023-03-09 13:21:00,HBCP,36.22999954223633,36.22999954223633,36.22999954223633,36.22999954223633,36.22999954223633,252.0
2023-03-09 13:21:00,HIVE,2.559999942779541,2.559999942779541,2.559999942779541,2.559999942779541,2.559999942779541,251.0
2023-03-09 13:21:00,HONE,12.609999656677246,12.609999656677246,12.619999885559082,12.609999656677246,12.609999656677246,746.0
2023-03-09 13:21:00,HOPE,11.630000114440918,11.630000114440918,11.630000114440918,11.630000114440918,11.630000114440918,106.0
2023-03-09 13:21:00,HTLFP,25.110000610351562,25.110000610351562,25.299999237060547,25.110000610351562,25.280000686645508,1992.0
2023-03-09 13:21:00,HUIZ,1.3799999952316284,1.3799999952316284,1.3799999952316284,1.3799999952316284,1.3799999952316284,400.0
2023-03-09 13:21:00,HUT,1.3350000381469727,1.3350000381469727,1.3396999835968018,1.3300000429153442,1.333799958229065,22336.0
2023-03-09 13:21:00,HWC,43.90999984741211,43.90999984741211,43.90999984741211,43.90999984741211,43.90999984741211,211.0
2023-03-09 13:21:00,IBKR,86.95999908447266,86.95999908447266,87.05000305175781,86.87999725341797,87.0,17485.0
2023-03-09 13:22:00,ABCB,42.54999923706055,42.54999923706055,42.54999923706055,42.54999923706055,42.54999923706055,452.0
2023-03-09 13:22:00,ACGL,69.69000244140625,69.69000244140625,69.69000244140625,69.6500015258789,69.66999816894531,2958.0
2023-03-09 13:22:00,AIMBU,10.170000076293945,10.170000076293945,10.170000076293945,10.170000076293945,10.170000076293945,302.0
2023-03-09 13:22:00,AMAL,20.969999313354492,20.969999313354492,20.969999313354492,20.969999313354492,20.969999313354492,270.0
2023-03-09 13:22:00,ANZU,9.930000305175781,9.930000305175781,9.9399995803833,9.930000305175781,9.9399995803833,650.0
2023-03-09 13:22:00,APLD,2.0850000381469727,2.0850000381469727,2.0850000381469727,2.0850000381469727,2.0850000381469727,342.0
2023-03-09 13:22:00,ARBK,1.4800000190734863,1.4800000190734863,1.4800000190734863,1.4700000286102295,1.4800000190734863,1291.0
2023-03-09 13:22:00,ARCC,18.824899673461914,18.824899673461914,18.84000015258789,18.824899673461914,18.84000015258789,6268.0
2023-03-09 13:22:00,ATLCP,20.084999084472656,20.084999084472656,20.084999084472656,20.084999084472656,20.084999084472656,2400.0
2023-03-09 13:22:00,AUB,36.709999084472656,36.709999084472656,36.709999084472656,36.68000030517578,36.709999084472656,498.0
2023-03-09 13:22:00,BANR,57.43000030517578,57.43000030517578,57.470001220703125,57.43000030517578,57.470001220703125,1093.0
2023-03-09 13:22:00,BHFAO,24.610000610351562,24.610000610351562,24.610000610351562,24.610000610351562,24.610000610351562,369.0
2023-03-09 13:22:00,BITF,0.7572000026702881,0.7572000026702881,0.7572000026702881,0.75,0.75,678.0
2023-03-09 13:22:00,BKCC,3.6549999713897705,3.6549999713897705,3.6568000316619873,3.6549999713897705,3.6568000316619873,963.0
2023-03-09 13:22:00,BOKF,95.58000183105469,95.58000183105469,95.58000183105469,95.58000183105469,95.58000183105469,134.0
2023-03-09 13:22:00,BPOP,62.310001373291016,62.310001373291016,62.310001373291016,62.310001373291016,62.310001373291016,268.0
2023-03-09 13:22:00,BREZ,10.569999694824219,10.569999694824219,10.574700355529785,10.569999694824219,10.571399688720703,600.0
2023-03-09 13:22:00,BRKL,11.420000076293945,11.420000076293945,11.420000076293945,11.420000076293945,11.420000076293945,434.0
2023-03-09 13:22:00,BRP,25.700000762939453,25.700000762939453,25.735000610351562,25.700000762939453,25.729999542236328,669.0
2023-03-09 13:22:00,BTBT,1.1349999904632568,1.1349999904632568,1.1349999904632568,1.1312999725341797,1.1312999725341797,2650.0
2023-03-09 13:22:00,BUSE,22.469999313354492,22.469999313354492,22.469999313354492,22.450000762939453,22.450000762939453,731.0
2023-03-09 13:22:00,CATY,38.875,38.875,38.875,38.875,38.875,100.0
2023-03-09 13:22:00,CBSH,61.720001220703125,61.720001220703125,61.720001220703125,61.720001220703125,61.720001220703125,592.0
2023-03-09 13:22:00,CG,34.04999923706055,34.04999923706055,34.060001373291016,34.040000915527344,34.060001373291016,7052.0
2023-03-09 13:22:00,CIFR,1.4249999523162842,1.4249999523162842,1.4299999475479126,1.4249999523162842,1.4299999475479126,3030.0
2023-03-09 13:22:00,CME,178.63999938964844,178.63999938964844,178.64999389648438,178.57000732421875,178.6300048828125,1636.0
2023-03-09 13:22:00,CNOB,21.704999923706055,21.704999923706055,21.704999923706055,21.670000076293945,21.670000076293945,305.0
2023-03-09 13:22:00,COLB,25.100000381469727,25.100000381469727,25.100000381469727,25.084999084472656,25.094999313354492,3436.0
2023-03-09 13:22:00,COOP,44.099998474121094,44.099998474121094,44.11000061035156,44.04499816894531,44.09000015258789,7568.0
2023-03-09 13:22:00,CPSS,10.960000038146973,10.960000038146973,10.960000038146973,10.960000038146973,10.960000038146973,569.0
2023-03-09 13:22:00,CSWC,18.249900817871094,18.249900817871094,18.249900817871094,18.249900817871094,18.249900817871094,907.0
2023-03-09 13:22:00,CVBF,21.75,21.75,21.75,21.75,21.75,144.0
2023-03-09 13:22:00,CVCY,24.360000610351562,24.360000610351562,24.360000610351562,24.360000610351562,24.360000610351562,352.0
2023-03-09 13:22:00,CZFS,80.0,80.0,80.0,80.0,80.0,423.0
2023-03-09 13:22:00,EBC,14.4399995803833,14.4399995803833,14.4399995803833,14.4399995803833,14.4399995803833,486.0
2023-03-09 13:22:00,ECBK,14.989999771118164,14.989999771118164,14.989999771118164,14.970000267028809,14.979999542236328,1510.0
2023-03-09 13:22:00,EFSC,51.337501525878906,51.337501525878906,51.337501525878906,51.2599983215332,51.2599983215332,1410.0
2023-03-09 13:22:00,EGBN,40.040000915527344,40.040000915527344,40.040000915527344,40.040000915527344,40.040000915527344,237.0
2023-03-09 13:22:00,EQBK,28.030000686645508,28.030000686645508,28.030000686645508,28.030000686645508,28.030000686645508,519.0
2023-03-09 13:22:00,ERIE,233.5500030517578,233.5500030517578,233.5500030517578,233.5500030517578,233.5500030517578,462.0
2023-03-09 13:22:00,ESQ,41.25,41.25,41.25,41.25,41.25,156.0
2023-03-09 13:22:00,EWBC,67.55999755859375,67.55999755859375,67.55999755859375,67.55999755859375,67.55999755859375,617.0
2023-03-09 13:22:00,EZPW,8.78499984741211,8.78499984741211,8.78499984741211,8.78499984741211,8.78499984741211,400.0
2023-03-09 13:22:00,FBNC,38.494998931884766,38.494998931884766,38.5,38.47999954223633,38.47999954223633,887.0
2023-03-09 13:22:00,FCFS,88.2300033569336,88.2300033569336,88.2300033569336,88.22000122070312,88.22000122070312,819.0
2023-03-09 13:22:00,FCRD,4.599999904632568,4.599999904632568,4.599999904632568,4.599999904632568,4.599999904632568,200.0
2023-03-09 13:22:00,FFBC,22.260000228881836,22.260000228881836,22.260000228881836,22.2549991607666,22.2549991607666,312.0
2023-03-09 13:22:00,FFIN,33.5,33.5,33.5,33.47999954223633,33.47999954223633,705.0
2023-03-09 13:22:00,FFWM,12.8100004196167,12.8100004196167,12.8100004196167,12.805000305175781,12.805000305175781,425.0
2023-03-09 13:22:00,FHB,23.983999252319336,23.983999252319336,23.983999252319336,23.983999252319336,23.983999252319336,486.0
2023-03-09 13:22:00,FIBK,32.0099983215332,32.0099983215332,32.0099983215332,32.0099983215332,32.0099983215332,160.0
2023-03-09 13:22:00,FITB,32.11000061035156,32.11000061035156,32.125,32.11000061035156,32.119998931884766,2825.0
2023-03-09 13:22:00,FITBO,22.100000381469727,22.100000381469727,22.100000381469727,22.100000381469727,22.100000381469727,288.0
2023-03-09 13:22:00,FOCS,51.650001525878906,51.650001525878906,51.650001525878906,51.630001068115234,51.630001068115234,3206.0
2023-03-09 13:22:00,FRBK,1.75,1.75,1.75,1.75,1.75,2394.0
2023-03-09 13:22:00,FUTU,46.279998779296875,46.279998779296875,46.29999923706055,46.27000045776367,46.279998779296875,968.0
2023-03-09 13:22:00,GAMC,10.149999618530273,10.149999618530273,10.149999618530273,10.149999618530273,10.149999618530273,101.0
2023-03-09 13:22:00,GCMG,8.449999809265137,8.449999809265137,8.449999809265137,8.449999809265137,8.449999809265137,267.0
2023-03-09 13:22:00,HBAN,13.859999656677246,13.859999656677246,13.869999885559082,13.850099563598633,13.864999771118164,24663.0
2023-03-09 13:22:00,HFWA,24.34000015258789,24.34000015258789,24.34000015258789,24.34000015258789,24.34000015258789,128.0
2023-03-09 13:22:00,HGBL,2.4999001026153564,2.4999001026153564,2.5,2.4999001026153564,2.5,6348.0
2023-03-09 13:22:00,HLNE,75.6500015258789,75.6500015258789,75.6500015258789,75.6500015258789,75.6500015258789,379.0
2023-03-09 13:22:00,HOPE,11.619999885559082,11.619999885559082,11.619999885559082,11.619999885559082,11.619999885559082,108.0
2023-03-09 13:22:00,HRZN,11.816900253295898,11.816900253295898,11.819999694824219,11.800399780273438,11.819999694824219,3217.0
2023-03-09 13:22:00,HTLFP,25.15999984741211,25.15999984741211,25.15999984741211,25.15999984741211,25.15999984741211,200.0
2023-03-09 13:22:00,HUIZ,1.3799999952316284,1.3799999952316284,1.3799999952316284,1.3799999952316284,1.3799999952316284,309.0
2023-03-09 13:22:00,HUT,1.333299994468689,1.333299994468689,1.3350000381469727,1.3300000429153442,1.3300000429153442,3480.0
2023-03-09 13:22:00,HWC,43.92499923706055,43.92499923706055,43.92499923706055,43.92499923706055,43.92499923706055,748.0
2023-03-09 13:23:00,ABCB,42.5099983215332,42.5099983215332,42.5099983215332,42.5099983215332,42.5099983215332,597.0
2023-03-09 13:23:00,ACGL,69.61000061035156,69.61000061035156,69.69000244140625,69.61000061035156,69.68000030517578,2578.0
2023-03-09 13:23:00,ADAL,10.414999961853027,10.414999961853027,10.414999961853027,10.414999961853027,10.414999961853027,201.0
2023-03-09 13:23:00,AMRK,28.049999237060547,28.049999237060547,28.049999237060547,28.045000076293945,28.045000076293945,444.0
2023-03-09 13:23:00,AMTB,25.062000274658203,25.062000274658203,25.062000274658203,25.062000274658203,25.062000274658203,140.0
2023-03-09 13:23:00,APLD,2.0799999237060547,2.0799999237060547,2.0799999237060547,2.0799999237060547,2.0799999237060547,507.0
2023-03-09 13:23:00,ARCC,18.80340003967285,18.80340003967285,18.825000762939453,18.799999237060547,18.825000762939453,14408.0
2023-03-09 13:23:00,AROW,28.309999465942383,28.309999465942383,28.309999465942383,28.270000457763672,28.270000457763672,306.0
2023-03-09 13:23:00,AUB,36.65999984741211,36.65999984741211,36.68000030517578,36.65999984741211,36.68000030517578,3553.0
2023-03-09 13:23:00,BGCP,4.985000133514404,4.985000133514404,4.985000133514404,4.985000133514404,4.985000133514404,792.0
2023-03-09 13:23:00,BHF,52.52000045776367,52.52000045776367,52.56999969482422,52.52000045776367,52.56999969482422,2256.0
2023-03-09 13:23:00,BITF,0.7570989727973938,0.7570989727973938,0.7570989727973938,0.7570989727973938,0.7570989727973938,287.0
2023-03-09 13:23:00,BKCC,3.6500000953674316,3.6500000953674316,3.6500000953674316,3.6500000953674316,3.6500000953674316,153.0
2023-03-09 13:23:00,BOKF,95.5250015258789,95.5250015258789,95.5250015258789,95.5199966430664,95.5199966430664,518.0
2023-03-09 13:23:00,BOTJ,12.960000038146973,12.960000038146973,12.960000038146973,12.960000038146973,12.960000038146973,102.0
2023-03-09 13:23:00,BPOP,62.25,62.25,62.2599983215332,62.25,62.2599983215332,993.0
2023-03-09 13:23:00,BREZ,10.569999694824219,10.569999694824219,10.569999694824219,10.569999694824219,10.569999694824219,143.0
2023-03-09 13:23:00,BRP,25.74690055847168,25.74690055847168,25.74690055847168,25.649999618530273,25.690000534057617,770.0
2023-03-09 13:23:00,BSRR,19.350000381469727,19.350000381469727,19.350000381469727,19.350000381469727,19.350000381469727,1710.0
2023-03-09 13:23:00,BTBT,1.125,1.125,1.138200044631958,1.125,1.1349999904632568,22537.0
2023-03-09 13:23:00,BUSE,22.450000762939453,22.450000762939453,22.450000762939453,22.440000534057617,22.440000534057617,835.0
2023-03-09 13:23:00,CASH,46.41999816894531,46.41999816894531,46.45000076293945,46.41999816894531,46.45000076293945,680.0
2023-03-09 13:23:00,CATY,38.8650016784668,38.8650016784668,38.8650016784668,38.8650016784668,38.8650016784668,603.0
2023-03-09 13:23:00,CBSH,61.70000076293945,61.70000076293945,61.70000076293945,61.70000076293945,61.70000076293945,1767.0
2023-03-09 13:23:00,CCAP,14.875,14.875,14.875,14.869999885559082,14.869999885559082,200.0
2023-03-09 13:23:00,CCD,23.020000457763672,23.020000457763672,23.020000457763672,23.020000457763672,23.020000457763672,500.0
2023-03-09 13:23:00,CFB,12.210000038146973,12.210000038146973,12.210000038146973,12.199999809265137,12.199999809265137,200.0
2023-03-09 13:23:00,CFFN,7.5,7.5,7.5,7.5,7.5,1352.0
2023-03-09 13:23:00,CG,33.994998931884766,33.994998931884766,34.040000915527344,33.9900016784668,34.040000915527344,12309.0
2023-03-09 13:23:00,CGBD,14.880000114440918,14.880000114440918,14.880000114440918,14.869999885559082,14.880000114440918,1753.0
2023-03-09 13:23:00,CHI,11.932100296020508,11.932100296020508,11.932100296020508,11.932100296020508,11.932100296020508,113.0
2023-03-09 13:23:00,CHY,12.320799827575684,12.320799827575684,12.320799827575684,12.320799827575684,12.320799827575684,116.0
2023-03-09 13:23:00,CINF,115.93000030517578,115.93000030517578,116.04499816894531,115.91000366210938,116.04499816894531,1812.0
2023-03-09 13:23:00,CME,178.6300048828125,178.6300048828125,178.69000244140625,178.61000061035156,178.6562042236328,3621.0
2023-03-09 13:23:00,CNOB,21.6299991607666,21.6299991607666,21.655000686645508,21.6299991607666,21.655000686645508,707.0
2023-03-09 13:23:00,COLB,25.049999237060547,25.049999237060547,25.100000381469727,25.049999237060547,25.100000381469727,7362.0
2023-03-09 13:23:00,COOP,44.040000915527344,44.040000915527344,44.04999923706055,44.040000915527344,44.04999923706055,1263.0
2023-03-09 13:23:00,CRVL,179.67999267578125,179.67999267578125,179.67999267578125,179.67999267578125,179.67999267578125,114.0
2023-03-09 13:23:00,CSWC,18.239999771118164,18.239999771118164,18.239999771118164,18.239999771118164,18.239999771118164,108.0
2023-03-09 13:23:00,CTBI,40.084999084472656,40.084999084472656,40.084999084472656,40.084999084472656,40.084999084472656,134.0
2023-03-09 13:23:00,CVBF,21.700000762939453,21.700000762939453,21.729999542236328,21.700000762939453,21.729999542236328,1986.0
2023-03-09 13:23:00,CZWI,12.319999694824219,12.319999694824219,12.319999694824219,12.319999694824219,12.319999694824219,131.0
2023-03-09 13:23:00,EBC,14.430000305175781,14.430000305175781,14.4350004196167,14.420000076293945,14.430000305175781,2008.0
2023-03-09 13:23:00,ECPG,50.47999954223633,50.47999954223633,50.47999954223633,50.47999954223633,50.47999954223633,221.0
2023-03-09 13:23:00,EFSC,51.22999954223633,51.22999954223633,51.22999954223633,51.22999954223633,51.22999954223633,702.0
2023-03-09 13:23:00,EQBK,27.989999771118164,27.989999771118164,27.989999771118164,27.989999771118164,27.989999771118164,199.0
2023-03-09 13:23:00,EWBC,67.4800033569336,67.4800033569336,67.55000305175781,67.4800033569336,67.55000305175781,1831.0
2023-03-09 13:23:00,EZPW,8.78499984741211,8.78499984741211,8.78499984741211,8.78499984741211,8.78499984741211,118.0
2023-03-09 13:23:00,FBNC,38.4900016784668,38.4900016784668,38.51499938964844,38.4900016784668,38.51499938964844,1197.0
2023-03-09 13:23:00,FCRD,4.599999904632568,4.599999904632568,4.599999904632568,4.599999904632568,4.599999904632568,100.0
2023-03-09 13:23:00,FFBC,22.239999771118164,22.239999771118164,22.25,22.239999771118164,22.25,1066.0
2023-03-09 13:23:00,FFIC,17.18000030517578,17.18000030517578,17.18000030517578,17.17889976501465,17.17889976501465,346.0
2023-03-09 13:23:00,FFIN,33.45000076293945,33.45000076293945,33.470001220703125,33.45000076293945,33.470001220703125,529.0
2023-03-09 13:23:00,FFWM,12.789999961853027,12.789999961853027,12.800000190734863,12.789999961853027,12.800000190734863,539.0
2023-03-09 13:23:00,FHB,23.950000762939453,23.950000762939453,23.959999084472656,23.950000762939453,23.959999084472656,1754.0
2023-03-09 13:23:00,FIBK,32.02000045776367,32.02000045776367,32.040000915527344,32.02000045776367,32.029998779296875,1813.0
2023-03-09 13:23:00,FITB,32.099998474121094,32.099998474121094,32.125,32.09000015258789,32.10499954223633,5506.0
2023-03-09 13:23:00,FLIC,16.094999313354492,16.094999313354492,16.094999313354492,16.094999313354492,16.094999313354492,217.0
2023-03-09 13:23:00,FMAO,23.84000015258789,23.84000015258789,23.84000015258789,23.84000015258789,23.84000015258789,326.0
2023-03-09 13:23:00,FNCB,7.339900016784668,7.339900016784668,7.339900016784668,7.339900016784668,7.339900016784668,265.0
2023-03-09 13:23:00,FOCS,51.63999938964844,51.63999938964844,51.650001525878906,51.63999938964844,51.650001525878906,407.0
2023-03-09 13:23:00,FRBK,1.7549999952316284,1.7549999952316284,1.7549999952316284,1.75,1.75,390.0
2023-03-09 13:23:00,FRHC,72.16000366210938,72.16000366210938,72.16000366210938,72.16000366210938,72.16000366210938,278.0
2023-03-09 13:23:00,FULT,15.609999656677246,15.609999656677246,15.619999885559082,15.609999656677246,15.619999885559082,1661.0
2023-03-09 13:23:00,FUTU,46.2599983215332,46.2599983215332,46.29999923706055,46.25,46.2599983215332,5438.0
2023-03-09 13:23:00,GBDC,13.380000114440918,13.380000114440918,13.383099555969238,13.380000114440918,13.383099555969238,1387.0
2023-03-09 13:23:00,GGAL,12.779999732971191,12.779999732971191,12.8100004196167,12.779999732971191,12.800000190734863,2703.0
2023-03-09 13:23:00,GLRE,10.010000228881836,10.010000228881836,10.020000457763672,10.010000228881836,10.020000457763672,600.0
2023-03-09 13:23:00,GSBC,53.25,53.25,53.25,53.25,53.25,324.0
2023-03-09 13:23:00,GSHD,52.380001068115234,52.380001068115234,52.380001068115234,52.380001068115234,52.380001068115234,775.0
2023-03-09 13:23:00,GXII,10.119999885559082,10.119999885559082,10.119999885559082,10.119999885559082,10.119999885559082,100.0
2023-03-09 13:23:00,HAFC,21.59000015258789,21.59000015258789,21.59000015258789,21.59000015258789,21.59000015258789,765.0
2023-03-09 13:23:00,HBAN,13.854999542236328,13.854999542236328,13.869999885559082,13.850000381469727,13.864999771118164,12095.0
2023-03-09 13:23:00,HBCP,36.275001525878906,36.275001525878906,36.275001525878906,36.275001525878906,36.275001525878906,109.0
2023-03-09 13:23:00,HBNC,13.739999771118164,13.739999771118164,13.739999771118164,13.739999771118164,13.739999771118164,233.0
2023-03-09 13:23:00,HIVE,2.5599000453948975,2.5599000453948975,2.5599000453948975,2.5599000453948975,2.5599000453948975,520.0
2023-03-09 13:23:00,HONE,12.579999923706055,12.579999923706055,12.614999771118164,12.574999809265137,12.614999771118164,4048.0
2023-03-09 13:23:00,HOPE,11.609999656677246,11.609999656677246,11.619999885559082,11.609999656677246,11.619999885559082,1382.0
2023-03-09 13:23:00,HRZN,11.824999809265137,11.824999809265137,11.824999809265137,11.819999694824219,11.819999694824219,494.0
2023-03-09 13:23:00,HTBI,27.56999969482422,27.56999969482422,27.56999969482422,27.56999969482422,27.56999969482422,220.0
2023-03-09 13:23:00,HTBK,10.789999961853027,10.789999961853027,10.800000190734863,10.789999961853027,10.800000190734863,1259.0
2023-03-09 13:23:00,HUT,1.3319000005722046,1.3319000005722046,1.3396999835968018,1.3301000595092773,1.3309999704360962,6136.0
2023-03-09 13:23:00,IBKR,87.05999755859375,87.05999755859375,87.13999938964844,87.02999877929688,87.04000091552734,4650.0
2023-03-09 13:23:00,IBTX,52.2400016784668,52.2400016784668,52.25,52.2400016784668,52.25,640.0
2023-03-09 13:24:00,ABCB,42.52000045776367,42.52000045776367,42.52000045776367,42.52000045776367,42.52000045776367,404.0
2023-03-09 13:24:00,ACGL,69.6500015258789,69.6500015258789,69.6500015258789,69.62000274658203,69.62999725341797,1975.0
2023-03-09 13:24:00,ACGLN,18.741300582885742,18.741300582885742,18.741300582885742,18.741300582885742,18.741300582885742,153.0
2023-03-09 13:24:00,ALRS,18.94499969482422,18.94499969482422,18.94499969482422,18.920000076293945,18.94499969482422,509.0
2023-03-09 13:24:00,AMRK,28.049999237060547,28.049999237060547,28.049999237060547,28.049999237060547,28.049999237060547,199.0
2023-03-09 13:24:00,AMSF,51.400001525878906,51.400001525878906,51.400001525878906,51.400001525878906,51.400001525878906,112.0
2023-03-09 13:24:00,AMTB,25.042299270629883,25.042299270629883,25.084999084472656,25.042299270629883,25.084999084472656,698.0
2023-03-09 13:24:00,APLD,2.075000047683716,2.075000047683716,2.075000047683716,2.075000047683716,2.075000047683716,110.0
2023-03-09 13:24:00,ARBK,1.4900000095367432,1.4900000095367432,1.4900000095367432,1.4900000095367432,1.4900000095367432,492.0
2023-03-09 13:24:00,ARCC,18.799999237060547,18.799999237060547,18.805500030517578,18.799999237060547,18.80500030517578,5516.0
2023-03-09 13:24:00,AROW,28.299999237060547,28.299999237060547,28.299999237060547,28.299999237060547,28.299999237060547,247.0
2023-03-09 13:24:00,AUB,36.63999938964844,36.63999938964844,36.654998779296875,36.63999938964844,36.63999938964844,716.0
2023-03-09 13:24:00,BANF,85.43000030517578,85.43000030517578,85.43000030517578,85.43000030517578,85.43000030517578,596.0
2023-03-09 13:24:00,BGCP,4.96999979019165,4.96999979019165,4.985000133514404,4.96999979019165,4.985000133514404,14272.0
2023-03-09 13:24:00,BHF,52.4900016784668,52.4900016784668,52.540000915527344,52.4900016784668,52.540000915527344,1336.0
2023-03-09 13:24:00,BHFAN,18.905000686645508,18.905000686645508,18.905000686645508,18.905000686645508,18.905000686645508,431.0
2023-03-09 13:24:00,BITF,0.7569990158081055,0.7569990158081055,0.7569990158081055,0.75,0.7530180215835571,5236.0
2023-03-09 13:24:00,BPOP,62.27000045776367,62.27000045776367,62.31999969482422,62.27000045776367,62.31999969482422,1219.0
2023-03-09 13:24:00,BRKL,11.409899711608887,11.409899711608887,11.40999984741211,11.409899711608887,11.40999984741211,2616.0
2023-03-09 13:24:00,BTBT,1.125,1.125,1.125,1.125,1.125,200.0
2023-03-09 13:24:00,BUSE,22.5,22.5,22.5,22.459999084472656,22.459999084472656,532.0
2023-03-09 13:24:00,BWB,13.369999885559082,13.369999885559082,13.369999885559082,13.359999656677246,13.359999656677246,1840.0
2023-03-09 13:24:00,CAC,38.790000915527344,38.790000915527344,38.790000915527344,38.790000915527344,38.790000915527344,416.0
2023-03-09 13:24:00,CASH,46.41999816894531,46.41999816894531,46.41999816894531,46.41999816894531,46.41999816894531,485.0
2023-03-09 13:24:00,CBSH,61.720001220703125,61.720001220703125,61.720001220703125,61.70000076293945,61.720001220703125,2492.0
2023-03-09 13:24:00,CCB,41.91999816894531,41.91999816894531,41.91999816894531,41.91999816894531,41.91999816894531,573.0
2023-03-09 13:24:00,CCD,23.056900024414062,23.056900024414062,23.056900024414062,22.969999313354492,22.989999771118164,3868.0
2023-03-09 13:24:00,CFB,12.220000267028809,12.220000267028809,12.229999542236328,12.220000267028809,12.220000267028809,907.0
2023-03-09 13:24:00,CFFN,7.5,7.5,7.5,7.494999885559082,7.494999885559082,2732.0
2023-03-09 13:24:00,CG,34.0,34.0,34.0,33.98500061035156,34.0,6076.0
2023-03-09 13:24:00,CHCO,90.70999908447266,90.70999908447266,90.70999908447266,90.70999908447266,90.70999908447266,119.0
2023-03-09 13:24:00,CHI,11.931900024414062,11.931900024414062,11.931900024414062,11.931900024414062,11.931900024414062,100.0
2023-03-09 13:24:00,CINF,115.91999816894531,115.91999816894531,115.91999816894531,115.91999816894531,115.91999816894531,797.0
2023-03-09 13:24:00,CME,178.55999755859375,178.55999755859375,178.6300048828125,178.55999755859375,178.6300048828125,2434.0
2023-03-09 13:24:00,COLB,25.05500030517578,25.05500030517578,25.075000762939453,25.049999237060547,25.059999465942383,3995.0
2023-03-09 13:24:00,CPSS,11.085000038146973,11.085000038146973,11.09000015258789,11.079999923706055,11.09000015258789,856.0
2023-03-09 13:24:00,CRVL,179.4149932861328,179.4149932861328,179.4149932861328,179.25999450683594,179.25999450683594,535.0
2023-03-09 13:24:00,CSQ,13.949999809265137,13.949999809265137,13.960000038146973,13.949999809265137,13.960000038146973,2272.0
2023-03-09 13:24:00,CSTR,15.270000457763672,15.270000457763672,15.279999732971191,15.260000228881836,15.260000228881836,2235.0
2023-03-09 13:24:00,CSWC,18.229999542236328,18.229999542236328,18.235000610351562,18.229999542236328,18.235000610351562,665.0
2023-03-09 13:24:00,CVBF,21.709999084472656,21.709999084472656,21.729999542236328,21.700000762939453,21.719999313354492,1743.0
2023-03-09 13:24:00,DCOM,29.040000915527344,29.040000915527344,29.040000915527344,29.040000915527344,29.040000915527344,358.0
2023-03-09 13:24:00,DWAC,14.039999961853027,14.039999961853027,14.039999961853027,14.039999961853027,14.039999961853027,601.0
2023-03-09 13:24:00,EBC,14.420000076293945,14.420000076293945,14.4399995803833,14.420000076293945,14.430000305175781,2926.0
2023-03-09 13:24:00,ECPG,50.45000076293945,50.45000076293945,50.45000076293945,50.45000076293945,50.45000076293945,171.0
2023-03-09 13:24:00,EHTH,8.710200309753418,8.710200309753418,8.75,8.710200309753418,8.75,2293.0
2023-03-09 13:24:00,EWBC,67.6500015258789,67.6500015258789,67.6500015258789,67.47840118408203,67.47840118408203,5702.0
2023-03-09 13:24:00,EZPW,8.78499984741211,8.78499984741211,8.78499984741211,8.78499984741211,8.78499984741211,300.0
2023-03-09 13:24:00,FCRD,4.550000190734863,4.550000190734863,4.550000190734863,4.550000190734863,4.550000190734863,100.0
2023-03-09 13:24:00,FFIC,17.179399490356445,17.179399490356445,17.179399490356445,17.179399490356445,17.179399490356445,395.0
2023-03-09 13:24:00,FFWM,12.800000190734863,12.800000190734863,12.800000190734863,12.800000190734863,12.800000190734863,1074.0
2023-03-09 13:24:00,FHB,23.940000534057617,23.940000534057617,23.959999084472656,23.940000534057617,23.959999084472656,1621.0
2023-03-09 13:24:00,FIBK,32.025001525878906,32.025001525878906,32.025001525878906,32.02000045776367,32.02000045776367,337.0
2023-03-09 13:24:00,FITB,32.06999969482422,32.06999969482422,32.125,32.06999969482422,32.10940170288086,11747.0
2023-03-09 13:24:00,FITBI,25.171600341796875,25.171600341796875,25.171600341796875,25.171600341796875,25.171600341796875,291.0
2023-03-09 13:24:00,FLIC,16.094999313354492,16.094999313354492,16.100000381469727,16.094999313354492,16.100000381469727,762.0
2023-03-09 13:24:00,FOCS,51.63999938964844,51.63999938964844,51.650001525878906,51.63999938964844,51.650001525878906,1490.0
2023-03-09 13:24:00,FRBK,1.7300000190734863,1.7300000190734863,1.75,1.7300000190734863,1.75,4898.0
2023-03-09 13:24:00,FULT,15.619999885559082,15.619999885559082,15.619999885559082,15.619999885559082,15.619999885559082,670.0
2023-03-09 13:24:00,FUTU,46.23500061035156,46.23500061035156,46.2599983215332,46.22999954223633,46.2599983215332,5055.0
2023-03-09 13:24:00,GAIN,13.612799644470215,13.612799644470215,13.612799644470215,13.612799644470215,13.612799644470215,188.0
2023-03-09 13:24:00,GBDC,13.359999656677246,13.359999656677246,13.370100021362305,13.359999656677246,13.370100021362305,2772.0
2023-03-09 13:24:00,GCMG,8.449999809265137,8.449999809265137,8.449999809265137,8.449999809265137,8.449999809265137,374.0
2023-03-09 13:24:00,GLRE,10.020000457763672,10.020000457763672,10.020000457763672,10.020000457763672,10.020000457763672,305.0
2023-03-09 13:24:00,HBAN,13.850000381469727,13.850000381469727,13.869999885559082,13.845000267028809,13.854999542236328,28402.0
2023-03-09 13:24:00,HBANP,19.09480094909668,19.09480094909668,19.09480094909668,19.09480094909668,19.09480094909668,236.0
2023-03-09 13:24:00,HBNC,13.739999771118164,13.739999771118164,13.739999771118164,13.739999771118164,13.739999771118164,143.0
2023-03-09 13:24:00,HGBL,2.48009991645813,2.48009991645813,2.490000009536743,2.4700000286102295,2.490000009536743,7000.0
2023-03-09 13:24:00,HIVE,2.5450000762939453,2.5450000762939453,2.555000066757202,2.541100025177002,2.555000066757202,13668.0
2023-03-09 13:24:00,HLNE,75.5999984741211,75.5999984741211,75.5999984741211,75.5999984741211,75.5999984741211,305.0
2023-03-09 13:24:00,HONE,12.579999923706055,12.579999923706055,12.595000267028809,12.579999923706055,12.585000038146973,8881.0
2023-03-09 13:24:00,HOPE,11.619999885559082,11.619999885559082,11.625,11.609999656677246,11.609999656677246,1455.0
2023-03-09 13:24:00,HTBK,10.789999961853027,10.789999961853027,10.800000190734863,10.789999961853027,10.800000190734863,578.0
2023-03-09 13:24:00,HUT,1.3309999704360962,1.3309999704360962,1.3350000381469727,1.3300000429153442,1.3309999704360962,27790.0
2023-03-09 13:24:00,HWC,43.88999938964844,43.88999938964844,43.88999938964844,43.88999938964844,43.88999938964844,240.0
2023-03-09 13:24:00,IBKR,87.0999984741211,87.0999984741211,87.11000061035156,87.06999969482422,87.06999969482422,517.0
2023-03-09 13:24:00,IBOC,44.560001373291016,44.560001373291016,44.560001373291016,44.560001373291016,44.560001373291016,272.0
2023-03-09 13:24:00,INDB,71.26000213623047,71.26000213623047,71.26000213623047,71.26000213623047,71.26000213623047,179.0
2023-03-09 13:24:00,INTR,2.0274999141693115,2.0274999141693115,2.0274999141693115,2.009999990463257,2.009999990463257,504.0
2023-03-09 13:25:00,ABCB,42.584999084472656,42.584999084472656,42.619998931884766,42.58000183105469,42.58000183105469,1281.0
2023-03-09 13:25:00,ACGL,69.54499816894531,69.54499816894531,69.66999816894531,69.52999877929688,69.66000366210938,3463.0
2023-03-09 13:25:00,ACT,23.850000381469727,23.850000381469727,23.889999389648438,23.850000381469727,23.889999389648438,397.0
2023-03-09 13:25:00,AMAL,20.989999771118164,20.989999771118164,20.989999771118164,20.989999771118164,20.989999771118164,1079.0
2023-03-09 13:25:00,AMRK,28.06999969482422,28.06999969482422,28.06999969482422,28.049999237060547,28.049999237060547,1282.0
2023-03-09 13:25:00,AMTB,25.049999237060547,25.049999237060547,25.049999237060547,25.049999237060547,25.049999237060547,100.0
2023-03-09 13:25:00,APMI,10.350000381469727,10.350000381469727,10.350000381469727,10.350000381469727,10.350000381469727,200.0
2023-03-09 13:25:00,ARCC,18.795000076293945,18.795000076293945,18.799999237060547,18.792699813842773,18.799999237060547,21197.0
2023-03-09 13:25:00,AROW,28.299999237060547,28.299999237060547,28.299999237060547,28.281700134277344,28.281700134277344,313.0
2023-03-09 13:25:00,ATLCP,20.074100494384766,20.074100494384766,20.074100494384766,20.074100494384766,20.074100494384766,130.0
2023-03-09 13:25:00,AUB,36.720001220703125,36.720001220703125,36.720001220703125,36.66999816894531,36.66999816894531,1126.0
2023-03-09 13:25:00,BANF,85.55000305175781,85.55000305175781,85.55000305175781,85.55000305175781,85.55000305175781,690.0
2023-03-09 13:25:00,BANR,57.529998779296875,57.529998779296875,57.529998779296875,57.529998779296875,57.529998779296875,483.0
2023-03-09 13:25:00,BGCP,4.974999904632568,4.974999904632568,4.974999904632568,4.974999904632568,4.974999904632568,620.0
2023-03-09 13:25:00,BHF,52.5,52.5,52.505001068115234,52.5,52.5,873.0
2023-03-09 13:25:00,BKCC,3.6500000953674316,3.6500000953674316,3.6500000953674316,3.6500000953674316,3.6500000953674316,262.0
2023-03-09 13:25:00,BOKF,95.6050033569336,95.6050033569336,95.6449966430664,95.55000305175781,95.55000305175781,1622.0
2023-03-09 13:25:00,BPOP,62.369998931884766,62.369998931884766,62.470001220703125,62.290000915527344,62.290000915527344,1821.0
2023-03-09 13:25:00,BRKL,11.420000076293945,11.420000076293945,11.420000076293945,11.40999984741211,11.40999984741211,2344.0
2023-03-09 13:25:00,BRP,25.730100631713867,25.730100631713867,25.730100631713867,25.649999618530273,25.649999618530273,1079.0
2023-03-09 13:25:00,BSRR,19.334999084472656,19.334999084472656,19.334999084472656,19.334999084472656,19.334999084472656,102.0
2023-03-09 13:25:00,BTBT,1.1216000318527222,1.1216000318527222,1.1267000436782837,1.1216000318527222,1.1267000436782837,414.0
2023-03-09 13:25:00,BUSE,22.489999771118164,22.489999771118164,22.489999771118164,22.489999771118164,22.489999771118164,243.0
2023-03-09 13:25:00,CAC,38.790000915527344,38.790000915527344,38.790000915527344,38.790000915527344,38.790000915527344,469.0
2023-03-09 13:25:00,CASH,46.459999084472656,46.459999084472656,46.459999084472656,46.400001525878906,46.400001525878906,1024.0
2023-03-09 13:25:00,CATY,38.91999816894531,38.91999816894531,38.91999816894531,38.79999923706055,38.79999923706055,972.0
2023-03-09 13:25:00,CBSH,61.790000915527344,61.790000915527344,61.790000915527344,61.75,61.75,643.0
2023-03-09 13:25:00,CCD,23.065000534057617,23.065000534057617,23.065000534057617,23.065000534057617,23.065000534057617,100.0
2023-03-09 13:25:00,CCNE,22.459999084472656,22.459999084472656,22.459999084472656,22.420000076293945,22.420000076293945,1638.0
2023-03-09 13:25:00,CFB,12.229999542236328,12.229999542236328,12.229999542236328,12.228799819946289,12.228799819946289,543.0
2023-03-09 13:25:00,CFFN,7.5,7.5,7.5,7.5,7.5,4649.0
2023-03-09 13:25:00,CG,33.91999816894531,33.91999816894531,34.0,33.91999816894531,33.994998931884766,19730.0
2023-03-09 13:25:00,CHCO,90.7300033569336,90.7300033569336,90.7300033569336,90.72000122070312,90.72000122070312,1177.0
2023-03-09 13:25:00,CHEAU,10.510000228881836,10.510000228881836,10.510000228881836,10.510000228881836,10.510000228881836,100.0
2023-03-09 13:25:00,CHI,11.905900001525879,11.905900001525879,11.930000305175781,11.905900001525879,11.930000305175781,3602.0
2023-03-09 13:25:00,CHW,6.050000190734863,6.050000190734863,6.050000190734863,6.050000190734863,6.050000190734863,317.0
2023-03-09 13:25:00,CIFR,1.4199999570846558,1.4199999570846558,1.4199999570846558,1.4199999570846558,1.4199999570846558,6185.0
2023-03-09 13:25:00,CINF,115.87000274658203,115.87000274658203,115.87000274658203,115.87000274658203,115.87000274658203,760.0
2023-03-09 13:25:00,CLBK,19.579999923706055,19.579999923706055,19.579999923706055,19.56999969482422,19.56999969482422,508.0
2023-03-09 13:25:00,CME,178.60000610351562,178.60000610351562,178.63999938964844,178.58999633789062,178.6011962890625,3294.0
2023-03-09 13:25:00,CNOB,21.65999984741211,21.65999984741211,21.65999984741211,21.625,21.625,1243.0
2023-03-09 13:25:00,COLB,25.18000030517578,25.18000030517578,25.18000030517578,25.059999465942383,25.059999465942383,29293.0
2023-03-09 13:25:00,CPSS,11.029199600219727,11.029199600219727,11.029199600219727,11.020000457763672,11.020000457763672,1034.0
2023-03-09 13:25:00,CSQ,13.9399995803833,13.9399995803833,13.954999923706055,13.9399995803833,13.949999809265137,1451.0
2023-03-09 13:25:00,CSWC,18.219999313354492,18.219999313354492,18.229999542236328,18.219999313354492,18.223800659179688,2766.0
2023-03-09 13:25:00,CTBI,40.29999923706055,40.29999923706055,40.29999923706055,40.15999984741211,40.15999984741211,2134.0
2023-03-09 13:25:00,CUBA,3.9000000953674316,3.9000000953674316,3.9000000953674316,3.9000000953674316,3.9000000953674316,112.0
2023-03-09 13:25:00,CVBF,21.770000457763672,21.770000457763672,21.770000457763672,21.719999313354492,21.719999313354492,2407.0
2023-03-09 13:25:00,DHHC,10.210000038146973,10.210000038146973,10.210000038146973,10.13659954071045,10.13659954071045,1294.0
2023-03-09 13:25:00,DWAC,14.040499687194824,14.040499687194824,14.049500465393066,14.039999961853027,14.049500465393066,477.0
2023-03-09 13:25:00,EBC,14.460000038146973,14.460000038146973,14.460000038146973,14.430000305175781,14.430000305175781,9203.0
2023-03-09 13:25:00,ECPG,50.435001373291016,50.435001373291016,50.45000076293945,50.43000030517578,50.45000076293945,536.0
2023-03-09 13:25:00,EGBN,40.13999938964844,40.13999938964844,40.13999938964844,40.09000015258789,40.09000015258789,1768.0
2023-03-09 13:25:00,EHTH,8.710000038146973,8.710000038146973,8.720000267028809,8.710000038146973,8.720000267028809,543.0
2023-03-09 13:25:00,ESSA,18.69499969482422,18.69499969482422,18.69499969482422,18.69499969482422,18.69499969482422,263.0
2023-03-09 13:25:00,EWBC,67.7300033569336,67.7300033569336,67.75,67.62999725341797,67.62999725341797,3761.0
2023-03-09 13:25:00,EZPW,8.779999732971191,8.779999732971191,8.783100128173828,8.774999618530273,8.783100128173828,2560.0
2023-03-09 13:25:00,FBMS,28.764999389648438,28.764999389648438,28.764999389648438,28.764999389648438,28.764999389648438,100.0
2023-03-09 13:25:00,FBNC,38.4900016784668,38.4900016784668,38.54999923706055,38.43000030517578,38.43000030517578,1477.0
2023-03-09 13:25:00,FCFS,88.16000366210938,88.16000366210938,88.16999816894531,88.0999984741211,88.11000061035156,1001.0
2023-03-09 13:25:00,FCNCA,647.5399780273438,647.5399780273438,647.5399780273438,647.02001953125,647.02001953125,858.0
2023-03-09 13:25:00,FCRD,4.550000190734863,4.550000190734863,4.550000190734863,4.550000190734863,4.550000190734863,100.0
2023-03-09 13:25:00,FFBC,22.270000457763672,22.270000457763672,22.270000457763672,22.239999771118164,22.239999771118164,713.0
2023-03-09 13:25:00,FFIC,17.209999084472656,17.209999084472656,17.209999084472656,17.209999084472656,17.209999084472656,231.0
2023-03-09 13:25:00,FFIN,33.4900016784668,33.4900016784668,33.4900016784668,33.439998626708984,33.439998626708984,1461.0
2023-03-09 13:25:00,FFWM,12.800000190734863,12.800000190734863,12.800000190734863,12.800000190734863,12.800000190734863,2403.0
2023-03-09 13:25:00,FHB,24.014999389648438,24.014999389648438,24.014999389648438,23.950000762939453,23.950000762939453,1502.0
2023-03-09 13:25:00,FIBK,32.11000061035156,32.11000061035156,32.130001068115234,32.040000915527344,32.040000915527344,3035.0
2023-03-09 13:25:00,FISI,22.979999542236328,22.979999542236328,22.979999542236328,22.979999542236328,22.979999542236328,783.0
2023-03-09 13:25:00,FITB,32.08000183105469,32.08000183105469,32.11000061035156,32.06999969482422,32.08000183105469,10043.0
2023-03-09 13:25:00,FITBI,25.162099838256836,25.162099838256836,25.162099838256836,25.162099838256836,25.162099838256836,111.0
2023-03-09 13:25:00,FLIC,16.110000610351562,16.110000610351562,16.110000610351562,16.110000610351562,16.110000610351562,130.0
2023-03-09 13:25:00,FMNB,13.109999656677246,13.109999656677246,13.109999656677246,13.109999656677246,13.109999656677246,123.0
2023-03-09 13:25:00,FOCS,51.630001068115234,51.630001068115234,51.63999938964844,51.630001068115234,51.630001068115234,629.0
2023-03-09 13:25:00,FRBK,1.7350000143051147,1.7350000143051147,1.7400000095367432,1.7300000190734863,1.7400000095367432,373.0
2023-03-09 13:25:00,FRHC,72.1500015258789,72.1500015258789,72.1500015258789,72.1500015258789,72.1500015258789,161.0
2023-03-09 13:25:00,FRME,37.34000015258789,37.34000015258789,37.34000015258789,37.2599983215332,37.2599983215332,475.0
2023-03-09 13:25:00,FSEA,9.90999984741211,9.90999984741211,9.90999984741211,9.90999984741211,9.90999984741211,1772.0
2023-03-09 13:25:00,FULT,15.640000343322754,15.640000343322754,15.649999618530273,15.614999771118164,15.619999885559082,2526.0
2023-03-09 13:25:00,FUTU,46.20000076293945,46.20000076293945,46.2400016784668,46.20000076293945,46.20000076293945,2181.0
2023-03-09 13:25:00,GABC,35.68000030517578,35.68000030517578,35.68000030517578,35.619998931884766,35.619998931884766,1107.0
2023-03-09 13:25:00,GAIN,13.609999656677246,13.609999656677246,13.629899978637695,13.609999656677246,13.629899978637695,437.0
2023-03-09 13:25:00,GBDC,13.351900100708008,13.351900100708008,13.359999656677246,13.350000381469727,13.359999656677246,1453.0
2023-03-09 13:25:00,GCMG,8.449999809265137,8.449999809265137,8.449999809265137,8.449999809265137,8.449999809265137,1441.0
2023-03-09 13:25:00,GGAL,12.779999732971191,12.779999732971191,12.779999732971191,12.779999732971191,12.779999732971191,350.0
2023-03-09 13:25:00,GXII,10.119999885559082,10.119999885559082,10.119999885559082,10.119999885559082,10.119999885559082,100.0
2023-03-09 13:25:00,HAFC,21.645000457763672,21.645000457763672,21.645000457763672,21.6200008392334,21.6200008392334,1204.0
2023-03-09 13:25:00,HBAN,13.860699653625488,13.860699653625488,13.869999885559082,13.845000267028809,13.845000267028809,33518.0
2023-03-09 13:25:00,HBANP,19.079999923706055,19.079999923706055,19.09000015258789,19.06999969482422,19.06999969482422,1097.0
2023-03-09 13:25:00,HBNC,13.789999961853027,13.789999961853027,13.789999961853027,13.739999771118164,13.739999771118164,1811.0
2023-03-09 13:25:00,HBT,22.030000686645508,22.030000686645508,22.040000915527344,22.0,22.0,1060.0
2023-03-09 13:25:00,HFWA,24.469999313354492,24.469999313354492,24.469999313354492,24.389999389648438,24.389999389648438,1689.0
2023-03-09 13:25:00,HMST,22.239999771118164,22.239999771118164,22.25,22.239999771118164,22.239999771118164,593.0
2023-03-09 13:25:00,HOPE,11.635000228881836,11.635000228881836,11.635000228881836,11.614999771118164,11.614999771118164,2476.0
2023-03-09 13:25:00,HRZN,11.8100004196167,11.8100004196167,11.8100004196167,11.8100004196167,11.8100004196167,161.0
2023-03-09 13:25:00,HTBI,27.6299991607666,27.6299991607666,27.6299991607666,27.6299991607666,27.6299991607666,439.0
2023-03-09 13:25:00,HTBK,10.800000190734863,10.800000190734863,10.800000190734863,10.78499984741211,10.78499984741211,2447.0
2023-03-09 13:25:00,HTLF,45.36000061035156,45.36000061035156,45.36000061035156,45.34000015258789,45.34000015258789,374.0
2023-03-09 13:25:00,HUT,1.3200000524520874,1.3200000524520874,1.3300000429153442,1.3200000524520874,1.3300000429153442,35148.0
2023-03-09 13:25:00,HWC,43.95000076293945,43.95000076293945,43.970001220703125,43.90999984741211,43.919898986816406,2211.0
2023-03-09 13:25:00,IBCP,20.43000030517578,20.43000030517578,20.43000030517578,20.420000076293945,20.420000076293945,213.0
2023-03-09 13:25:00,IBKR,87.12000274658203,87.12000274658203,87.12000274658203,87.0999984741211,87.12000274658203,1200.0
2023-03-09 13:25:00,IBOC,44.66999816894531,44.66999816894531,44.66999816894531,44.619998931884766,44.619998931884766,1235.0
2023-03-09 13:25:00,IBTX,52.33000183105469,52.33000183105469,52.33000183105469,52.29999923706055,52.29999923706055,1279.0
2023-03-09 13:25:00,IGIC,8.300000190734863,8.300000190734863,8.300000190734863,8.300000190734863,8.300000190734863,200.0
2023-03-09 13:25:00,INDB,71.45999908447266,71.45999908447266,71.45999908447266,71.38999938964844,71.38999938964844,977.0
2023-03-09 13:26:00,ACGL,69.45999908447266,69.45999908447266,69.52999877929688,69.45999908447266,69.52999877929688,8607.0
2023-03-09 13:26:00,ARCC,18.78499984741211,18.78499984741211,18.794099807739258,18.78499984741211,18.790000915527344,5082.0
2023-03-09 13:26:00,AROW,28.459999084472656,28.459999084472656,28.5,28.299999237060547,28.309999465942383,2164.0
2023-03-09 13:26:00,AUB,36.70000076293945,36.70000076293945,36.70000076293945,36.70000076293945,36.70000076293945,100.0
2023-03-09 13:26:00,BCBP,15.770000457763672,15.770000457763672,15.770000457763672,15.770000457763672,15.770000457763672,104.0
2023-03-09 13:26:00,BFST,18.545000076293945,18.545000076293945,18.545000076293945,18.545000076293945,18.545000076293945,219.0
2023-03-09 13:26:00,BGCP,4.96999979019165,4.96999979019165,4.96999979019165,4.96999979019165,4.96999979019165,1677.0
2023-03-09 13:26:00,BITF,0.7501000165939331,0.7501000165939331,0.757099986076355,0.75,0.7501000165939331,56206.0
2023-03-09 13:26:00,BKCC,3.6549999713897705,3.6549999713897705,3.6600000858306885,3.6549999713897705,3.6600000858306885,803.0
2023-03-09 13:26:00,BMRC,26.979999542236328,26.979999542236328,26.979999542236328,26.979999542236328,26.979999542236328,120.0
2023-03-09 13:26:00,BPRN,33.380001068115234,33.380001068115234,33.380001068115234,33.380001068115234,33.380001068115234,228.0
2023-03-09 13:26:00,BREZ,10.570899963378906,10.570899963378906,10.574700355529785,10.569999694824219,10.569999694824219,400.0
2023-03-09 13:26:00,BRKL,11.430000305175781,11.430000305175781,11.430000305175781,11.430000305175781,11.430000305175781,548.0
2023-03-09 13:26:00,BTBT,1.125,1.125,1.125,1.121399998664856,1.121399998664856,1358.0
2023-03-09 13:26:00,BUSE,22.489999771118164,22.489999771118164,22.510000228881836,22.489999771118164,22.5,619.0
2023-03-09 13:26:00,CACC,433.75,433.75,433.75,433.75,433.75,489.0
2023-03-09 13:26:00,CARE,16.290000915527344,16.290000915527344,16.290000915527344,16.290000915527344,16.290000915527344,310.0
2023-03-09 13:26:00,CBSH,61.81999969482422,61.81999969482422,61.81999969482422,61.7599983215332,61.7599983215332,527.0
2023-03-09 13:26:00,CCBG,32.52000045776367,32.52000045776367,32.52000045776367,32.52000045776367,32.52000045776367,100.0
2023-03-09 13:26:00,CCD,23.040000915527344,23.040000915527344,23.040000915527344,23.040000915527344,23.040000915527344,400.0
2023-03-09 13:26:00,CFFN,7.509900093078613,7.509900093078613,7.509900093078613,7.505000114440918,7.505000114440918,323.0
2023-03-09 13:26:00,CG,33.935001373291016,33.935001373291016,33.959999084472656,33.90999984741211,33.915000915527344,14857.0
2023-03-09 13:26:00,CHI,11.93850040435791,11.93850040435791,11.93850040435791,11.904999732971191,11.904999732971191,5818.0
2023-03-09 13:26:00,CIFR,1.4199999570846558,1.4199999570846558,1.4199999570846558,1.4199999570846558,1.4199999570846558,100.0
2023-03-09 13:26:00,CINF,115.93000030517578,115.93000030517578,115.93000030517578,115.88500213623047,115.88500213623047,1401.0
2023-03-09 13:26:00,CMCA,10.399999618530273,10.399999618530273,10.399999618530273,10.399999618530273,10.399999618530273,100000.0
2023-03-09 13:26:00,CME,178.5,178.5,178.6199951171875,178.5,178.57000732421875,3230.0
2023-03-09 13:26:00,CNOB,21.68000030517578,21.68000030517578,21.68000030517578,21.68000030517578,21.68000030517578,205.0
2023-03-09 13:26:00,COLB,25.149999618530273,25.149999618530273,25.172500610351562,25.149999618530273,25.172500610351562,3159.0
2023-03-09 13:26:00,COOP,44.005001068115234,44.005001068115234,44.005001068115234,44.005001068115234,44.005001068115234,110.0
2023-03-09 13:26:00,CPSS,10.960000038146973,10.960000038146973,10.970000267028809,10.960000038146973,10.970000267028809,2518.0
2023-03-09 13:26:00,CSQ,13.920100212097168,13.920100212097168,13.920100212097168,13.920100212097168,13.920100212097168,190.0
2023-03-09 13:26:00,CSTR,15.279999732971191,15.279999732971191,15.279999732971191,15.279999732971191,15.279999732971191,546.0
2023-03-09 13:26:00,CVBF,21.770000457763672,21.770000457763672,21.780000686645508,21.770000457763672,21.780000686645508,1119.0
2023-03-09 13:26:00,CVLY,24.125,24.125,24.125,24.125,24.125,140.0
2023-03-09 13:26:00,DWACW,3.0827999114990234,3.0827999114990234,3.0827999114990234,3.0827999114990234,3.0827999114990234,1378.0
2023-03-09 13:26:00,EBC,14.46500015258789,14.46500015258789,14.46500015258789,14.460000038146973,14.460000038146973,301.0
2023-03-09 13:26:00,EHTH,8.729999542236328,8.729999542236328,8.729999542236328,8.729999542236328,8.729999542236328,202.0
2023-03-09 13:26:00,EWBC,67.6050033569336,67.6050033569336,67.72000122070312,67.6050033569336,67.71499633789062,4848.0
2023-03-09 13:26:00,EZPW,8.774999618530273,8.774999618530273,8.774999618530273,8.774999618530273,8.774999618530273,100.0
2023-03-09 13:26:00,FBMS,28.764999389648438,28.764999389648438,28.764999389648438,28.764999389648438,28.764999389648438,467.0
2023-03-09 13:26:00,FCFS,88.1875,88.1875,88.1875,88.16000366210938,88.16000366210938,568.0
2023-03-09 13:26:00,FCRD,4.550000190734863,4.550000190734863,4.550000190734863,4.550000190734863,4.550000190734863,100.0
2023-03-09 13:26:00,FDUS,20.11240005493164,20.11240005493164,20.11240005493164,20.11240005493164,20.11240005493164,250.0
2023-03-09 13:26:00,FFBC,22.28499984741211,22.28499984741211,22.28499984741211,22.28499984741211,22.28499984741211,211.0
2023-03-09 13:26:00,FFIC,17.200000762939453,17.200000762939453,17.200000762939453,17.200000762939453,17.200000762939453,111.0
2023-03-09 13:26:00,FFWM,12.805000305175781,12.805000305175781,12.805000305175781,12.805000305175781,12.805000305175781,1613.0
2023-03-09 13:26:00,FHB,24.020000457763672,24.020000457763672,24.020000457763672,24.020000457763672,24.020000457763672,136.0
2023-03-09 13:26:00,FIBK,32.11000061035156,32.11000061035156,32.11000061035156,32.11000061035156,32.11000061035156,258.0
2023-03-09 13:26:00,FITB,32.095001220703125,32.095001220703125,32.099998474121094,32.09000015258789,32.09000015258789,2296.0
2023-03-09 13:26:00,FLIC,16.139999389648438,16.139999389648438,16.139999389648438,16.139999389648438,16.139999389648438,689.0
2023-03-09 13:26:00,FOCS,51.63999938964844,51.63999938964844,51.63999938964844,51.63999938964844,51.63999938964844,100.0
2023-03-09 13:26:00,FRBK,1.7300000190734863,1.7300000190734863,1.7400000095367432,1.7300000190734863,1.73989999294281,2010.0
2023-03-09 13:26:00,FRME,37.32500076293945,37.32500076293945,37.32500076293945,37.32500076293945,37.32500076293945,231.0
2023-03-09 13:26:00,FRON,10.1899995803833,10.1899995803833,10.1899995803833,10.1899995803833,10.1899995803833,2122.0
2023-03-09 13:26:00,FULT,15.645000457763672,15.645000457763672,15.645000457763672,15.640000343322754,15.640000343322754,394.0
2023-03-09 13:26:00,FUTU,46.09000015258789,46.09000015258789,46.189998626708984,46.08000183105469,46.189998626708984,9168.0
2023-03-09 13:26:00,GBDC,13.354999542236328,13.354999542236328,13.354999542236328,13.350000381469727,13.351799964904785,522.0
2023-03-09 13:26:00,GLRE,10.020000457763672,10.020000457763672,10.020000457763672,10.020000457763672,10.020000457763672,100.0
2023-03-09 13:26:00,GOCO,18.985000610351562,18.985000610351562,18.985000610351562,18.985000610351562,18.985000610351562,216.0
2023-03-09 13:26:00,HBAN,13.859999656677246,13.859999656677246,13.869999885559082,13.859999656677246,13.859999656677246,20614.0
2023-03-09 13:26:00,HBT,22.020000457763672,22.020000457763672,22.030000686645508,22.020000457763672,22.030000686645508,731.0
2023-03-09 13:26:00,HGBL,2.4800000190734863,2.4800000190734863,2.4800000190734863,2.4800000190734863,2.4800000190734863,601.0
2023-03-09 13:26:00,HIFS,257.3900146484375,257.3900146484375,257.4100036621094,257.3900146484375,257.4100036621094,617.0
2023-03-09 13:26:00,HLNE,75.69999694824219,75.69999694824219,75.69999694824219,75.69999694824219,75.69999694824219,113.0
2023-03-09 13:26:00,HMPT,1.899999976158142,1.899999976158142,1.899999976158142,1.899999976158142,1.899999976158142,2600.0
2023-03-09 13:26:00,HRZN,11.779999732971191,11.779999732971191,11.800000190734863,11.779999732971191,11.800000190734863,1187.0
2023-03-09 13:26:00,HUT,1.329300045967102,1.329300045967102,1.340000033378601,1.320099949836731,1.3299000263214111,39236.0
2023-03-09 13:26:00,IBKR,87.1050033569336,87.1050033569336,87.1500015258789,87.0999984741211,87.12999725341797,1247.0
2023-03-09 13:26:00,IGIC,8.300000190734863,8.300000190734863,8.300000190734863,8.300000190734863,8.300000190734863,101.0
2023-03-09 13:26:00,IGTA,10.34000015258789,10.34000015258789,10.34000015258789,10.329999923706055,10.329999923706055,200.0
2023-03-09 13:26:00,INBK,23.604999542236328,23.604999542236328,23.604999542236328,23.604999542236328,23.604999542236328,120.0
2023-03-09 13:26:00,INTR,2.009999990463257,2.009999990463257,2.009999990463257,2.009999990463257,2.009999990463257,691.0
2023-03-09 13:27:00,ABCB,42.56999969482422,42.56999969482422,42.56999969482422,42.56999969482422,42.56999969482422,216.0
2023-03-09 13:27:00,ACGL,69.4800033569336,69.4800033569336,69.50499725341797,69.43000030517578,69.44999694824219,3768.0
2023-03-09 13:27:00,ALRS,18.927499771118164,18.927499771118164,18.94499969482422,18.90999984741211,18.90999984741211,1451.0
2023-03-09 13:27:00,AMTB,25.110000610351562,25.110000610351562,25.110000610351562,25.110000610351562,25.110000610351562,229.0
2023-03-09 13:27:00,APLD,2.075000047683716,2.075000047683716,2.075000047683716,2.075000047683716,2.075000047683716,259.0
2023-03-09 13:27:00,ARCC,18.764999389648438,18.764999389648438,18.790000915527344,18.75,18.78499984741211,83896.0
2023-03-09 13:27:00,AUB,36.70000076293945,36.70000076293945,36.70000076293945,36.70000076293945,36.70000076293945,430.0
2023-03-09 13:27:00,BGCP,4.974999904632568,4.974999904632568,4.974999904632568,4.974999904632568,4.974999904632568,120.0
2023-03-09 13:27:00,BKCC,3.6549999713897705,3.6549999713897705,3.6549999713897705,3.6500000953674316,3.6500000953674316,268.0
2023-03-09 13:27:00,BMRC,27.1200008392334,27.1200008392334,27.1200008392334,27.014999389648438,27.014999389648438,5808.0
2023-03-09 13:27:00,BOKF,95.69999694824219,95.69999694824219,95.69999694824219,95.69000244140625,95.69000244140625,702.0
2023-03-09 13:27:00,BPOP,62.31999969482422,62.31999969482422,62.375,62.31999969482422,62.375,600.0
2023-03-09 13:27:00,BREZ,10.569999694824219,10.569999694824219,10.569999694824219,10.569999694824219,10.569999694824219,200.0
2023-03-09 13:27:00,BRKL,11.4399995803833,11.4399995803833,11.4399995803833,11.425000190734863,11.425000190734863,14573.0
2023-03-09 13:27:00,BUSE,22.489999771118164,22.489999771118164,22.489999771118164,22.489999771118164,22.489999771118164,462.0
2023-03-09 13:27:00,CATY,38.869998931884766,38.869998931884766,38.869998931884766,38.869998931884766,38.869998931884766,430.0
2023-03-09 13:27:00,CBSH,61.79999923706055,61.79999923706055,61.810001373291016,61.79999923706055,61.810001373291016,722.0
2023-03-09 13:27:00,CCAP,14.899999618530273,14.899999618530273,14.899999618530273,14.899999618530273,14.899999618530273,484.0
2023-03-09 13:27:00,CCBG,32.52000045776367,32.52000045776367,32.52000045776367,32.52000045776367,32.52000045776367,107.0
2023-03-09 13:27:00,CCD,23.06999969482422,23.06999969482422,23.06999969482422,23.06999969482422,23.06999969482422,300.0
2023-03-09 13:27:00,CCNE,22.469999313354492,22.469999313354492,22.469999313354492,22.469999313354492,22.469999313354492,909.0
2023-03-09 13:27:00,CCNEP,25.1200008392334,25.1200008392334,25.1200008392334,25.100000381469727,25.1200008392334,300.0
2023-03-09 13:27:00,CFFN,7.5,7.5,7.5,7.5,7.5,589.0
2023-03-09 13:27:00,CG,33.959999084472656,33.959999084472656,33.97999954223633,33.935001373291016,33.939998626708984,17343.0
2023-03-09 13:27:00,CGBD,14.859999656677246,14.859999656677246,14.868599891662598,14.859999656677246,14.868599891662598,582.0
2023-03-09 13:27:00,CIFR,1.4199999570846558,1.4199999570846558,1.4199999570846558,1.4199999570846558,1.4199999570846558,1057.0
2023-03-09 13:27:00,CMCA,10.390000343322754,10.390000343322754,10.399999618530273,10.390000343322754,10.399999618530273,200.0
2023-03-09 13:27:00,CME,178.33999633789062,178.33999633789062,178.5399932861328,178.30999755859375,178.47999572753906,7376.0
2023-03-09 13:27:00,COLB,25.15999984741211,25.15999984741211,25.170000076293945,25.149999618530273,25.149999618530273,6252.0
2023-03-09 13:27:00,CPSS,10.9399995803833,10.9399995803833,10.9399995803833,10.9399995803833,10.9399995803833,839.0
2023-03-09 13:27:00,CSWC,18.201000213623047,18.201000213623047,18.209999084472656,18.200000762939453,18.209999084472656,1881.0
2023-03-09 13:27:00,CTBI,40.31999969482422,40.31999969482422,40.31999969482422,40.31999969482422,40.31999969482422,573.0
2023-03-09 13:27:00,CVBF,21.760000228881836,21.760000228881836,21.760000228881836,21.760000228881836,21.760000228881836,349.0
2023-03-09 13:27:00,CVLY,24.100000381469727,24.100000381469727,24.100000381469727,24.100000381469727,24.100000381469727,519.0
2023-03-09 13:27:00,DWAC,14.029999732971191,14.029999732971191,14.04010009765625,14.020000457763672,14.04010009765625,2658.0
2023-03-09 13:27:00,EBC,14.470100402832031,14.470100402832031,14.479999542236328,14.470000267028809,14.470000267028809,887.0
2023-03-09 13:27:00,ECPG,50.400001525878906,50.400001525878906,50.400001525878906,50.400001525878906,50.400001525878906,292.0
2023-03-09 13:27:00,EFSC,51.29999923706055,51.29999923706055,51.29999923706055,51.29999923706055,51.29999923706055,102.0
2023-03-09 13:27:00,EHTH,8.729999542236328,8.729999542236328,8.729999542236328,8.729999542236328,8.729999542236328,390.0
2023-03-09 13:27:00,EWBC,67.51000213623047,67.51000213623047,67.5199966430664,67.48999786376953,67.5199966430664,603.0
2023-03-09 13:27:00,EZPW,8.779999732971191,8.779999732971191,8.779999732971191,8.772500038146973,8.772500038146973,2812.0
2023-03-09 13:27:00,FBNC,38.435001373291016,38.435001373291016,38.47999954223633,38.38999938964844,38.47999954223633,28385.0
2023-03-09 13:27:00,FCRD,4.550000190734863,4.550000190734863,4.550000190734863,4.550000190734863,4.550000190734863,200.0
2023-03-09 13:27:00,FDUS,20.125,20.125,20.125,20.06999969482422,20.06999969482422,1713.0
2023-03-09 13:27:00,FFBC,22.270000457763672,22.270000457763672,22.270000457763672,22.270000457763672,22.270000457763672,575.0
2023-03-09 13:27:00,FFIC,17.200000762939453,17.200000762939453,17.200000762939453,17.200000762939453,17.200000762939453,568.0
2023-03-09 13:27:00,FFIN,33.5,33.5,33.5,33.5,33.5,221.0
2023-03-09 13:27:00,FFWM,12.8100004196167,12.8100004196167,12.8100004196167,12.8100004196167,12.8100004196167,148.0
2023-03-09 13:27:00,FHB,23.9950008392334,23.9950008392334,24.010000228881836,23.9950008392334,24.010000228881836,1081.0
2023-03-09 13:27:00,FIBK,32.11600112915039,32.11600112915039,32.11600112915039,32.099998474121094,32.11000061035156,941.0
2023-03-09 13:27:00,FITB,32.05500030517578,32.05500030517578,32.095001220703125,32.040000915527344,32.09000015258789,85443.0
2023-03-09 13:27:00,FITBI,25.189899444580078,25.189899444580078,25.189899444580078,25.15999984741211,25.15999984741211,1892.0
2023-03-09 13:27:00,FOCS,51.6349983215332,51.6349983215332,51.63999938964844,51.630001068115234,51.63999938964844,524.0
2023-03-09 13:27:00,FRBK,1.7350000143051147,1.7350000143051147,1.7350000143051147,1.7300000190734863,1.7300000190734863,310.0
2023-03-09 13:27:00,FRME,37.31999969482422,37.31999969482422,37.31999969482422,37.310001373291016,37.31999969482422,371.0
2023-03-09 13:27:00,FRON,10.1899995803833,10.1899995803833,10.1899995803833,10.1899995803833,10.1899995803833,8883.0
2023-03-09 13:27:00,FULT,15.635000228881836,15.635000228881836,15.640000343322754,15.635000228881836,15.640000343322754,1091.0
2023-03-09 13:27:00,FUTU,46.209999084472656,46.209999084472656,46.209999084472656,46.11000061035156,46.11000061035156,4324.0
2023-03-09 13:27:00,GBDC,13.350000381469727,13.350000381469727,13.350000381469727,13.350000381469727,13.350000381469727,101.0
2023-03-09 13:27:00,GLRE,10.020000457763672,10.020000457763672,10.020000457763672,10.020000457763672,10.020000457763672,200.0
2023-03-09 13:27:00,GSHD,52.09000015258789,52.09000015258789,52.09000015258789,52.09000015258789,52.09000015258789,528.0
2023-03-09 13:27:00,GXII,10.119999885559082,10.119999885559082,10.119999885559082,10.119999885559082,10.119999885559082,100.0
2023-03-09 13:27:00,HBAN,13.845000267028809,13.845000267028809,13.864999771118164,13.845000267028809,13.864999771118164,15585.0
2023-03-09 13:27:00,HIFS,256.04998779296875,256.04998779296875,257.44000244140625,256.04998779296875,257.44000244140625,1098.0
2023-03-09 13:27:00,HMPT,1.899999976158142,1.899999976158142,1.899999976158142,1.899999976158142,1.899999976158142,152.0
2023-03-09 13:27:00,HONE,12.5600004196167,12.5600004196167,12.5600004196167,12.5600004196167,12.5600004196167,482.0
2023-03-09 13:27:00,HOPE,11.630000114440918,11.630000114440918,11.630000114440918,11.630000114440918,11.630000114440918,427.0
2023-03-09 13:27:00,HTLF,45.3942985534668,45.3942985534668,45.3942985534668,45.330101013183594,45.330101013183594,1340.0
2023-03-09 13:27:00,HUT,1.3250000476837158,1.3250000476837158,1.3300000429153442,1.3200000524520874,1.3264000415802002,9840.0
2023-03-09 13:27:00,HWC,43.94499969482422,43.94499969482422,43.94499969482422,43.94499969482422,43.94499969482422,465.0
2023-03-09 13:27:00,IBCP,20.46500015258789,20.46500015258789,20.46500015258789,20.46500015258789,20.46500015258789,198.0
2023-03-09 13:27:00,IBKR,87.02410125732422,87.02410125732422,87.06999969482422,87.02410125732422,87.06999969482422,1482.0
2023-03-09 13:27:00,INDB,71.44999694824219,71.44999694824219,71.44999694824219,71.44999694824219,71.44999694824219,480.0
2023-03-09 13:27:00,IOAC,10.619999885559082,10.619999885559082,10.619999885559082,10.619999885559082,10.619999885559082,626.0
2023-03-09 13:27:00,IOACU,10.619999885559082,10.619999885559082,10.619999885559082,10.579999923706055,10.579999923706055,1700.0
2023-03-09 13:28:00,ABCB,42.52000045776367,42.52000045776367,42.540000915527344,42.52000045776367,42.540000915527344,377.0
2023-03-09 13:28:00,ACGL,69.4800033569336,69.4800033569336,69.5,69.4800033569336,69.5,1126.0
2023-03-09 13:28:00,ACGLN,18.739999771118164,18.739999771118164,18.739999771118164,18.739999771118164,18.739999771118164,163.0
2023-03-09 13:28:00,AMRK,28.059999465942383,28.059999465942383,28.06999969482422,28.059999465942383,28.06999969482422,875.0
2023-03-09 13:28:00,ARCC,18.75,18.75,18.764999389648438,18.75,18.760000228881836,13832.0
2023-03-09 13:28:00,AUB,36.68899917602539,36.68899917602539,36.70000076293945,36.65999984741211,36.65999984741211,1496.0
2023-03-09 13:28:00,BFST,18.549999237060547,18.549999237060547,18.549999237060547,18.549999237060547,18.549999237060547,221.0
2023-03-09 13:28:00,BGCP,4.96999979019165,4.96999979019165,4.980000019073486,4.96999979019165,4.974999904632568,3546.0
2023-03-09 13:28:00,BHF,52.4900016784668,52.4900016784668,52.4900016784668,52.47999954223633,52.47999954223633,1063.0
2023-03-09 13:28:00,BITF,0.7501000165939331,0.7501000165939331,0.7502989768981934,0.7501000165939331,0.7502989768981934,3519.0
2023-03-09 13:28:00,BMRC,27.05500030517578,27.05500030517578,27.149999618530273,27.05500030517578,27.110000610351562,2405.0
2023-03-09 13:28:00,BOKF,95.58000183105469,95.58000183105469,95.62000274658203,95.58000183105469,95.62000274658203,993.0
2023-03-09 13:28:00,BPOP,62.31999969482422,62.31999969482422,62.349998474121094,62.29999923706055,62.29999923706055,2372.0
2023-03-09 13:28:00,BRKL,11.4399995803833,11.4399995803833,11.4399995803833,11.4399995803833,11.4399995803833,889.0
2023-03-09 13:28:00,BSRR,19.309999465942383,19.309999465942383,19.309999465942383,19.309999465942383,19.309999465942383,313.0
2023-03-09 13:28:00,BTBT,1.1200000047683716,1.1200000047683716,1.1200000047683716,1.1200000047683716,1.1200000047683716,11447.0
2023-03-09 13:28:00,BUSE,22.489999771118164,22.489999771118164,22.489999771118164,22.489999771118164,22.489999771118164,749.0
2023-03-09 13:28:00,CASH,46.4900016784668,46.4900016784668,46.4900016784668,46.47999954223633,46.47999954223633,571.0
2023-03-09 13:28:00,CBSH,61.790000915527344,61.790000915527344,61.790000915527344,61.75,61.7599983215332,1163.0
2023-03-09 13:28:00,CCBG,32.505001068115234,32.505001068115234,32.505001068115234,32.505001068115234,32.505001068115234,200.0
2023-03-09 13:28:00,CFB,12.229999542236328,12.229999542236328,12.229999542236328,12.229999542236328,12.229999542236328,100.0
2023-03-09 13:28:00,CFFN,7.494999885559082,7.494999885559082,7.494999885559082,7.494999885559082,7.494999885559082,219.0
2023-03-09 13:28:00,CG,33.959999084472656,33.959999084472656,33.96500015258789,33.93000030517578,33.96500015258789,18525.0
2023-03-09 13:28:00,CGBD,14.859999656677246,14.859999656677246,14.859999656677246,14.859999656677246,14.859999656677246,124.0
2023-03-09 13:28:00,CHY,12.3149995803833,12.3149995803833,12.3149995803833,12.3100004196167,12.3100004196167,330.0
2023-03-09 13:28:00,CINF,115.83000183105469,115.83000183105469,115.83000183105469,115.83000183105469,115.83000183105469,651.0
2023-03-09 13:28:00,CME,178.3000030517578,178.3000030517578,178.3699951171875,178.2899932861328,178.3699951171875,2520.0
2023-03-09 13:28:00,CNOB,21.649999618530273,21.649999618530273,21.65999984741211,21.649999618530273,21.65999984741211,781.0
2023-03-09 13:28:00,COLB,25.165000915527344,25.165000915527344,25.18000030517578,25.15999984741211,25.15999984741211,9125.0
2023-03-09 13:28:00,COOP,43.974998474121094,43.974998474121094,44.0,43.974998474121094,44.0,811.0
2023-03-09 13:28:00,CPSS,10.940500259399414,10.940500259399414,10.979000091552734,10.869799613952637,10.890000343322754,979.0
2023-03-09 13:28:00,CSTR,15.300000190734863,15.300000190734863,15.300000190734863,15.300000190734863,15.300000190734863,100.0
2023-03-09 13:28:00,CSWC,18.200000762939453,18.200000762939453,18.200000762939453,18.190000534057617,18.200000762939453,3924.0
2023-03-09 13:28:00,CVBF,21.75,21.75,21.75,21.75,21.75,697.0
2023-03-09 13:28:00,DCOM,29.059999465942383,29.059999465942383,29.06999969482422,29.059999465942383,29.059999465942383,2125.0
2023-03-09 13:28:00,EBC,14.470000267028809,14.470000267028809,14.479999542236328,14.470000267028809,14.479999542236328,995.0
2023-03-09 13:28:00,ECPG,50.400001525878906,50.400001525878906,50.400001525878906,50.400001525878906,50.400001525878906,317.0
2023-03-09 13:28:00,EFSC,51.29999923706055,51.29999923706055,51.29999923706055,51.29999923706055,51.29999923706055,270.0
2023-03-09 13:28:00,EGBN,40.15999984741211,40.15999984741211,40.18000030517578,40.150001525878906,40.150001525878906,1006.0
2023-03-09 13:28:00,EHTH,8.729999542236328,8.729999542236328,8.729999542236328,8.729999542236328,8.729999542236328,225.0
2023-03-09 13:28:00,ERIE,232.85000610351562,232.85000610351562,233.07000732421875,232.85000610351562,233.07000732421875,683.0
2023-03-09 13:28:00,ESGR,230.52999877929688,230.52999877929688,230.52999877929688,230.52999877929688,230.52999877929688,686.0
2023-03-09 13:28:00,EWBC,67.44000244140625,67.44000244140625,67.44000244140625,67.44000244140625,67.44000244140625,280.0
2023-03-09 13:28:00,EZPW,8.78499984741211,8.78499984741211,8.789999961853027,8.78499984741211,8.789999961853027,200.0
2023-03-09 13:28:00,FBMS,28.790000915527344,28.790000915527344,28.790000915527344,28.764999389648438,28.764999389648438,955.0
2023-03-09 13:28:00,FCRD,4.550000190734863,4.550000190734863,4.590000152587891,4.53000020980835,4.550000190734863,5197.0
2023-03-09 13:28:00,FFIC,17.190000534057617,17.190000534057617,17.190000534057617,17.190000534057617,17.190000534057617,221.0
2023-03-09 13:28:00,FFIN,33.5,33.5,33.5,33.5,33.5,242.0
2023-03-09 13:28:00,FFWM,12.800000190734863,12.800000190734863,12.800000190734863,12.800000190734863,12.800000190734863,347.0
2023-03-09 13:28:00,FHB,24.020000457763672,24.020000457763672,24.020000457763672,23.989999771118164,23.999900817871094,1069.0
2023-03-09 13:28:00,FIBK,32.099998474121094,32.099998474121094,32.099998474121094,32.09000015258789,32.099998474121094,942.0
2023-03-09 13:28:00,FITB,32.040000915527344,32.040000915527344,32.060001373291016,32.02000045776367,32.060001373291016,8768.0
2023-03-09 13:28:00,FITBO,22.079999923706055,22.079999923706055,22.079999923706055,22.079999923706055,22.079999923706055,222.0
2023-03-09 13:28:00,FLIC,16.1200008392334,16.1200008392334,16.1299991607666,16.1200008392334,16.1299991607666,311.0
2023-03-09 13:28:00,FMBH,27.889999389648438,27.889999389648438,27.899999618530273,27.889999389648438,27.899999618530273,4190.0
2023-03-09 13:28:00,FOCS,51.6349983215332,51.6349983215332,51.63999938964844,51.630001068115234,51.630001068115234,2087.0
2023-03-09 13:28:00,FRBA,12.899999618530273,12.899999618530273,12.899999618530273,12.899999618530273,12.899999618530273,100.0
2023-03-09 13:28:00,FRBK,1.7300000190734863,1.7300000190734863,1.7300000190734863,1.7300000190734863,1.7300000190734863,100.0
2023-03-09 13:28:00,FRME,37.30500030517578,37.30500030517578,37.30500030517578,37.30500030517578,37.30500030517578,248.0
2023-03-09 13:28:00,FULT,15.630000114440918,15.630000114440918,15.630000114440918,15.630000114440918,15.630000114440918,772.0
2023-03-09 13:28:00,FUTU,46.2400016784668,46.2400016784668,46.279998779296875,46.189998626708984,46.21500015258789,4907.0
2023-03-09 13:28:00,GAIN,13.600000381469727,13.600000381469727,13.600000381469727,13.600000381469727,13.600000381469727,389.0
2023-03-09 13:28:00,GBDC,13.359199523925781,13.359199523925781,13.359199523925781,13.350000381469727,13.354999542236328,5464.0
2023-03-09 13:28:00,GCMG,8.420000076293945,8.420000076293945,8.420000076293945,8.420000076293945,8.420000076293945,355.0
2023-03-09 13:28:00,GLRE,10.020000457763672,10.020000457763672,10.020000457763672,10.015000343322754,10.015000343322754,325.0
2023-03-09 13:28:00,HBAN,13.845000267028809,13.845000267028809,13.850000381469727,13.835000038146973,13.845199584960938,19902.0
2023-03-09 13:28:00,HBT,22.0,22.0,22.0,22.0,22.0,110.0
2023-03-09 13:28:00,HFWA,24.514999389648438,24.514999389648438,24.514999389648438,24.514999389648438,24.514999389648438,100.0
2023-03-09 13:28:00,HONE,12.5600004196167,12.5600004196167,12.5600004196167,12.555000305175781,12.555000305175781,3114.0
2023-03-09 13:28:00,HOPE,11.619999885559082,11.619999885559082,11.619999885559082,11.619999885559082,11.619999885559082,1007.0
2023-03-09 13:28:00,HUT,1.3253999948501587,1.3253999948501587,1.3288999795913696,1.3200000524520874,1.3288999795913696,18847.0
2023-03-09 13:28:00,HWC,43.915000915527344,43.915000915527344,43.915000915527344,43.90999984741211,43.90999984741211,486.0
2023-03-09 13:28:00,IBKR,87.08000183105469,87.08000183105469,87.08000183105469,86.9800033569336,87.01000213623047,2247.0
2023-03-09 13:28:00,IBOC,44.709999084472656,44.709999084472656,44.709999084472656,44.709999084472656,44.709999084472656,397.0
2023-03-09 13:28:00,IBTX,52.310001373291016,52.310001373291016,52.310001373291016,52.310001373291016,52.310001373291016,641.0
2023-03-09 13:28:00,IOAC,10.619999885559082,10.619999885559082,10.619999885559082,10.619999885559082,10.619999885559082,237.0
2023-03-09 13:29:00,ABCB,42.61000061035156,42.61000061035156,42.61000061035156,42.560001373291016,42.560001373291016,1039.0
2023-03-09 13:29:00,ACGL,69.47000122070312,69.47000122070312,69.48999786376953,69.45999908447266,69.4800033569336,2642.0
2023-03-09 13:29:00,AMTB,25.18000030517578,25.18000030517578,25.18000030517578,25.110000610351562,25.110000610351562,1148.0
2023-03-09 13:29:00,APLD,2.072000026702881,2.072000026702881,2.075000047683716,2.072000026702881,2.075000047683716,628.0
2023-03-09 13:29:00,ARCC,18.770000457763672,18.770000457763672,18.780000686645508,18.75,18.760000228881836,31931.0
2023-03-09 13:29:00,AUB,36.70500183105469,36.70500183105469,36.70500183105469,36.70000076293945,36.70000076293945,606.0
2023-03-09 13:29:00,BANR,57.38999938964844,57.38999938964844,57.474998474121094,57.38999938964844,57.45000076293945,1849.0
2023-03-09 13:29:00,BGCP,4.974999904632568,4.974999904632568,4.974999904632568,4.96999979019165,4.974999904632568,840.0
2023-03-09 13:29:00,BHF,52.52000045776367,52.52000045776367,52.52000045776367,52.4900016784668,52.4900016784668,902.0
2023-03-09 13:29:00,BHFAN,18.809999465942383,18.809999465942383,18.829999923706055,18.809999465942383,18.829999923706055,847.0
2023-03-09 13:29:00,BKCC,3.6549999713897705,3.6549999713897705,3.6570000648498535,3.6500000953674316,3.6500000953674316,2401.0
2023-03-09 13:29:00,BMRC,27.100000381469727,27.100000381469727,27.110000610351562,27.100000381469727,27.104999542236328,468.0
2023-03-09 13:29:00,BPOP,62.33000183105469,62.33000183105469,62.349998474121094,62.31999969482422,62.349998474121094,421.0
2023-03-09 13:29:00,BREZ,10.539999961853027,10.539999961853027,10.569999694824219,10.539999961853027,10.569999694824219,601.0
2023-03-09 13:29:00,BRP,25.639999389648438,25.639999389648438,25.639999389648438,25.639999389648438,25.639999389648438,953.0
2023-03-09 13:29:00,BSRR,19.31999969482422,19.31999969482422,19.329999923706055,19.31999969482422,19.31999969482422,770.0
2023-03-09 13:29:00,BTBT,1.1200000047683716,1.1200000047683716,1.1200000047683716,1.1150000095367432,1.1200000047683716,7329.0
2023-03-09 13:29:00,BUSE,22.510000228881836,22.510000228881836,22.510000228881836,22.489999771118164,22.489999771118164,605.0
2023-03-09 13:29:00,CACC,433.7200012207031,433.7200012207031,433.7200012207031,433.7200012207031,433.7200012207031,138.0
2023-03-09 13:29:00,CATY,38.900001525878906,38.900001525878906,38.91999816894531,38.88999938964844,38.88999938964844,922.0
2023-03-09 13:29:00,CBAN,11.779999732971191,11.779999732971191,11.779999732971191,11.779999732971191,11.779999732971191,435.0
2023-03-09 13:29:00,CBSH,61.80500030517578,61.80500030517578,61.810001373291016,61.779998779296875,61.810001373291016,1625.0
2023-03-09 13:29:00,CCD,23.09000015258789,23.09000015258789,23.09000015258789,23.079999923706055,23.079999923706055,250.0
2023-03-09 13:29:00,CFB,12.25,12.25,12.25,12.239999771118164,12.239999771118164,1000.0
2023-03-09 13:29:00,CFBK,20.239999771118164,20.239999771118164,20.239999771118164,20.239999771118164,20.239999771118164,100.0
2023-03-09 13:29:00,CFFN,7.5,7.5,7.5,7.5,7.5,1360.0
2023-03-09 13:29:00,CG,33.970001220703125,33.970001220703125,33.9900016784668,33.95000076293945,33.95000076293945,22034.0
2023-03-09 13:29:00,CGBD,14.856200218200684,14.856200218200684,14.856200218200684,14.856200218200684,14.856200218200684,561.0
2023-03-09 13:29:00,CIFR,1.4285000562667847,1.4285000562667847,1.4299999475479126,1.4285000562667847,1.4299999475479126,1949.0
2023-03-09 13:29:00,CINF,115.91999816894531,115.91999816894531,115.91999816894531,115.91999816894531,115.91999816894531,593.0
2023-03-09 13:29:00,CME,178.48500061035156,178.48500061035156,178.48500061035156,178.25,178.25,6121.0
2023-03-09 13:29:00,CNOB,21.68000030517578,21.68000030517578,21.68000030517578,21.68000030517578,21.68000030517578,420.0
2023-03-09 13:29:00,COLB,25.200000762939453,25.200000762939453,25.200000762939453,25.15999984741211,25.15999984741211,6777.0
2023-03-09 13:29:00,COOP,44.02000045776367,44.02000045776367,44.060001373291016,44.02000045776367,44.060001373291016,1299.0
2023-03-09 13:29:00,CPSS,10.729999542236328,10.729999542236328,10.819999694824219,10.729999542236328,10.8100004196167,400.0
2023-03-09 13:29:00,CSTR,15.300000190734863,15.300000190734863,15.300000190734863,15.300000190734863,15.300000190734863,103.0
2023-03-09 13:29:00,CSWC,18.209999084472656,18.209999084472656,18.209999084472656,18.200000762939453,18.200000762939453,1249.0
2023-03-09 13:29:00,CVBF,21.75,21.75,21.75,21.75,21.75,260.0
2023-03-09 13:29:00,DCOM,29.100000381469727,29.100000381469727,29.100000381469727,29.100000381469727,29.100000381469727,356.0
2023-03-09 13:29:00,DWAC,14.029999732971191,14.029999732971191,14.029999732971191,14.029999732971191,14.029999732971191,326.0
2023-03-09 13:29:00,EBC,14.497699737548828,14.497699737548828,14.497699737548828,14.46500015258789,14.46500015258789,2650.0
2023-03-09 13:29:00,ECPG,50.47999954223633,50.47999954223633,50.47999954223633,50.470001220703125,50.470001220703125,759.0
2023-03-09 13:29:00,EGBN,40.18000030517578,40.18000030517578,40.220001220703125,40.18000030517578,40.18000030517578,793.0
2023-03-09 13:29:00,EQBK,28.05500030517578,28.05500030517578,28.05500030517578,28.030000686645508,28.030000686645508,251.0
2023-03-09 13:29:00,ESQ,40.93000030517578,40.93000030517578,40.93000030517578,40.93000030517578,40.93000030517578,101.0
2023-03-09 13:29:00,EWBC,67.46800231933594,67.46800231933594,67.52999877929688,67.44000244140625,67.44000244140625,2555.0
2023-03-09 13:29:00,EZPW,8.800000190734863,8.800000190734863,8.800000190734863,8.789999961853027,8.789999961853027,1814.0
2023-03-09 13:29:00,FBNC,38.439998626708984,38.439998626708984,38.439998626708984,38.439998626708984,38.439998626708984,108.0
2023-03-09 13:29:00,FCFS,88.13999938964844,88.13999938964844,88.13999938964844,88.13999938964844,88.13999938964844,213.0
2023-03-09 13:29:00,FCRD,4.550000190734863,4.550000190734863,4.550000190734863,4.550000190734863,4.550000190734863,105.0
2023-03-09 13:29:00,FFBC,22.280000686645508,22.280000686645508,22.280000686645508,22.280000686645508,22.280000686645508,332.0
2023-03-09 13:29:00,FFIC,17.18000030517578,17.18000030517578,17.18000030517578,17.18000030517578,17.18000030517578,395.0
2023-03-09 13:29:00,FFIN,33.5099983215332,33.5099983215332,33.5099983215332,33.5099983215332,33.5099983215332,776.0
2023-03-09 13:29:00,FFWM,12.800000190734863,12.800000190734863,12.800000190734863,12.800000190734863,12.800000190734863,202.0
2023-03-09 13:29:00,FHB,24.020000457763672,24.020000457763672,24.020000457763672,24.020000457763672,24.020000457763672,543.0
2023-03-09 13:29:00,FIBK,32.113399505615234,32.113399505615234,32.119998931884766,32.08000183105469,32.08000183105469,713.0
2023-03-09 13:29:00,FITB,32.07500076293945,32.07500076293945,32.095001220703125,32.03499984741211,32.040000915527344,6623.0
2023-03-09 13:29:00,FLIC,16.125,16.125,16.1299991607666,16.125,16.1299991607666,449.0
2023-03-09 13:29:00,FMBH,27.990800857543945,27.990800857543945,27.990800857543945,27.990800857543945,27.990800857543945,378.0
2023-03-09 13:29:00,FMNB,13.119999885559082,13.119999885559082,13.119999885559082,13.119999885559082,13.119999885559082,633.0
2023-03-09 13:29:00,FNWB,13.635000228881836,13.635000228881836,13.635000228881836,13.635000228881836,13.635000228881836,101.0
2023-03-09 13:29:00,FOCS,51.63999938964844,51.63999938964844,51.63999938964844,51.63999938964844,51.63999938964844,4018.0
2023-03-09 13:29:00,FRBK,1.7350000143051147,1.7350000143051147,1.7350000143051147,1.7300000190734863,1.7333999872207642,863.0
2023-03-09 13:29:00,FRHC,72.05500030517578,72.05500030517578,72.05500030517578,72.05500030517578,72.05500030517578,167.0
2023-03-09 13:29:00,FULT,15.640000343322754,15.640000343322754,15.640000343322754,15.630000114440918,15.640000343322754,2797.0
2023-03-09 13:29:00,FUTU,46.31999969482422,46.31999969482422,46.31999969482422,46.27000045776367,46.27000045776367,1319.0
2023-03-09 13:29:00,FVCB,13.238499641418457,13.238499641418457,13.239999771118164,13.238499641418457,13.239999771118164,748.0
2023-03-09 13:29:00,GBDC,13.350000381469727,13.350000381469727,13.359999656677246,13.350000381469727,13.354999542236328,689.0
2023-03-09 13:29:00,GGAL,12.829999923706055,12.829999923706055,12.829999923706055,12.789999961853027,12.789999961853027,2084.0
2023-03-09 13:29:00,GLRE,10.020000457763672,10.020000457763672,10.020000457763672,10.020000457763672,10.020000457763672,2966.0
2023-03-09 13:29:00,GNTY,29.219999313354492,29.219999313354492,29.219999313354492,29.200000762939453,29.200000762939453,427.0
2023-03-09 13:29:00,GOCO,18.979999542236328,18.979999542236328,18.979999542236328,18.979999542236328,18.979999542236328,194.0
2023-03-09 13:29:00,GREE,0.41179999709129333,0.41179999709129333,0.4350000023841858,0.4000000059604645,0.4325999915599823,101035.0
2023-03-09 13:29:00,GXII,10.119999885559082,10.119999885559082,10.119999885559082,10.119999885559082,10.119999885559082,100.0
2023-03-09 13:29:00,HBAN,13.853500366210938,13.853500366210938,13.864999771118164,13.845000267028809,13.845000267028809,17708.0
2023-03-09 13:29:00,HBT,22.020000457763672,22.020000457763672,22.020000457763672,22.020000457763672,22.020000457763672,220.0
2023-03-09 13:29:00,HFWA,24.456100463867188,24.456100463867188,24.520000457763672,24.456100463867188,24.520000457763672,366.0
2023-03-09 13:29:00,HIVE,2.5299999713897705,2.5299999713897705,2.5450000762939453,2.5299999713897705,2.5441999435424805,7000.0
2023-03-09 13:29:00,HMST,22.317699432373047,22.317699432373047,22.317699432373047,22.280000686645508,22.280000686645508,888.0
2023-03-09 13:29:00,HONE,12.579999923706055,12.579999923706055,12.579999923706055,12.579999923706055,12.579999923706055,642.0
2023-03-09 13:29:00,HOPE,11.645000457763672,11.645000457763672,11.645000457763672,11.630000114440918,11.630000114440918,975.0
2023-03-09 13:29:00,HTBI,27.635000228881836,27.635000228881836,27.635000228881836,27.635000228881836,27.635000228881836,270.0
2023-03-09 13:29:00,HTBK,10.8100004196167,10.8100004196167,10.8100004196167,10.800000190734863,10.800000190734863,341.0
2023-03-09 13:29:00,HUT,1.3284000158309937,1.3284000158309937,1.3299000263214111,1.3250000476837158,1.3279999494552612,13602.0
2023-03-09 13:29:00,HWC,43.939998626708984,43.939998626708984,43.939998626708984,43.939998626708984,43.939998626708984,631.0
2023-03-09 13:29:00,IBKR,87.13999938964844,87.13999938964844,87.13999938964844,87.13999938964844,87.13999938964844,545.0
2023-03-09 13:29:00,INKA,10.430000305175781,10.430000305175781,10.430000305175781,10.420000076293945,10.430000305175781,14300.0
2023-03-09 13:29:00,INTR,2.0199999809265137,2.0199999809265137,2.0199999809265137,2.0199999809265137,2.0199999809265137,184.0
2023-03-09 13:30:00,ACGL,69.44000244140625,69.44000244140625,69.47000122070312,69.43000030517578,69.47000122070312,4622.0
2023-03-09 13:30:00,AMAL,21.040000915527344,21.040000915527344,21.040000915527344,21.040000915527344,21.040000915527344,148.0
2023-03-09 13:30:00,AMTB,25.18000030517578,25.18000030517578,25.18000030517578,25.18000030517578,25.18000030517578,258.0
2023-03-09 13:30:00,APLD,2.059999942779541,2.059999942779541,2.0799999237060547,2.059999942779541,2.0799999237060547,2426.0
2023-03-09 13:30:00,APMI,10.380000114440918,10.380000114440918,10.380000114440918,10.380000114440918,10.380000114440918,307.0
2023-03-09 13:30:00,ARBK,1.440000057220459,1.440000057220459,1.4520000219345093,1.440000057220459,1.4500000476837158,4105.0
2023-03-09 13:30:00,ARCC,18.764999389648438,18.764999389648438,18.774999618530273,18.760000228881836,18.774999618530273,3751.0
2023-03-09 13:30:00,ATLO,23.469999313354492,23.469999313354492,23.469999313354492,23.469999313354492,23.469999313354492,111.0
2023-03-09 13:30:00,AUB,36.70000076293945,36.70000076293945,36.72999954223633,36.69499969482422,36.709999084472656,1315.0
2023-03-09 13:30:00,BANR,57.400001525878906,57.400001525878906,57.400001525878906,57.349998474121094,57.369998931884766,407.0
2023-03-09 13:30:00,BCBP,15.781499862670898,15.781499862670898,15.781499862670898,15.781499862670898,15.781499862670898,809.0
2023-03-09 13:30:00,BFST,18.559999465942383,18.559999465942383,18.559999465942383,18.559999465942383,18.559999465942383,619.0
2023-03-09 13:30:00,BGCP,4.96999979019165,4.96999979019165,4.974999904632568,4.96999979019165,4.974999904632568,1389.0
2023-03-09 13:30:00,BHF,52.5099983215332,52.5099983215332,52.540000915527344,52.5099983215332,52.540000915527344,421.0
2023-03-09 13:30:00,BITF,0.7457500100135803,0.7457500100135803,0.7501000165939331,0.7457500100135803,0.7501000165939331,12690.0
2023-03-09 13:30:00,BLFY,11.380000114440918,11.380000114440918,11.380000114440918,11.380000114440918,11.380000114440918,102.0
2023-03-09 13:30:00,BPOP,62.36000061035156,62.36000061035156,62.36000061035156,62.31999969482422,62.31999969482422,910.0
2023-03-09 13:30:00,BRKL,11.470199584960938,11.470199584960938,11.470199584960938,11.441100120544434,11.441100120544434,2714.0
2023-03-09 13:30:00,BTBT,1.1233999729156494,1.1233999729156494,1.125,1.1200000047683716,1.1200000047683716,8140.0
2023-03-09 13:30:00,BUSE,22.489999771118164,22.489999771118164,22.5,22.489999771118164,22.5,423.0
2023-03-09 13:30:00,BWB,13.395000457763672,13.395000457763672,13.395000457763672,13.395000457763672,13.395000457763672,464.0
2023-03-09 13:30:00,CACC,433.5899963378906,433.5899963378906,433.5899963378906,433.5899963378906,433.5899963378906,576.0
2023-03-09 13:30:00,CARE,16.290000915527344,16.290000915527344,16.290000915527344,16.290000915527344,16.290000915527344,100.0
2023-03-09 13:30:00,CASH,46.529998779296875,46.529998779296875,46.54999923706055,46.529998779296875,46.54999923706055,1869.0
2023-03-09 13:30:00,CBNK,18.700000762939453,18.700000762939453,18.700000762939453,18.700000762939453,18.700000762939453,400.0
2023-03-09 13:30:00,CCNE,22.4950008392334,22.4950008392334,22.4950008392334,22.469999313354492,22.469999313354492,451.0
2023-03-09 13:30:00,CFFN,7.505000114440918,7.505000114440918,7.505000114440918,7.500999927520752,7.500999927520752,726.0
2023-03-09 13:30:00,CG,33.970001220703125,33.970001220703125,33.97999954223633,33.95500183105469,33.970001220703125,14602.0
2023-03-09 13:30:00,CINF,116.0250015258789,116.0250015258789,116.02999877929688,116.0250015258789,116.02999877929688,346.0
2023-03-09 13:30:00,CME,178.52000427246094,178.52000427246094,178.52000427246094,178.42999267578125,178.42999267578125,3681.0
2023-03-09 13:30:00,CNOB,21.670000076293945,21.670000076293945,21.68000030517578,21.670000076293945,21.68000030517578,773.0
2023-03-09 13:30:00,COLB,25.190000534057617,25.190000534057617,25.209199905395508,25.170000076293945,25.19499969482422,10490.0
2023-03-09 13:30:00,COOP,44.04499816894531,44.04499816894531,44.060001373291016,44.0,44.060001373291016,1015.0
2023-03-09 13:30:00,CPSS,11.020000457763672,11.020000457763672,11.020000457763672,10.819999694824219,10.819999694824219,1651.0
2023-03-09 13:30:00,CSWC,18.219999313354492,18.219999313354492,18.219999313354492,18.219100952148438,18.219100952148438,1199.0
2023-03-09 13:30:00,CVBF,21.75,21.75,21.775400161743164,21.75,21.775400161743164,858.0
2023-03-09 13:30:00,DWAC,14.03439998626709,14.03439998626709,14.03439998626709,14.03439998626709,14.03439998626709,273.0
2023-03-09 13:30:00,DWACW,3.059999942779541,3.059999942779541,3.069999933242798,3.059999942779541,3.069999933242798,929.0
2023-03-09 13:30:00,EBC,14.489999771118164,14.489999771118164,14.489999771118164,14.489899635314941,14.489999771118164,1731.0
2023-03-09 13:30:00,EFSC,51.349998474121094,51.349998474121094,51.349998474121094,51.349998474121094,51.349998474121094,414.0
2023-03-09 13:30:00,EHTH,8.729999542236328,8.729999542236328,8.729999542236328,8.729999542236328,8.729999542236328,453.0
2023-03-09 13:30:00,ESQ,41.2599983215332,41.2599983215332,41.2599983215332,40.970001220703125,41.25,838.0
2023-03-09 13:30:00,EWBC,67.54000091552734,67.54000091552734,67.54000091552734,67.4800033569336,67.4800033569336,1357.0
2023-03-09 13:30:00,EZPW,8.789999961853027,8.789999961853027,8.800000190734863,8.789999961853027,8.800000190734863,346.0
2023-03-09 13:30:00,FBMS,28.829999923706055,28.829999923706055,28.829999923706055,28.829999923706055,28.829999923706055,377.0
2023-03-09 13:30:00,FBNC,38.459999084472656,38.459999084472656,38.47999954223633,38.43000030517578,38.43000030517578,2278.0
2023-03-09 13:30:00,FCRD,4.550000190734863,4.550000190734863,4.550000190734863,4.550000190734863,4.550000190734863,100.0
2023-03-09 13:30:00,FFBC,22.309999465942383,22.309999465942383,22.309999465942383,22.299999237060547,22.299999237060547,594.0
2023-03-09 13:30:00,FFWM,12.8100004196167,12.8100004196167,12.8100004196167,12.800000190734863,12.800000190734863,661.0
2023-03-09 13:30:00,FHB,24.040000915527344,24.040000915527344,24.040000915527344,24.040000915527344,24.040000915527344,119.0
2023-03-09 13:30:00,FIBK,32.13999938964844,32.13999938964844,32.13999938964844,32.11000061035156,32.11000061035156,1147.0
2023-03-09 13:30:00,FITB,32.09000015258789,32.09000015258789,32.09000015258789,32.060001373291016,32.06999969482422,5550.0
2023-03-09 13:30:00,FNWB,13.600000381469727,13.600000381469727,13.600000381469727,13.600000381469727,13.600000381469727,101.0
2023-03-09 13:30:00,FOCS,51.64500045776367,51.64500045776367,51.650001525878906,51.63999938964844,51.64500045776367,1315.0
2023-03-09 13:30:00,FRBA,12.904999732971191,12.904999732971191,12.904999732971191,12.904999732971191,12.904999732971191,894.0
2023-03-09 13:30:00,FSBW,33.22999954223633,33.22999954223633,33.22999954223633,33.22999954223633,33.22999954223633,1192.0
2023-03-09 13:30:00,FULT,15.640000343322754,15.640000343322754,15.640000343322754,15.640000343322754,15.640000343322754,464.0
2023-03-09 13:30:00,FUTU,46.33000183105469,46.33000183105469,46.34000015258789,46.290000915527344,46.290000915527344,3472.0
2023-03-09 13:30:00,GBDC,13.350000381469727,13.350000381469727,13.35990047454834,13.350000381469727,13.354999542236328,420.0
2023-03-09 13:30:00,GGAL,12.819999694824219,12.819999694824219,12.824999809265137,12.8100004196167,12.8149995803833,1434.0
2023-03-09 13:30:00,GLAD,9.8100004196167,9.8100004196167,9.8100004196167,9.8100004196167,9.8100004196167,473.0
2023-03-09 13:30:00,GREE,0.4124000072479248,0.4124000072479248,0.4165000021457672,0.4124000072479248,0.416049987077713,4297.0
2023-03-09 13:30:00,HAFC,21.670000076293945,21.670000076293945,21.670000076293945,21.670000076293945,21.670000076293945,172.0
2023-03-09 13:30:00,HBAN,13.864999771118164,13.864999771118164,13.864999771118164,13.850000381469727,13.854999542236328,13456.0
2023-03-09 13:30:00,HFWA,24.520000457763672,24.520000457763672,24.520000457763672,24.489999771118164,24.489999771118164,265.0
2023-03-09 13:30:00,HIVE,2.5350000858306885,2.5350000858306885,2.5350000858306885,2.5350000858306885,2.5350000858306885,219.0
2023-03-09 13:30:00,HMST,22.219999313354492,22.219999313354492,22.264999389648438,22.215299606323242,22.215299606323242,871.0
2023-03-09 13:30:00,HONE,12.58080005645752,12.58080005645752,12.58080005645752,12.58080005645752,12.58080005645752,618.0
2023-03-09 13:30:00,HOPE,11.649999618530273,11.649999618530273,11.649999618530273,11.649999618530273,11.649999618530273,358.0
2023-03-09 13:30:00,HRZN,11.770000457763672,11.770000457763672,11.78499984741211,11.770000457763672,11.78499984741211,1767.0
2023-03-09 13:30:00,HTBK,10.800700187683105,10.800700187683105,10.800700187683105,10.800000190734863,10.800000190734863,908.0
2023-03-09 13:30:00,HUT,1.3299000263214111,1.3299000263214111,1.3299000263214111,1.3200000524520874,1.320099949836731,34867.0
2023-03-09 13:30:00,IBKR,87.13999938964844,87.13999938964844,87.18000030517578,87.13999938964844,87.16999816894531,1593.0
2023-03-09 13:31:00,ACGL,69.44999694824219,69.44999694824219,69.47000122070312,69.44999694824219,69.44999694824219,4048.0
2023-03-09 13:31:00,ACT,23.924999237060547,23.924999237060547,23.924999237060547,23.854999542236328,23.854999542236328,1678.0
2023-03-09 13:31:00,ALRS,18.979999542236328,18.979999542236328,18.979999542236328,18.979999542236328,18.979999542236328,518.0
2023-03-09 13:31:00,AMSF,51.540000915527344,51.540000915527344,51.540000915527344,51.540000915527344,51.540000915527344,421.0
2023-03-09 13:31:00,APLD,2.049999952316284,2.049999952316284,2.059999942779541,2.049999952316284,2.059999942779541,2613.0
2023-03-09 13:31:00,ARBK,1.4639999866485596,1.4639999866485596,1.4639999866485596,1.4639999866485596,1.4639999866485596,105.0
2023-03-09 13:31:00,ARCC,18.769899368286133,18.769899368286133,18.774999618530273,18.760000228881836,18.764999389648438,10926.0
2023-03-09 13:31:00,ATLO,23.5,23.5,23.5,23.5,23.5,395.0
2023-03-09 13:31:00,AUB,36.744998931884766,36.744998931884766,36.77000045776367,36.720001220703125,36.720001220703125,2607.0
2023-03-09 13:31:00,BANR,57.400001525878906,57.400001525878906,57.43000030517578,57.400001525878906,57.400001525878906,1209.0
2023-03-09 13:31:00,BFST,18.579999923706055,18.579999923706055,18.579999923706055,18.579999923706055,18.579999923706055,592.0
2023-03-09 13:31:00,BGCP,4.96999979019165,4.96999979019165,4.96999979019165,4.96999979019165,4.96999979019165,446.0
2023-03-09 13:31:00,BITF,0.7360010147094727,0.7360010147094727,0.7455999851226807,0.7310000061988831,0.7455999851226807,189751.0
2023-03-09 13:31:00,BKCC,3.6500000953674316,3.6500000953674316,3.6500000953674316,3.6500000953674316,3.6500000953674316,223.0
2023-03-09 13:31:00,BOKF,95.65499877929688,95.65499877929688,95.65499877929688,95.65499877929688,95.65499877929688,773.0
2023-03-09 13:31:00,BPOP,62.42499923706055,62.42499923706055,62.42499923706055,62.400001525878906,62.400001525878906,425.0
2023-03-09 13:31:00,BRKL,11.474900245666504,11.474900245666504,11.474900245666504,11.474900245666504,11.474900245666504,597.0
2023-03-09 13:31:00,CARE,16.31999969482422,16.31999969482422,16.31999969482422,16.299999237060547,16.299999237060547,1070.0
2023-03-09 13:31:00,CBAN,11.779999732971191,11.779999732971191,11.779999732971191,11.779999732971191,11.779999732971191,627.0
2023-03-09 13:31:00,CCB,42.040000915527344,42.040000915527344,42.040000915527344,42.02000045776367,42.02000045776367,443.0
2023-03-09 13:31:00,CCBG,32.61000061035156,32.61000061035156,32.61000061035156,32.61000061035156,32.61000061035156,101.0
2023-03-09 13:31:00,CFFN,7.5,7.5,7.5,7.5,7.5,391.0
2023-03-09 13:31:00,CG,33.970001220703125,33.970001220703125,33.9900016784668,33.970001220703125,33.970001220703125,41560.0
2023-03-09 13:31:00,CGBD,14.859999656677246,14.859999656677246,14.859999656677246,14.859999656677246,14.859999656677246,285.0
2023-03-09 13:31:00,CINF,116.02999877929688,116.02999877929688,116.03500366210938,116.02999877929688,116.03500366210938,689.0
2023-03-09 13:31:00,CME,178.55999755859375,178.55999755859375,178.55999755859375,178.55999755859375,178.55999755859375,247.0
2023-03-09 13:31:00,CNOB,21.65999984741211,21.65999984741211,21.65999984741211,21.65999984741211,21.65999984741211,1166.0
2023-03-09 13:31:00,COLB,25.190000534057617,25.190000534057617,25.19499969482422,25.18000030517578,25.18000030517578,2767.0
2023-03-09 13:31:00,COOP,44.040000915527344,44.040000915527344,44.040000915527344,44.0099983215332,44.0099983215332,355.0
2023-03-09 13:31:00,CPSS,10.984999656677246,10.984999656677246,10.984999656677246,10.982799530029297,10.982799530029297,1278.0
2023-03-09 13:31:00,CSQ,13.945099830627441,13.945099830627441,13.945099830627441,13.945099830627441,13.945099830627441,200.0
2023-03-09 13:31:00,CSWC,18.225000381469727,18.225000381469727,18.229900360107422,18.219999313354492,18.229900360107422,956.0
2023-03-09 13:31:00,CVBF,21.760000228881836,21.760000228881836,21.760000228881836,21.760000228881836,21.760000228881836,254.0
2023-03-09 13:31:00,DALS,10.125,10.125,10.125,10.125,10.125,100.0
2023-03-09 13:31:00,EBC,14.494999885559082,14.494999885559082,14.494999885559082,14.494999885559082,14.494999885559082,100.0
2023-03-09 13:31:00,EGBN,40.20500183105469,40.20500183105469,40.20500183105469,40.20500183105469,40.20500183105469,498.0
2023-03-09 13:31:00,EWBC,67.55000305175781,67.55000305175781,67.58000183105469,67.54000091552734,67.54000091552734,1615.0
2023-03-09 13:31:00,FBNC,38.459999084472656,38.459999084472656,38.459999084472656,38.43000030517578,38.43000030517578,563.0
2023-03-09 13:31:00,FCFS,88.18000030517578,88.18000030517578,88.18000030517578,88.18000030517578,88.18000030517578,291.0
2023-03-09 13:31:00,FCRD,4.539999961853027,4.539999961853027,4.550000190734863,4.539999961853027,4.550000190734863,200.0
2023-03-09 13:31:00,FFWM,12.800000190734863,12.800000190734863,12.800000190734863,12.800000190734863,12.800000190734863,248.0
2023-03-09 13:31:00,FHB,24.030000686645508,24.030000686645508,24.030000686645508,24.030000686645508,24.030000686645508,164.0
2023-03-09 13:31:00,FIBK,32.150001525878906,32.150001525878906,32.15999984741211,32.150001525878906,32.15999984741211,520.0
2023-03-09 13:31:00,FITB,32.06999969482422,32.06999969482422,32.099998474121094,32.06999969482422,32.08000183105469,6326.0
2023-03-09 13:31:00,FITBI,25.189899444580078,25.189899444580078,25.189899444580078,25.189899444580078,25.189899444580078,229.0
2023-03-09 13:31:00,FNCB,7.300000190734863,7.300000190734863,7.300000190734863,7.300000190734863,7.300000190734863,202.0
2023-03-09 13:31:00,FOCS,51.650001525878906,51.650001525878906,51.650001525878906,51.650001525878906,51.650001525878906,300.0
2023-03-09 13:31:00,FRBK,1.7300000190734863,1.7300000190734863,1.7300000190734863,1.7300000190734863,1.7300000190734863,183.0
2023-03-09 13:31:00,FRME,37.35499954223633,37.35499954223633,37.35499954223633,37.35499954223633,37.35499954223633,771.0
2023-03-09 13:31:00,FSBW,33.345001220703125,33.345001220703125,33.345001220703125,33.20000076293945,33.20000076293945,334.0
2023-03-09 13:31:00,FUTU,46.31230163574219,46.31230163574219,46.31230163574219,46.31230163574219,46.31230163574219,320.0
2023-03-09 13:31:00,GBDC,13.350000381469727,13.350000381469727,13.354999542236328,13.350000381469727,13.350000381469727,545.0
2023-03-09 13:31:00,GGAL,12.829999923706055,12.829999923706055,12.829999923706055,12.8100004196167,12.8149995803833,1588.0
2023-03-09 13:31:00,GLAD,9.809499740600586,9.809499740600586,9.8100004196167,9.809499740600586,9.8100004196167,2058.0
2023-03-09 13:31:00,GLRE,10.020000457763672,10.020000457763672,10.020000457763672,10.020000457763672,10.020000457763672,200.0
2023-03-09 13:31:00,GREE,0.4041999876499176,0.4041999876499176,0.4168809950351715,0.4041999876499176,0.4168809950351715,322.0
2023-03-09 13:31:00,GXII,10.119999885559082,10.119999885559082,10.119999885559082,10.119999885559082,10.119999885559082,100.0
2023-03-09 13:31:00,HAFC,21.656999588012695,21.656999588012695,21.656999588012695,21.656999588012695,21.656999588012695,325.0
2023-03-09 13:31:00,HBAN,13.850000381469727,13.850000381469727,13.859999656677246,13.850000381469727,13.859999656677246,48819.0
2023-03-09 13:31:00,HBANM,22.729999542236328,22.729999542236328,22.729999542236328,22.729999542236328,22.729999542236328,370.0
2023-03-09 13:31:00,HLNE,75.5199966430664,75.5199966430664,75.5199966430664,75.5199966430664,75.5199966430664,565.0
2023-03-09 13:31:00,HTBK,10.8100004196167,10.8100004196167,10.8100004196167,10.8100004196167,10.8100004196167,365.0
2023-03-09 13:31:00,HTLF,45.45000076293945,45.45000076293945,45.45000076293945,45.45000076293945,45.45000076293945,290.0
2023-03-09 13:31:00,HUIZ,1.3779000043869019,1.3779000043869019,1.3779000043869019,1.3779000043869019,1.3779000043869019,377.0
2023-03-09 13:31:00,HUT,1.3250999450683594,1.3250999450683594,1.3300000429153442,1.3200000524520874,1.3250000476837158,14737.0
2023-03-09 13:31:00,HWC,43.9900016784668,43.9900016784668,43.9900016784668,43.97999954223633,43.9900016784668,888.0
2023-03-09 13:31:00,IBKR,87.13999938964844,87.13999938964844,87.19000244140625,87.11000061035156,87.19000244140625,932.0
2023-03-09 13:31:00,IBOC,44.779998779296875,44.779998779296875,44.779998779296875,44.779998779296875,44.779998779296875,636.0
2023-03-09 13:31:00,IGTA,10.392800331115723,10.392800331115723,10.392800331115723,10.392800331115723,10.392800331115723,206.0
2023-03-09 13:32:00,ACGL,69.3499984741211,69.3499984741211,69.375,69.33999633789062,69.375,3332.0
2023-03-09 13:32:00,ACT,23.920000076293945,23.920000076293945,23.920000076293945,23.920000076293945,23.920000076293945,212.0
2023-03-09 13:32:00,AMAL,21.020000457763672,21.020000457763672,21.020000457763672,21.020000457763672,21.020000457763672,271.0
2023-03-09 13:32:00,ARBK,1.4488999843597412,1.4488999843597412,1.488700032234192,1.4488999843597412,1.488700032234192,325.0
2023-03-09 13:32:00,ARCC,18.770000457763672,18.770000457763672,18.770000457763672,18.764999389648438,18.764999389648438,5575.0
2023-03-09 13:32:00,AUB,36.77000045776367,36.77000045776367,36.77000045776367,36.75,36.75,1486.0
2023-03-09 13:32:00,BANR,57.6349983215332,57.6349983215332,57.63999938964844,57.400001525878906,57.400001525878906,7235.0
2023-03-09 13:32:00,BGCP,4.974999904632568,4.974999904632568,4.980000019073486,4.96999979019165,4.974999904632568,24210.0
2023-03-09 13:32:00,BHF,52.5099983215332,52.5099983215332,52.5099983215332,52.4900016784668,52.5,2525.0
2023-03-09 13:32:00,BITF,0.7473999857902527,0.7473999857902527,0.7473999857902527,0.7473999857902527,0.7473999857902527,100.0
2023-03-09 13:32:00,BPOP,62.36000061035156,62.36000061035156,62.404998779296875,62.34000015258789,62.404998779296875,1274.0
2023-03-09 13:32:00,BRKL,11.470000267028809,11.470000267028809,11.470000267028809,11.470000267028809,11.470000267028809,401.0
2023-03-09 13:32:00,BTBT,1.1200000047683716,1.1200000047683716,1.1200000047683716,1.1150000095367432,1.1200000047683716,3511.0
2023-03-09 13:32:00,BYTSU,10.099499702453613,10.099499702453613,10.180000305175781,10.09000015258789,10.170000076293945,1375.0
2023-03-09 13:32:00,CASH,46.560001373291016,46.560001373291016,46.560001373291016,46.560001373291016,46.560001373291016,107.0
2023-03-09 13:32:00,CBSH,61.880001068115234,61.880001068115234,61.880001068115234,61.83000183105469,61.83000183105469,1430.0
2023-03-09 13:32:00,CCBG,32.61000061035156,32.61000061035156,32.61000061035156,32.61000061035156,32.61000061035156,529.0
2023-03-09 13:32:00,CG,33.970001220703125,33.970001220703125,33.9900016784668,33.92499923706055,33.97999954223633,68555.0
2023-03-09 13:32:00,CGBD,14.850000381469727,14.850000381469727,14.850000381469727,14.850000381469727,14.850000381469727,147.0
2023-03-09 13:32:00,CINF,115.86000061035156,115.86000061035156,115.94000244140625,115.86000061035156,115.94000244140625,706.0
2023-03-09 13:32:00,CME,178.61000061035156,178.61000061035156,178.6999969482422,178.5500030517578,178.625,7328.0
2023-03-09 13:32:00,COLB,25.200000762939453,25.200000762939453,25.204999923706055,25.18000030517578,25.184999465942383,2436.0
2023-03-09 13:32:00,COOP,44.04999923706055,44.04999923706055,44.05500030517578,44.04999923706055,44.05500030517578,342.0
2023-03-09 13:32:00,CSTR,15.279999732971191,15.279999732971191,15.289999961853027,15.279999732971191,15.289999961853027,865.0
2023-03-09 13:32:00,CSWC,18.209999084472656,18.209999084472656,18.219999313354492,18.209999084472656,18.219999313354492,1361.0
2023-03-09 13:32:00,CVBF,21.790000915527344,21.790000915527344,21.790000915527344,21.770000457763672,21.770000457763672,1757.0
2023-03-09 13:32:00,CZNC,22.174999237060547,22.174999237060547,22.174999237060547,22.174999237060547,22.174999237060547,206.0
2023-03-09 13:32:00,DCOM,29.139999389648438,29.139999389648438,29.139999389648438,29.1200008392334,29.1200008392334,882.0
2023-03-09 13:32:00,EBC,14.479999542236328,14.479999542236328,14.5,14.479999542236328,14.494999885559082,1158.0
2023-03-09 13:32:00,ECPG,50.470001220703125,50.470001220703125,50.470001220703125,50.470001220703125,50.470001220703125,425.0
2023-03-09 13:32:00,EHTH,8.720000267028809,8.720000267028809,8.720000267028809,8.710000038146973,8.720000267028809,945.0
2023-03-09 13:32:00,EQBK,28.079999923706055,28.079999923706055,28.079999923706055,28.079999923706055,28.079999923706055,937.0
2023-03-09 13:32:00,EWBC,67.54000091552734,67.54000091552734,67.54000091552734,67.54000091552734,67.54000091552734,618.0
2023-03-09 13:32:00,FBMS,28.854999542236328,28.854999542236328,28.854999542236328,28.854999542236328,28.854999542236328,118.0
2023-03-09 13:32:00,FBNC,38.459999084472656,38.459999084472656,38.459999084472656,38.459999084472656,38.459999084472656,208.0
2023-03-09 13:32:00,FCFS,88.13999938964844,88.13999938964844,88.13999938964844,88.13999938964844,88.13999938964844,724.0
2023-03-09 13:32:00,FCRD,4.539999961853027,4.539999961853027,4.539999961853027,4.539999961853027,4.539999961853027,100.0
2023-03-09 13:32:00,FFBC,22.299999237060547,22.299999237060547,22.299999237060547,22.299999237060547,22.299999237060547,364.0
2023-03-09 13:32:00,FFIC,17.193899154663086,17.193899154663086,17.193899154663086,17.193899154663086,17.193899154663086,185.0
2023-03-09 13:32:00,FFIN,33.5099983215332,33.5099983215332,33.529998779296875,33.5099983215332,33.529998779296875,782.0
2023-03-09 13:32:00,FFWM,12.800000190734863,12.800000190734863,12.8100004196167,12.800000190734863,12.800000190734863,638.0
2023-03-09 13:32:00,FHB,24.040000915527344,24.040000915527344,24.040000915527344,24.030000686645508,24.030000686645508,548.0
2023-03-09 13:32:00,FIBK,32.099998474121094,32.099998474121094,32.130001068115234,32.099998474121094,32.130001068115234,774.0
2023-03-09 13:32:00,FITB,32.040000915527344,32.040000915527344,32.06999969482422,32.040000915527344,32.06999969482422,4630.0
2023-03-09 13:32:00,FITBO,21.989999771118164,21.989999771118164,22.06999969482422,21.989999771118164,22.059999465942383,1306.0
2023-03-09 13:32:00,FITBP,24.079999923706055,24.079999923706055,24.079999923706055,24.079999923706055,24.079999923706055,472.0
2023-03-09 13:32:00,FMBH,27.979999542236328,27.979999542236328,27.979999542236328,27.979999542236328,27.979999542236328,104.0
2023-03-09 13:32:00,FMNB,13.119999885559082,13.119999885559082,13.119999885559082,13.119999885559082,13.119999885559082,239.0
2023-03-09 13:32:00,FNWB,13.600000381469727,13.600000381469727,13.600000381469727,13.600000381469727,13.600000381469727,400.0
2023-03-09 13:32:00,FOCS,51.6349983215332,51.6349983215332,51.650001525878906,51.6349983215332,51.64500045776367,1684.0
2023-03-09 13:32:00,FRONU,10.180000305175781,10.180000305175781,10.180000305175781,10.180000305175781,10.180000305175781,2000.0
2023-03-09 13:32:00,FSBC,25.420000076293945,25.420000076293945,25.420000076293945,25.420000076293945,25.420000076293945,309.0
2023-03-09 13:32:00,FULT,15.640000343322754,15.640000343322754,15.640000343322754,15.640000343322754,15.640000343322754,738.0
2023-03-09 13:32:00,FUTU,46.31999969482422,46.31999969482422,46.31999969482422,46.27000045776367,46.29999923706055,2998.0
2023-03-09 13:32:00,GBDC,13.354999542236328,13.354999542236328,13.354999542236328,13.350000381469727,13.354999542236328,713.0
2023-03-09 13:32:00,GGAL,12.819999694824219,12.819999694824219,12.819999694824219,12.819999694824219,12.819999694824219,100.0
2023-03-09 13:32:00,GLAD,9.8100004196167,9.8100004196167,9.8100004196167,9.8100004196167,9.8100004196167,216.0
2023-03-09 13:32:00,GLRE,10.020000457763672,10.020000457763672,10.020000457763672,10.020000457763672,10.020000457763672,400.0
2023-03-09 13:32:00,GSHD,51.869998931884766,51.869998931884766,52.04499816894531,51.869998931884766,51.959999084472656,1080.0
2023-03-09 13:32:00,HBAN,13.84000015258789,13.84000015258789,13.854999542236328,13.84000015258789,13.854999542236328,10775.0
2023-03-09 13:32:00,HBNC,13.776000022888184,13.776000022888184,13.776000022888184,13.776000022888184,13.776000022888184,234.0
2023-03-09 13:32:00,HIFS,257.0,257.0,257.0,257.0,257.0,584.0
2023-03-09 13:32:00,HIVE,2.5360000133514404,2.5360000133514404,2.5360000133514404,2.5360000133514404,2.5360000133514404,207.0
2023-03-09 13:32:00,HONE,12.579999923706055,12.579999923706055,12.585000038146973,12.579999923706055,12.585000038146973,822.0
2023-03-09 13:32:00,HOPE,11.645000457763672,11.645000457763672,11.645000457763672,11.645000457763672,11.645000457763672,566.0
2023-03-09 13:32:00,HRZN,11.750100135803223,11.750100135803223,11.770000457763672,11.750100135803223,11.770000457763672,1656.0
2023-03-09 13:32:00,HUT,1.320099949836731,1.320099949836731,1.3285000324249268,1.3200000524520874,1.3203999996185303,115173.0
2023-03-09 13:32:00,HWC,43.97999954223633,43.97999954223633,44.01499938964844,43.97999954223633,44.01499938964844,293.0
2023-03-09 13:32:00,IBKR,87.16000366210938,87.16000366210938,87.16000366210938,87.16000366210938,87.16000366210938,265.0
2023-03-09 13:32:00,IBOC,44.81999969482422,44.81999969482422,44.81999969482422,44.81999969482422,44.81999969482422,135.0
2023-03-09 13:32:00,INDB,71.63999938964844,71.63999938964844,71.63999938964844,71.62000274658203,71.62000274658203,235.0
2023-03-09 13:33:00,ABCB,42.58000183105469,42.58000183105469,42.58000183105469,42.58000183105469,42.58000183105469,336.0
2023-03-09 13:33:00,ACGL,69.30999755859375,69.30999755859375,69.33999633789062,69.30999755859375,69.33000183105469,1852.0
2023-03-09 13:33:00,AMAL,21.032800674438477,21.032800674438477,21.032800674438477,21.032800674438477,21.032800674438477,195.0
2023-03-09 13:33:00,AMTB,25.18000030517578,25.18000030517578,25.18000030517578,25.18000030517578,25.18000030517578,540.0
2023-03-09 13:33:00,APLD,2.0589001178741455,2.0589001178741455,2.0589001178741455,2.0589001178741455,2.0589001178741455,541.0
2023-03-09 13:33:00,ARCC,18.774499893188477,18.774499893188477,18.774999618530273,18.77199935913086,18.774999618530273,3902.0
2023-03-09 13:33:00,AUB,36.7599983215332,36.7599983215332,36.81999969482422,36.744998931884766,36.744998931884766,1556.0
2023-03-09 13:33:00,BANR,57.529998779296875,57.529998779296875,57.564998626708984,57.529998779296875,57.564998626708984,657.0
2023-03-09 13:33:00,BGCP,4.974999904632568,4.974999904632568,4.977499961853027,4.96999979019165,4.974999904632568,800.0
2023-03-09 13:33:00,BHF,52.380001068115234,52.380001068115234,52.400001525878906,52.380001068115234,52.400001525878906,420.0
2023-03-09 13:33:00,BHFAO,24.649999618530273,24.649999618530273,24.649999618530273,24.639999389648438,24.639999389648438,403.0
2023-03-09 13:33:00,BITF,0.7447999715805054,0.7447999715805054,0.7447999715805054,0.7447999715805054,0.7447999715805054,257.0
2023-03-09 13:33:00,BKCC,3.6549999713897705,3.6549999713897705,3.659899950027466,3.6500000953674316,3.6500000953674316,755.0
2023-03-09 13:33:00,BPOP,62.31999969482422,62.31999969482422,62.349998474121094,62.31999969482422,62.349998474121094,442.0
2023-03-09 13:33:00,BRKL,11.5,11.5,11.5,11.479999542236328,11.479999542236328,8838.0
2023-03-09 13:33:00,BRP,25.604999542236328,25.604999542236328,25.604999542236328,25.604999542236328,25.604999542236328,131.0
2023-03-09 13:33:00,BTBT,1.1200000047683716,1.1200000047683716,1.1200000047683716,1.1150000095367432,1.1150000095367432,896.0
2023-03-09 13:33:00,BUSE,22.5049991607666,22.5049991607666,22.5049991607666,22.5049991607666,22.5049991607666,422.0
2023-03-09 13:33:00,CASH,46.59000015258789,46.59000015258789,46.59000015258789,46.560001373291016,46.560001373291016,568.0
2023-03-09 13:33:00,CATY,38.939998626708984,38.939998626708984,38.939998626708984,38.939998626708984,38.939998626708984,577.0
2023-03-09 13:33:00,CBSH,61.880001068115234,61.880001068115234,61.89500045776367,61.880001068115234,61.89500045776367,1335.0
2023-03-09 13:33:00,CCAP,14.874600410461426,14.874600410461426,14.874600410461426,14.874600410461426,14.874600410461426,1020.0
2023-03-09 13:33:00,CCNE,22.530000686645508,22.530000686645508,22.530000686645508,22.520000457763672,22.520000457763672,929.0
2023-03-09 13:33:00,CFFN,7.505000114440918,7.505000114440918,7.510000228881836,7.505000114440918,7.510000228881836,286.0
2023-03-09 13:33:00,CG,33.959999084472656,33.959999084472656,33.970001220703125,33.932899475097656,33.959999084472656,39604.0
2023-03-09 13:33:00,CGBD,14.850000381469727,14.850000381469727,14.850000381469727,14.850000381469727,14.850000381469727,677.0
2023-03-09 13:33:00,CHI,11.890000343322754,11.890000343322754,11.890000343322754,11.890000343322754,11.890000343322754,100.0
2023-03-09 13:33:00,CHY,12.300000190734863,12.300000190734863,12.300000190734863,12.300000190734863,12.300000190734863,215.0
2023-03-09 13:33:00,CIFR,1.4149999618530273,1.4149999618530273,1.4249999523162842,1.4149999618530273,1.4249999523162842,3094.0
2023-03-09 13:33:00,CINF,115.90499877929688,115.90499877929688,115.90499877929688,115.87999725341797,115.87999725341797,574.0
2023-03-09 13:33:00,CME,178.61500549316406,178.61500549316406,178.61500549316406,178.61500549316406,178.61500549316406,644.0
2023-03-09 13:33:00,COLB,25.18000030517578,25.18000030517578,25.204999923706055,25.18000030517578,25.200000762939453,4862.0
2023-03-09 13:33:00,COOP,44.08000183105469,44.08000183105469,44.08000183105469,44.08000183105469,44.08000183105469,202.0
2023-03-09 13:33:00,CRVL,179.22999572753906,179.22999572753906,179.22999572753906,179.22999572753906,179.22999572753906,400.0
2023-03-09 13:33:00,CSQ,13.9350004196167,13.9350004196167,13.9350004196167,13.9350004196167,13.9350004196167,215.0
2023-03-09 13:33:00,CSWC,18.209999084472656,18.209999084472656,18.209999084472656,18.209999084472656,18.209999084472656,180.0
2023-03-09 13:33:00,CVBF,21.790000915527344,21.790000915527344,21.790000915527344,21.790000915527344,21.790000915527344,731.0
2023-03-09 13:33:00,DWAC,14.020000457763672,14.020000457763672,14.020000457763672,14.020000457763672,14.020000457763672,318.0
2023-03-09 13:33:00,EBC,14.479999542236328,14.479999542236328,14.484999656677246,14.475000381469727,14.484999656677246,1320.0
2023-03-09 13:33:00,EGBN,40.14400100708008,40.14400100708008,40.150001525878906,40.14400100708008,40.150001525878906,855.0
2023-03-09 13:33:00,EHTH,8.715299606323242,8.715299606323242,8.715299606323242,8.715299606323242,8.715299606323242,332.0
2023-03-09 13:33:00,ESQ,41.33000183105469,41.33000183105469,41.33000183105469,41.27000045776367,41.27000045776367,566.0
2023-03-09 13:33:00,ESSA,18.690000534057617,18.690000534057617,18.690000534057617,18.690000534057617,18.690000534057617,331.0
2023-03-09 13:33:00,EWBC,67.55000305175781,67.55000305175781,67.55000305175781,67.5,67.5,793.0
2023-03-09 13:33:00,FBIZ,33.27009963989258,33.27009963989258,33.34000015258789,33.27009963989258,33.34000015258789,354.0
2023-03-09 13:33:00,FBMS,28.84000015258789,28.84000015258789,28.84000015258789,28.84000015258789,28.84000015258789,538.0
2023-03-09 13:33:00,FBNC,38.529998779296875,38.529998779296875,38.599998474121094,38.459999084472656,38.459999084472656,3416.0
2023-03-09 13:33:00,FCNCA,645.9450073242188,645.9450073242188,647.260009765625,645.9450073242188,646.6900024414062,3178.0
2023-03-09 13:33:00,FCRD,4.539999961853027,4.539999961853027,4.539999961853027,4.539999961853027,4.539999961853027,113.0
2023-03-09 13:33:00,FDUS,20.106599807739258,20.106599807739258,20.106599807739258,20.106599807739258,20.106599807739258,250.0
2023-03-09 13:33:00,FFBC,22.299999237060547,22.299999237060547,22.299999237060547,22.299999237060547,22.299999237060547,247.0
2023-03-09 13:33:00,FFIC,17.190000534057617,17.190000534057617,17.190000534057617,17.190000534057617,17.190000534057617,106.0
2023-03-09 13:33:00,FFIN,33.5099983215332,33.5099983215332,33.5099983215332,33.5099983215332,33.5099983215332,319.0
2023-03-09 13:33:00,FFWM,12.805000305175781,12.805000305175781,12.805000305175781,12.800000190734863,12.800000190734863,225.0
2023-03-09 13:33:00,FHB,24.040000915527344,24.040000915527344,24.040000915527344,24.030000686645508,24.030000686645508,849.0
2023-03-09 13:33:00,FIBK,32.099998474121094,32.099998474121094,32.099998474121094,32.099998474121094,32.099998474121094,339.0
2023-03-09 13:33:00,FITB,32.029998779296875,32.029998779296875,32.04499816894531,32.029998779296875,32.03499984741211,3205.0
2023-03-09 13:33:00,FITBP,24.079999923706055,24.079999923706055,24.100000381469727,24.079999923706055,24.079999923706055,2025.0
2023-03-09 13:33:00,FNCB,7.289999961853027,7.289999961853027,7.289999961853027,7.289999961853027,7.289999961853027,130.0
2023-03-09 13:33:00,FNWB,13.600000381469727,13.600000381469727,13.600000381469727,13.600000381469727,13.600000381469727,241.0
2023-03-09 13:33:00,FULT,15.630000114440918,15.630000114440918,15.639900207519531,15.630000114440918,15.630000114440918,2907.0
2023-03-09 13:33:00,FUTU,46.29999923706055,46.29999923706055,46.34000015258789,46.29999923706055,46.29999923706055,2092.0
2023-03-09 13:33:00,GBDC,13.354999542236328,13.354999542236328,13.354999542236328,13.350000381469727,13.354999542236328,701.0
2023-03-09 13:33:00,GCMG,8.414999961853027,8.414999961853027,8.414999961853027,8.414999961853027,8.414999961853027,100.0
2023-03-09 13:33:00,GGAL,12.819999694824219,12.819999694824219,12.819999694824219,12.8100004196167,12.8149995803833,583.0
2023-03-09 13:33:00,GLAD,9.8100004196167,9.8100004196167,9.819999694824219,9.8100004196167,9.819999694824219,602.0
2023-03-09 13:33:00,GOCO,18.989999771118164,18.989999771118164,18.989999771118164,18.989999771118164,18.989999771118164,749.0
2023-03-09 13:33:00,GREE,0.414000004529953,0.414000004529953,0.414000004529953,0.414000004529953,0.414000004529953,111.0
2023-03-09 13:33:00,GXII,10.119999885559082,10.119999885559082,10.119999885559082,10.119999885559082,10.119999885559082,100.0
2023-03-09 13:33:00,HBAN,13.84000015258789,13.84000015258789,13.850000381469727,13.84000015258789,13.84000015258789,8793.0
2023-03-09 13:33:00,HIVE,2.5299999713897705,2.5299999713897705,2.5299999713897705,2.5299999713897705,2.5299999713897705,400.0
2023-03-09 13:33:00,HONE,12.609999656677246,12.609999656677246,12.609999656677246,12.579999923706055,12.579999923706055,2843.0
2023-03-09 13:33:00,HOPE,11.640000343322754,11.640000343322754,11.640000343322754,11.640000343322754,11.640000343322754,722.0
2023-03-09 13:33:00,HTBI,27.639999389648438,27.639999389648438,27.700000762939453,27.639999389648438,27.670000076293945,910.0
2023-03-09 13:33:00,HUT,1.3200000524520874,1.3200000524520874,1.3250000476837158,1.3200000524520874,1.3250000476837158,5494.0
2023-03-09 13:33:00,IBKR,87.1980972290039,87.1980972290039,87.1980972290039,87.09549713134766,87.11000061035156,2129.0
2023-03-09 13:33:00,IGIC,8.3100004196167,8.3100004196167,8.3100004196167,8.300000190734863,8.300000190734863,200.0
2023-03-09 13:33:00,INBK,23.489999771118164,23.489999771118164,23.489999771118164,23.489999771118164,23.489999771118164,101.0
2023-03-09 13:33:00,INDB,71.69999694824219,71.69999694824219,71.69999694824219,71.69999694824219,71.69999694824219,286.0
2023-03-09 13:33:00,INTR,2.0199999809265137,2.0199999809265137,2.0299999713897705,2.0199999809265137,2.0199999809265137,1710.0
2023-03-09 13:34:00,ABCB,42.599998474121094,42.599998474121094,42.599998474121094,42.59000015258789,42.59000015258789,454.0
2023-03-09 13:34:00,ACGL,69.29499816894531,69.29499816894531,69.30000305175781,69.28099822998047,69.28099822998047,1837.0
2023-03-09 13:34:00,APLD,2.0541000366210938,2.0541000366210938,2.055000066757202,2.0541000366210938,2.055000066757202,500.0
2023-03-09 13:34:00,ARBK,1.440000057220459,1.440000057220459,1.4424999952316284,1.440000057220459,1.440000057220459,3063.0
2023-03-09 13:34:00,ARCC,18.774999618530273,18.774999618530273,18.780000686645508,18.774999618530273,18.774999618530273,2439.0
2023-03-09 13:34:00,AROW,28.510000228881836,28.510000228881836,28.510000228881836,28.469999313354492,28.469999313354492,340.0
2023-03-09 13:34:00,AUB,36.77000045776367,36.77000045776367,36.79999923706055,36.7599983215332,36.775001525878906,2334.0
2023-03-09 13:34:00,BANR,57.459999084472656,57.459999084472656,57.5,57.459999084472656,57.5,1340.0
2023-03-09 13:34:00,BFST,18.579999923706055,18.579999923706055,18.579999923706055,18.579999923706055,18.579999923706055,458.0
2023-03-09 13:34:00,BGCP,4.96999979019165,4.96999979019165,4.980000019073486,4.96999979019165,4.974999904632568,2133.0
2023-03-09 13:34:00,BHF,52.400001525878906,52.400001525878906,52.400001525878906,52.39500045776367,52.39500045776367,293.0
2023-03-09 13:34:00,BITF,0.7401999831199646,0.7401999831199646,0.7435010075569153,0.7400100231170654,0.7412999868392944,4697.0
2023-03-09 13:34:00,BMRC,27.100000381469727,27.100000381469727,27.100000381469727,27.06999969482422,27.06999969482422,360.0
2023-03-09 13:34:00,BPOP,62.29999923706055,62.29999923706055,62.35499954223633,62.29999923706055,62.35499954223633,1643.0
2023-03-09 13:34:00,BPRN,33.38999938964844,33.38999938964844,33.38999938964844,33.38999938964844,33.38999938964844,1209.0
2023-03-09 13:34:00,BRKL,11.479999542236328,11.479999542236328,11.484999656677246,11.479999542236328,11.484999656677246,235.0
2023-03-09 13:34:00,BRP,25.604999542236328,25.604999542236328,25.604999542236328,25.604999542236328,25.604999542236328,136.0
2023-03-09 13:34:00,BTBT,1.1200000047683716,1.1200000047683716,1.1200000047683716,1.1165000200271606,1.1200000047683716,600.0
2023-03-09 13:34:00,CACC,434.4200134277344,434.4200134277344,434.4200134277344,434.4200134277344,434.4200134277344,669.0
2023-03-09 13:34:00,CATC,70.44000244140625,70.44000244140625,70.44000244140625,70.44000244140625,70.44000244140625,116.0
2023-03-09 13:34:00,CG,33.939998626708984,33.939998626708984,33.970001220703125,33.91999816894531,33.959999084472656,32276.0
2023-03-09 13:34:00,CGBD,14.829999923706055,14.829999923706055,14.829999923706055,14.829999923706055,14.829999923706055,201.0
2023-03-09 13:34:00,CHI,11.895000457763672,11.895000457763672,11.895000457763672,11.895000457763672,11.895000457763672,100.0
2023-03-09 13:34:00,CIVB,20.7450008392334,20.7450008392334,20.7450008392334,20.7450008392334,20.7450008392334,150.0
2023-03-09 13:34:00,CME,178.5449981689453,178.5449981689453,178.5449981689453,178.5449981689453,178.5449981689453,227.0
2023-03-09 13:34:00,COLB,25.15999984741211,25.15999984741211,25.184999465942383,25.15999984741211,25.18000030517578,6256.0
2023-03-09 13:34:00,COOP,44.06999969482422,44.06999969482422,44.095001220703125,44.06999969482422,44.06999969482422,469.0
2023-03-09 13:34:00,CRVL,178.89999389648438,178.89999389648438,179.44000244140625,178.89999389648438,179.44000244140625,316.0
2023-03-09 13:34:00,CSWC,18.210500717163086,18.210500717163086,18.210500717163086,18.210500717163086,18.210500717163086,242.0
2023-03-09 13:34:00,CVBF,21.80500030517578,21.80500030517578,21.80500030517578,21.790000915527344,21.790000915527344,1576.0
2023-03-09 13:34:00,DWAC,14.029999732971191,14.029999732971191,14.037300109863281,14.029999732971191,14.029999732971191,1342.0
2023-03-09 13:34:00,EBC,14.470000267028809,14.470000267028809,14.479999542236328,14.470000267028809,14.479999542236328,1535.0
2023-03-09 13:34:00,EHTH,8.710000038146973,8.710000038146973,8.720000267028809,8.710000038146973,8.720000267028809,314.0
2023-03-09 13:34:00,EWBC,67.55000305175781,67.55000305175781,67.56999969482422,67.54000091552734,67.54000091552734,1086.0
2023-03-09 13:34:00,EZPW,8.795000076293945,8.795000076293945,8.795000076293945,8.795000076293945,8.795000076293945,149.0
2023-03-09 13:34:00,FBNC,38.470001220703125,38.470001220703125,38.470001220703125,38.470001220703125,38.470001220703125,111.0
2023-03-09 13:34:00,FCNCA,646.3300170898438,646.3300170898438,646.6900024414062,646.3250122070312,646.6900024414062,912.0
2023-03-09 13:34:00,FCNCO,21.549999237060547,21.549999237060547,21.549999237060547,21.549999237060547,21.549999237060547,595.0
2023-03-09 13:34:00,FCNCP,21.850000381469727,21.850000381469727,21.850000381469727,21.850000381469727,21.850000381469727,312.0
2023-03-09 13:34:00,FCRD,4.539999961853027,4.539999961853027,4.539999961853027,4.539999961853027,4.539999961853027,100.0
2023-03-09 13:34:00,FFIC,17.200000762939453,17.200000762939453,17.200000762939453,17.200000762939453,17.200000762939453,385.0
2023-03-09 13:34:00,FFIN,33.505001068115234,33.505001068115234,33.505001068115234,33.505001068115234,33.505001068115234,286.0
2023-03-09 13:34:00,FHB,24.030000686645508,24.030000686645508,24.03499984741211,24.030000686645508,24.03499984741211,232.0
2023-03-09 13:34:00,FIBK,32.11000061035156,32.11000061035156,32.11000061035156,32.11000061035156,32.11000061035156,562.0
2023-03-09 13:34:00,FITB,32.064998626708984,32.064998626708984,32.06999969482422,32.040000915527344,32.040000915527344,14204.0
2023-03-09 13:34:00,FITBI,25.139999389648438,25.139999389648438,25.143600463867188,25.139999389648438,25.143600463867188,3093.0
2023-03-09 13:34:00,FMBH,28.1299991607666,28.1299991607666,28.1299991607666,27.979999542236328,27.979999542236328,4996.0
2023-03-09 13:34:00,FOCS,51.630001068115234,51.630001068115234,51.63999938964844,51.630001068115234,51.63999938964844,2608.0
2023-03-09 13:34:00,FULT,15.630000114440918,15.630000114440918,15.630000114440918,15.630000114440918,15.630000114440918,1278.0
2023-03-09 13:34:00,FUTU,46.29999923706055,46.29999923706055,46.314998626708984,46.29999923706055,46.314998626708984,766.0
2023-03-09 13:34:00,FVCB,13.220000267028809,13.220000267028809,13.220000267028809,13.220000267028809,13.220000267028809,379.0
2023-03-09 13:34:00,GAIN,13.59000015258789,13.59000015258789,13.59000015258789,13.59000015258789,13.59000015258789,144.0
2023-03-09 13:34:00,GBDC,13.350000381469727,13.350000381469727,13.358200073242188,13.350000381469727,13.354999542236328,727.0
2023-03-09 13:34:00,GCMG,8.414999961853027,8.414999961853027,8.414999961853027,8.414999961853027,8.414999961853027,201.0
2023-03-09 13:34:00,GGAL,12.805000305175781,12.805000305175781,12.8100004196167,12.805000305175781,12.8100004196167,363.0
2023-03-09 13:34:00,GLAD,9.829999923706055,9.829999923706055,9.829999923706055,9.8100004196167,9.8100004196167,372.0
2023-03-09 13:34:00,GLRE,10.020000457763672,10.020000457763672,10.020000457763672,10.020000457763672,10.020000457763672,100.0
2023-03-09 13:34:00,GREE,0.41600000858306885,0.41600000858306885,0.41600000858306885,0.41600000858306885,0.41600000858306885,241.0
2023-03-09 13:34:00,GSHD,51.86000061035156,51.86000061035156,51.8650016784668,51.790000915527344,51.790000915527344,396.0
2023-03-09 13:34:00,HBAN,13.850000381469727,13.850000381469727,13.854999542236328,13.845000267028809,13.845000267028809,34179.0
2023-03-09 13:34:00,HBNC,13.789999961853027,13.789999961853027,13.789999961853027,13.779999732971191,13.779999732971191,810.0
2023-03-09 13:34:00,HBT,22.0049991607666,22.0049991607666,22.0049991607666,22.0049991607666,22.0049991607666,110.0
2023-03-09 13:34:00,HFWA,24.489999771118164,24.489999771118164,24.489999771118164,24.489999771118164,24.489999771118164,114.0
2023-03-09 13:34:00,HMST,22.229999542236328,22.229999542236328,22.229999542236328,22.225000381469727,22.225000381469727,261.0
2023-03-09 13:34:00,HONE,12.609999656677246,12.609999656677246,12.630000114440918,12.609999656677246,12.619999885559082,3468.0
2023-03-09 13:34:00,HOPE,11.649999618530273,11.649999618530273,11.649999618530273,11.640000343322754,11.649999618530273,1556.0
2023-03-09 13:34:00,HRZN,11.76609992980957,11.76609992980957,11.76609992980957,11.76609992980957,11.76609992980957,189.0
2023-03-09 13:34:00,HTLF,45.43000030517578,45.43000030517578,45.43000030517578,45.400001525878906,45.400001525878906,352.0
2023-03-09 13:34:00,HUT,1.3220000267028809,1.3220000267028809,1.3285000324249268,1.3200000524520874,1.3200000524520874,32350.0
2023-03-09 13:34:00,HWC,44.0099983215332,44.0099983215332,44.0099983215332,43.98500061035156,43.98500061035156,647.0
2023-03-09 13:34:00,IBKR,87.1050033569336,87.1050033569336,87.16999816894531,87.1050033569336,87.16999816894531,2168.0
2023-03-09 13:34:00,IBTX,52.4900016784668,52.4900016784668,52.4900016784668,52.439998626708984,52.44499969482422,1804.0
2023-03-09 13:34:00,INKA,10.430000305175781,10.430000305175781,10.430000305175781,10.430000305175781,10.430000305175781,700.0
2023-03-09 13:35:00,ABCB,42.525001525878906,42.525001525878906,42.599998474121094,42.525001525878906,42.599998474121094,2025.0
2023-03-09 13:35:00,ACGL,69.25,69.25,69.30000305175781,69.25,69.27999877929688,9573.0
2023-03-09 13:35:00,AMAL,21.0,21.0,21.010000228881836,21.0,21.010000228881836,229.0
2023-03-09 13:35:00,APLD,2.049999952316284,2.049999952316284,2.049999952316284,2.049999952316284,2.049999952316284,544.0
2023-03-09 13:35:00,ARCC,18.774999618530273,18.774999618530273,18.776500701904297,18.770000457763672,18.776500701904297,1222.0
2023-03-09 13:35:00,AROW,28.34000015258789,28.34000015258789,28.34000015258789,28.34000015258789,28.34000015258789,113.0
2023-03-09 13:35:00,ATLC,28.8799991607666,28.8799991607666,28.889999389648438,28.8799991607666,28.889999389648438,2177.0
2023-03-09 13:35:00,AUB,36.7400016784668,36.7400016784668,36.77000045776367,36.7400016784668,36.7599983215332,6620.0
2023-03-09 13:35:00,BANF,85.59500122070312,85.59500122070312,85.59500122070312,85.5199966430664,85.5199966430664,269.0
2023-03-09 13:35:00,BANR,57.47999954223633,57.47999954223633,57.47999954223633,57.47999954223633,57.47999954223633,220.0
2023-03-09 13:35:00,BCML,19.239999771118164,19.239999771118164,19.239999771118164,19.239999771118164,19.239999771118164,185.0
2023-03-09 13:35:00,BFST,18.59000015258789,18.59000015258789,18.59000015258789,18.59000015258789,18.59000015258789,293.0
2023-03-09 13:35:00,BGCP,4.96999979019165,4.96999979019165,4.96999979019165,4.96999979019165,4.96999979019165,1700.0
2023-03-09 13:35:00,BHF,52.349998474121094,52.349998474121094,52.349998474121094,52.349998474121094,52.349998474121094,380.0
2023-03-09 13:35:00,BITF,0.7469000220298767,0.7469000220298767,0.746999979019165,0.7400000095367432,0.7469000220298767,10309.0
2023-03-09 13:35:00,BKCC,3.659600019454956,3.659600019454956,3.659600019454956,3.6500000953674316,3.6500000953674316,297.0
2023-03-09 13:35:00,BLFY,11.399999618530273,11.399999618530273,11.399999618530273,11.399999618530273,11.399999618530273,456.0
2023-03-09 13:35:00,BOKF,95.63999938964844,95.63999938964844,95.63999938964844,95.63999938964844,95.63999938964844,354.0
2023-03-09 13:35:00,BPOP,62.2599983215332,62.2599983215332,62.275001525878906,62.2599983215332,62.27000045776367,851.0
2023-03-09 13:35:00,BRKL,11.479999542236328,11.479999542236328,11.479999542236328,11.479999542236328,11.479999542236328,601.0
2023-03-09 13:35:00,BTBT,1.1129000186920166,1.1129000186920166,1.1200000047683716,1.1100000143051147,1.1200000047683716,9620.0
2023-03-09 13:35:00,BUSE,22.530000686645508,22.530000686645508,22.530000686645508,22.510000228881836,22.510000228881836,565.0
2023-03-09 13:35:00,CASH,46.65999984741211,46.65999984741211,46.65999984741211,46.65999984741211,46.65999984741211,677.0
2023-03-09 13:35:00,CATC,70.63999938964844,70.63999938964844,70.6500015258789,70.47000122070312,70.47000122070312,1967.0
2023-03-09 13:35:00,CATY,38.939998626708984,38.939998626708984,38.939998626708984,38.92499923706055,38.92499923706055,300.0
2023-03-09 13:35:00,CBSH,61.834999084472656,61.834999084472656,61.875,61.834999084472656,61.849998474121094,747.0
2023-03-09 13:35:00,CCAP,14.899999618530273,14.899999618530273,14.899999618530273,14.889900207519531,14.889900207519531,1117.0
2023-03-09 13:35:00,CCBG,32.755001068115234,32.755001068115234,32.755001068115234,32.755001068115234,32.755001068115234,102.0
2023-03-09 13:35:00,CCD,23.059999465942383,23.059999465942383,23.059999465942383,23.059999465942383,23.059999465942383,4000.0
2023-03-09 13:35:00,CFBK,20.049999237060547,20.049999237060547,20.049999237060547,20.049999237060547,20.049999237060547,250.0
2023-03-09 13:35:00,CG,33.89500045776367,33.89500045776367,33.95000076293945,33.849998474121094,33.939998626708984,19995.0
2023-03-09 13:35:00,CGBD,14.830900192260742,14.830900192260742,14.830900192260742,14.830100059509277,14.830100059509277,1602.0
2023-03-09 13:35:00,CHCO,91.0,91.0,91.0,91.0,91.0,454.0
2023-03-09 13:35:00,CHI,11.895000457763672,11.895000457763672,11.895000457763672,11.895000457763672,11.895000457763672,108.0
2023-03-09 13:35:00,CIFR,1.4199999570846558,1.4199999570846558,1.4199999570846558,1.4179999828338623,1.4179999828338623,1100.0
2023-03-09 13:35:00,CINF,115.90499877929688,115.90499877929688,115.90499877929688,115.8499984741211,115.8499984741211,655.0
2023-03-09 13:35:00,CME,178.3300018310547,178.3300018310547,178.5,178.2100067138672,178.49000549316406,4014.0
2023-03-09 13:35:00,CNOB,21.6200008392334,21.6200008392334,21.649999618530273,21.6200008392334,21.639999389648438,643.0
2023-03-09 13:35:00,COLB,25.139999389648438,25.139999389648438,25.170000076293945,25.139999389648438,25.170000076293945,7558.0
2023-03-09 13:35:00,COOP,44.02000045776367,44.02000045776367,44.02000045776367,44.02000045776367,44.02000045776367,1148.0
2023-03-09 13:35:00,CRVL,178.9499969482422,178.9499969482422,178.99000549316406,178.9499969482422,178.99000549316406,857.0
2023-03-09 13:35:00,CSTR,15.279999732971191,15.279999732971191,15.279999732971191,15.279999732971191,15.279999732971191,480.0
2023-03-09 13:35:00,CSWC,18.209999084472656,18.209999084472656,18.209999084472656,18.209999084472656,18.209999084472656,113.0
2023-03-09 13:35:00,CVBF,21.780000686645508,21.780000686645508,21.799999237060547,21.780000686645508,21.799999237060547,1781.0
2023-03-09 13:35:00,EBC,14.470000267028809,14.470000267028809,14.470000267028809,14.460000038146973,14.470000267028809,1777.0
2023-03-09 13:35:00,ECPG,50.415000915527344,50.415000915527344,50.41999816894531,50.415000915527344,50.41999816894531,669.0
2023-03-09 13:35:00,EGBN,40.11000061035156,40.11000061035156,40.13999938964844,40.11000061035156,40.13999938964844,673.0
2023-03-09 13:35:00,EHTH,8.710000038146973,8.710000038146973,8.710000038146973,8.710000038146973,8.710000038146973,200.0
2023-03-09 13:35:00,EQBK,28.059999465942383,28.059999465942383,28.059999465942383,28.059999465942383,28.059999465942383,458.0
2023-03-09 13:35:00,EWBC,67.51000213623047,67.51000213623047,67.5199966430664,67.51000213623047,67.5199966430664,1400.0
2023-03-09 13:35:00,FBMS,28.84000015258789,28.84000015258789,28.84000015258789,28.84000015258789,28.84000015258789,101.0
2023-03-09 13:35:00,FBNC,38.470001220703125,38.470001220703125,38.470001220703125,38.470001220703125,38.470001220703125,911.0
2023-03-09 13:35:00,FCRD,4.53000020980835,4.53000020980835,4.53000020980835,4.53000020980835,4.53000020980835,100.0
2023-03-09 13:35:00,FDUS,20.110000610351562,20.110000610351562,20.110000610351562,20.110000610351562,20.110000610351562,320.0
2023-03-09 13:35:00,FFIC,17.190000534057617,17.190000534057617,17.200000762939453,17.190000534057617,17.200000762939453,402.0
2023-03-09 13:35:00,FFIN,33.5,33.5,33.5,33.5,33.5,409.0
2023-03-09 13:35:00,FFWM,12.800000190734863,12.800000190734863,12.8100004196167,12.800000190734863,12.8100004196167,2259.0
2023-03-09 13:35:00,FHB,24.0,24.0,24.020000457763672,24.0,24.020000457763672,1288.0
2023-03-09 13:35:00,FIBK,32.060001373291016,32.060001373291016,32.06999969482422,32.060001373291016,32.06999969482422,757.0
2023-03-09 13:35:00,FITB,32.025001525878906,32.025001525878906,32.07500076293945,32.025001525878906,32.060001373291016,6626.0
2023-03-09 13:35:00,FLIC,16.1299991607666,16.1299991607666,16.149999618530273,16.1299991607666,16.149999618530273,531.0
2023-03-09 13:35:00,FMBH,28.229999542236328,28.229999542236328,28.239999771118164,28.18000030517578,28.239999771118164,481.0
2023-03-09 13:35:00,FOCS,51.650001525878906,51.650001525878906,51.650001525878906,51.630001068115234,51.630001068115234,6162.0
2023-03-09 13:35:00,FRBK,1.7300000190734863,1.7300000190734863,1.7300000190734863,1.7300000190734863,1.7300000190734863,100.0
2023-03-09 13:35:00,FULT,15.609999656677246,15.609999656677246,15.630000114440918,15.609999656677246,15.630000114440918,3634.0
2023-03-09 13:35:00,FUTU,46.29999923706055,46.29999923706055,46.33000183105469,46.279998779296875,46.29999923706055,4404.0
2023-03-09 13:35:00,FVCB,13.234999656677246,13.234999656677246,13.25,13.220000267028809,13.25,1419.0
2023-03-09 13:35:00,GABC,35.7400016784668,35.7400016784668,35.7400016784668,35.7400016784668,35.7400016784668,418.0
2023-03-09 13:35:00,GBDC,13.354999542236328,13.354999542236328,13.354999542236328,13.350000381469727,13.350000381469727,640.0
2023-03-09 13:35:00,GCMG,8.399999618530273,8.399999618530273,8.399999618530273,8.399999618530273,8.399999618530273,103.0
2023-03-09 13:35:00,GGAL,12.795000076293945,12.795000076293945,12.8100004196167,12.795000076293945,12.805000305175781,2582.0
2023-03-09 13:35:00,GLAD,9.819999694824219,9.819999694824219,9.819999694824219,9.819999694824219,9.819999694824219,231.0
2023-03-09 13:35:00,GLBZ,7.949900150299072,7.949900150299072,7.949900150299072,7.949900150299072,7.949900150299072,112.0
2023-03-09 13:35:00,GSHD,51.75,51.75,51.779998779296875,51.75,51.77000045776367,2848.0
2023-03-09 13:35:00,GXII,10.119999885559082,10.119999885559082,10.119999885559082,10.119999885559082,10.119999885559082,100.0
2023-03-09 13:35:00,HAFC,21.68000030517578,21.68000030517578,21.68000030517578,21.68000030517578,21.68000030517578,447.0
2023-03-09 13:35:00,HBAN,13.829999923706055,13.829999923706055,13.850000381469727,13.829999923706055,13.850000381469727,78642.0
2023-03-09 13:35:00,HBT,22.0,22.0,22.0,22.0,22.0,312.0
2023-03-09 13:35:00,HFWA,24.540000915527344,24.540000915527344,24.540000915527344,24.489999771118164,24.530000686645508,869.0
2023-03-09 13:35:00,HIFS,257.8800048828125,257.8800048828125,257.8800048828125,257.79998779296875,257.79998779296875,775.0
2023-03-09 13:35:00,HIVE,2.5350000858306885,2.5350000858306885,2.5350000858306885,2.5350000858306885,2.5350000858306885,346.0
2023-03-09 13:35:00,HOPE,11.648699760437012,11.648699760437012,11.649999618530273,11.645000457763672,11.645000457763672,339.0
2023-03-09 13:35:00,HRZN,11.765000343322754,11.765000343322754,11.765000343322754,11.765000343322754,11.765000343322754,271.0
2023-03-09 13:35:00,HTBI,27.649999618530273,27.649999618530273,27.649999618530273,27.649999618530273,27.649999618530273,1281.0
2023-03-09 13:35:00,HTLF,45.400001525878906,45.400001525878906,45.400001525878906,45.400001525878906,45.400001525878906,448.0
2023-03-09 13:35:00,HUIZ,1.3899999856948853,1.3899999856948853,1.3899999856948853,1.3898999691009521,1.3898999691009521,3258.0
2023-03-09 13:35:00,HUT,1.3200000524520874,1.3200000524520874,1.329699993133545,1.3200000524520874,1.3200000524520874,10205.0
2023-03-09 13:35:00,HWC,43.959999084472656,43.959999084472656,44.0099983215332,43.959999084472656,44.0099983215332,460.0
2023-03-09 13:35:00,IBKR,87.06999969482422,87.06999969482422,87.11000061035156,87.06999969482422,87.08999633789062,1788.0
2023-03-09 13:35:00,IBOC,44.77000045776367,44.77000045776367,44.77000045776367,44.77000045776367,44.77000045776367,126.0
2023-03-09 13:35:00,IGIC,8.300000190734863,8.300000190734863,8.300000190734863,8.300000190734863,8.300000190734863,100.0
2023-03-09 13:35:00,INBK,23.479999542236328,23.479999542236328,23.489999771118164,23.479999542236328,23.485000610351562,391.0
2023-03-09 13:35:00,INDB,71.58000183105469,71.58000183105469,71.68000030517578,71.58000183105469,71.68000030517578,1927.0
2023-03-09 13:36:00,ACGL,69.25,69.25,69.27999877929688,69.25,69.26000213623047,3805.0
2023-03-09 13:36:00,ACT,24.0,24.0,24.0,23.940000534057617,23.940000534057617,2062.0
2023-03-09 13:36:00,AMAL,21.011699676513672,21.011699676513672,21.011699676513672,21.0,21.0,307.0
2023-03-09 13:36:00,APLD,2.069999933242798,2.069999933242798,2.069999933242798,2.0450000762939453,2.0450000762939453,5877.0
2023-03-09 13:36:00,ARCC,18.770099639892578,18.770099639892578,18.78499984741211,18.770099639892578,18.774999618530273,16857.0
2023-03-09 13:36:00,ATLO,23.389999389648438,23.389999389648438,23.399999618530273,23.389999389648438,23.399999618530273,549.0
2023-03-09 13:36:00,AUB,36.709999084472656,36.709999084472656,36.709999084472656,36.709999084472656,36.709999084472656,514.0
2023-03-09 13:36:00,BAFN,17.670000076293945,17.670000076293945,17.670000076293945,17.670000076293945,17.670000076293945,359.0
2023-03-09 13:36:00,BCBP,15.779999732971191,15.779999732971191,15.779999732971191,15.779999732971191,15.779999732971191,335.0
2023-03-09 13:36:00,BGCP,4.96999979019165,4.96999979019165,4.977499961853027,4.96999979019165,4.977499961853027,1503.0
2023-03-09 13:36:00,BHF,52.380001068115234,52.380001068115234,52.380001068115234,52.380001068115234,52.380001068115234,389.0
2023-03-09 13:36:00,BITF,0.746999979019165,0.746999979019165,0.746999979019165,0.7434989809989929,0.7434989809989929,672.0
2023-03-09 13:36:00,BPOP,62.2599983215332,62.2599983215332,62.29999923706055,62.2599983215332,62.2599983215332,4187.0
2023-03-09 13:36:00,BTBT,1.1150000095367432,1.1150000095367432,1.1150000095367432,1.111299991607666,1.1150000095367432,1508.0
2023-03-09 13:36:00,BUSE,22.530000686645508,22.530000686645508,22.530000686645508,22.530000686645508,22.530000686645508,1554.0
2023-03-09 13:36:00,CASH,46.84000015258789,46.84000015258789,46.84000015258789,46.689998626708984,46.689998626708984,1888.0
2023-03-09 13:36:00,CATY,38.95000076293945,38.95000076293945,38.95000076293945,38.935001373291016,38.935001373291016,540.0
2023-03-09 13:36:00,CBSH,61.79999923706055,61.79999923706055,61.82500076293945,61.79999923706055,61.810001373291016,1337.0
2023-03-09 13:36:00,CCAP,14.880000114440918,14.880000114440918,14.890000343322754,14.859999656677246,14.890000343322754,1046.0
2023-03-09 13:36:00,CFFN,7.505000114440918,7.505000114440918,7.505000114440918,7.5,7.5,542.0
2023-03-09 13:36:00,CG,33.93000030517578,33.93000030517578,33.959999084472656,33.880001068115234,33.89500045776367,83833.0
2023-03-09 13:36:00,CGBD,14.829999923706055,14.829999923706055,14.829999923706055,14.829999923706055,14.829999923706055,300.0
2023-03-09 13:36:00,CHI,11.890000343322754,11.890000343322754,11.890000343322754,11.890000343322754,11.890000343322754,100.0
2023-03-09 13:36:00,CHW,6.040299892425537,6.040299892425537,6.040299892425537,6.040299892425537,6.040299892425537,755.0
2023-03-09 13:36:00,CIFR,1.4199999570846558,1.4199999570846558,1.4199999570846558,1.4117000102996826,1.4117000102996826,377.0
2023-03-09 13:36:00,CINF,115.95999908447266,115.95999908447266,115.97000122070312,115.95999908447266,115.95999908447266,1038.0
2023-03-09 13:36:00,CLBK,19.579999923706055,19.579999923706055,19.600000381469727,19.579999923706055,19.600000381469727,261.0
2023-03-09 13:36:00,CNOB,21.6299991607666,21.6299991607666,21.6299991607666,21.6299991607666,21.6299991607666,2268.0
2023-03-09 13:36:00,COLB,25.170000076293945,25.170000076293945,25.200000762939453,25.1200008392334,25.1299991607666,31177.0
2023-03-09 13:36:00,CRVL,179.0,179.0,179.0,179.0,179.0,189.0
2023-03-09 13:36:00,CSWC,18.214099884033203,18.214099884033203,18.214099884033203,18.209999084472656,18.209999084472656,457.0
2023-03-09 13:36:00,CTBI,40.33000183105469,40.33000183105469,40.34000015258789,40.33000183105469,40.34000015258789,1142.0
2023-03-09 13:36:00,CVBF,21.780000686645508,21.780000686645508,21.780000686645508,21.780000686645508,21.780000686645508,101.0
2023-03-09 13:36:00,CZFS,79.30000305175781,79.30000305175781,79.30000305175781,79.30000305175781,79.30000305175781,360.0
2023-03-09 13:36:00,DHAC,11.169899940490723,11.169899940490723,11.170000076293945,11.169899940490723,11.170000076293945,0.0
2023-03-09 13:36:00,EBC,14.460000038146973,14.460000038146973,14.46500015258789,14.460000038146973,14.46500015258789,461.0
2023-03-09 13:36:00,ECPG,50.41999816894531,50.41999816894531,50.41999816894531,50.41999816894531,50.41999816894531,722.0
2023-03-09 13:36:00,EHTH,8.710100173950195,8.710100173950195,8.710100173950195,8.710100173950195,8.710100173950195,711.0
2023-03-09 13:36:00,EWBC,67.56999969482422,67.56999969482422,67.56999969482422,67.5,67.5,1557.0
2023-03-09 13:36:00,EZPW,8.792499542236328,8.792499542236328,8.795000076293945,8.792499542236328,8.795000076293945,321.0
2023-03-09 13:36:00,FBMS,28.829999923706055,28.829999923706055,28.829999923706055,28.829999923706055,28.829999923706055,213.0
2023-03-09 13:36:00,FCAP,26.100000381469727,26.100000381469727,26.100000381469727,26.100000381469727,26.100000381469727,0.0
2023-03-09 13:36:00,FCRD,4.590000152587891,4.590000152587891,4.590000152587891,4.53000020980835,4.53000020980835,2194.0
2023-03-09 13:36:00,FFBC,22.290000915527344,22.290000915527344,22.290000915527344,22.290000915527344,22.290000915527344,389.0
2023-03-09 13:36:00,FFIC,17.18000030517578,17.18000030517578,17.18000030517578,17.18000030517578,17.18000030517578,100.0
2023-03-09 13:36:00,FFIN,33.5,33.5,33.5,33.4900016784668,33.4900016784668,2145.0
2023-03-09 13:36:00,FFWM,12.800000190734863,12.800000190734863,12.800000190734863,12.800000190734863,12.800000190734863,300.0
2023-03-09 13:36:00,FHB,23.979999542236328,23.979999542236328,23.979999542236328,23.979999542236328,23.979999542236328,287.0
2023-03-09 13:36:00,FIBK,32.040000915527344,32.040000915527344,32.04999923706055,32.040000915527344,32.04999923706055,921.0
2023-03-09 13:36:00,FITB,32.005001068115234,32.005001068115234,32.03499984741211,32.0,32.029998779296875,38280.0
2023-03-09 13:36:00,FMNB,13.130000114440918,13.130000114440918,13.130000114440918,13.130000114440918,13.130000114440918,556.0
2023-03-09 13:36:00,FOCS,51.625,51.625,51.650001525878906,51.619998931884766,51.64500045776367,18980.0
2023-03-09 13:36:00,FRBK,1.732300043106079,1.732300043106079,1.732300043106079,1.732300043106079,1.732300043106079,250.0
2023-03-09 13:36:00,FULT,15.609999656677246,15.609999656677246,15.609999656677246,15.609999656677246,15.609999656677246,988.0
2023-03-09 13:36:00,FUTU,46.29999923706055,46.29999923706055,46.29999923706055,46.29999923706055,46.29999923706055,103.0
2023-03-09 13:36:00,GAIN,13.598999977111816,13.598999977111816,13.600000381469727,13.598999977111816,13.600000381469727,355.0
2023-03-09 13:36:00,GBDC,13.354999542236328,13.354999542236328,13.354999542236328,13.350000381469727,13.350000381469727,1627.0
2023-03-09 13:36:00,GCMG,8.40999984741211,8.40999984741211,8.40999984741211,8.40999984741211,8.40999984741211,273.0
2023-03-09 13:36:00,GGAL,12.819999694824219,12.819999694824219,12.819999694824219,12.819999694824219,12.819999694824219,136.0
2023-03-09 13:36:00,GLRE,10.020000457763672,10.020000457763672,10.020000457763672,10.010000228881836,10.015000343322754,928.0
2023-03-09 13:36:00,GREE,0.4041999876499176,0.4041999876499176,0.4041999876499176,0.4041999876499176,0.4041999876499176,14457.0
2023-03-09 13:36:00,GSHD,51.66999816894531,51.66999816894531,51.66999816894531,51.66999816894531,51.66999816894531,242.0
2023-03-09 13:36:00,HBAN,13.829999923706055,13.829999923706055,13.839900016784668,13.829999923706055,13.829999923706055,24444.0
2023-03-09 13:36:00,HIFS,257.5,257.5,257.5,257.010009765625,257.010009765625,699.0
2023-03-09 13:36:00,HIVE,2.5399999618530273,2.5399999618530273,2.5399999618530273,2.5350000858306885,2.5399999618530273,1612.0
2023-03-09 13:36:00,HMST,22.1200008392334,22.1200008392334,22.170000076293945,22.1200008392334,22.170000076293945,340.0
2023-03-09 13:36:00,HOPE,11.640000343322754,11.640000343322754,11.640000343322754,11.640000343322754,11.640000343322754,1050.0
2023-03-09 13:36:00,HRZN,11.770000457763672,11.770000457763672,11.770000457763672,11.770000457763672,11.770000457763672,386.0
2023-03-09 13:36:00,HUIZ,1.409999966621399,1.409999966621399,1.409999966621399,1.409999966621399,1.409999966621399,2300.0
2023-03-09 13:36:00,HUT,1.3299000263214111,1.3299000263214111,1.3300000429153442,1.3200000524520874,1.3250000476837158,14409.0
2023-03-09 13:36:00,IBKR,87.0199966430664,87.0199966430664,87.05000305175781,86.97000122070312,87.05000305175781,4108.0
2023-03-09 13:36:00,ICMB,3.930799961090088,3.930799961090088,3.930799961090088,3.930000066757202,3.930000066757202,2000.0
2023-03-09 13:37:00,ACGL,69.16000366210938,69.16000366210938,69.22000122070312,69.16000366210938,69.22000122070312,830.0
2023-03-09 13:37:00,APLD,2.0690999031066895,2.0690999031066895,2.0690999031066895,2.0690999031066895,2.0690999031066895,1000.0
2023-03-09 13:37:00,ARCC,18.775999069213867,18.775999069213867,18.775999069213867,18.770000457763672,18.775400161743164,5560.0
2023-03-09 13:37:00,ATLO,23.360000610351562,23.360000610351562,23.489999771118164,23.360000610351562,23.489999771118164,2436.0
2023-03-09 13:37:00,AUB,36.66999816894531,36.66999816894531,36.689998626708984,36.66999816894531,36.689998626708984,1117.0
2023-03-09 13:37:00,BANF,85.43000030517578,85.43000030517578,85.4800033569336,85.43000030517578,85.4800033569336,1680.0
2023-03-09 13:37:00,BANR,57.40999984741211,57.40999984741211,57.40999984741211,57.40999984741211,57.40999984741211,408.0
2023-03-09 13:37:00,BCBP,15.779999732971191,15.779999732971191,15.779999732971191,15.779999732971191,15.779999732971191,270.0
2023-03-09 13:37:00,BFST,18.56999969482422,18.56999969482422,18.56999969482422,18.56999969482422,18.56999969482422,323.0
2023-03-09 13:37:00,BGCP,4.974800109863281,4.974800109863281,4.977499961853027,4.974800109863281,4.977499961853027,776.0
2023-03-09 13:37:00,BHF,52.39500045776367,52.39500045776367,52.400001525878906,52.349998474121094,52.349998474121094,2291.0
2023-03-09 13:37:00,BITF,0.7568989992141724,0.7568989992141724,0.7569000124931335,0.7402999997138977,0.7473999857902527,11286.0
2023-03-09 13:37:00,BKCC,3.6500000953674316,3.6500000953674316,3.6598000526428223,3.6500000953674316,3.6598000526428223,1379.0
2023-03-09 13:37:00,BMRC,27.040000915527344,27.040000915527344,27.040000915527344,27.040000915527344,27.040000915527344,510.0
2023-03-09 13:37:00,BOKF,95.55999755859375,95.55999755859375,95.55999755859375,95.55999755859375,95.55999755859375,508.0
2023-03-09 13:37:00,BPOP,62.2599983215332,62.2599983215332,62.2599983215332,62.220001220703125,62.2599983215332,1581.0
2023-03-09 13:37:00,BRKL,11.470000267028809,11.470000267028809,11.470000267028809,11.465200424194336,11.470000267028809,3837.0
2023-03-09 13:37:00,BSRR,19.290000915527344,19.290000915527344,19.290000915527344,19.290000915527344,19.290000915527344,100.0
2023-03-09 13:37:00,BTBT,1.1200000047683716,1.1200000047683716,1.1200000047683716,1.1200000047683716,1.1200000047683716,170.0
2023-03-09 13:37:00,CATY,38.88999938964844,38.88999938964844,38.90999984741211,38.88999938964844,38.90999984741211,739.0
2023-03-09 13:37:00,CBSH,61.779998779296875,61.779998779296875,61.810001373291016,61.779998779296875,61.79999923706055,1447.0
2023-03-09 13:37:00,CFFN,7.494999885559082,7.494999885559082,7.505000114440918,7.494999885559082,7.505000114440918,4103.0
2023-03-09 13:37:00,CG,33.88999938964844,33.88999938964844,33.94499969482422,33.88999938964844,33.93000030517578,51735.0
2023-03-09 13:37:00,CGBD,14.815500259399414,14.815500259399414,14.824999809265137,14.815500259399414,14.824999809265137,414.0
2023-03-09 13:37:00,CHI,11.890000343322754,11.890000343322754,11.890000343322754,11.890000343322754,11.890000343322754,300.0
2023-03-09 13:37:00,CINF,115.9000015258789,115.9000015258789,115.93000030517578,115.9000015258789,115.93000030517578,689.0
2023-03-09 13:37:00,CME,178.1208038330078,178.1208038330078,178.1208038330078,178.10000610351562,178.11500549316406,744.0
2023-03-09 13:37:00,CNOB,21.6200008392334,21.6200008392334,21.6299991607666,21.6200008392334,21.6299991607666,1002.0
2023-03-09 13:37:00,COLB,25.1299991607666,25.1299991607666,25.15999984741211,25.1299991607666,25.15999984741211,6145.0
2023-03-09 13:37:00,COOP,43.83000183105469,43.83000183105469,43.91999816894531,43.83000183105469,43.91999816894531,1485.0
2023-03-09 13:37:00,CSWC,18.2549991607666,18.2549991607666,18.2549991607666,18.219999313354492,18.219999313354492,4717.0
2023-03-09 13:37:00,CTBI,40.31999969482422,40.31999969482422,40.31999969482422,40.31999969482422,40.31999969482422,552.0
2023-03-09 13:37:00,CVBF,21.770000457763672,21.770000457763672,21.770000457763672,21.770000457763672,21.770000457763672,301.0
2023-03-09 13:37:00,CWBC,14.949999809265137,14.949999809265137,14.949999809265137,14.949999809265137,14.949999809265137,501.0
2023-03-09 13:37:00,DGICA,15.0,15.0,15.001899719238281,15.0,15.001899719238281,858.0
2023-03-09 13:37:00,DGNU,9.914999961853027,9.914999961853027,9.914999961853027,9.914999961853027,9.914999961853027,100.0
2023-03-09 13:37:00,EBC,14.449999809265137,14.449999809265137,14.449999809265137,14.449999809265137,14.449999809265137,2899.0
2023-03-09 13:37:00,ECPG,50.41999816894531,50.41999816894531,50.41999816894531,50.41999816894531,50.41999816894531,845.0
2023-03-09 13:37:00,EFSC,51.369998931884766,51.369998931884766,51.369998931884766,51.29999923706055,51.310001373291016,995.0
2023-03-09 13:37:00,EGBN,40.05500030517578,40.05500030517578,40.060001373291016,40.05500030517578,40.060001373291016,1038.0
2023-03-09 13:37:00,EHTH,8.710000038146973,8.710000038146973,8.710000038146973,8.710000038146973,8.710000038146973,510.0
2023-03-09 13:37:00,EWBC,67.54000091552734,67.54000091552734,67.56999969482422,67.54000091552734,67.56999969482422,1604.0
2023-03-09 13:37:00,EZPW,8.78499984741211,8.78499984741211,8.789999961853027,8.78499984741211,8.789999961853027,647.0
2023-03-09 13:37:00,FBMS,28.809999465942383,28.809999465942383,28.829999923706055,28.809999465942383,28.829999923706055,1020.0
2023-03-09 13:37:00,FBNC,38.45000076293945,38.45000076293945,38.45000076293945,38.41999816894531,38.41999816894531,1137.0
2023-03-09 13:37:00,FCNCA,645.1900024414062,645.1900024414062,645.8300170898438,645.1900024414062,645.8300170898438,1336.0
2023-03-09 13:37:00,FCNCP,21.850000381469727,21.850000381469727,21.850000381469727,21.850000381469727,21.850000381469727,200.0
2023-03-09 13:37:00,FCRD,4.550000190734863,4.550000190734863,4.550000190734863,4.550000190734863,4.550000190734863,100.0
2023-03-09 13:37:00,FDUS,20.08099937438965,20.08099937438965,20.08099937438965,20.08099937438965,20.08099937438965,2600.0
2023-03-09 13:37:00,FFBC,22.270000457763672,22.270000457763672,22.290000915527344,22.270000457763672,22.280000686645508,695.0
2023-03-09 13:37:00,FFIC,17.170000076293945,17.170000076293945,17.18000030517578,17.170000076293945,17.18000030517578,501.0
2023-03-09 13:37:00,FFIN,33.470001220703125,33.470001220703125,33.494998931884766,33.470001220703125,33.494998931884766,942.0
2023-03-09 13:37:00,FFWM,12.789999961853027,12.789999961853027,12.8100004196167,12.779999732971191,12.8100004196167,2700.0
2023-03-09 13:37:00,FHB,23.93000030517578,23.93000030517578,23.979999542236328,23.93000030517578,23.979999542236328,3351.0
2023-03-09 13:37:00,FISI,22.9950008392334,22.9950008392334,22.9950008392334,22.959999084472656,22.959999084472656,341.0
2023-03-09 13:37:00,FITB,31.989999771118164,31.989999771118164,32.005001068115234,31.979999542236328,32.005001068115234,24421.0
2023-03-09 13:37:00,FITBI,25.16990089416504,25.16990089416504,25.16990089416504,25.16990089416504,25.16990089416504,100.0
2023-03-09 13:37:00,FMBH,28.264999389648438,28.264999389648438,28.329999923706055,28.239999771118164,28.239999771118164,499.0
2023-03-09 13:37:00,FMNB,13.119999885559082,13.119999885559082,13.130000114440918,13.119999885559082,13.130000114440918,576.0
2023-03-09 13:37:00,FOCS,51.61000061035156,51.61000061035156,51.625,51.599998474121094,51.619998931884766,11995.0
2023-03-09 13:37:00,FRBK,1.7235000133514404,1.7235000133514404,1.7350000143051147,1.7235000133514404,1.7350000143051147,2217.0
2023-03-09 13:37:00,FRME,37.29999923706055,37.29999923706055,37.29999923706055,37.29999923706055,37.29999923706055,120.0
2023-03-09 13:37:00,FSBC,25.43000030517578,25.43000030517578,25.43000030517578,25.43000030517578,25.43000030517578,317.0
2023-03-09 13:37:00,FSBW,33.29999923706055,33.29999923706055,33.29999923706055,33.29999923706055,33.29999923706055,100.0
2023-03-09 13:37:00,FULT,15.600000381469727,15.600000381469727,15.609999656677246,15.600000381469727,15.609999656677246,2243.0
2023-03-09 13:37:00,FUND,8.5,8.5,8.5,8.5,8.5,100.0
2023-03-09 13:37:00,FUTU,46.27000045776367,46.27000045776367,46.29999923706055,46.27000045776367,46.279998779296875,10016.0
2023-03-09 13:37:00,GAIN,13.59000015258789,13.59000015258789,13.59000015258789,13.59000015258789,13.59000015258789,329.0
2023-03-09 13:37:00,GBDC,13.350000381469727,13.350000381469727,13.354999542236328,13.350000381469727,13.350799560546875,1797.0
2023-03-09 13:37:00,GCMG,8.399999618530273,8.399999618530273,8.399999618530273,8.399999618530273,8.399999618530273,339.0
2023-03-09 13:37:00,GXII,10.119999885559082,10.119999885559082,10.119999885559082,10.119999885559082,10.119999885559082,100.0
2023-03-09 13:37:00,HAFC,21.649999618530273,21.649999618530273,21.649999618530273,21.6299991607666,21.639999389648438,1031.0
2023-03-09 13:37:00,HBAN,13.8149995803833,13.8149995803833,13.829999923706055,13.800000190734863,13.829999923706055,84006.0
2023-03-09 13:37:00,HBANM,22.74220085144043,22.74220085144043,22.74220085144043,22.639999389648438,22.709999084472656,1744.0
2023-03-09 13:37:00,HBANP,19.049999237060547,19.049999237060547,19.079999923706055,19.049999237060547,19.059999465942383,4628.0
2023-03-09 13:37:00,HBNC,13.760000228881836,13.760000228881836,13.770000457763672,13.760000228881836,13.770000457763672,1072.0
2023-03-09 13:37:00,HIVE,2.5350000858306885,2.5350000858306885,2.5399999618530273,2.5350000858306885,2.5399999618530273,3906.0
2023-03-09 13:37:00,HMST,22.15999984741211,22.15999984741211,22.15999984741211,22.139999389648438,22.139999389648438,568.0
2023-03-09 13:37:00,HONE,12.609999656677246,12.609999656677246,12.609999656677246,12.609999656677246,12.609999656677246,333.0
2023-03-09 13:37:00,HOPE,11.630000114440918,11.630000114440918,11.635000228881836,11.630000114440918,11.635000228881836,881.0
2023-03-09 13:37:00,HRZN,11.760000228881836,11.760000228881836,11.767600059509277,11.75,11.755000114440918,2360.0
2023-03-09 13:37:00,HTBK,10.789999961853027,10.789999961853027,10.800000190734863,10.789999961853027,10.800000190734863,2152.0
2023-03-09 13:37:00,HTLF,45.369998931884766,45.369998931884766,45.369998931884766,45.369998931884766,45.369998931884766,137.0
2023-03-09 13:37:00,HUT,1.3299000263214111,1.3299000263214111,1.3299000263214111,1.3200000524520874,1.3285000324249268,4286.0
2023-03-09 13:37:00,HWC,43.97999954223633,43.97999954223633,43.97999954223633,43.939998626708984,43.939998626708984,1175.0
2023-03-09 13:37:00,IBKR,87.01000213623047,87.01000213623047,87.0199966430664,86.9800033569336,87.0199966430664,1118.0
2023-03-09 13:37:00,IBOC,44.77000045776367,44.77000045776367,44.77000045776367,44.77000045776367,44.77000045776367,452.0
2023-03-09 13:37:00,IBTX,52.4900016784668,52.4900016784668,52.5,52.4900016784668,52.5,3349.0
2023-03-09 13:37:00,INBK,23.415000915527344,23.415000915527344,23.450000762939453,23.415000915527344,23.450000762939453,299.0
2023-03-09 13:38:00,ABCB,42.4900016784668,42.4900016784668,42.4900016784668,42.4900016784668,42.4900016784668,772.0
2023-03-09 13:38:00,ACGL,69.26000213623047,69.26000213623047,69.2699966430664,69.19000244140625,69.19000244140625,5467.0
2023-03-09 13:38:00,ACGLN,18.7549991607666,18.7549991607666,18.7549991607666,18.7549991607666,18.7549991607666,365.0
2023-03-09 13:38:00,ACGLO,22.510000228881836,22.510000228881836,22.510000228881836,22.510000228881836,22.510000228881836,399.0
2023-03-09 13:38:00,ACT,23.985000610351562,23.985000610351562,23.985000610351562,23.985000610351562,23.985000610351562,156.0
2023-03-09 13:38:00,AMAL,20.989999771118164,20.989999771118164,21.013399124145508,20.969999313354492,21.013399124145508,551.0
2023-03-09 13:38:00,APLD,2.065000057220459,2.065000057220459,2.065000057220459,2.065000057220459,2.065000057220459,100.0
2023-03-09 13:38:00,ARCC,18.774999618530273,18.774999618530273,18.77910041809082,18.774999618530273,18.77910041809082,2838.0
2023-03-09 13:38:00,ATLCP,20.19499969482422,20.19499969482422,20.19499969482422,20.19499969482422,20.19499969482422,124.0
2023-03-09 13:38:00,AUB,36.654998779296875,36.654998779296875,36.68000030517578,36.654998779296875,36.68000030517578,849.0
2023-03-09 13:38:00,BFST,18.559999465942383,18.559999465942383,18.559999465942383,18.549999237060547,18.549999237060547,208.0
2023-03-09 13:38:00,BGCP,4.965000152587891,4.965000152587891,4.974999904632568,4.965000152587891,4.974999904632568,5541.0
2023-03-09 13:38:00,BHF,52.439998626708984,52.439998626708984,52.439998626708984,52.40999984741211,52.40999984741211,1129.0
2023-03-09 13:38:00,BITF,0.746999979019165,0.746999979019165,0.75,0.746999979019165,0.75,18220.0
2023-03-09 13:38:00,BMRC,27.049999237060547,27.049999237060547,27.049999237060547,27.049999237060547,27.049999237060547,462.0
2023-03-09 13:38:00,BOKF,95.4800033569336,95.4800033569336,95.4800033569336,95.4800033569336,95.4800033569336,191.0
2023-03-09 13:38:00,BPOP,62.279998779296875,62.279998779296875,62.279998779296875,62.2599983215332,62.2599983215332,760.0
2023-03-09 13:38:00,BRKL,11.475000381469727,11.475000381469727,11.475000381469727,11.470000267028809,11.470000267028809,952.0
2023-03-09 13:38:00,BRP,25.649999618530273,25.649999618530273,25.649999618530273,25.549999237060547,25.549999237060547,451.0
2023-03-09 13:38:00,BTBT,1.1123000383377075,1.1123000383377075,1.1150000095367432,1.1050000190734863,1.1150000095367432,105305.0
2023-03-09 13:38:00,CACC,434.2900085449219,434.2900085449219,434.2900085449219,434.2900085449219,434.2900085449219,261.0
2023-03-09 13:38:00,CASH,46.83000183105469,46.83000183105469,46.84000015258789,46.7400016784668,46.7400016784668,4757.0
2023-03-09 13:38:00,CBSH,61.79999923706055,61.79999923706055,61.81999969482422,61.79999923706055,61.81999969482422,4243.0
2023-03-09 13:38:00,CCD,23.099899291992188,23.099899291992188,23.1200008392334,23.099899291992188,23.100000381469727,1405.0
2023-03-09 13:38:00,CFFN,7.494999885559082,7.494999885559082,7.494999885559082,7.494999885559082,7.494999885559082,140.0
2023-03-09 13:38:00,CG,33.92499923706055,33.92499923706055,33.93000030517578,33.88999938964844,33.900001525878906,16278.0
2023-03-09 13:38:00,CGBD,14.824999809265137,14.824999809265137,14.824999809265137,14.824999809265137,14.824999809265137,100.0
2023-03-09 13:38:00,CHEAU,10.510000228881836,10.510000228881836,10.510000228881836,10.510000228881836,10.510000228881836,100.0
2023-03-09 13:38:00,CHI,11.890000343322754,11.890000343322754,11.89490032196045,11.890000343322754,11.89490032196045,2100.0
2023-03-09 13:38:00,CIFR,1.4249999523162842,1.4249999523162842,1.4249999523162842,1.4199999570846558,1.4199999570846558,833.0
2023-03-09 13:38:00,CINF,115.98999786376953,115.98999786376953,115.98999786376953,115.98999786376953,115.98999786376953,141.0
2023-03-09 13:38:00,CME,178.22500610351562,178.22500610351562,178.22500610351562,178.13999938964844,178.13999938964844,2608.0
2023-03-09 13:38:00,CNOB,21.614999771118164,21.614999771118164,21.614999771118164,21.614999771118164,21.614999771118164,177.0
2023-03-09 13:38:00,COLB,25.110000610351562,25.110000610351562,25.125,25.110000610351562,25.125,2220.0
2023-03-09 13:38:00,COOP,43.869998931884766,43.869998931884766,43.869998931884766,43.849998474121094,43.849998474121094,322.0
2023-03-09 13:38:00,CRVL,179.02000427246094,179.02000427246094,179.02000427246094,179.02000427246094,179.02000427246094,348.0
2023-03-09 13:38:00,CTBI,40.31719970703125,40.31719970703125,40.349998474121094,40.31719970703125,40.349998474121094,844.0
2023-03-09 13:38:00,CVBF,21.770000457763672,21.770000457763672,21.770000457763672,21.770000457763672,21.770000457763672,201.0
2023-03-09 13:38:00,DHCA,10.0600004196167,10.0600004196167,10.0600004196167,10.0600004196167,10.0600004196167,1894.0
2023-03-09 13:38:00,DNAD,10.204999923706055,10.204999923706055,10.204999923706055,10.204999923706055,10.204999923706055,100.0
2023-03-09 13:38:00,EBC,14.460000038146973,14.460000038146973,14.460000038146973,14.460000038146973,14.460000038146973,1189.0
2023-03-09 13:38:00,EGBN,40.025001525878906,40.025001525878906,40.025001525878906,40.025001525878906,40.025001525878906,469.0
2023-03-09 13:38:00,EWBC,67.61000061035156,67.61000061035156,67.61000061035156,67.55000305175781,67.55000305175781,3065.0
2023-03-09 13:38:00,EZPW,8.789999961853027,8.789999961853027,8.789999961853027,8.78499984741211,8.78499984741211,800.0
2023-03-09 13:38:00,FANH,8.1850004196167,8.1850004196167,8.1850004196167,8.1850004196167,8.1850004196167,247.0
2023-03-09 13:38:00,FCFS,88.19999694824219,88.19999694824219,88.21499633789062,88.19000244140625,88.19999694824219,953.0
2023-03-09 13:38:00,FCRD,4.539999961853027,4.539999961853027,4.539999961853027,4.539999961853027,4.539999961853027,100.0
2023-03-09 13:38:00,FFBC,22.280000686645508,22.280000686645508,22.280000686645508,22.280000686645508,22.280000686645508,191.0
2023-03-09 13:38:00,FFIC,17.15999984741211,17.15999984741211,17.15999984741211,17.15999984741211,17.15999984741211,534.0
2023-03-09 13:38:00,FFIN,33.47999954223633,33.47999954223633,33.47999954223633,33.47999954223633,33.47999954223633,576.0
2023-03-09 13:38:00,FFWM,12.779999732971191,12.779999732971191,12.779999732971191,12.779999732971191,12.779999732971191,233.0
2023-03-09 13:38:00,FHB,23.94499969482422,23.94499969482422,23.94499969482422,23.94499969482422,23.94499969482422,133.0
2023-03-09 13:38:00,FIBK,32.0,32.0,32.034000396728516,32.0,32.02000045776367,1231.0
2023-03-09 13:38:00,FITB,31.9950008392334,31.9950008392334,32.01499938964844,31.989999771118164,32.0099983215332,10267.0
2023-03-09 13:38:00,FITBI,25.16990089416504,25.16990089416504,25.16990089416504,25.16990089416504,25.16990089416504,100.0
2023-03-09 13:38:00,FMBH,28.264999389648438,28.264999389648438,28.264999389648438,28.264999389648438,28.264999389648438,259.0
2023-03-09 13:38:00,FNWB,13.5,13.5,13.510000228881836,13.5,13.510000228881836,7208.0
2023-03-09 13:38:00,FOCS,51.61000061035156,51.61000061035156,51.6150016784668,51.60499954223633,51.60499954223633,1765.0
2023-03-09 13:38:00,FSBW,33.29999923706055,33.29999923706055,33.29999923706055,33.29999923706055,33.29999923706055,288.0
2023-03-09 13:38:00,FUND,8.500200271606445,8.500200271606445,8.500200271606445,8.5,8.500100135803223,9040.0
2023-03-09 13:38:00,FUTU,46.36000061035156,46.36000061035156,46.369998931884766,46.20500183105469,46.255001068115234,28832.0
2023-03-09 13:38:00,GAIN,13.604999542236328,13.604999542236328,13.604999542236328,13.59000015258789,13.59000015258789,611.0
2023-03-09 13:38:00,GBDC,13.350000381469727,13.350000381469727,13.350000381469727,13.350000381469727,13.350000381469727,362.0
2023-03-09 13:38:00,GLRE,10.020000457763672,10.020000457763672,10.020000457763672,10.020000457763672,10.020000457763672,200.0
2023-03-09 13:38:00,GREE,0.4104999899864197,0.4104999899864197,0.41189900040626526,0.4041999876499176,0.41189900040626526,2228.0
2023-03-09 13:38:00,HBAN,13.8149995803833,13.8149995803833,13.819999694824219,13.8100004196167,13.8149995803833,12221.0
2023-03-09 13:38:00,HIVE,2.530100107192993,2.530100107192993,2.5399999618530273,2.530100107192993,2.5399999618530273,453.0
2023-03-09 13:38:00,HLNE,75.42500305175781,75.42500305175781,75.42500305175781,75.42500305175781,75.42500305175781,294.0
2023-03-09 13:38:00,HTLF,45.349998474121094,45.349998474121094,45.349998474121094,45.34000015258789,45.34000015258789,256.0
2023-03-09 13:38:00,HUT,1.3309999704360962,1.3309999704360962,1.3350000381469727,1.3200000524520874,1.3259999752044678,28474.0
2023-03-09 13:38:00,IBKR,86.92009735107422,86.92009735107422,87.01499938964844,86.92009735107422,87.01499938964844,1520.0
2023-03-09 13:38:00,IBTX,52.52000045776367,52.52000045776367,52.52000045776367,52.52000045776367,52.52000045776367,287.0
2023-03-09 13:39:00,ABCB,42.474998474121094,42.474998474121094,42.474998474121094,42.474998474121094,42.474998474121094,296.0
2023-03-09 13:39:00,ACGL,69.2699966430664,69.2699966430664,69.2699966430664,69.2300033569336,69.26000213623047,4907.0
2023-03-09 13:39:00,ACGLN,18.709999084472656,18.709999084472656,18.709999084472656,18.709999084472656,18.709999084472656,2234.0
2023-03-09 13:39:00,ACT,24.0,24.0,24.0,23.959999084472656,23.985000610351562,1895.0
2023-03-09 13:39:00,APLD,2.065000057220459,2.065000057220459,2.065000057220459,2.065000057220459,2.065000057220459,100.0
2023-03-09 13:39:00,ARBK,1.486899971961975,1.486899971961975,1.486899971961975,1.465000033378601,1.465000033378601,622.0
2023-03-09 13:39:00,ARCC,18.789899826049805,18.789899826049805,18.790000915527344,18.764999389648438,18.774999618530273,66750.0
2023-03-09 13:39:00,AUB,36.63999938964844,36.63999938964844,36.650001525878906,36.630001068115234,36.650001525878906,701.0
2023-03-09 13:39:00,BANF,85.43000030517578,85.43000030517578,85.43000030517578,85.43000030517578,85.43000030517578,322.0
2023-03-09 13:39:00,BANR,57.36000061035156,57.36000061035156,57.369998931884766,57.36000061035156,57.369998931884766,754.0
2023-03-09 13:39:00,BFC,76.66999816894531,76.66999816894531,76.67500305175781,76.66999816894531,76.67500305175781,793.0
2023-03-09 13:39:00,BGCP,4.965000152587891,4.965000152587891,4.965000152587891,4.965000152587891,4.965000152587891,882.0
2023-03-09 13:39:00,BHF,52.38999938964844,52.38999938964844,52.41999816894531,52.38999938964844,52.41999816894531,1337.0
2023-03-09 13:39:00,BITF,0.7496989965438843,0.7496989965438843,0.7497000098228455,0.7496989965438843,0.7497000098228455,245.0
2023-03-09 13:39:00,BKCC,3.6500000953674316,3.6500000953674316,3.6500000953674316,3.6500000953674316,3.6500000953674316,240.0
2023-03-09 13:39:00,BPOP,62.26499938964844,62.26499938964844,62.26499938964844,62.22999954223633,62.2599983215332,978.0
2023-03-09 13:39:00,BRP,25.549999237060547,25.549999237060547,25.549999237060547,25.549999237060547,25.549999237060547,278.0
2023-03-09 13:39:00,BSVN,27.5,27.5,27.5,27.5,27.5,296.0
2023-03-09 13:39:00,BTBT,1.1100000143051147,1.1100000143051147,1.1100000143051147,1.1100000143051147,1.1100000143051147,2684.0
2023-03-09 13:39:00,BUSE,22.489999771118164,22.489999771118164,22.489999771118164,22.489999771118164,22.489999771118164,433.0
2023-03-09 13:39:00,CACC,433.1400146484375,433.1400146484375,433.260009765625,433.1400146484375,433.260009765625,445.0
2023-03-09 13:39:00,CARE,16.309999465942383,16.309999465942383,16.309999465942383,16.309999465942383,16.309999465942383,110.0
2023-03-09 13:39:00,CASH,46.8849983215332,46.8849983215332,46.8849983215332,46.810001373291016,46.83000183105469,2338.0
2023-03-09 13:39:00,CATY,38.849998474121094,38.849998474121094,38.849998474121094,38.849998474121094,38.849998474121094,263.0
2023-03-09 13:39:00,CBSH,61.81999969482422,61.81999969482422,61.83000183105469,61.81999969482422,61.81999969482422,823.0
2023-03-09 13:39:00,CCD,23.077299118041992,23.077299118041992,23.077299118041992,23.077299118041992,23.077299118041992,377.0
2023-03-09 13:39:00,CCNE,22.510000228881836,22.510000228881836,22.510000228881836,22.510000228881836,22.510000228881836,453.0
2023-03-09 13:39:00,CG,33.869998931884766,33.869998931884766,33.93000030517578,33.869998931884766,33.91999816894531,66125.0
2023-03-09 13:39:00,CGBD,14.800000190734863,14.800000190734863,14.8100004196167,14.800000190734863,14.8100004196167,859.0
2023-03-09 13:39:00,CHI,11.890000343322754,11.890000343322754,11.899999618530273,11.890000343322754,11.899999618530273,230.0
2023-03-09 13:39:00,CHW,6.03000020980835,6.03000020980835,6.039999961853027,6.03000020980835,6.039999961853027,1400.0
2023-03-09 13:39:00,CIFR,1.423799991607666,1.423799991607666,1.423799991607666,1.423799991607666,1.423799991607666,2001.0
2023-03-09 13:39:00,CINF,115.91000366210938,115.91000366210938,115.95500183105469,115.91000366210938,115.93000030517578,673.0
2023-03-09 13:39:00,CLBK,19.59000015258789,19.59000015258789,19.59000015258789,19.579999923706055,19.59000015258789,1281.0
2023-03-09 13:39:00,CME,178.2100067138672,178.2100067138672,178.22999572753906,178.16000366210938,178.21499633789062,2639.0
2023-03-09 13:39:00,COLB,25.114999771118164,25.114999771118164,25.114999771118164,25.110000610351562,25.110000610351562,4351.0
2023-03-09 13:39:00,COOP,43.810001373291016,43.810001373291016,43.810001373291016,43.810001373291016,43.810001373291016,347.0
2023-03-09 13:39:00,CSQ,13.899999618530273,13.899999618530273,13.90999984741211,13.899999618530273,13.90999984741211,749.0
2023-03-09 13:39:00,CSWC,18.229999542236328,18.229999542236328,18.260000228881836,18.229999542236328,18.260000228881836,9970.0
2023-03-09 13:39:00,CUBA,3.8949999809265137,3.8949999809265137,3.8949999809265137,3.890000104904175,3.8924999237060547,526.0
2023-03-09 13:39:00,CVBF,21.780000686645508,21.780000686645508,21.780000686645508,21.770000457763672,21.770000457763672,1448.0
2023-03-09 13:39:00,EBC,14.460000038146973,14.460000038146973,14.460000038146973,14.460000038146973,14.460000038146973,1170.0
2023-03-09 13:39:00,EHTH,8.65999984741211,8.65999984741211,8.699999809265137,8.65999984741211,8.699999809265137,7379.0
2023-03-09 13:39:00,EQBK,28.030000686645508,28.030000686645508,28.030000686645508,28.030000686645508,28.030000686645508,695.0
2023-03-09 13:39:00,ERIE,232.4199981689453,232.4199981689453,232.4199981689453,232.4199981689453,232.4199981689453,957.0
2023-03-09 13:39:00,EWBC,67.58000183105469,67.58000183105469,67.58999633789062,67.55999755859375,67.58999633789062,1792.0
2023-03-09 13:39:00,EZPW,8.78499984741211,8.78499984741211,8.78499984741211,8.782500267028809,8.782500267028809,400.0
2023-03-09 13:39:00,FBMS,28.760000228881836,28.760000228881836,28.80500030517578,28.760000228881836,28.80500030517578,840.0
2023-03-09 13:39:00,FCFS,88.17500305175781,88.17500305175781,88.17500305175781,88.17500305175781,88.17500305175781,529.0
2023-03-09 13:39:00,FCRD,4.539999961853027,4.539999961853027,4.539999961853027,4.539999961853027,4.539999961853027,100.0
2023-03-09 13:39:00,FFIN,33.47999954223633,33.47999954223633,33.47999954223633,33.47999954223633,33.47999954223633,100.0
2023-03-09 13:39:00,FFWM,12.789999961853027,12.789999961853027,12.789999961853027,12.779999732971191,12.779999732971191,844.0
2023-03-09 13:39:00,FHB,23.93000030517578,23.93000030517578,23.93000030517578,23.93000030517578,23.93000030517578,499.0
2023-03-09 13:39:00,FITB,31.989999771118164,31.989999771118164,32.0,31.979999542236328,31.989999771118164,12227.0
2023-03-09 13:39:00,FITBI,25.139999389648438,25.139999389648438,25.155000686645508,25.139999389648438,25.155000686645508,1577.0
2023-03-09 13:39:00,FNCB,7.300000190734863,7.300000190734863,7.300000190734863,7.300000190734863,7.300000190734863,245.0
2023-03-09 13:39:00,FOCS,51.6150016784668,51.6150016784668,51.619998931884766,51.61000061035156,51.61000061035156,1040.0
2023-03-09 13:39:00,FRBK,1.715000033378601,1.715000033378601,1.7200000286102295,1.7100000381469727,1.7200000286102295,1431.0
2023-03-09 13:39:00,FRHC,71.67739868164062,71.67739868164062,72.08000183105469,71.67739868164062,72.0,6724.0
2023-03-09 13:39:00,FSBW,33.29999923706055,33.29999923706055,33.29999923706055,33.29999923706055,33.29999923706055,123.0
2023-03-09 13:39:00,FULT,15.600000381469727,15.600000381469727,15.600000381469727,15.600000381469727,15.600000381469727,1019.0
2023-03-09 13:39:00,FUTU,46.349998474121094,46.349998474121094,46.35499954223633,46.349998474121094,46.349998474121094,604.0
2023-03-09 13:39:00,GBDC,13.350000381469727,13.350000381469727,13.354999542236328,13.345000267028809,13.350000381469727,2439.0
2023-03-09 13:39:00,GGAL,12.8100004196167,12.8100004196167,12.8100004196167,12.800000190734863,12.800000190734863,849.0
2023-03-09 13:39:00,GSHD,51.689998626708984,51.689998626708984,51.810001373291016,51.65999984741211,51.810001373291016,1338.0
2023-03-09 13:39:00,GXII,10.119999885559082,10.119999885559082,10.119999885559082,10.119999885559082,10.119999885559082,100.0
2023-03-09 13:39:00,HBAN,13.8149995803833,13.8149995803833,13.8149995803833,13.8100004196167,13.8149995803833,21423.0
2023-03-09 13:39:00,HBANP,19.0,19.0,19.0,19.0,19.0,322.0
2023-03-09 13:39:00,HBT,21.979999542236328,21.979999542236328,21.979999542236328,21.979999542236328,21.979999542236328,173.0
2023-03-09 13:39:00,HFWA,24.530000686645508,24.530000686645508,24.530000686645508,24.530000686645508,24.530000686645508,105.0
2023-03-09 13:39:00,HIVE,2.5399999618530273,2.5399999618530273,2.5399999618530273,2.5399999618530273,2.5399999618530273,203.0
2023-03-09 13:39:00,HMST,22.170000076293945,22.170000076293945,22.200000762939453,22.170000076293945,22.200000762939453,365.0
2023-03-09 13:39:00,HONE,12.600000381469727,12.600000381469727,12.600000381469727,12.600000381469727,12.600000381469727,434.0
2023-03-09 13:39:00,HOPE,11.614999771118164,11.614999771118164,11.619999885559082,11.614999771118164,11.619999885559082,1675.0
2023-03-09 13:39:00,HRZN,11.760000228881836,11.760000228881836,11.760000228881836,11.760000228881836,11.760000228881836,233.0
2023-03-09 13:39:00,HTBI,27.610000610351562,27.610000610351562,27.610000610351562,27.594999313354492,27.594999313354492,252.0
2023-03-09 13:39:00,HUIZ,1.3616000413894653,1.3616000413894653,1.3616000413894653,1.3616000413894653,1.3616000413894653,2556.0
2023-03-09 13:39:00,HUT,1.3350000381469727,1.3350000381469727,1.340000033378601,1.3300000429153442,1.3378000259399414,42437.0
2023-03-09 13:39:00,IBCP,20.40999984741211,20.40999984741211,20.420000076293945,20.40999984741211,20.420000076293945,527.0
2023-03-09 13:39:00,IBKR,86.9281005859375,86.9281005859375,86.93000030517578,86.91999816894531,86.93000030517578,1693.0
2023-03-09 13:39:00,IBTX,52.5099983215332,52.5099983215332,52.52000045776367,52.5099983215332,52.52000045776367,330.0
2023-03-09 13:39:00,IGTA,10.399999618530273,10.399999618530273,10.399999618530273,10.369999885559082,10.369999885559082,403.0
2023-03-09 13:39:00,INDB,71.58999633789062,71.58999633789062,71.58999633789062,71.58999633789062,71.58999633789062,495.0
2023-03-09 13:39:00,INKA,10.430000305175781,10.430000305175781,10.430000305175781,10.430000305175781,10.430000305175781,100.0
2023-03-09 13:40:00,ABCB,42.459999084472656,42.459999084472656,42.459999084472656,42.459999084472656,42.459999084472656,123.0
2023-03-09 13:40:00,ACGL,69.23999786376953,69.23999786376953,69.2699966430664,69.2300033569336,69.2699966430664,9330.0
2023-03-09 13:40:00,ACT,24.0049991607666,24.0049991607666,24.0049991607666,24.0049991607666,24.0049991607666,372.0
2023-03-09 13:40:00,AMAL,21.010000228881836,21.010000228881836,21.010000228881836,20.985000610351562,20.985000610351562,970.0
2023-03-09 13:40:00,AMRK,28.040000915527344,28.040000915527344,28.040000915527344,28.040000915527344,28.040000915527344,583.0
2023-03-09 13:40:00,AMTB,25.110000610351562,25.110000610351562,25.110000610351562,25.110000610351562,25.110000610351562,328.0
2023-03-09 13:40:00,APLD,2.065000057220459,2.065000057220459,2.065000057220459,2.065000057220459,2.065000057220459,307.0
2023-03-09 13:40:00,ARCC,18.80500030517578,18.80500030517578,18.80500030517578,18.78499984741211,18.78499984741211,9564.0
2023-03-09 13:40:00,AUB,36.619998931884766,36.619998931884766,36.619998931884766,36.619998931884766,36.619998931884766,388.0
2023-03-09 13:40:00,BANF,85.43000030517578,85.43000030517578,85.43000030517578,85.43000030517578,85.43000030517578,1124.0
2023-03-09 13:40:00,BANR,57.29999923706055,57.29999923706055,57.29999923706055,57.29999923706055,57.29999923706055,205.0
2023-03-09 13:40:00,BCBP,15.770000457763672,15.770000457763672,15.770000457763672,15.770000457763672,15.770000457763672,602.0
2023-03-09 13:40:00,BFST,18.540000915527344,18.540000915527344,18.540000915527344,18.540000915527344,18.540000915527344,443.0
2023-03-09 13:40:00,BGCP,4.965000152587891,4.965000152587891,4.965000152587891,4.965000152587891,4.965000152587891,951.0
2023-03-09 13:40:00,BHF,52.47999954223633,52.47999954223633,52.47999954223633,52.47999954223633,52.47999954223633,193.0
2023-03-09 13:40:00,BITF,0.7418000102043152,0.7418000102043152,0.7418000102043152,0.7418000102043152,0.7418000102043152,200.0
2023-03-09 13:40:00,BOKF,95.54499816894531,95.54499816894531,95.54499816894531,95.54499816894531,95.54499816894531,327.0
2023-03-09 13:40:00,BPOP,62.31999969482422,62.31999969482422,62.31999969482422,62.2599983215332,62.2599983215332,1907.0
2023-03-09 13:40:00,BRP,25.549999237060547,25.549999237060547,25.549999237060547,25.549999237060547,25.549999237060547,564.0
2023-03-09 13:40:00,BTBT,1.1100000143051147,1.1100000143051147,1.1100000143051147,1.1100000143051147,1.1100000143051147,3137.0
2023-03-09 13:40:00,BUSE,22.5,22.5,22.520000457763672,22.5,22.520000457763672,458.0
2023-03-09 13:40:00,BWB,13.425000190734863,13.425000190734863,13.430000305175781,13.425000190734863,13.430000305175781,415.0
2023-03-09 13:40:00,CASH,46.849998474121094,46.849998474121094,46.849998474121094,46.849998474121094,46.849998474121094,217.0
2023-03-09 13:40:00,CBSH,61.79999923706055,61.79999923706055,61.84000015258789,61.79999923706055,61.83000183105469,1897.0
2023-03-09 13:40:00,CFFN,7.494999885559082,7.494999885559082,7.494999885559082,7.494999885559082,7.494999885559082,102.0
2023-03-09 13:40:00,CG,33.8650016784668,33.8650016784668,33.88999938964844,33.849998474121094,33.869998931884766,11374.0
2023-03-09 13:40:00,CGBD,14.805000305175781,14.805000305175781,14.805000305175781,14.805000305175781,14.805000305175781,424.0
2023-03-09 13:40:00,CHCO,90.8499984741211,90.8499984741211,90.8499984741211,90.8499984741211,90.8499984741211,612.0
2023-03-09 13:40:00,CHW,6.019999980926514,6.019999980926514,6.03000020980835,6.019999980926514,6.03000020980835,4923.0
2023-03-09 13:40:00,CHY,12.288000106811523,12.288000106811523,12.288000106811523,12.288000106811523,12.288000106811523,250.0
2023-03-09 13:40:00,CIFR,1.4299999475479126,1.4299999475479126,1.4299999475479126,1.4299999475479126,1.4299999475479126,101.0
2023-03-09 13:40:00,CINF,116.01000213623047,116.01000213623047,116.01000213623047,115.95500183105469,115.95500183105469,1167.0
2023-03-09 13:40:00,CME,178.30999755859375,178.30999755859375,178.30999755859375,178.25,178.25,1894.0
2023-03-09 13:40:00,CNOB,21.610000610351562,21.610000610351562,21.610000610351562,21.59000015258789,21.604999542236328,578.0
2023-03-09 13:40:00,COLB,25.125,25.125,25.125,25.100000381469727,25.114999771118164,9576.0
2023-03-09 13:40:00,CRVL,179.07000732421875,179.07000732421875,179.07000732421875,179.07000732421875,179.07000732421875,434.0
2023-03-09 13:40:00,CVBF,21.780000686645508,21.780000686645508,21.780000686645508,21.780000686645508,21.780000686645508,152.0
2023-03-09 13:40:00,DHAC,11.168600082397461,11.168600082397461,11.170000076293945,11.168600082397461,11.170000076293945,1139.0
2023-03-09 13:40:00,EBC,14.460000038146973,14.460000038146973,14.460000038146973,14.460000038146973,14.460000038146973,373.0
2023-03-09 13:40:00,ECPG,50.220001220703125,50.220001220703125,50.310001373291016,50.220001220703125,50.310001373291016,863.0
2023-03-09 13:40:00,EWBC,67.5,67.5,67.58000183105469,67.47000122070312,67.58000183105469,3605.0
2023-03-09 13:40:00,EZPW,8.770999908447266,8.770999908447266,8.779999732971191,8.770000457763672,8.779999732971191,2171.0
2023-03-09 13:40:00,FBNC,38.40999984741211,38.40999984741211,38.40999984741211,38.40999984741211,38.40999984741211,125.0
2023-03-09 13:40:00,FCRD,4.590000152587891,4.590000152587891,4.590000152587891,4.53000020980835,4.53000020980835,1432.0
2023-03-09 13:40:00,FFBC,22.2549991607666,22.2549991607666,22.2549991607666,22.2549991607666,22.2549991607666,100.0
2023-03-09 13:40:00,FFIN,33.459999084472656,33.459999084472656,33.459999084472656,33.439998626708984,33.45500183105469,1133.0
2023-03-09 13:40:00,FFWM,12.789999961853027,12.789999961853027,12.789999961853027,12.779999732971191,12.779999732971191,986.0
2023-03-09 13:40:00,FHB,23.93000030517578,23.93000030517578,23.93000030517578,23.93000030517578,23.93000030517578,123.0
2023-03-09 13:40:00,FIBK,32.029998779296875,32.029998779296875,32.029998779296875,32.029998779296875,32.029998779296875,461.0
2023-03-09 13:40:00,FITB,31.989999771118164,31.989999771118164,32.0,31.975000381469727,32.0,6265.0
2023-03-09 13:40:00,FRBA,12.869999885559082,12.869999885559082,12.869999885559082,12.859999656677246,12.869999885559082,518.0
2023-03-09 13:40:00,FRBK,1.7121000289916992,1.7121000289916992,1.7130000591278076,1.7121000289916992,1.7130000591278076,621.0
2023-03-09 13:40:00,FRME,37.310001373291016,37.310001373291016,37.310001373291016,37.310001373291016,37.310001373291016,437.0
2023-03-09 13:40:00,FULT,15.600099563598633,15.600099563598633,15.604999542236328,15.600000381469727,15.604999542236328,934.0
2023-03-09 13:40:00,FUTU,46.349998474121094,46.349998474121094,46.349998474121094,46.349998474121094,46.349998474121094,101.0
2023-03-09 13:40:00,GAIN,13.609999656677246,13.609999656677246,13.609999656677246,13.609999656677246,13.609999656677246,139.0
2023-03-09 13:40:00,GBDC,13.354999542236328,13.354999542236328,13.359999656677246,13.34000015258789,13.345000267028809,6403.0
2023-03-09 13:40:00,GCMG,8.399999618530273,8.399999618530273,8.399999618530273,8.399999618530273,8.399999618530273,504.0
2023-03-09 13:40:00,GGAL,12.8100004196167,12.8100004196167,12.8100004196167,12.800000190734863,12.800000190734863,787.0
2023-03-09 13:40:00,GNTY,29.049999237060547,29.049999237060547,29.049999237060547,29.049999237060547,29.049999237060547,157.0
2023-03-09 13:40:00,GREE,0.4041999876499176,0.4041999876499176,0.4081000089645386,0.4041999876499176,0.4081000089645386,24006.0
2023-03-09 13:40:00,GSHD,51.66999816894531,51.66999816894531,51.66999816894531,51.66999816894531,51.66999816894531,369.0
2023-03-09 13:40:00,HBAN,13.8149995803833,13.8149995803833,13.819999694824219,13.8100004196167,13.8149995803833,19892.0
2023-03-09 13:40:00,HBANP,19.0,19.0,19.0,19.0,19.0,666.0
2023-03-09 13:40:00,HFWA,24.540000915527344,24.540000915527344,24.540000915527344,24.530000686645508,24.530000686645508,221.0
2023-03-09 13:40:00,HOPE,11.625,11.625,11.625,11.609999656677246,11.614999771118164,5534.0
2023-03-09 13:40:00,HTBK,10.795000076293945,10.795000076293945,10.795000076293945,10.789999961853027,10.789999961853027,649.0
2023-03-09 13:40:00,HTLF,45.310001373291016,45.310001373291016,45.33000183105469,45.310001373291016,45.33000183105469,543.0
2023-03-09 13:40:00,HUT,1.3350000381469727,1.3350000381469727,1.337399959564209,1.3300000429153442,1.337399959564209,8187.0
2023-03-09 13:40:00,HWC,43.93000030517578,43.93000030517578,43.939998626708984,43.93000030517578,43.939998626708984,813.0
2023-03-09 13:40:00,IBKR,86.80999755859375,86.80999755859375,86.94000244140625,86.77999877929688,86.91999816894531,4782.0
2023-03-09 13:40:00,IBOC,44.75,44.75,44.75,44.75,44.75,759.0
2023-03-09 13:40:00,IGTA,10.399999618530273,10.399999618530273,10.399999618530273,10.359999656677246,10.359999656677246,1303.0
2023-03-09 13:40:00,INDB,71.61000061035156,71.61000061035156,71.63500213623047,71.56999969482422,71.63500213623047,1846.0
2023-03-09 13:41:00,ABCB,42.43000030517578,42.43000030517578,42.43000030517578,42.43000030517578,42.43000030517578,157.0
2023-03-09 13:41:00,ACGL,69.2699966430664,69.2699966430664,69.30000305175781,69.25,69.26000213623047,32995.0
2023-03-09 13:41:00,APLD,2.065000057220459,2.065000057220459,2.065000057220459,2.065000057220459,2.065000057220459,100.0
2023-03-09 13:41:00,ARBK,1.440000057220459,1.440000057220459,1.440000057220459,1.440000057220459,1.440000057220459,818.0
2023-03-09 13:41:00,ARCC,18.795000076293945,18.795000076293945,18.80500030517578,18.790000915527344,18.80500030517578,7065.0
2023-03-09 13:41:00,AROW,28.450000762939453,28.450000762939453,28.450000762939453,28.34000015258789,28.34000015258789,213.0
2023-03-09 13:41:00,ATLC,28.549999237060547,28.549999237060547,28.8799991607666,28.459999084472656,28.8799991607666,3642.0
2023-03-09 13:41:00,AUB,36.630001068115234,36.630001068115234,36.630001068115234,36.619998931884766,36.619998931884766,787.0
2023-03-09 13:41:00,BCBP,15.75,15.75,15.75,15.75,15.75,368.0
2023-03-09 13:41:00,BCML,19.280000686645508,19.280000686645508,19.280000686645508,19.280000686645508,19.280000686645508,371.0
2023-03-09 13:41:00,BGCP,4.965000152587891,4.965000152587891,4.965000152587891,4.960000038146973,4.965000152587891,1326.0
2023-03-09 13:41:00,BHF,52.470001220703125,52.470001220703125,52.470001220703125,52.470001220703125,52.470001220703125,269.0
2023-03-09 13:41:00,BITF,0.7466999888420105,0.7466999888420105,0.7488999962806702,0.7466999888420105,0.7488999962806702,1059.0
2023-03-09 13:41:00,BKCC,3.6500000953674316,3.6500000953674316,3.6500000953674316,3.6500000953674316,3.6500000953674316,126.0
2023-03-09 13:41:00,BOKF,95.5199966430664,95.5199966430664,95.5199966430664,95.5199966430664,95.5199966430664,752.0
2023-03-09 13:41:00,BPOP,62.27000045776367,62.27000045776367,62.369998931884766,62.27000045776367,62.369998931884766,1864.0
2023-03-09 13:41:00,BRKL,11.460000038146973,11.460000038146973,11.460000038146973,11.460000038146973,11.460000038146973,316.0
2023-03-09 13:41:00,BTBT,1.1109999418258667,1.1109999418258667,1.1109999418258667,1.1100000143051147,1.1100000143051147,4658.0
2023-03-09 13:41:00,BTWN,10.039999961853027,10.039999961853027,10.04010009765625,10.039999961853027,10.039999961853027,1018.0
2023-03-09 13:41:00,BUSE,22.510000228881836,22.510000228881836,22.510000228881836,22.489999771118164,22.489999771118164,976.0
2023-03-09 13:41:00,BWB,13.4350004196167,13.4350004196167,13.4350004196167,13.4350004196167,13.4350004196167,100.0
2023-03-09 13:41:00,CASH,46.599998474121094,46.599998474121094,46.83000183105469,46.599998474121094,46.79999923706055,6753.0
2023-03-09 13:41:00,CATY,38.88999938964844,38.88999938964844,38.88999938964844,38.880001068115234,38.880001068115234,439.0
2023-03-09 13:41:00,CBSH,61.81999969482422,61.81999969482422,61.81999969482422,61.79999923706055,61.810001373291016,967.0
2023-03-09 13:41:00,CCAP,14.890000343322754,14.890000343322754,14.890000343322754,14.890000343322754,14.890000343322754,252.0
2023-03-09 13:41:00,CCBG,32.900001525878906,32.900001525878906,32.900001525878906,32.900001525878906,32.900001525878906,266.0
2023-03-09 13:41:00,CFFN,7.494999885559082,7.494999885559082,7.494999885559082,7.494999885559082,7.494999885559082,269.0
2023-03-09 13:41:00,CG,33.84000015258789,33.84000015258789,33.8650016784668,33.84000015258789,33.8650016784668,12060.0
2023-03-09 13:41:00,CGBD,14.8100004196167,14.8100004196167,14.829999923706055,14.8100004196167,14.8100004196167,12006.0
2023-03-09 13:41:00,CHI,11.890199661254883,11.890199661254883,11.890199661254883,11.890000343322754,11.890000343322754,315.0
2023-03-09 13:41:00,CHW,6.020999908447266,6.020999908447266,6.020999908447266,6.020999908447266,6.020999908447266,818.0
2023-03-09 13:41:00,CIFR,1.4199999570846558,1.4199999570846558,1.4199999570846558,1.4199999570846558,1.4199999570846558,100.0
2023-03-09 13:41:00,CINF,115.9000015258789,115.9000015258789,116.0199966430664,115.9000015258789,116.0199966430664,2184.0
2023-03-09 13:41:00,CME,178.35000610351562,178.35000610351562,178.36000061035156,178.30999755859375,178.3300018310547,3403.0
2023-03-09 13:41:00,CNOB,21.600000381469727,21.600000381469727,21.6299991607666,21.600000381469727,21.6200008392334,2462.0
2023-03-09 13:41:00,COLB,25.1200008392334,25.1200008392334,25.135000228881836,25.1200008392334,25.1299991607666,2415.0
2023-03-09 13:41:00,COOP,43.834999084472656,43.834999084472656,43.84000015258789,43.79499816894531,43.83000183105469,2638.0
2023-03-09 13:41:00,CSWC,18.240100860595703,18.240100860595703,18.25,18.239999771118164,18.239999771118164,9994.0
2023-03-09 13:41:00,DWAC,14.050000190734863,14.050000190734863,14.050000190734863,14.025899887084961,14.025899887084961,410.0
2023-03-09 13:41:00,EBC,14.449999809265137,14.449999809265137,14.460000038146973,14.449999809265137,14.460000038146973,1281.0
2023-03-09 13:41:00,EGBN,39.9900016784668,39.9900016784668,39.9900016784668,39.9900016784668,39.9900016784668,152.0
2023-03-09 13:41:00,EWBC,67.44999694824219,67.44999694824219,67.48999786376953,67.44999694824219,67.48999786376953,954.0
2023-03-09 13:41:00,EZPW,8.78499984741211,8.78499984741211,8.78499984741211,8.774999618530273,8.774999618530273,1989.0
2023-03-09 13:41:00,FCFS,88.19499969482422,88.19499969482422,88.19499969482422,88.05999755859375,88.05999755859375,5870.0
2023-03-09 13:41:00,FCRD,4.590000152587891,4.590000152587891,4.610000133514404,4.590000152587891,4.610000133514404,266.0
2023-03-09 13:41:00,FFBC,22.25,22.25,22.25,22.25,22.25,351.0
2023-03-09 13:41:00,FFIN,33.459999084472656,33.459999084472656,33.459999084472656,33.459999084472656,33.459999084472656,314.0
2023-03-09 13:41:00,FFWM,12.779999732971191,12.779999732971191,12.789999961853027,12.779999732971191,12.787799835205078,1972.0
2023-03-09 13:41:00,FHB,23.924999237060547,23.924999237060547,23.924999237060547,23.924999237060547,23.924999237060547,568.0
2023-03-09 13:41:00,FIBK,32.0099983215332,32.0099983215332,32.0099983215332,31.9950008392334,31.9950008392334,1125.0
2023-03-09 13:41:00,FITB,31.9950008392334,31.9950008392334,32.0,31.950000762939453,31.985000610351562,24341.0
2023-03-09 13:41:00,FMNB,13.130000114440918,13.130000114440918,13.130000114440918,13.130000114440918,13.130000114440918,413.0
2023-03-09 13:41:00,FOCS,51.630001068115234,51.630001068115234,51.630001068115234,51.6150016784668,51.619998931884766,4724.0
2023-03-09 13:41:00,FRBA,12.8100004196167,12.8100004196167,12.819999694824219,12.8100004196167,12.819999694824219,266.0
2023-03-09 13:41:00,FULT,15.595000267028809,15.595000267028809,15.600000381469727,15.59000015258789,15.600000381469727,2584.0
2023-03-09 13:41:00,FUTU,46.29999923706055,46.29999923706055,46.349998474121094,46.29999923706055,46.349998474121094,3884.0
2023-03-09 13:41:00,FVCB,13.300000190734863,13.300000190734863,13.300000190734863,13.25,13.265000343322754,640.0
2023-03-09 13:41:00,GBDC,13.356200218200684,13.356200218200684,13.359999656677246,13.356200218200684,13.359999656677246,1933.0
2023-03-09 13:41:00,GCMG,8.414999961853027,8.414999961853027,8.414999961853027,8.414999961853027,8.414999961853027,102.0
2023-03-09 13:41:00,GECC,9.460000038146973,9.460000038146973,9.460000038146973,9.460000038146973,9.460000038146973,227.0
2023-03-09 13:41:00,GLAD,9.810099601745605,9.810099601745605,9.810099601745605,9.810099601745605,9.810099601745605,360.0
2023-03-09 13:41:00,GLRE,10.020000457763672,10.020000457763672,10.020000457763672,10.020000457763672,10.020000457763672,702.0
2023-03-09 13:41:00,GNTY,29.104999542236328,29.104999542236328,29.104999542236328,29.104999542236328,29.104999542236328,177.0
2023-03-09 13:41:00,GREE,0.4101000130176544,0.4101000130176544,0.41190001368522644,0.4101000130176544,0.41190001368522644,658.0
2023-03-09 13:41:00,GXII,10.119999885559082,10.119999885559082,10.119999885559082,10.119999885559082,10.119999885559082,100.0
2023-03-09 13:41:00,HBAN,13.8149995803833,13.8149995803833,13.819999694824219,13.800000190734863,13.8100004196167,34443.0
2023-03-09 13:41:00,HBNC,13.770000457763672,13.770000457763672,13.770000457763672,13.770000457763672,13.770000457763672,281.0
2023-03-09 13:41:00,HIFS,257.5,257.5,257.5,257.5,257.5,163.0
2023-03-09 13:41:00,HIVE,2.5399999618530273,2.5399999618530273,2.5399999618530273,2.5399999618530273,2.5399999618530273,2305.0
2023-03-09 13:41:00,HOPE,11.640000343322754,11.640000343322754,11.640000343322754,11.625,11.625,4572.0
2023-03-09 13:41:00,HRZN,11.770000457763672,11.770000457763672,11.770000457763672,11.770000457763672,11.770000457763672,533.0
2023-03-09 13:41:00,HTBI,27.6299991607666,27.6299991607666,27.65999984741211,27.6299991607666,27.65999984741211,215.0
2023-03-09 13:41:00,HTBK,10.779999732971191,10.779999732971191,10.789999961853027,10.779999732971191,10.789999961853027,868.0
2023-03-09 13:41:00,HUT,1.3396999835968018,1.3396999835968018,1.339900016784668,1.3300000429153442,1.339900016784668,21170.0
2023-03-09 13:41:00,HWC,43.880001068115234,43.880001068115234,43.95000076293945,43.880001068115234,43.95000076293945,1611.0
2023-03-09 13:41:00,IBCP,20.40999984741211,20.40999984741211,20.40999984741211,20.40999984741211,20.40999984741211,121.0
2023-03-09 13:41:00,IBKR,86.93000030517578,86.93000030517578,86.93000030517578,86.8550033569336,86.8550033569336,2151.0
2023-03-09 13:41:00,IBOC,44.83000183105469,44.83000183105469,44.83000183105469,44.83000183105469,44.83000183105469,220.0
2023-03-09 13:41:00,IBTX,52.45000076293945,52.45000076293945,52.5099983215332,52.45000076293945,52.5099983215332,1395.0
2023-03-09 13:41:00,IGTA,10.350000381469727,10.350000381469727,10.359999656677246,10.3100004196167,10.359999656677246,1712.0
2023-03-09 13:41:00,INDB,71.66000366210938,71.66000366210938,71.66000366210938,71.58999633789062,71.6050033569336,1417.0
2023-03-09 13:42:00,ACGL,69.29000091552734,69.29000091552734,69.29499816894531,69.25,69.26000213623047,2477.0
2023-03-09 13:42:00,ACT,24.0049991607666,24.0049991607666,24.0049991607666,24.0049991607666,24.0049991607666,216.0
2023-03-09 13:42:00,APLD,2.065000057220459,2.065000057220459,2.065000057220459,2.065000057220459,2.065000057220459,305.0
2023-03-09 13:42:00,ARCC,18.80500030517578,18.80500030517578,18.809900283813477,18.795000076293945,18.795000076293945,7829.0
2023-03-09 13:42:00,AUB,36.625,36.625,36.630001068115234,36.61000061035156,36.630001068115234,1014.0
2023-03-09 13:42:00,BGCP,4.965000152587891,4.965000152587891,4.965000152587891,4.960000038146973,4.965000152587891,1588.0
2023-03-09 13:42:00,BHF,52.4900016784668,52.4900016784668,52.4900016784668,52.4900016784668,52.4900016784668,434.0
2023-03-09 13:42:00,BITF,0.7494000196456909,0.7494000196456909,0.7494000196456909,0.7455999851226807,0.7455999851226807,730.0
2023-03-09 13:42:00,BLFY,11.390000343322754,11.390000343322754,11.390000343322754,11.390000343322754,11.390000343322754,106.0
2023-03-09 13:42:00,BOKF,95.54000091552734,95.54000091552734,95.54000091552734,95.54000091552734,95.54000091552734,595.0
2023-03-09 13:42:00,BRKL,11.470000267028809,11.470000267028809,11.470000267028809,11.470000267028809,11.470000267028809,1902.0
2023-03-09 13:42:00,BTBT,1.1117000579833984,1.1117000579833984,1.1117000579833984,1.1050000190734863,1.1100000143051147,4650.0
2023-03-09 13:42:00,BUSE,22.520000457763672,22.520000457763672,22.520000457763672,22.520000457763672,22.520000457763672,396.0
2023-03-09 13:42:00,BWB,13.449999809265137,13.449999809265137,13.449999809265137,13.449999809265137,13.449999809265137,234.0
2023-03-09 13:42:00,CASH,46.599998474121094,46.599998474121094,46.689998626708984,46.599998474121094,46.64500045776367,3546.0
2023-03-09 13:42:00,CATY,38.880001068115234,38.880001068115234,38.880001068115234,38.880001068115234,38.880001068115234,115.0
2023-03-09 13:42:00,CBSH,61.814998626708984,61.814998626708984,61.814998626708984,61.814998626708984,61.814998626708984,227.0
2023-03-09 13:42:00,CCD,23.170000076293945,23.170000076293945,23.170000076293945,23.1200008392334,23.1200008392334,801.0
2023-03-09 13:42:00,CFFN,7.494999885559082,7.494999885559082,7.494999885559082,7.494999885559082,7.494999885559082,118.0
2023-03-09 13:42:00,CG,33.81999969482422,33.81999969482422,33.86000061035156,33.81999969482422,33.84000015258789,9340.0
2023-03-09 13:42:00,CHI,11.890000343322754,11.890000343322754,11.890000343322754,11.880000114440918,11.880000114440918,200.0
2023-03-09 13:42:00,CHW,6.019999980926514,6.019999980926514,6.0233001708984375,6.019999980926514,6.021500110626221,3197.0
2023-03-09 13:42:00,CIFR,1.4110000133514404,1.4110000133514404,1.4110000133514404,1.4110000133514404,1.4110000133514404,6011.0
2023-03-09 13:42:00,CINF,115.8499984741211,115.8499984741211,115.9000015258789,115.75,115.9000015258789,3863.0
2023-03-09 13:42:00,CME,178.3350067138672,178.3350067138672,178.36500549316406,178.3300018310547,178.36500549316406,1620.0
2023-03-09 13:42:00,CNOB,21.56999969482422,21.56999969482422,21.59000015258789,21.56999969482422,21.59000015258789,1180.0
2023-03-09 13:42:00,COLB,25.1200008392334,25.1200008392334,25.129899978637695,25.1200008392334,25.122699737548828,2364.0
2023-03-09 13:42:00,CRVL,179.30499267578125,179.30499267578125,179.47999572753906,179.24000549316406,179.27999877929688,1016.0
2023-03-09 13:42:00,CSWC,18.260000228881836,18.260000228881836,18.260000228881836,18.25,18.25,2182.0
2023-03-09 13:42:00,CVBF,21.780000686645508,21.780000686645508,21.780000686645508,21.780000686645508,21.780000686645508,857.0
2023-03-09 13:42:00,CVCY,24.149999618530273,24.149999618530273,24.149999618530273,24.149999618530273,24.149999618530273,234.0
2023-03-09 13:42:00,DWAC,14.046099662780762,14.046099662780762,14.050000190734863,14.046099662780762,14.050000190734863,2128.0
2023-03-09 13:42:00,DWACW,3.0799999237060547,3.0799999237060547,3.0799999237060547,3.059999942779541,3.059999942779541,3091.0
2023-03-09 13:42:00,EBC,14.454999923706055,14.454999923706055,14.460000038146973,14.449999809265137,14.460000038146973,2435.0
2023-03-09 13:42:00,ECPG,50.310001373291016,50.310001373291016,50.310001373291016,50.220001220703125,50.220001220703125,319.0
2023-03-09 13:42:00,EGBN,39.939998626708984,39.939998626708984,39.9900016784668,39.939998626708984,39.9900016784668,362.0
2023-03-09 13:42:00,EWBC,67.47000122070312,67.47000122070312,67.47000122070312,67.47000122070312,67.47000122070312,488.0
2023-03-09 13:42:00,EZPW,8.779999732971191,8.779999732971191,8.78499984741211,8.779999732971191,8.78499984741211,200.0
2023-03-09 13:42:00,FBMS,28.790000915527344,28.790000915527344,28.790000915527344,28.760000228881836,28.774999618530273,2513.0
2023-03-09 13:42:00,FCAP,26.270000457763672,26.270000457763672,26.270000457763672,26.270000457763672,26.270000457763672,219.0
2023-03-09 13:42:00,FCFS,88.25,88.25,88.25,88.2300033569336,88.2300033569336,983.0
2023-03-09 13:42:00,FCRD,4.590000152587891,4.590000152587891,4.590000152587891,4.590000152587891,4.590000152587891,100.0
2023-03-09 13:42:00,FFIN,33.470001220703125,33.470001220703125,33.470001220703125,33.470001220703125,33.470001220703125,516.0
2023-03-09 13:42:00,FFWM,12.78499984741211,12.78499984741211,12.78499984741211,12.779999732971191,12.779999732971191,208.0
2023-03-09 13:42:00,FHB,23.90999984741211,23.90999984741211,23.920000076293945,23.90999984741211,23.920000076293945,417.0
2023-03-09 13:42:00,FITB,32.01499938964844,32.01499938964844,32.01499938964844,31.989999771118164,31.989999771118164,13134.0
2023-03-09 13:42:00,FOCS,51.630001068115234,51.630001068115234,51.630001068115234,51.630001068115234,51.630001068115234,529.0
2023-03-09 13:42:00,FRBA,12.819999694824219,12.819999694824219,12.819999694824219,12.8100004196167,12.8100004196167,1047.0
2023-03-09 13:42:00,FRBK,1.715000033378601,1.715000033378601,1.715000033378601,1.7050000429153442,1.7100000381469727,5820.0
2023-03-09 13:42:00,FRME,37.30500030517578,37.30500030517578,37.30500030517578,37.30500030517578,37.30500030517578,309.0
2023-03-09 13:42:00,FSEA,9.90999984741211,9.90999984741211,9.90999984741211,9.90999984741211,9.90999984741211,410.0
2023-03-09 13:42:00,FULT,15.600000381469727,15.600000381469727,15.604999542236328,15.595000267028809,15.600000381469727,3721.0
2023-03-09 13:42:00,FUTU,46.29999923706055,46.29999923706055,46.32500076293945,46.29999923706055,46.30500030517578,402.0
2023-03-09 13:42:00,GGAL,12.8100004196167,12.8100004196167,12.8100004196167,12.8100004196167,12.8100004196167,214.0
2023-03-09 13:42:00,GLRE,10.015000343322754,10.015000343322754,10.015000343322754,10.010000228881836,10.010000228881836,220.0
2023-03-09 13:42:00,GREE,0.41019999980926514,0.41019999980926514,0.41029998660087585,0.4101000130176544,0.41029998660087585,6091.0
2023-03-09 13:42:00,GXII,10.119999885559082,10.119999885559082,10.119999885559082,10.119999885559082,10.119999885559082,100.0
2023-03-09 13:42:00,HAFC,21.645000457763672,21.645000457763672,21.645000457763672,21.645000457763672,21.645000457763672,511.0
2023-03-09 13:42:00,HBAN,13.819999694824219,13.819999694824219,13.824999809265137,13.8149995803833,13.8149995803833,14380.0
2023-03-09 13:42:00,HLNE,75.41000366210938,75.41000366210938,75.41000366210938,75.41000366210938,75.41000366210938,100.0
2023-03-09 13:42:00,HMST,22.1299991607666,22.1299991607666,22.1299991607666,22.1299991607666,22.1299991607666,431.0
2023-03-09 13:42:00,HOPE,11.649999618530273,11.649999618530273,11.649999618530273,11.649999618530273,11.649999618530273,424.0
2023-03-09 13:42:00,HRZN,11.779999732971191,11.779999732971191,11.779999732971191,11.779999732971191,11.779999732971191,591.0
2023-03-09 13:42:00,HTLF,45.33000183105469,45.33000183105469,45.36000061035156,45.314998626708984,45.314998626708984,717.0
2023-03-09 13:42:00,HUT,1.3300000429153442,1.3300000429153442,1.3350000381469727,1.3300000429153442,1.3350000381469727,1580.0
2023-03-09 13:42:00,HWC,43.84000015258789,43.84000015258789,43.939998626708984,43.84000015258789,43.939998626708984,1494.0
2023-03-09 13:42:00,IBKR,86.95999908447266,86.95999908447266,86.95999908447266,86.88999938964844,86.9000015258789,2309.0
2023-03-09 13:42:00,IBTX,52.505001068115234,52.505001068115234,52.505001068115234,52.505001068115234,52.505001068115234,114.0
2023-03-09 13:42:00,ICMB,3.947499990463257,3.947499990463257,3.947499990463257,3.947499990463257,3.947499990463257,1223.0
2023-03-09 13:42:00,IGTA,10.300000190734863,10.300000190734863,10.350000381469727,10.300000190734863,10.350000381469727,1115.0
2023-03-09 13:42:00,IMAQ,10.460000038146973,10.460000038146973,10.460000038146973,10.460000038146973,10.460000038146973,244.0
2023-03-09 13:42:00,INBK,23.479999542236328,23.479999542236328,23.479999542236328,23.479999542236328,23.479999542236328,852.0
2023-03-09 13:43:00,ABCB,42.45500183105469,42.45500183105469,42.45500183105469,42.45500183105469,42.45500183105469,761.0
2023-03-09 13:43:00,ACGL,69.33000183105469,69.33000183105469,69.33000183105469,69.30000305175781,69.30000305175781,1372.0
2023-03-09 13:43:00,AMAL,21.00320053100586,21.00320053100586,21.00320053100586,21.00320053100586,21.00320053100586,109.0
2023-03-09 13:43:00,AMSF,51.540000915527344,51.540000915527344,51.540000915527344,51.540000915527344,51.540000915527344,328.0
2023-03-09 13:43:00,APLD,2.065000057220459,2.065000057220459,2.069999933242798,2.065000057220459,2.0690999031066895,3615.0
2023-03-09 13:43:00,ARCC,18.809999465942383,18.809999465942383,18.815000534057617,18.80820083618164,18.80820083618164,9615.0
2023-03-09 13:43:00,BGCP,4.980000019073486,4.980000019073486,4.980000019073486,4.965000152587891,4.965000152587891,12747.0
2023-03-09 13:43:00,BHF,52.5099983215332,52.5099983215332,52.5099983215332,52.494998931884766,52.5099983215332,418.0
2023-03-09 13:43:00,BITF,0.7493000030517578,0.7493000030517578,0.7494000196456909,0.7493000030517578,0.7494000196456909,425.0
2023-03-09 13:43:00,BKCC,3.6500000953674316,3.6500000953674316,3.6500000953674316,3.6500000953674316,3.6500000953674316,159.0
2023-03-09 13:43:00,BMRC,26.989999771118164,26.989999771118164,27.049999237060547,26.90999984741211,27.049999237060547,6042.0
2023-03-09 13:43:00,BPOP,62.2599983215332,62.2599983215332,62.310001373291016,62.25,62.29999923706055,3593.0
2023-03-09 13:43:00,BRKL,11.470000267028809,11.470000267028809,11.470000267028809,11.470000267028809,11.470000267028809,135.0
2023-03-09 13:43:00,BTBT,1.1150000095367432,1.1150000095367432,1.1198999881744385,1.1100000143051147,1.1100000143051147,6835.0
2023-03-09 13:43:00,BWB,13.430000305175781,13.430000305175781,13.430000305175781,13.420000076293945,13.420000076293945,558.0
2023-03-09 13:43:00,CACC,432.8800048828125,432.8800048828125,433.8900146484375,432.8800048828125,433.8900146484375,517.0
2023-03-09 13:43:00,CASH,46.599998474121094,46.599998474121094,46.599998474121094,46.54999923706055,46.59000015258789,2080.0
2023-03-09 13:43:00,CATC,70.50499725341797,70.50499725341797,70.50499725341797,70.50499725341797,70.50499725341797,105.0
2023-03-09 13:43:00,CATY,38.875301361083984,38.875301361083984,38.875301361083984,38.849998474121094,38.849998474121094,656.0
2023-03-09 13:43:00,CBSH,61.85499954223633,61.85499954223633,61.85499954223633,61.83000183105469,61.83000183105469,1020.0
2023-03-09 13:43:00,CCD,23.100000381469727,23.100000381469727,23.100000381469727,23.100000381469727,23.100000381469727,485.0
2023-03-09 13:43:00,CFFN,7.494999885559082,7.494999885559082,7.5,7.494999885559082,7.5,829.0
2023-03-09 13:43:00,CG,33.8650016784668,33.8650016784668,33.869998931884766,33.81999969482422,33.81999969482422,16736.0
2023-03-09 13:43:00,CHY,12.319899559020996,12.319899559020996,12.319899559020996,12.319899559020996,12.319899559020996,2500.0
2023-03-09 13:43:00,CINF,115.9000015258789,115.9000015258789,115.9000015258789,115.8499984741211,115.8499984741211,1129.0
2023-03-09 13:43:00,CLBK,19.610000610351562,19.610000610351562,19.610000610351562,19.610000610351562,19.610000610351562,293.0
2023-03-09 13:43:00,CME,178.4149932861328,178.4149932861328,178.4149932861328,178.3800048828125,178.3800048828125,1547.0
2023-03-09 13:43:00,CNFR,1.6299999952316284,1.6299999952316284,1.6299999952316284,1.6299999952316284,1.6299999952316284,0.0
2023-03-09 13:43:00,CNOB,21.5575008392334,21.5575008392334,21.5575008392334,21.549999237060547,21.549999237060547,462.0
2023-03-09 13:43:00,COLB,25.135000228881836,25.135000228881836,25.15999984741211,25.125,25.1299991607666,20601.0
2023-03-09 13:43:00,CSTR,15.270000457763672,15.270000457763672,15.270000457763672,15.270000457763672,15.270000457763672,100.0
2023-03-09 13:43:00,CSWC,18.290000915527344,18.290000915527344,18.290000915527344,18.280000686645508,18.280000686645508,346.0
2023-03-09 13:43:00,CVBF,21.780000686645508,21.780000686645508,21.795000076293945,21.780000686645508,21.795000076293945,1733.0
2023-03-09 13:43:00,DGICA,15.0600004196167,15.0600004196167,15.0600004196167,15.0600004196167,15.0600004196167,132.0
2023-03-09 13:43:00,DWAC,14.031999588012695,14.031999588012695,14.031999588012695,14.031999588012695,14.031999588012695,418.0
2023-03-09 13:43:00,EBC,14.454999923706055,14.454999923706055,14.460000038146973,14.449999809265137,14.449999809265137,647.0
2023-03-09 13:43:00,ECPG,50.349998474121094,50.349998474121094,50.349998474121094,50.310001373291016,50.310001373291016,555.0
2023-03-09 13:43:00,EWBC,67.51000213623047,67.51000213623047,67.51000213623047,67.47000122070312,67.47000122070312,1730.0
2023-03-09 13:43:00,EZPW,8.789999961853027,8.789999961853027,8.795000076293945,8.780099868774414,8.780099868774414,1326.0
2023-03-09 13:43:00,FATP,10.479999542236328,10.479999542236328,10.479999542236328,10.479999542236328,10.479999542236328,350.0
2023-03-09 13:43:00,FBNC,38.5099983215332,38.5099983215332,38.5099983215332,38.459999084472656,38.459999084472656,1282.0
2023-03-09 13:43:00,FCFS,88.31999969482422,88.31999969482422,88.31999969482422,88.28500366210938,88.28500366210938,465.0
2023-03-09 13:43:00,FCNCA,645.3900146484375,645.3900146484375,645.3900146484375,645.3900146484375,645.3900146484375,1166.0
2023-03-09 13:43:00,FCRD,4.590000152587891,4.590000152587891,4.590000152587891,4.590000152587891,4.590000152587891,182.0
2023-03-09 13:43:00,FDUS,20.139999389648438,20.139999389648438,20.139999389648438,20.110000610351562,20.13010025024414,790.0
2023-03-09 13:43:00,FFBC,22.270000457763672,22.270000457763672,22.270000457763672,22.239999771118164,22.239999771118164,1546.0
2023-03-09 13:43:00,FFIC,17.190000534057617,17.190000534057617,17.190000534057617,17.174999237060547,17.18000030517578,780.0
2023-03-09 13:43:00,FFIN,33.474998474121094,33.474998474121094,33.474998474121094,33.474998474121094,33.474998474121094,100.0
2023-03-09 13:43:00,FFWM,12.800000190734863,12.800000190734863,12.805000305175781,12.770000457763672,12.78499984741211,15591.0
2023-03-09 13:43:00,FHB,23.93000030517578,23.93000030517578,23.93000030517578,23.924999237060547,23.924999237060547,1357.0
2023-03-09 13:43:00,FIBK,32.0099983215332,32.0099983215332,32.0099983215332,32.0,32.0,779.0
2023-03-09 13:43:00,FINW,9.149999618530273,9.149999618530273,9.149999618530273,9.100000381469727,9.100000381469727,400.0
2023-03-09 13:43:00,FITB,32.040000915527344,32.040000915527344,32.04499816894531,32.0099983215332,32.01499938964844,7398.0
2023-03-09 13:43:00,FMNB,13.149999618530273,13.149999618530273,13.149999618530273,13.140000343322754,13.140000343322754,1681.0
2023-03-09 13:43:00,FOCS,51.630001068115234,51.630001068115234,51.630001068115234,51.619998931884766,51.619998931884766,1406.0
2023-03-09 13:43:00,FRBA,12.84000015258789,12.84000015258789,12.84000015258789,12.84000015258789,12.84000015258789,325.0
2023-03-09 13:43:00,FRBK,1.715000033378601,1.715000033378601,1.715000033378601,1.715000033378601,1.715000033378601,216.0
2023-03-09 13:43:00,FRHC,72.0999984741211,72.0999984741211,72.0999984741211,72.08999633789062,72.08999633789062,437.0
2023-03-09 13:43:00,FSBW,33.29999923706055,33.29999923706055,33.29999923706055,33.29999923706055,33.29999923706055,100.0
2023-03-09 13:43:00,FULT,15.604999542236328,15.604999542236328,15.604999542236328,15.604999542236328,15.604999542236328,522.0
2023-03-09 13:43:00,FUTU,46.349998474121094,46.349998474121094,46.349998474121094,46.29999923706055,46.29999923706055,1914.0
2023-03-09 13:43:00,GAIN,13.614999771118164,13.614999771118164,13.614999771118164,13.614999771118164,13.614999771118164,400.0
2023-03-09 13:43:00,GBDC,13.354999542236328,13.354999542236328,13.354999542236328,13.354999542236328,13.354999542236328,236.0
2023-03-09 13:43:00,GGAL,12.8100004196167,12.8100004196167,12.8100004196167,12.8100004196167,12.8100004196167,396.0
2023-03-09 13:43:00,GLAD,9.835000038146973,9.835000038146973,9.835000038146973,9.810099601745605,9.810099601745605,1216.0
2023-03-09 13:43:00,GREE,0.41019999980926514,0.41019999980926514,0.41019999980926514,0.41019999980926514,0.41019999980926514,617.0
2023-03-09 13:43:00,GSHD,51.7400016784668,51.7400016784668,51.7400016784668,51.685001373291016,51.685001373291016,1021.0
2023-03-09 13:43:00,HBAN,13.822500228881836,13.822500228881836,13.829999923706055,13.819999694824219,13.824999809265137,17076.0
2023-03-09 13:43:00,HBT,22.0,22.0,22.0,22.0,22.0,243.0
2023-03-09 13:43:00,HFWA,24.540000915527344,24.540000915527344,24.540000915527344,24.540000915527344,24.540000915527344,201.0
2023-03-09 13:43:00,HIVE,2.5399999618530273,2.5399999618530273,2.5399999618530273,2.5360000133514404,2.5399999618530273,594.0
2023-03-09 13:43:00,HLNE,75.33499908447266,75.33499908447266,75.33499908447266,75.33499908447266,75.33499908447266,239.0
2023-03-09 13:43:00,HONE,12.59000015258789,12.59000015258789,12.59000015258789,12.59000015258789,12.59000015258789,479.0
2023-03-09 13:43:00,HTLF,45.334999084472656,45.334999084472656,45.334999084472656,45.334999084472656,45.334999084472656,162.0
2023-03-09 13:43:00,HTLFP,25.25,25.25,25.25,25.25,25.25,500.0
2023-03-09 13:43:00,HUT,1.3350000381469727,1.3350000381469727,1.339900016784668,1.3300000429153442,1.3350000381469727,31068.0
2023-03-09 13:43:00,IBKR,86.99359893798828,86.99359893798828,87.0999984741211,86.99359893798828,87.0999984741211,3234.0
2023-03-09 13:43:00,IBOC,44.755001068115234,44.755001068115234,44.755001068115234,44.755001068115234,44.755001068115234,212.0
2023-03-09 13:43:00,IGTA,10.330599784851074,10.330599784851074,10.350000381469727,10.329999923706055,10.350000381469727,409.0
2023-03-09 13:44:00,ABCB,42.43000030517578,42.43000030517578,42.439998626708984,42.43000030517578,42.439998626708984,410.0
2023-03-09 13:44:00,ACGL,69.32499694824219,69.32499694824219,69.33000183105469,69.31999969482422,69.31999969482422,1236.0
2023-03-09 13:44:00,APLD,2.065000057220459,2.065000057220459,2.068700075149536,2.065000057220459,2.065000057220459,626.0
2023-03-09 13:44:00,ARCC,18.80500030517578,18.80500030517578,18.809999465942383,18.799999237060547,18.809999465942383,1865.0
2023-03-09 13:44:00,AUB,36.599998474121094,36.599998474121094,36.599998474121094,36.599998474121094,36.599998474121094,502.0
2023-03-09 13:44:00,BANR,57.31999969482422,57.31999969482422,57.31999969482422,57.31999969482422,57.31999969482422,253.0
2023-03-09 13:44:00,BGCP,4.980000019073486,4.980000019073486,4.980000019073486,4.974999904632568,4.974999904632568,2024.0
2023-03-09 13:44:00,BITF,0.7492989897727966,0.7492989897727966,0.7494000196456909,0.7450000047683716,0.7494000196456909,2705.0
2023-03-09 13:44:00,BLFY,11.390000343322754,11.390000343322754,11.390000343322754,11.390000343322754,11.390000343322754,959.0
2023-03-09 13:44:00,BPOP,62.25,62.25,62.290000915527344,62.25,62.2599983215332,2536.0
2023-03-09 13:44:00,BRKL,11.489999771118164,11.489999771118164,11.489999771118164,11.460000038146973,11.460000038146973,6230.0
2023-03-09 13:44:00,BSRR,19.290000915527344,19.290000915527344,19.290000915527344,19.290000915527344,19.290000915527344,539.0
2023-03-09 13:44:00,BTBT,1.1150000095367432,1.1150000095367432,1.1150000095367432,1.1100000143051147,1.1100000143051147,709.0
2023-03-09 13:44:00,CAC,38.84000015258789,38.84000015258789,38.84000015258789,38.84000015258789,38.84000015258789,349.0
2023-03-09 13:44:00,CASH,46.5,46.5,46.58000183105469,46.5,46.58000183105469,459.0
2023-03-09 13:44:00,CATC,70.54499816894531,70.54499816894531,70.54499816894531,70.44999694824219,70.44999694824219,413.0
2023-03-09 13:44:00,CATY,38.854698181152344,38.854698181152344,38.854698181152344,38.84000015258789,38.84000015258789,562.0
2023-03-09 13:44:00,CBSH,61.79999923706055,61.79999923706055,61.83000183105469,61.79999923706055,61.83000183105469,1969.0
2023-03-09 13:44:00,CCAP,14.949999809265137,14.949999809265137,14.949999809265137,14.919899940490723,14.920000076293945,2025.0
2023-03-09 13:44:00,CFB,12.229999542236328,12.229999542236328,12.229999542236328,12.229999542236328,12.229999542236328,468.0
2023-03-09 13:44:00,CFFN,7.494999885559082,7.494999885559082,7.494999885559082,7.494999885559082,7.494999885559082,302.0
2023-03-09 13:44:00,CG,33.849998474121094,33.849998474121094,33.86000061035156,33.84000015258789,33.86000061035156,12899.0
2023-03-09 13:44:00,CHI,11.895000457763672,11.895000457763672,11.895000457763672,11.890000343322754,11.890000343322754,301.0
2023-03-09 13:44:00,CINF,115.93000030517578,115.93000030517578,115.98999786376953,115.93000030517578,115.93000030517578,1676.0
2023-03-09 13:44:00,CME,178.40499877929688,178.40499877929688,178.44000244140625,178.40499877929688,178.4149932861328,1070.0
2023-03-09 13:44:00,CNFR,1.6354999542236328,1.6354999542236328,1.6354999542236328,1.6354999542236328,1.6354999542236328,1000.0
2023-03-09 13:44:00,CNNB,16.899999618530273,16.899999618530273,16.899999618530273,16.889999389648438,16.889999389648438,8.0
2023-03-09 13:44:00,CNOB,21.565000534057617,21.565000534057617,21.565000534057617,21.549999237060547,21.549999237060547,206.0
2023-03-09 13:44:00,COLB,25.1200008392334,25.1200008392334,25.1299991607666,25.110000610351562,25.1299991607666,4806.0
2023-03-09 13:44:00,COOP,43.689998626708984,43.689998626708984,43.77000045776367,43.66999816894531,43.77000045776367,5262.0
2023-03-09 13:44:00,CSQ,13.9399995803833,13.9399995803833,13.9399995803833,13.930000305175781,13.930000305175781,330.0
2023-03-09 13:44:00,CSWC,18.280000686645508,18.280000686645508,18.28499984741211,18.280000686645508,18.280000686645508,3396.0
2023-03-09 13:44:00,CTBI,40.310001373291016,40.310001373291016,40.310001373291016,40.310001373291016,40.310001373291016,353.0
2023-03-09 13:44:00,CVBF,21.770000457763672,21.770000457763672,21.780000686645508,21.770000457763672,21.780000686645508,853.0
2023-03-09 13:44:00,CVCY,24.350000381469727,24.350000381469727,24.350000381469727,24.350000381469727,24.350000381469727,144.0
2023-03-09 13:44:00,CWBC,14.949999809265137,14.949999809265137,14.949999809265137,14.949999809265137,14.949999809265137,380.0
2023-03-09 13:44:00,DCOM,29.1299991607666,29.1299991607666,29.1299991607666,29.1299991607666,29.1299991607666,158.0
2023-03-09 13:44:00,DWAC,14.0600004196167,14.0600004196167,14.0600004196167,14.04640007019043,14.050000190734863,3546.0
2023-03-09 13:44:00,EBC,14.4399995803833,14.4399995803833,14.454999923706055,14.4399995803833,14.454999923706055,3910.0
2023-03-09 13:44:00,EFSC,51.32500076293945,51.32500076293945,51.32500076293945,51.32500076293945,51.32500076293945,233.0
2023-03-09 13:44:00,EHTH,8.699999809265137,8.699999809265137,8.699999809265137,8.680000305175781,8.680000305175781,1254.0
2023-03-09 13:44:00,ESGRP,23.329999923706055,23.329999923706055,23.329999923706055,23.329999923706055,23.329999923706055,100.0
2023-03-09 13:44:00,EWBC,67.43000030517578,67.43000030517578,67.5,67.43000030517578,67.5,2480.0
2023-03-09 13:44:00,FBNC,38.47999954223633,38.47999954223633,38.5099983215332,38.47999954223633,38.5099983215332,1710.0
2023-03-09 13:44:00,FCFS,88.33000183105469,88.33000183105469,88.33000183105469,88.33000183105469,88.33000183105469,233.0
2023-03-09 13:44:00,FCNCA,643.5250244140625,643.5250244140625,644.0,643.5250244140625,644.0,858.0
2023-03-09 13:44:00,FCRD,4.559999942779541,4.559999942779541,4.610000133514404,4.559999942779541,4.610000133514404,300.0
2023-03-09 13:44:00,FDUS,20.139999389648438,20.139999389648438,20.139999389648438,20.110000610351562,20.1200008392334,1144.0
2023-03-09 13:44:00,FFBC,22.260000228881836,22.260000228881836,22.260000228881836,22.260000228881836,22.260000228881836,944.0
2023-03-09 13:44:00,FFIC,17.190000534057617,17.190000534057617,17.190000534057617,17.190000534057617,17.190000534057617,216.0
2023-03-09 13:44:00,FFIN,33.459999084472656,33.459999084472656,33.4900016784668,33.459999084472656,33.4900016784668,507.0
2023-03-09 13:44:00,FFWM,12.800000190734863,12.800000190734863,12.800000190734863,12.800000190734863,12.800000190734863,774.0
2023-03-09 13:44:00,FHB,23.889999389648438,23.889999389648438,23.920000076293945,23.889999389648438,23.920000076293945,825.0
2023-03-09 13:44:00,FIBK,31.969999313354492,31.969999313354492,32.0,31.969999313354492,32.0,1097.0
2023-03-09 13:44:00,FITB,32.025001525878906,32.025001525878906,32.03499984741211,32.0099983215332,32.029998779296875,10614.0
2023-03-09 13:44:00,FMNB,13.140000343322754,13.140000343322754,13.140000343322754,13.140000343322754,13.140000343322754,512.0
2023-03-09 13:44:00,FNWB,13.470000267028809,13.470000267028809,13.470000267028809,13.470000267028809,13.470000267028809,1030.0
2023-03-09 13:44:00,FOCS,51.61000061035156,51.61000061035156,51.630001068115234,51.61000061035156,51.630001068115234,1829.0
2023-03-09 13:44:00,FRHC,72.12000274658203,72.12000274658203,72.12000274658203,72.0,72.0,1238.0
2023-03-09 13:44:00,FRME,37.29999923706055,37.29999923706055,37.3135986328125,37.29999923706055,37.3135986328125,731.0
2023-03-09 13:44:00,FRST,10.770000457763672,10.770000457763672,10.770000457763672,10.770000457763672,10.770000457763672,120.0
2023-03-09 13:44:00,FULT,15.595000267028809,15.595000267028809,15.604999542236328,15.595000267028809,15.604999542236328,1055.0
2023-03-09 13:44:00,FUTU,46.34000015258789,46.34000015258789,46.36000061035156,46.33000183105469,46.349998474121094,1226.0
2023-03-09 13:44:00,GABC,35.79999923706055,35.79999923706055,35.79999923706055,35.720001220703125,35.720001220703125,1683.0
2023-03-09 13:44:00,GAIN,13.600000381469727,13.600000381469727,13.630000114440918,13.600000381469727,13.609999656677246,1914.0
2023-03-09 13:44:00,GBDC,13.359999656677246,13.359999656677246,13.364999771118164,13.354999542236328,13.354999542236328,6860.0
2023-03-09 13:44:00,GCBC,54.63990020751953,54.63990020751953,54.63990020751953,54.63990020751953,54.63990020751953,288.0
2023-03-09 13:44:00,GCMG,8.420000076293945,8.420000076293945,8.420000076293945,8.420000076293945,8.420000076293945,302.0
2023-03-09 13:44:00,GGAL,12.8100004196167,12.8100004196167,12.819999694824219,12.8100004196167,12.8100004196167,657.0
2023-03-09 13:44:00,GLRE,10.020000457763672,10.020000457763672,10.020000457763672,10.020000457763672,10.020000457763672,280.0
2023-03-09 13:44:00,GREE,0.41019999980926514,0.41019999980926514,0.41019999980926514,0.41019999980926514,0.41019999980926514,307.0
2023-03-09 13:44:00,GSHD,51.82500076293945,51.82500076293945,51.83000183105469,51.810001373291016,51.810001373291016,1121.0
2023-03-09 13:44:00,GXII,10.119999885559082,10.119999885559082,10.119999885559082,10.119999885559082,10.119999885559082,100.0
2023-03-09 13:44:00,HBAN,13.8149995803833,13.8149995803833,13.824999809265137,13.8100004196167,13.824999809265137,65163.0
2023-03-09 13:44:00,HFWA,24.56999969482422,24.56999969482422,24.56999969482422,24.510000228881836,24.510000228881836,605.0
2023-03-09 13:44:00,HOPE,11.649999618530273,11.649999618530273,11.654999732971191,11.649999618530273,11.649999618530273,713.0
2023-03-09 13:44:00,HTLFP,25.25,25.25,25.25,25.25,25.25,100.0
2023-03-09 13:44:00,HUT,1.340000033378601,1.340000033378601,1.340000033378601,1.3300000429153442,1.3350000381469727,15951.0
2023-03-09 13:44:00,HWC,43.81999969482422,43.81999969482422,43.81999969482422,43.81999969482422,43.81999969482422,668.0
2023-03-09 13:44:00,IBKR,87.04000091552734,87.04000091552734,87.04000091552734,87.04000091552734,87.04000091552734,533.0
2023-03-09 13:44:00,IBTX,52.46500015258789,52.46500015258789,52.46500015258789,52.46500015258789,52.46500015258789,113.0
2023-03-09 13:44:00,IGTA,10.300000190734863,10.300000190734863,10.3100004196167,10.300000190734863,10.3100004196167,5985.0
2023-03-09 13:44:00,INBK,23.415000915527344,23.415000915527344,23.415000915527344,23.415000915527344,23.415000915527344,694.0
2023-03-09 13:44:00,INTR,2.0199999809265137,2.0199999809265137,2.0199999809265137,2.0199999809265137,2.0199999809265137,246.0
2023-03-09 13:45:00,ABCB,42.45000076293945,42.45000076293945,42.45000076293945,42.45000076293945,42.45000076293945,567.0
2023-03-09 13:45:00,ACGL,69.2300033569336,69.2300033569336,69.31999969482422,69.2300033569336,69.31999969482422,4550.0
2023-03-09 13:45:00,ACT,24.0049991607666,24.0049991607666,24.0049991607666,24.0049991607666,24.0049991607666,1679.0
2023-03-09 13:45:00,APLD,2.0699000358581543,2.0699000358581543,2.0699000358581543,2.0699000358581543,2.0699000358581543,5000.0
2023-03-09 13:45:00,ARCC,18.799400329589844,18.799400329589844,18.809900283813477,18.799400329589844,18.80500030517578,9444.0
2023-03-09 13:45:00,AROW,28.420000076293945,28.420000076293945,28.420000076293945,28.34000015258789,28.3700008392334,1296.0
2023-03-09 13:45:00,ASRV,3.950000047683716,3.950000047683716,3.950000047683716,3.950000047683716,3.950000047683716,365.0
2023-03-09 13:45:00,ATLC,28.649999618530273,28.649999618530273,28.649999618530273,28.649999618530273,28.649999618530273,354.0
2023-03-09 13:45:00,ATLO,23.40999984741211,23.40999984741211,23.40999984741211,23.389999389648438,23.389999389648438,469.0
2023-03-09 13:45:00,AUB,36.599998474121094,36.599998474121094,36.630001068115234,36.599998474121094,36.630001068115234,519.0
2023-03-09 13:45:00,BANR,57.31999969482422,57.31999969482422,57.31999969482422,57.31999969482422,57.31999969482422,200.0
2023-03-09 13:45:00,BFST,18.540000915527344,18.540000915527344,18.540000915527344,18.540000915527344,18.540000915527344,101.0
2023-03-09 13:45:00,BGCP,4.980000019073486,4.980000019073486,4.985000133514404,4.974999904632568,4.974999904632568,11813.0
2023-03-09 13:45:00,BHF,52.5,52.5,52.52000045776367,52.5,52.52000045776367,1316.0
2023-03-09 13:45:00,BITF,0.745199978351593,0.745199978351593,0.7493559718132019,0.745199978351593,0.7493559718132019,635.0
2023-03-09 13:45:00,BKCC,3.6500000953674316,3.6500000953674316,3.6500000953674316,3.6500000953674316,3.6500000953674316,130.0
2023-03-09 13:45:00,BMRC,26.90999984741211,26.90999984741211,26.969999313354492,26.8700008392334,26.90999984741211,7895.0
2023-03-09 13:45:00,BOKF,95.47000122070312,95.47000122070312,95.4800033569336,95.47000122070312,95.4800033569336,969.0
2023-03-09 13:45:00,BPOP,62.209999084472656,62.209999084472656,62.27000045776367,62.20000076293945,62.27000045776367,10165.0
2023-03-09 13:45:00,BRP,25.559999465942383,25.559999465942383,25.632099151611328,25.559999465942383,25.632099151611328,7576.0
2023-03-09 13:45:00,BTBT,1.1100000143051147,1.1100000143051147,1.1100000143051147,1.1100000143051147,1.1100000143051147,813.0
2023-03-09 13:45:00,BUSE,22.5,22.5,22.5,22.5,22.5,109.0
2023-03-09 13:45:00,BWB,13.414999961853027,13.414999961853027,13.414999961853027,13.414999961853027,13.414999961853027,341.0
2023-03-09 13:45:00,CAC,38.81999969482422,38.81999969482422,38.81999969482422,38.81999969482422,38.81999969482422,156.0
2023-03-09 13:45:00,CARE,16.309999465942383,16.309999465942383,16.309999465942383,16.309999465942383,16.309999465942383,356.0
2023-03-09 13:45:00,CASH,46.59000015258789,46.59000015258789,46.59000015258789,46.55500030517578,46.55500030517578,400.0
2023-03-09 13:45:00,CATC,70.5,70.5,70.5,70.5,70.5,141.0
2023-03-09 13:45:00,CATY,38.83000183105469,38.83000183105469,38.869998931884766,38.83000183105469,38.869998931884766,699.0
2023-03-09 13:45:00,CBSH,61.79999923706055,61.79999923706055,61.834999084472656,61.79499816894531,61.83000183105469,1976.0
2023-03-09 13:45:00,CFB,12.220000267028809,12.220000267028809,12.220000267028809,12.220000267028809,12.220000267028809,291.0
2023-03-09 13:45:00,CFFN,7.494999885559082,7.494999885559082,7.494999885559082,7.494999885559082,7.494999885559082,752.0
2023-03-09 13:45:00,CG,33.849998474121094,33.849998474121094,33.869998931884766,33.849998474121094,33.849998474121094,10749.0
2023-03-09 13:45:00,CGBD,14.8100004196167,14.8100004196167,14.8100004196167,14.8100004196167,14.8100004196167,200.0
2023-03-09 13:45:00,CHCO,90.88999938964844,90.88999938964844,90.88999938964844,90.88999938964844,90.88999938964844,234.0
2023-03-09 13:45:00,CHI,11.890000343322754,11.890000343322754,11.890000343322754,11.890000343322754,11.890000343322754,100.0
2023-03-09 13:45:00,CIFR,1.4299999475479126,1.4299999475479126,1.440000057220459,1.4199999570846558,1.4199999570846558,25117.0
2023-03-09 13:45:00,CINF,116.01499938964844,116.01499938964844,116.05000305175781,115.9749984741211,115.9749984741211,1282.0
2023-03-09 13:45:00,CME,178.30999755859375,178.30999755859375,178.3800048828125,178.30999755859375,178.3699951171875,2885.0
2023-03-09 13:45:00,CNOB,21.549999237060547,21.549999237060547,21.565000534057617,21.549999237060547,21.565000534057617,1369.0
2023-03-09 13:45:00,COLB,25.100000381469727,25.100000381469727,25.1200008392334,25.100000381469727,25.1200008392334,3098.0
2023-03-09 13:45:00,COOP,43.63999938964844,43.63999938964844,43.650001525878906,43.61000061035156,43.650001525878906,798.0
2023-03-09 13:45:00,CSQ,13.9399995803833,13.9399995803833,13.9399995803833,13.9399995803833,13.9399995803833,4927.0
2023-03-09 13:45:00,CSTR,15.239999771118164,15.239999771118164,15.239999771118164,15.239999771118164,15.239999771118164,356.0
2023-03-09 13:45:00,CSWC,18.270000457763672,18.270000457763672,18.27750015258789,18.270000457763672,18.27750015258789,2085.0
2023-03-09 13:45:00,CVBF,21.760000228881836,21.760000228881836,21.760000228881836,21.760000228881836,21.760000228881836,2235.0
2023-03-09 13:45:00,CVCY,24.31999969482422,24.31999969482422,24.31999969482422,24.25,24.25,604.0
2023-03-09 13:45:00,DWAC,14.058799743652344,14.058799743652344,14.058799743652344,14.058799743652344,14.058799743652344,275.0
2023-03-09 13:45:00,EBC,14.4399995803833,14.4399995803833,14.4399995803833,14.4399995803833,14.4399995803833,650.0
2023-03-09 13:45:00,EGBN,40.02000045776367,40.02000045776367,40.02000045776367,39.97999954223633,39.97999954223633,1784.0
2023-03-09 13:45:00,EWBC,67.43000030517578,67.43000030517578,67.5,67.4000015258789,67.4000015258789,4818.0
2023-03-09 13:45:00,EZPW,8.789999961853027,8.789999961853027,8.789999961853027,8.789999961853027,8.789999961853027,443.0
2023-03-09 13:45:00,FBMS,28.760000228881836,28.760000228881836,28.790000915527344,28.760000228881836,28.790000915527344,1316.0
2023-03-09 13:45:00,FBNC,38.439998626708984,38.439998626708984,38.45000076293945,38.439998626708984,38.45000076293945,293.0
2023-03-09 13:45:00,FCFS,88.33999633789062,88.33999633789062,88.33999633789062,88.31999969482422,88.33000183105469,1237.0
2023-03-09 13:45:00,FCRD,4.599999904632568,4.599999904632568,4.599999904632568,4.599999904632568,4.599999904632568,100.0
2023-03-09 13:45:00,FDUS,20.139999389648438,20.139999389648438,20.139999389648438,20.139999389648438,20.139999389648438,569.0
2023-03-09 13:45:00,FFIC,17.174999237060547,17.174999237060547,17.18000030517578,17.174999237060547,17.18000030517578,428.0
2023-03-09 13:45:00,FFWM,12.789999961853027,12.789999961853027,12.789999961853027,12.789999961853027,12.789999961853027,732.0
2023-03-09 13:45:00,FHB,23.8799991607666,23.8799991607666,23.909900665283203,23.8799991607666,23.909900665283203,1541.0
2023-03-09 13:45:00,FIBK,31.940000534057617,31.940000534057617,31.940000534057617,31.940000534057617,31.940000534057617,427.0
2023-03-09 13:45:00,FITB,32.0,32.0,32.03499984741211,31.989999771118164,32.025001525878906,10146.0
2023-03-09 13:45:00,FLIC,16.110000610351562,16.110000610351562,16.1200008392334,16.110000610351562,16.1200008392334,498.0
2023-03-09 13:45:00,FMBH,28.350000381469727,28.350000381469727,28.350000381469727,28.350000381469727,28.350000381469727,117.0
2023-03-09 13:45:00,FOCS,51.6150016784668,51.6150016784668,51.619998931884766,51.61000061035156,51.61000061035156,4311.0
2023-03-09 13:45:00,FRBA,12.829999923706055,12.829999923706055,12.829999923706055,12.829999923706055,12.829999923706055,102.0
2023-03-09 13:45:00,FRBK,1.7100000381469727,1.7100000381469727,1.7100000381469727,1.7100000381469727,1.7100000381469727,200.0
2023-03-09 13:45:00,FULT,15.600000381469727,15.600000381469727,15.600000381469727,15.595000267028809,15.600000381469727,1120.0
2023-03-09 13:45:00,FUTU,46.325401306152344,46.325401306152344,46.349998474121094,46.325401306152344,46.349998474121094,1486.0
2023-03-09 13:45:00,GAIN,13.59000015258789,13.59000015258789,13.609999656677246,13.59000015258789,13.600000381469727,1100.0
2023-03-09 13:45:00,GBDC,13.359999656677246,13.359999656677246,13.362700462341309,13.359999656677246,13.362700462341309,4551.0
2023-03-09 13:45:00,GGAL,12.8100004196167,12.8100004196167,12.819999694824219,12.800000190734863,12.8100004196167,811.0
2023-03-09 13:45:00,GLAD,9.840399742126465,9.840399742126465,9.840399742126465,9.84000015258789,9.84000015258789,537.0
2023-03-09 13:45:00,GREE,0.4101000130176544,0.4101000130176544,0.4101000130176544,0.4101000130176544,0.4101000130176544,2823.0
2023-03-09 13:45:00,GSHD,51.849998474121094,51.849998474121094,51.880001068115234,51.849998474121094,51.869998931884766,678.0
2023-03-09 13:45:00,HAFC,21.6299991607666,21.6299991607666,21.6299991607666,21.6299991607666,21.6299991607666,444.0
2023-03-09 13:45:00,HBAN,13.805000305175781,13.805000305175781,13.819999694824219,13.800000190734863,13.8149995803833,31917.0
2023-03-09 13:45:00,HBNC,13.720000267028809,13.720000267028809,13.734999656677246,13.720000267028809,13.734999656677246,220.0
2023-03-09 13:45:00,HBT,22.010000228881836,22.010000228881836,22.010000228881836,21.959999084472656,22.0,1157.0
2023-03-09 13:45:00,HFWA,24.479999542236328,24.479999542236328,24.510000228881836,24.479999542236328,24.510000228881836,1197.0
2023-03-09 13:45:00,HIVE,2.5399999618530273,2.5399999618530273,2.5399999618530273,2.5399999618530273,2.5399999618530273,2059.0
2023-03-09 13:45:00,HONE,12.59000015258789,12.59000015258789,12.59000015258789,12.579999923706055,12.59000015258789,1048.0
2023-03-09 13:45:00,HOPE,11.65999984741211,11.65999984741211,11.65999984741211,11.649999618530273,11.649999618530273,7472.0
2023-03-09 13:45:00,HTBK,10.770000457763672,10.770000457763672,10.779999732971191,10.770000457763672,10.779999732971191,900.0
2023-03-09 13:45:00,HTLF,45.27000045776367,45.27000045776367,45.27000045776367,45.27000045776367,45.27000045776367,687.0
2023-03-09 13:45:00,HUT,1.3350000381469727,1.3350000381469727,1.340000033378601,1.3300000429153442,1.3350000381469727,23875.0
2023-03-09 13:45:00,IBCP,20.43400001525879,20.43400001525879,20.43400001525879,20.43400001525879,20.43400001525879,464.0
2023-03-09 13:45:00,IBKR,87.11750030517578,87.11750030517578,87.12999725341797,87.08999633789062,87.08999633789062,2523.0
2023-03-09 13:45:00,IBOC,44.689998626708984,44.689998626708984,44.689998626708984,44.689998626708984,44.689998626708984,302.0
2023-03-09 13:45:00,IBTX,52.48500061035156,52.48500061035156,52.48500061035156,52.45000076293945,52.45000076293945,531.0
2023-03-09 13:45:00,IGTA,10.3100004196167,10.3100004196167,10.3100004196167,10.3100004196167,10.3100004196167,300.0
2023-03-09 13:45:00,INDB,71.69999694824219,71.69999694824219,71.7750015258789,71.69999694824219,71.75,885.0
2023-03-09 13:46:00,ABCB,42.41999816894531,42.41999816894531,42.41999816894531,42.40999984741211,42.40999984741211,393.0
2023-03-09 13:46:00,ACGL,69.19000244140625,69.19000244140625,69.2300033569336,69.18000030517578,69.2300033569336,3604.0
2023-03-09 13:46:00,ACT,24.0049991607666,24.0049991607666,24.0049991607666,24.0049991607666,24.0049991607666,630.0
2023-03-09 13:46:00,AMAL,20.989999771118164,20.989999771118164,20.989999771118164,20.989999771118164,20.989999771118164,137.0
2023-03-09 13:46:00,APLD,2.0850000381469727,2.0850000381469727,2.0850000381469727,2.059999942779541,2.059999942779541,7267.0
2023-03-09 13:46:00,ARCC,18.795000076293945,18.795000076293945,18.799999237060547,18.790000915527344,18.790000915527344,4377.0
2023-03-09 13:46:00,AROW,28.34000015258789,28.34000015258789,28.34000015258789,28.34000015258789,28.34000015258789,219.0
2023-03-09 13:46:00,AUB,36.599998474121094,36.599998474121094,36.599998474121094,36.599998474121094,36.599998474121094,226.0
2023-03-09 13:46:00,BANF,85.43000030517578,85.43000030517578,85.43000030517578,85.43000030517578,85.43000030517578,517.0
2023-03-09 13:46:00,BANR,57.375,57.375,57.375,57.375,57.375,438.0
2023-03-09 13:46:00,BFC,76.72000122070312,76.72000122070312,76.72000122070312,76.72000122070312,76.72000122070312,452.0
2023-03-09 13:46:00,BFST,18.540000915527344,18.540000915527344,18.540000915527344,18.540000915527344,18.540000915527344,205.0
2023-03-09 13:46:00,BGCP,4.980000019073486,4.980000019073486,4.980000019073486,4.980000019073486,4.980000019073486,10828.0
2023-03-09 13:46:00,BHF,52.470001220703125,52.470001220703125,52.470001220703125,52.470001220703125,52.470001220703125,148.0
2023-03-09 13:46:00,BITF,0.7461000084877014,0.7461000084877014,0.7472000122070312,0.7450000047683716,0.745199978351593,8690.0
2023-03-09 13:46:00,BMRC,26.90999984741211,26.90999984741211,26.90999984741211,26.90999984741211,26.90999984741211,185.0
2023-03-09 13:46:00,BOKF,95.43000030517578,95.43000030517578,95.43000030517578,95.43000030517578,95.43000030517578,178.0
2023-03-09 13:46:00,BPOP,62.16999816894531,62.16999816894531,62.2400016784668,62.150001525878906,62.209999084472656,12813.0
2023-03-09 13:46:00,BTBT,1.1101000308990479,1.1101000308990479,1.1115000247955322,1.1100000143051147,1.1115000247955322,3040.0
2023-03-09 13:46:00,CASH,46.59000015258789,46.59000015258789,46.599998474121094,46.43000030517578,46.56999969482422,11753.0
2023-03-09 13:46:00,CATY,38.779998779296875,38.779998779296875,38.779998779296875,38.779998779296875,38.779998779296875,135.0
2023-03-09 13:46:00,CBAN,11.84000015258789,11.84000015258789,11.850000381469727,11.760000228881836,11.760000228881836,2351.0
2023-03-09 13:46:00,CBSH,61.81999969482422,61.81999969482422,61.81999969482422,61.779998779296875,61.779998779296875,1057.0
2023-03-09 13:46:00,CFFN,7.485000133514404,7.485000133514404,7.489999771118164,7.485000133514404,7.489999771118164,2485.0
2023-03-09 13:46:00,CG,33.845001220703125,33.845001220703125,33.849998474121094,33.834999084472656,33.834999084472656,9918.0
2023-03-09 13:46:00,CGBD,14.819999694824219,14.819999694824219,14.819999694824219,14.817999839782715,14.819999694824219,400.0
2023-03-09 13:46:00,CINF,116.08999633789062,116.08999633789062,116.08999633789062,116.08999633789062,116.08999633789062,602.0
2023-03-09 13:46:00,CLBK,19.610000610351562,19.610000610351562,19.610000610351562,19.610000610351562,19.610000610351562,123.0
2023-03-09 13:46:00,CME,178.25999450683594,178.25999450683594,178.35499572753906,178.1999969482422,178.35000610351562,4976.0
2023-03-09 13:46:00,CNOB,21.559999465942383,21.559999465942383,21.559999465942383,21.559999465942383,21.559999465942383,660.0
2023-03-09 13:46:00,COLB,25.094999313354492,25.094999313354492,25.094999313354492,25.09000015258789,25.094999313354492,2747.0
2023-03-09 13:46:00,COOP,43.63999938964844,43.63999938964844,43.63999938964844,43.63999938964844,43.63999938964844,148.0
2023-03-09 13:46:00,CSWC,18.260000228881836,18.260000228881836,18.270000457763672,18.260000228881836,18.26219940185547,3662.0
2023-03-09 13:46:00,CVBF,21.760000228881836,21.760000228881836,21.770000457763672,21.760000228881836,21.770000457763672,591.0
2023-03-09 13:46:00,DCOM,29.09000015258789,29.09000015258789,29.09000015258789,29.09000015258789,29.09000015258789,507.0
2023-03-09 13:46:00,DWAC,14.0600004196167,14.0600004196167,14.0600004196167,14.0600004196167,14.0600004196167,294.0
2023-03-09 13:46:00,EBC,14.4399995803833,14.4399995803833,14.4399995803833,14.430000305175781,14.430000305175781,1606.0
2023-03-09 13:46:00,EFSCP,18.510000228881836,18.510000228881836,18.510000228881836,18.510000228881836,18.510000228881836,288.0
2023-03-09 13:46:00,EHTH,8.6850004196167,8.6850004196167,8.6850004196167,8.6850004196167,8.6850004196167,201.0
2023-03-09 13:46:00,EWBC,67.43000030517578,67.43000030517578,67.44000244140625,67.43000030517578,67.44000244140625,1007.0
2023-03-09 13:46:00,EZPW,8.779999732971191,8.779999732971191,8.78499984741211,8.779999732971191,8.78499984741211,789.0
2023-03-09 13:46:00,FBNC,38.4900016784668,38.4900016784668,38.4900016784668,38.4900016784668,38.4900016784668,200.0
2023-03-09 13:46:00,FCRD,4.599999904632568,4.599999904632568,4.599999904632568,4.599999904632568,4.599999904632568,100.0
2023-03-09 13:46:00,FDUS,20.15999984741211,20.15999984741211,20.15999984741211,20.1299991607666,20.1299991607666,1053.0
2023-03-09 13:46:00,FFIC,17.170000076293945,17.170000076293945,17.170000076293945,17.170000076293945,17.170000076293945,593.0
2023-03-09 13:46:00,FFIN,33.44499969482422,33.44499969482422,33.45000076293945,33.42499923706055,33.42499923706055,752.0
2023-03-09 13:46:00,FFWM,12.739999771118164,12.739999771118164,12.800000190734863,12.739999771118164,12.800000190734863,5601.0
2023-03-09 13:46:00,FHB,23.889999389648438,23.889999389648438,23.889999389648438,23.8700008392334,23.8700008392334,1198.0
2023-03-09 13:46:00,FIBK,31.95989990234375,31.95989990234375,31.95989990234375,31.95989990234375,31.95989990234375,363.0
2023-03-09 13:46:00,FITB,32.0,32.0,32.01499938964844,31.9950008392334,32.0,6258.0
2023-03-09 13:46:00,FOCS,51.619998931884766,51.619998931884766,51.619998931884766,51.619998931884766,51.619998931884766,500.0
2023-03-09 13:46:00,FRBA,12.829999923706055,12.829999923706055,12.829999923706055,12.829999923706055,12.829999923706055,628.0
2023-03-09 13:46:00,FRBK,1.715000033378601,1.715000033378601,1.715000033378601,1.715000033378601,1.715000033378601,454.0
2023-03-09 13:46:00,FRME,37.27000045776367,37.27000045776367,37.27000045776367,37.27000045776367,37.27000045776367,252.0
2023-03-09 13:46:00,FSBW,33.29999923706055,33.29999923706055,33.29999923706055,33.29999923706055,33.29999923706055,624.0
2023-03-09 13:46:00,FULT,15.59000015258789,15.59000015258789,15.59000015258789,15.59000015258789,15.59000015258789,1246.0
2023-03-09 13:46:00,FUTU,46.31999969482422,46.31999969482422,46.345001220703125,46.310001373291016,46.310001373291016,667.0
2023-03-09 13:46:00,GAIN,13.585000038146973,13.585000038146973,13.604999542236328,13.579999923706055,13.59000015258789,1685.0
2023-03-09 13:46:00,GBDC,13.359999656677246,13.359999656677246,13.359999656677246,13.359999656677246,13.359999656677246,359.0
2023-03-09 13:46:00,GGAL,12.8100004196167,12.8100004196167,12.8100004196167,12.8100004196167,12.8100004196167,511.0
2023-03-09 13:46:00,GLRE,10.015000343322754,10.015000343322754,10.015000343322754,10.015000343322754,10.015000343322754,100.0
2023-03-09 13:46:00,GOCO,18.799999237060547,18.799999237060547,18.799999237060547,18.799999237060547,18.799999237060547,490.0
2023-03-09 13:46:00,GREE,0.4101000130176544,0.4101000130176544,0.4101000130176544,0.4101000130176544,0.4101000130176544,394.0
2023-03-09 13:46:00,GXII,10.119999885559082,10.119999885559082,10.119999885559082,10.119999885559082,10.119999885559082,100.0
2023-03-09 13:46:00,HAFC,21.610000610351562,21.610000610351562,21.610000610351562,21.610000610351562,21.610000610351562,336.0
2023-03-09 13:46:00,HBAN,13.805000305175781,13.805000305175781,13.8100004196167,13.800000190734863,13.805000305175781,16535.0
2023-03-09 13:46:00,HBNC,13.729999542236328,13.729999542236328,13.729999542236328,13.720000267028809,13.720000267028809,442.0
2023-03-09 13:46:00,HIVE,2.545300006866455,2.545300006866455,2.545300006866455,2.54010009765625,2.54010009765625,613.0
2023-03-09 13:46:00,HLNE,75.38999938964844,75.38999938964844,75.38999938964844,75.23729705810547,75.23729705810547,1236.0
2023-03-09 13:46:00,HONE,12.579999923706055,12.579999923706055,12.579999923706055,12.579999923706055,12.579999923706055,137.0
2023-03-09 13:46:00,HOPE,11.670000076293945,11.670000076293945,11.670000076293945,11.670000076293945,11.670000076293945,793.0
2023-03-09 13:46:00,HTBK,10.767499923706055,10.767499923706055,10.770000457763672,10.767499923706055,10.770000457763672,359.0
2023-03-09 13:46:00,HUT,1.3300000429153442,1.3300000429153442,1.340000033378601,1.3300000429153442,1.339900016784668,10431.0
2023-03-09 13:46:00,HWC,43.72999954223633,43.72999954223633,43.75,43.72999954223633,43.75,388.0
2023-03-09 13:46:00,IBOC,44.75,44.75,44.75,44.72999954223633,44.72999954223633,369.0
2023-03-09 13:46:00,IBTX,52.51499938964844,52.51499938964844,52.51499938964844,52.51499938964844,52.51499938964844,200.0
2023-03-09 13:47:00,ABCB,42.38999938964844,42.38999938964844,42.38999938964844,42.38999938964844,42.38999938964844,141.0
2023-03-09 13:47:00,ACGL,69.1500015258789,69.1500015258789,69.18499755859375,69.1500015258789,69.18499755859375,1510.0
2023-03-09 13:47:00,ACT,24.0049991607666,24.0049991607666,24.0049991607666,24.0049991607666,24.0049991607666,1004.0
2023-03-09 13:47:00,APLD,2.0850000381469727,2.0850000381469727,2.0850000381469727,2.0850000381469727,2.0850000381469727,201.0
2023-03-09 13:47:00,APMI,10.380000114440918,10.380000114440918,10.380000114440918,10.329999923706055,10.329999923706055,200.0
2023-03-09 13:47:00,ARCC,18.790000915527344,18.790000915527344,18.795000076293945,18.790000915527344,18.795000076293945,3695.0
2023-03-09 13:47:00,ATLC,28.366500854492188,28.366500854492188,28.366500854492188,28.366500854492188,28.366500854492188,350.0
2023-03-09 13:47:00,AUB,36.58000183105469,36.58000183105469,36.630001068115234,36.58000183105469,36.630001068115234,1234.0
2023-03-09 13:47:00,BFIN,10.255000114440918,10.255000114440918,10.255000114440918,10.255000114440918,10.255000114440918,253.0
2023-03-09 13:47:00,BGCP,4.980000019073486,4.980000019073486,4.980000019073486,4.980000019073486,4.980000019073486,1513.0
2023-03-09 13:47:00,BHF,52.41999816894531,52.41999816894531,52.470001220703125,52.41999816894531,52.470001220703125,1624.0
2023-03-09 13:47:00,BHFAN,18.790000915527344,18.790000915527344,18.790000915527344,18.790000915527344,18.790000915527344,238.0
2023-03-09 13:47:00,BHFAO,24.569000244140625,24.569000244140625,24.569000244140625,24.569000244140625,24.569000244140625,300.0
2023-03-09 13:47:00,BITF,0.7493000030517578,0.7493000030517578,0.7493000030517578,0.7451000213623047,0.745199978351593,2175.0
2023-03-09 13:47:00,BKCC,3.6500000953674316,3.6500000953674316,3.6500000953674316,3.6500000953674316,3.6500000953674316,128.0
2023-03-09 13:47:00,BOKF,95.33000183105469,95.33000183105469,95.33000183105469,95.33000183105469,95.33000183105469,489.0
2023-03-09 13:47:00,BPOP,62.15999984741211,62.15999984741211,62.16999816894531,62.15999984741211,62.16999816894531,1492.0
2023-03-09 13:47:00,BRKL,11.460000038146973,11.460000038146973,11.460000038146973,11.460000038146973,11.460000038146973,251.0
2023-03-09 13:47:00,BRP,25.479999542236328,25.479999542236328,25.540000915527344,25.479999542236328,25.540000915527344,1026.0
2023-03-09 13:47:00,BTBT,1.1050000190734863,1.1050000190734863,1.1150000095367432,1.1050000190734863,1.1100000143051147,3812.0
2023-03-09 13:47:00,BUSE,22.510000228881836,22.510000228881836,22.510000228881836,22.510000228881836,22.510000228881836,266.0
2023-03-09 13:47:00,CASH,46.599998474121094,46.599998474121094,46.599998474121094,46.599998474121094,46.599998474121094,509.0
2023-03-09 13:47:00,CATY,38.72999954223633,38.72999954223633,38.779998779296875,38.72999954223633,38.779998779296875,434.0
2023-03-09 13:47:00,CBSH,61.80500030517578,61.80500030517578,61.80500030517578,61.80500030517578,61.80500030517578,208.0
2023-03-09 13:47:00,CCAP,14.949999809265137,14.949999809265137,14.949999809265137,14.9399995803833,14.9399995803833,716.0
2023-03-09 13:47:00,CCNEP,24.90999984741211,24.90999984741211,25.049999237060547,24.90999984741211,25.049999237060547,1719.0
2023-03-09 13:47:00,CFFN,7.480000019073486,7.480000019073486,7.480000019073486,7.480000019073486,7.480000019073486,610.0
2023-03-09 13:47:00,CG,33.84000015258789,33.84000015258789,33.845001220703125,33.834999084472656,33.84000015258789,7383.0
2023-03-09 13:47:00,CGBD,14.829899787902832,14.829899787902832,14.829899787902832,14.829899787902832,14.829899787902832,101.0
2023-03-09 13:47:00,CHCO,90.9000015258789,90.9000015258789,90.9000015258789,90.9000015258789,90.9000015258789,205.0
2023-03-09 13:47:00,CHEAU,10.510000228881836,10.510000228881836,10.510000228881836,10.510000228881836,10.510000228881836,100.0
2023-03-09 13:47:00,CHI,11.899999618530273,11.899999618530273,11.899999618530273,11.890000343322754,11.890000343322754,303.0
2023-03-09 13:47:00,CIFR,1.399999976158142,1.399999976158142,1.4299999475479126,1.399999976158142,1.4299999475479126,66547.0
2023-03-09 13:47:00,CME,178.16000366210938,178.16000366210938,178.1699981689453,178.08999633789062,178.1699981689453,1483.0
2023-03-09 13:47:00,CNFR,1.6301000118255615,1.6301000118255615,1.6301000118255615,1.6301000118255615,1.6301000118255615,142.0
2023-03-09 13:47:00,CNOB,21.540000915527344,21.540000915527344,21.540000915527344,21.540000915527344,21.540000915527344,105.0
2023-03-09 13:47:00,COLB,25.06999969482422,25.06999969482422,25.09000015258789,25.06999969482422,25.09000015258789,5241.0
2023-03-09 13:47:00,COOP,43.63999938964844,43.63999938964844,43.63999938964844,43.63999938964844,43.63999938964844,255.0
2023-03-09 13:47:00,CSTR,15.210000038146973,15.210000038146973,15.210000038146973,15.210000038146973,15.210000038146973,141.0
2023-03-09 13:47:00,CSWC,18.260000228881836,18.260000228881836,18.260000228881836,18.259300231933594,18.260000228881836,1369.0
2023-03-09 13:47:00,CVBF,21.739999771118164,21.739999771118164,21.770000457763672,21.739999771118164,21.770000457763672,2353.0
2023-03-09 13:47:00,DCOM,29.06999969482422,29.06999969482422,29.079999923706055,29.06999969482422,29.079999923706055,475.0
2023-03-09 13:47:00,DWAC,14.069999694824219,14.069999694824219,14.069999694824219,14.069999694824219,14.069999694824219,472.0
2023-03-09 13:47:00,EBC,14.4399995803833,14.4399995803833,14.4399995803833,14.4399995803833,14.4399995803833,861.0
2023-03-09 13:47:00,ECPG,50.314998626708984,50.314998626708984,50.314998626708984,50.314998626708984,50.314998626708984,737.0
2023-03-09 13:47:00,EFSC,51.25,51.25,51.36000061035156,51.25,51.36000061035156,380.0
2023-03-09 13:47:00,EGBN,39.89500045776367,39.89500045776367,39.939998626708984,39.89500045776367,39.939998626708984,760.0
2023-03-09 13:47:00,EHTH,8.670000076293945,8.670000076293945,8.670000076293945,8.670000076293945,8.670000076293945,341.0
2023-03-09 13:47:00,ESQ,41.17679977416992,41.17679977416992,41.17679977416992,41.17679977416992,41.17679977416992,539.0
2023-03-09 13:47:00,EWBC,67.33000183105469,67.33000183105469,67.33000183105469,67.30999755859375,67.31999969482422,1435.0
2023-03-09 13:47:00,FBMS,28.770000457763672,28.770000457763672,28.770000457763672,28.729999542236328,28.75,1791.0
2023-03-09 13:47:00,FCRD,4.599999904632568,4.599999904632568,4.599999904632568,4.599999904632568,4.599999904632568,100.0
2023-03-09 13:47:00,FFBC,22.229999542236328,22.229999542236328,22.229999542236328,22.229999542236328,22.229999542236328,757.0
2023-03-09 13:47:00,FFWM,12.725000381469727,12.725000381469727,12.725000381469727,12.725000381469727,12.725000381469727,1367.0
2023-03-09 13:47:00,FHB,23.8799991607666,23.8799991607666,23.8799991607666,23.8799991607666,23.8799991607666,239.0
2023-03-09 13:47:00,FIBK,31.920000076293945,31.920000076293945,31.940000534057617,31.920000076293945,31.940000534057617,471.0
2023-03-09 13:47:00,FINW,9.145000457763672,9.145000457763672,9.145000457763672,9.145000457763672,9.145000457763672,112.0
2023-03-09 13:47:00,FITB,31.975000381469727,31.975000381469727,32.005001068115234,31.975000381469727,32.005001068115234,8698.0
2023-03-09 13:47:00,FITBI,25.179899215698242,25.179899215698242,25.179899215698242,25.178600311279297,25.178600311279297,560.0
2023-03-09 13:47:00,FLIC,16.100000381469727,16.100000381469727,16.100000381469727,16.094999313354492,16.100000381469727,546.0
2023-03-09 13:47:00,FOCS,51.6150016784668,51.6150016784668,51.6150016784668,51.61000061035156,51.61000061035156,562.0
2023-03-09 13:47:00,FRME,37.2599983215332,37.2599983215332,37.2599983215332,37.2599983215332,37.2599983215332,126.0
2023-03-09 13:47:00,FRST,10.720000267028809,10.720000267028809,10.720000267028809,10.720000267028809,10.720000267028809,221.0
2023-03-09 13:47:00,FULT,15.58430004119873,15.58430004119873,15.59000015258789,15.58430004119873,15.59000015258789,2039.0
2023-03-09 13:47:00,FUTU,46.334999084472656,46.334999084472656,46.334999084472656,46.33000183105469,46.33000183105469,221.0
2023-03-09 13:47:00,GAIN,13.59000015258789,13.59000015258789,13.600000381469727,13.579999923706055,13.579999923706055,806.0
2023-03-09 13:47:00,GECC,9.445599555969238,9.445599555969238,9.445599555969238,9.445599555969238,9.445599555969238,200.0
2023-03-09 13:47:00,GGAL,12.8100004196167,12.8100004196167,12.8100004196167,12.8100004196167,12.8100004196167,327.0
2023-03-09 13:47:00,GLAD,9.829999923706055,9.829999923706055,9.829999923706055,9.829999923706055,9.829999923706055,450.0
2023-03-09 13:47:00,GLRE,10.020000457763672,10.020000457763672,10.020000457763672,10.010000228881836,10.015000343322754,737.0
2023-03-09 13:47:00,GOCO,18.969999313354492,18.969999313354492,18.969999313354492,18.969999313354492,18.969999313354492,321.0
2023-03-09 13:47:00,GSHD,51.91999816894531,51.91999816894531,51.91999816894531,51.91999816894531,51.91999816894531,451.0
2023-03-09 13:47:00,HBAN,13.789999961853027,13.789999961853027,13.805299758911133,13.789999961853027,13.800000190734863,31418.0
2023-03-09 13:47:00,HBANP,19.010000228881836,19.010000228881836,19.079999923706055,19.010000228881836,19.049999237060547,604.0
2023-03-09 13:47:00,HBNC,13.720000267028809,13.720000267028809,13.720000267028809,13.720000267028809,13.720000267028809,443.0
2023-03-09 13:47:00,HBT,22.0,22.0,22.0,22.0,22.0,261.0
2023-03-09 13:47:00,HFWA,24.459999084472656,24.459999084472656,24.459999084472656,24.440000534057617,24.459999084472656,653.0
2023-03-09 13:47:00,HIVE,2.5380001068115234,2.5380001068115234,2.5399999618530273,2.5380001068115234,2.5399999618530273,1266.0
2023-03-09 13:47:00,HMST,22.139999389648438,22.139999389648438,22.139999389648438,22.139999389648438,22.139999389648438,100.0
2023-03-09 13:47:00,HONE,12.579999923706055,12.579999923706055,12.579999923706055,12.579999923706055,12.579999923706055,100.0
2023-03-09 13:47:00,HOPE,11.652000427246094,11.652000427246094,11.664199829101562,11.649999618530273,11.65999984741211,8802.0
2023-03-09 13:47:00,HTBK,10.765000343322754,10.765000343322754,10.765000343322754,10.765000343322754,10.765000343322754,235.0
2023-03-09 13:47:00,HTLFP,25.299999237060547,25.299999237060547,25.299999237060547,25.299999237060547,25.299999237060547,300.0
2023-03-09 13:47:00,HUT,1.3350000381469727,1.3350000381469727,1.340000033378601,1.3300000429153442,1.339900016784668,6697.0
2023-03-09 13:47:00,HWC,43.755001068115234,43.755001068115234,43.755001068115234,43.75,43.75,251.0
2023-03-09 13:47:00,IBCP,20.43000030517578,20.43000030517578,20.43000030517578,20.43000030517578,20.43000030517578,263.0
2023-03-09 13:47:00,IBKR,86.91000366210938,86.91000366210938,87.05000305175781,86.87999725341797,87.05000305175781,2805.0
2023-03-09 13:47:00,IBOC,44.75,44.75,44.75,44.75,44.75,100.0
2023-03-09 13:47:00,IBTX,52.459999084472656,52.459999084472656,52.4900016784668,52.45000076293945,52.45000076293945,708.0
2023-03-09 13:47:00,INDB,71.68000030517578,71.68000030517578,71.68000030517578,71.68000030517578,71.68000030517578,693.0
2023-03-09 13:48:00,ABCB,42.29999923706055,42.29999923706055,42.349998474121094,42.29999923706055,42.349998474121094,909.0
2023-03-09 13:48:00,ACGL,69.12999725341797,69.12999725341797,69.16999816894531,69.12999725341797,69.12999725341797,6408.0
2023-03-09 13:48:00,ACT,24.0049991607666,24.0049991607666,24.0049991607666,24.0049991607666,24.0049991607666,946.0
2023-03-09 13:48:00,AMAL,21.0,21.0,21.0,20.969999313354492,20.985000610351562,929.0
2023-03-09 13:48:00,AMRK,28.045000076293945,28.045000076293945,28.049999237060547,28.045000076293945,28.049999237060547,453.0
2023-03-09 13:48:00,AMSF,51.3849983215332,51.3849983215332,51.40999984741211,51.3849983215332,51.40999984741211,962.0
2023-03-09 13:48:00,AMTB,25.06999969482422,25.06999969482422,25.06999969482422,25.06999969482422,25.06999969482422,127.0
2023-03-09 13:48:00,APLD,2.065000057220459,2.065000057220459,2.0799999237060547,2.065000057220459,2.0799999237060547,1833.0
2023-03-09 13:48:00,APMI,10.35669994354248,10.35669994354248,10.359999656677246,10.35669994354248,10.357399940490723,6600.0
2023-03-09 13:48:00,ARCC,18.764999389648438,18.764999389648438,18.790000915527344,18.760099411010742,18.790000915527344,20344.0
2023-03-09 13:48:00,AUB,36.540000915527344,36.540000915527344,36.58000183105469,36.540000915527344,36.58000183105469,2768.0
2023-03-09 13:48:00,BANF,85.43000030517578,85.43000030517578,85.43000030517578,85.43000030517578,85.43000030517578,2266.0
2023-03-09 13:48:00,BANX,18.549999237060547,18.549999237060547,18.799999237060547,18.549999237060547,18.799999237060547,2281.0
2023-03-09 13:48:00,BFST,18.524999618530273,18.524999618530273,18.524999618530273,18.524999618530273,18.524999618530273,109.0
2023-03-09 13:48:00,BGCP,4.965000152587891,4.965000152587891,4.974999904632568,4.960000038146973,4.96999979019165,23330.0
2023-03-09 13:48:00,BHF,52.36000061035156,52.36000061035156,52.3849983215332,52.33000183105469,52.3849983215332,769.0
2023-03-09 13:48:00,BITF,0.7400000095367432,0.7400000095367432,0.7494000196456909,0.7400000095367432,0.7494000196456909,4280.0
2023-03-09 13:48:00,BLFY,11.364999771118164,11.364999771118164,11.364999771118164,11.364999771118164,11.364999771118164,214.0
2023-03-09 13:48:00,BMRC,26.950000762939453,26.950000762939453,26.950000762939453,26.950000762939453,26.950000762939453,433.0
2023-03-09 13:48:00,BPOP,62.16999816894531,62.16999816894531,62.189998626708984,62.150001525878906,62.15999984741211,3378.0
2023-03-09 13:48:00,BRKL,11.460000038146973,11.460000038146973,11.479999542236328,11.444999694824219,11.449999809265137,15209.0
2023-03-09 13:48:00,BRP,25.459999084472656,25.459999084472656,25.479999542236328,25.459999084472656,25.479999542236328,917.0
2023-03-09 13:48:00,BTBT,1.101699948310852,1.101699948310852,1.1100000143051147,1.100000023841858,1.1050000190734863,4566.0
2023-03-09 13:48:00,BUSE,22.489999771118164,22.489999771118164,22.510000228881836,22.469999313354492,22.510000228881836,1517.0
2023-03-09 13:48:00,BWB,13.425000190734863,13.425000190734863,13.425000190734863,13.420000076293945,13.420000076293945,420.0
2023-03-09 13:48:00,CACC,431.5,431.5,431.5,431.5,431.5,530.0
2023-03-09 13:48:00,CARE,16.290000915527344,16.290000915527344,16.295000076293945,16.290000915527344,16.295000076293945,280.0
2023-03-09 13:48:00,CASH,46.599998474121094,46.599998474121094,46.599998474121094,46.57500076293945,46.599998474121094,2236.0
2023-03-09 13:48:00,CATC,70.41000366210938,70.41000366210938,70.41000366210938,70.37999725341797,70.38999938964844,667.0
2023-03-09 13:48:00,CATY,38.709999084472656,38.709999084472656,38.709999084472656,38.709999084472656,38.709999084472656,131.0
2023-03-09 13:48:00,CBAN,11.779999732971191,11.779999732971191,11.800000190734863,11.779999732971191,11.800000190734863,450.0
2023-03-09 13:48:00,CBSH,61.77000045776367,61.77000045776367,61.79999923706055,61.77000045776367,61.79999923706055,2354.0
2023-03-09 13:48:00,CCD,23.078699111938477,23.078699111938477,23.100000381469727,23.078699111938477,23.100000381469727,1500.0
2023-03-09 13:48:00,CCNE,22.510000228881836,22.510000228881836,22.524999618530273,22.5,22.510000228881836,1517.0
2023-03-09 13:48:00,CFFN,7.474999904632568,7.474999904632568,7.480000019073486,7.474999904632568,7.480000019073486,1303.0
2023-03-09 13:48:00,CFSB,8.6899995803833,8.6899995803833,8.6899995803833,8.6899995803833,8.6899995803833,210.0
2023-03-09 13:48:00,CG,33.724998474121094,33.724998474121094,33.84000015258789,33.724998474121094,33.84000015258789,20939.0
2023-03-09 13:48:00,CGBD,14.819999694824219,14.819999694824219,14.819999694824219,14.819999694824219,14.819999694824219,3071.0
2023-03-09 13:48:00,CHCO,90.88999938964844,90.88999938964844,90.88999938964844,90.88999938964844,90.88999938964844,419.0
2023-03-09 13:48:00,CHI,11.869999885559082,11.869999885559082,11.890000343322754,11.869999885559082,11.890000343322754,300.0
2023-03-09 13:48:00,CIFR,1.409999966621399,1.409999966621399,1.409999966621399,1.399999976158142,1.4049999713897705,9323.0
2023-03-09 13:48:00,CINF,115.77999877929688,115.77999877929688,116.03500366210938,115.77999877929688,116.02999877929688,3021.0
2023-03-09 13:48:00,CIVB,20.739999771118164,20.739999771118164,20.739999771118164,20.739999771118164,20.739999771118164,100.0
2023-03-09 13:48:00,CLBK,19.579999923706055,19.579999923706055,19.59000015258789,19.579999923706055,19.59000015258789,928.0
2023-03-09 13:48:00,CME,178.1199951171875,178.1199951171875,178.13499450683594,178.1199951171875,178.13499450683594,844.0
2023-03-09 13:48:00,CNFR,1.6299999952316284,1.6299999952316284,1.6299999952316284,1.6299999952316284,1.6299999952316284,358.0
2023-03-09 13:48:00,CNOB,21.5,21.5,21.520000457763672,21.489999771118164,21.520000457763672,2020.0
2023-03-09 13:48:00,COLB,25.040000915527344,25.040000915527344,25.06999969482422,25.03499984741211,25.06999969482422,16051.0
2023-03-09 13:48:00,COOP,43.57500076293945,43.57500076293945,43.599998474121094,43.540000915527344,43.599998474121094,1513.0
2023-03-09 13:48:00,CSWC,18.2549991607666,18.2549991607666,18.2549991607666,18.25,18.25,2364.0
2023-03-09 13:48:00,CTBI,40.26499938964844,40.26499938964844,40.290000915527344,40.26499938964844,40.290000915527344,1511.0
2023-03-09 13:48:00,CUBA,3.890000104904175,3.890000104904175,3.8924999237060547,3.890000104904175,3.8924999237060547,504.0
2023-03-09 13:48:00,CVBF,21.719999313354492,21.719999313354492,21.729999542236328,21.719999313354492,21.729999542236328,1199.0
2023-03-09 13:48:00,CZWI,12.319999694824219,12.319999694824219,12.319999694824219,12.319999694824219,12.319999694824219,3227.0
2023-03-09 13:48:00,DWAC,14.0600004196167,14.0600004196167,14.0600004196167,14.0600004196167,14.0600004196167,531.0
2023-03-09 13:48:00,EBC,14.425000190734863,14.425000190734863,14.4399995803833,14.425000190734863,14.4399995803833,907.0
2023-03-09 13:48:00,EFSC,51.275001525878906,51.275001525878906,51.275001525878906,51.22999954223633,51.22999954223633,584.0
2023-03-09 13:48:00,EHTH,8.640000343322754,8.640000343322754,8.670000076293945,8.640000343322754,8.670000076293945,1349.0
2023-03-09 13:48:00,EQBK,28.040000915527344,28.040000915527344,28.049999237060547,27.950000762939453,27.950000762939453,1430.0
2023-03-09 13:48:00,ESSA,18.684999465942383,18.684999465942383,18.684999465942383,18.649999618530273,18.684999465942383,671.0
2023-03-09 13:48:00,EWBC,67.29000091552734,67.29000091552734,67.36000061035156,67.26000213623047,67.36000061035156,2536.0
2023-03-09 13:48:00,EZPW,8.770000457763672,8.770000457763672,8.770000457763672,8.770000457763672,8.770000457763672,1557.0
2023-03-09 13:48:00,FBNC,38.45000076293945,38.45000076293945,38.45000076293945,38.38999938964844,38.38999938964844,507.0
2023-03-09 13:48:00,FCNCA,641.8900146484375,641.8900146484375,641.8900146484375,641.8900146484375,641.8900146484375,300.0
2023-03-09 13:48:00,FCRD,4.599999904632568,4.599999904632568,4.599999904632568,4.599999904632568,4.599999904632568,215.0
2023-03-09 13:48:00,FDUS,20.17329978942871,20.17329978942871,20.17329978942871,20.15999984741211,20.15999984741211,210.0
2023-03-09 13:48:00,FFBC,22.219999313354492,22.219999313354492,22.219999313354492,22.219999313354492,22.219999313354492,610.0
2023-03-09 13:48:00,FFIC,17.15999984741211,17.15999984741211,17.15999984741211,17.15999984741211,17.15999984741211,453.0
2023-03-09 13:48:00,FFIN,33.36000061035156,33.36000061035156,33.36000061035156,33.36000061035156,33.36000061035156,492.0
2023-03-09 13:48:00,FFWM,12.710000038146973,12.710000038146973,12.720000267028809,12.710000038146973,12.720000267028809,353.0
2023-03-09 13:48:00,FHB,23.860000610351562,23.860000610351562,23.860000610351562,23.860000610351562,23.860000610351562,319.0
2023-03-09 13:48:00,FIBK,31.899999618530273,31.899999618530273,31.920000076293945,31.899999618530273,31.920000076293945,901.0
2023-03-09 13:48:00,FITB,31.934999465942383,31.934999465942383,31.979999542236328,31.93000030517578,31.975000381469727,20768.0
2023-03-09 13:48:00,FITBO,22.010000228881836,22.010000228881836,22.010000228881836,22.010000228881836,22.010000228881836,215.0
2023-03-09 13:48:00,FITBP,24.079999923706055,24.079999923706055,24.079999923706055,24.079999923706055,24.079999923706055,700.0
2023-03-09 13:48:00,FMNB,13.119999885559082,13.119999885559082,13.140000343322754,13.119999885559082,13.140000343322754,796.0
2023-03-09 13:48:00,FNCB,7.269999980926514,7.269999980926514,7.269999980926514,7.269999980926514,7.269999980926514,132.0
2023-03-09 13:48:00,FOCS,51.619998931884766,51.619998931884766,51.619998931884766,51.61000061035156,51.6150016784668,2368.0
2023-03-09 13:48:00,FRHC,71.94000244140625,71.94000244140625,72.0,71.94000244140625,72.0,1073.0
2023-03-09 13:48:00,FRME,37.209999084472656,37.209999084472656,37.209999084472656,37.209999084472656,37.209999084472656,238.0
2023-03-09 13:48:00,FULT,15.569999694824219,15.569999694824219,15.579999923706055,15.569999694824219,15.579999923706055,1730.0
2023-03-09 13:48:00,FUTU,46.27000045776367,46.27000045776367,46.31999969482422,46.23500061035156,46.31999969482422,10035.0
2023-03-09 13:48:00,GABC,35.72999954223633,35.72999954223633,35.72999954223633,35.72999954223633,35.72999954223633,141.0
2023-03-09 13:48:00,GAIN,13.581600189208984,13.581600189208984,13.585000038146973,13.581600189208984,13.585000038146973,681.0
2023-03-09 13:48:00,GBDC,13.350000381469727,13.350000381469727,13.350000381469727,13.350000381469727,13.350000381469727,3120.0
2023-03-09 13:48:00,GCMG,8.399999618530273,8.399999618530273,8.414999961853027,8.399999618530273,8.414999961853027,928.0
2023-03-09 13:48:00,GGAL,12.781999588012695,12.781999588012695,12.819999694824219,12.779999732971191,12.803600311279297,2820.0
2023-03-09 13:48:00,GLAD,9.819999694824219,9.819999694824219,9.829999923706055,9.819999694824219,9.829999923706055,814.0
2023-03-09 13:48:00,GLRE,10.015000343322754,10.015000343322754,10.015000343322754,10.015000343322754,10.015000343322754,125.0
2023-03-09 13:48:00,GSHD,51.83000183105469,51.83000183105469,51.89500045776367,51.83000183105469,51.83000183105469,1668.0
2023-03-09 13:48:00,HBAN,13.774999618530273,13.774999618530273,13.795000076293945,13.770000457763672,13.795000076293945,35028.0
2023-03-09 13:48:00,HBNC,13.699999809265137,13.699999809265137,13.699999809265137,13.699999809265137,13.699999809265137,419.0
2023-03-09 13:48:00,HFWA,24.420000076293945,24.420000076293945,24.420000076293945,24.40999984741211,24.40999984741211,368.0
2023-03-09 13:48:00,HIVE,2.520900011062622,2.520900011062622,2.5350000858306885,2.5199999809265137,2.5350000858306885,15141.0
2023-03-09 13:48:00,HLNE,75.20999908447266,75.20999908447266,75.25,75.20999908447266,75.25,699.0
2023-03-09 13:48:00,HMST,22.09000015258789,22.09000015258789,22.104999542236328,22.09000015258789,22.104999542236328,426.0
2023-03-09 13:48:00,HOPE,11.645000457763672,11.645000457763672,11.65470027923584,11.645000457763672,11.649999618530273,4170.0
2023-03-09 13:48:00,HRZN,11.770000457763672,11.770000457763672,11.770000457763672,11.770000457763672,11.770000457763672,458.0
2023-03-09 13:48:00,HTBI,27.610000610351562,27.610000610351562,27.610000610351562,27.600000381469727,27.610000610351562,1240.0
2023-03-09 13:48:00,HTBK,10.760000228881836,10.760000228881836,10.760000228881836,10.760000228881836,10.760000228881836,1404.0
2023-03-09 13:48:00,HTLFP,25.25,25.25,25.299999237060547,25.25,25.299999237060547,2100.0
2023-03-09 13:48:00,HUT,1.3200000524520874,1.3200000524520874,1.3380999565124512,1.3200000524520874,1.3300000429153442,166877.0
2023-03-09 13:48:00,HWC,43.689998626708984,43.689998626708984,43.72999954223633,43.689998626708984,43.72999954223633,799.0
2023-03-09 13:48:00,IBKR,86.86000061035156,86.86000061035156,86.94999694824219,86.86000061035156,86.94000244140625,1986.0
2023-03-09 13:48:00,IBOC,44.65999984741211,44.65999984741211,44.71500015258789,44.65999984741211,44.71500015258789,581.0
2023-03-09 13:48:00,IBTX,52.45000076293945,52.45000076293945,52.45000076293945,52.45000076293945,52.45000076293945,188.0
2023-03-09 13:48:00,INDB,71.56999969482422,71.56999969482422,71.62000274658203,71.56999969482422,71.62000274658203,1226.0
2023-03-09 13:48:00,INKA,10.430000305175781,10.430000305175781,10.430000305175781,10.40999984741211,10.40999984741211,1204.0
2023-03-09 13:49:00,ABCB,42.33000183105469,42.33000183105469,42.33000183105469,42.33000183105469,42.33000183105469,580.0
2023-03-09 13:49:00,ACGL,69.0999984741211,69.0999984741211,69.12000274658203,69.09010314941406,69.11000061035156,2254.0
2023-03-09 13:49:00,ACGLO,22.420000076293945,22.420000076293945,22.420000076293945,22.420000076293945,22.420000076293945,287.0
2023-03-09 13:49:00,ACT,24.010000228881836,24.010000228881836,24.010000228881836,24.0049991607666,24.0049991607666,1512.0
2023-03-09 13:49:00,ALRS,18.950000762939453,18.950000762939453,18.950000762939453,18.950000762939453,18.950000762939453,219.0
2023-03-09 13:49:00,AMRK,28.1299991607666,28.1299991607666,28.1299991607666,28.0,28.0,10514.0
2023-03-09 13:49:00,APLD,2.069999933242798,2.069999933242798,2.069999933242798,2.069999933242798,2.069999933242798,2092.0
2023-03-09 13:49:00,APMI,10.329999923706055,10.329999923706055,10.670000076293945,10.329999923706055,10.329999923706055,5718.0
2023-03-09 13:49:00,ARCC,18.7549991607666,18.7549991607666,18.769899368286133,18.75,18.769899368286133,15063.0
2023-03-09 13:49:00,AUB,36.525001525878906,36.525001525878906,36.525001525878906,36.525001525878906,36.525001525878906,100.0
2023-03-09 13:49:00,BGCP,4.965000152587891,4.965000152587891,4.965000152587891,4.965000152587891,4.965000152587891,800.0
2023-03-09 13:49:00,BHF,52.29999923706055,52.29999923706055,52.33000183105469,52.27000045776367,52.33000183105469,1148.0
2023-03-09 13:49:00,BITF,0.7400000095367432,0.7400000095367432,0.7400000095367432,0.7400000095367432,0.7400000095367432,1511.0
2023-03-09 13:49:00,BKCC,3.6549999713897705,3.6549999713897705,3.6549999713897705,3.6500000953674316,3.6500000953674316,37309.0
2023-03-09 13:49:00,BLFY,11.329999923706055,11.329999923706055,11.350000381469727,11.329999923706055,11.350000381469727,1947.0
2023-03-09 13:49:00,BOKF,95.25499725341797,95.25499725341797,95.25499725341797,95.25499725341797,95.25499725341797,128.0
2023-03-09 13:49:00,BPOP,62.11000061035156,62.11000061035156,62.20000076293945,62.099998474121094,62.16999816894531,6297.0
2023-03-09 13:49:00,BRKL,11.454999923706055,11.454999923706055,11.460000038146973,11.449999809265137,11.460000038146973,831.0
2023-03-09 13:49:00,BTBT,1.100000023841858,1.100000023841858,1.104099988937378,1.100000023841858,1.100000023841858,21545.0
2023-03-09 13:49:00,BUSE,22.489999771118164,22.489999771118164,22.489999771118164,22.489999771118164,22.489999771118164,208.0
2023-03-09 13:49:00,CARE,16.264999389648438,16.264999389648438,16.270000457763672,16.260000228881836,16.270000457763672,2373.0
2023-03-09 13:49:00,CASH,46.540000915527344,46.540000915527344,46.54999923706055,46.540000915527344,46.540000915527344,890.0
2023-03-09 13:49:00,CATY,38.72999954223633,38.72999954223633,38.72999954223633,38.72999954223633,38.72999954223633,131.0
2023-03-09 13:49:00,CBSH,61.724998474121094,61.724998474121094,61.73500061035156,61.709999084472656,61.709999084472656,601.0
2023-03-09 13:49:00,CCB,41.81999969482422,41.81999969482422,41.81999969482422,41.81999969482422,41.81999969482422,1670.0
2023-03-09 13:49:00,CFFN,7.474999904632568,7.474999904632568,7.474999904632568,7.474999904632568,7.474999904632568,309.0
2023-03-09 13:49:00,CG,33.73500061035156,33.73500061035156,33.75,33.66999816894531,33.72999954223633,35035.0
2023-03-09 13:49:00,CGBD,14.795000076293945,14.795000076293945,14.8100004196167,14.779999732971191,14.8100004196167,4899.0
2023-03-09 13:49:00,CHCO,90.80999755859375,90.80999755859375,90.80999755859375,90.80000305175781,90.80000305175781,290.0
2023-03-09 13:49:00,CHI,11.877599716186523,11.877599716186523,11.877599716186523,11.877599716186523,11.877599716186523,268.0
2023-03-09 13:49:00,CIFR,1.4149999618530273,1.4149999618530273,1.4149999618530273,1.4149999618530273,1.4149999618530273,250.0
2023-03-09 13:49:00,CINF,115.79499816894531,115.79499816894531,115.79499816894531,115.79499816894531,115.79499816894531,216.0
2023-03-09 13:49:00,CMCA,10.399999618530273,10.399999618530273,10.399999618530273,10.399999618530273,10.399999618530273,100000.0
2023-03-09 13:49:00,CME,178.16000366210938,178.16000366210938,178.16000366210938,178.0500030517578,178.10020446777344,2131.0
2023-03-09 13:49:00,CNFR,1.75,1.75,1.75,1.75,1.75,100.0
2023-03-09 13:49:00,CNOB,21.5,21.5,21.510000228881836,21.479999542236328,21.479999542236328,8411.0
2023-03-09 13:49:00,COLB,25.020000457763672,25.020000457763672,25.049999237060547,25.020000457763672,25.045000076293945,8898.0
2023-03-09 13:49:00,CSWC,18.2450008392334,18.2450008392334,18.2450008392334,18.2450008392334,18.2450008392334,101.0
2023-03-09 13:49:00,CTBI,40.290000915527344,40.290000915527344,40.290000915527344,40.290000915527344,40.290000915527344,411.0
2023-03-09 13:49:00,CUBA,3.8949999809265137,3.8949999809265137,3.8949999809265137,3.890000104904175,3.8949999809265137,502.0
2023-03-09 13:49:00,CZFS,79.0,79.0,79.0,79.0,79.0,1816.0
2023-03-09 13:49:00,DCOM,29.100000381469727,29.100000381469727,29.100000381469727,29.100000381469727,29.100000381469727,209.0
2023-03-09 13:49:00,EBC,14.420000076293945,14.420000076293945,14.425000190734863,14.414999961853027,14.425000190734863,1763.0
2023-03-09 13:49:00,EFSC,51.20000076293945,51.20000076293945,51.209999084472656,51.20000076293945,51.209999084472656,379.0
2023-03-09 13:49:00,EHTH,8.610099792480469,8.610099792480469,8.630000114440918,8.609999656677246,8.630000114440918,1657.0
2023-03-09 13:49:00,EWBC,67.17500305175781,67.17500305175781,67.2499008178711,67.16999816894531,67.2499008178711,1036.0
2023-03-09 13:49:00,EZPW,8.774999618530273,8.774999618530273,8.774999618530273,8.770000457763672,8.771499633789062,634.0
2023-03-09 13:49:00,FBMS,28.700000762939453,28.700000762939453,28.709999084472656,28.700000762939453,28.709999084472656,1701.0
2023-03-09 13:49:00,FBNC,38.38999938964844,38.38999938964844,38.38999938964844,38.38999938964844,38.38999938964844,213.0
2023-03-09 13:49:00,FCFS,88.18000030517578,88.18000030517578,88.24500274658203,88.12999725341797,88.24500274658203,1538.0
2023-03-09 13:49:00,FCNCA,641.8800048828125,641.8800048828125,641.8800048828125,641.8800048828125,641.8800048828125,281.0
2023-03-09 13:49:00,FCRD,4.579999923706055,4.579999923706055,4.599999904632568,4.579999923706055,4.599999904632568,546.0
2023-03-09 13:49:00,FFIC,17.15999984741211,17.15999984741211,17.15999984741211,17.149999618530273,17.149999618530273,779.0
2023-03-09 13:49:00,FFIN,33.310001373291016,33.310001373291016,33.310001373291016,33.310001373291016,33.310001373291016,338.0
2023-03-09 13:49:00,FFWM,12.729999542236328,12.729999542236328,12.729999542236328,12.710000038146973,12.710000038146973,1607.0
2023-03-09 13:49:00,FHB,23.860000610351562,23.860000610351562,23.860000610351562,23.850000381469727,23.850000381469727,479.0
2023-03-09 13:49:00,FIBK,31.899999618530273,31.899999618530273,31.899999618530273,31.889999389648438,31.889999389648438,1188.0
2023-03-09 13:49:00,FITB,31.90999984741211,31.90999984741211,31.934999465942383,31.899999618530273,31.93000030517578,11005.0
2023-03-09 13:49:00,FITBI,25.139999389648438,25.139999389648438,25.149999618530273,25.139999389648438,25.139999389648438,800.0
2023-03-09 13:49:00,FNCB,7.269999980926514,7.269999980926514,7.269999980926514,7.269999980926514,7.269999980926514,331.0
2023-03-09 13:49:00,FOCS,51.619998931884766,51.619998931884766,51.619998931884766,51.619998931884766,51.619998931884766,2250.0
2023-03-09 13:49:00,FRME,37.15999984741211,37.15999984741211,37.15999984741211,37.15999984741211,37.15999984741211,225.0
2023-03-09 13:49:00,FULT,15.574999809265137,15.574999809265137,15.579999923706055,15.574999809265137,15.574999809265137,608.0
2023-03-09 13:49:00,FUND,8.5,8.5,8.5,8.5,8.5,1802.0
2023-03-09 13:49:00,FUTU,46.150001525878906,46.150001525878906,46.25,46.150001525878906,46.22999954223633,2985.0
2023-03-09 13:49:00,GABC,35.67499923706055,35.67499923706055,35.67499923706055,35.67499923706055,35.67499923706055,283.0
2023-03-09 13:49:00,GBDC,13.34000015258789,13.34000015258789,13.34000015258789,13.34000015258789,13.34000015258789,727.0
2023-03-09 13:49:00,GGAL,12.755000114440918,12.755000114440918,12.800000190734863,12.75,12.789999961853027,10364.0
2023-03-09 13:49:00,GREE,0.4101000130176544,0.4101000130176544,0.4101000130176544,0.41005000472068787,0.41005000472068787,841.0
2023-03-09 13:49:00,GSHD,51.82500076293945,51.82500076293945,51.83000183105469,51.82500076293945,51.83000183105469,337.0
2023-03-09 13:49:00,GXII,10.119999885559082,10.119999885559082,10.119999885559082,10.119999885559082,10.119999885559082,100.0
2023-03-09 13:49:00,HBAN,13.765000343322754,13.765000343322754,13.779999732971191,13.7608003616333,13.774999618530273,36588.0
2023-03-09 13:49:00,HBANP,18.950000762939453,18.950000762939453,18.950000762939453,18.950000762939453,18.950000762939453,457.0
2023-03-09 13:49:00,HIVE,2.5199999809265137,2.5199999809265137,2.5199999809265137,2.5199999809265137,2.5199999809265137,867.0
2023-03-09 13:49:00,HMPT,1.9550000429153442,1.9550000429153442,1.9550000429153442,1.9550000429153442,1.9550000429153442,300.0
2023-03-09 13:49:00,HMST,22.1200008392334,22.1200008392334,22.1200008392334,22.1200008392334,22.1200008392334,113.0
2023-03-09 13:49:00,HONE,12.569999694824219,12.569999694824219,12.569999694824219,12.569999694824219,12.569999694824219,418.0
2023-03-09 13:49:00,HOPE,11.645000457763672,11.645000457763672,11.654999732971191,11.645000457763672,11.654999732971191,1484.0
2023-03-09 13:49:00,HTBI,27.610000610351562,27.610000610351562,27.610000610351562,27.610000610351562,27.610000610351562,283.0
2023-03-09 13:49:00,HTBK,10.75,10.75,10.75,10.75,10.75,344.0
2023-03-09 13:49:00,HTLFP,25.25,25.25,25.260000228881836,25.25,25.260000228881836,600.0
2023-03-09 13:49:00,HUT,1.322100043296814,1.322100043296814,1.3300000429153442,1.3200000524520874,1.3300000429153442,32395.0
2023-03-09 13:49:00,HWC,43.654998779296875,43.654998779296875,43.689998626708984,43.654998779296875,43.689998626708984,590.0
2023-03-09 13:49:00,HYW,5.449999809265137,5.449999809265137,5.53000020980835,5.449999809265137,5.510000228881836,1400.0
2023-03-09 13:49:00,IBKR,86.86000061035156,86.86000061035156,86.87000274658203,86.7300033569336,86.80000305175781,2522.0
2023-03-09 13:49:00,INDB,71.5199966430664,71.5199966430664,71.5199966430664,71.5199966430664,71.5199966430664,347.0
2023-03-09 13:50:00,ABCB,42.27000045776367,42.27000045776367,42.27000045776367,42.27000045776367,42.27000045776367,969.0
2023-03-09 13:50:00,ACGL,69.04000091552734,69.04000091552734,69.08999633789062,69.04000091552734,69.08999633789062,2082.0
2023-03-09 13:50:00,ACT,23.959999084472656,23.959999084472656,24.0049991607666,23.959999084472656,24.0049991607666,2561.0
2023-03-09 13:50:00,AMAL,20.989999771118164,20.989999771118164,20.989999771118164,20.979999542236328,20.985000610351562,586.0
2023-03-09 13:50:00,AMRK,28.15999984741211,28.15999984741211,28.15999984741211,28.15999984741211,28.15999984741211,247.0
2023-03-09 13:50:00,APLD,2.075900077819824,2.075900077819824,2.075900077819824,2.075000047683716,2.075000047683716,235.0
2023-03-09 13:50:00,APMI,10.289999961853027,10.289999961853027,10.460000038146973,10.289999961853027,10.460000038146973,2415.0
2023-03-09 13:50:00,ARCC,18.735000610351562,18.735000610351562,18.7549991607666,18.729999542236328,18.7549991607666,27728.0
2023-03-09 13:50:00,AROW,28.389999389648438,28.389999389648438,28.389999389648438,28.34000015258789,28.34000015258789,950.0
2023-03-09 13:50:00,ATLC,28.61989974975586,28.61989974975586,28.61989974975586,28.61989974975586,28.61989974975586,160.0
2023-03-09 13:50:00,ATLO,23.3700008392334,23.3700008392334,23.3700008392334,23.3700008392334,23.3700008392334,240.0
2023-03-09 13:50:00,AUB,36.494998931884766,36.494998931884766,36.52000045776367,36.4900016784668,36.52000045776367,1413.0
2023-03-09 13:50:00,BANF,85.41999816894531,85.41999816894531,85.41999816894531,85.41999816894531,85.41999816894531,179.0
2023-03-09 13:50:00,BANR,57.189998626708984,57.189998626708984,57.20000076293945,57.189998626708984,57.19499969482422,884.0
2023-03-09 13:50:00,BCBP,15.750100135803223,15.750100135803223,15.750100135803223,15.750100135803223,15.750100135803223,573.0
2023-03-09 13:50:00,BFIN,10.25,10.25,10.25,10.25,10.25,200.0
2023-03-09 13:50:00,BFST,18.5,18.5,18.520000457763672,18.5,18.520000457763672,831.0
2023-03-09 13:50:00,BGCP,4.949999809265137,4.949999809265137,4.965000152587891,4.949999809265137,4.965000152587891,10957.0
2023-03-09 13:50:00,BHF,52.2400016784668,52.2400016784668,52.279998779296875,52.2400016784668,52.279998779296875,1267.0
2023-03-09 13:50:00,BHFAM,16.3700008392334,16.3700008392334,16.389999389648438,16.3700008392334,16.389999389648438,771.0
2023-03-09 13:50:00,BHFAN,18.799999237060547,18.799999237060547,18.799999237060547,18.799999237060547,18.799999237060547,729.0
2023-03-09 13:50:00,BHFAO,24.280000686645508,24.280000686645508,24.520000457763672,24.280000686645508,24.520000457763672,2000.0
2023-03-09 13:50:00,BITF,0.7401000261306763,0.7401000261306763,0.7401000261306763,0.7390000224113464,0.7400000095367432,4514.0
2023-03-09 13:50:00,BKCC,3.6500000953674316,3.6500000953674316,3.6549999713897705,3.6500000953674316,3.6500000953674316,5108.0
2023-03-09 13:50:00,BMRC,26.920000076293945,26.920000076293945,26.920000076293945,26.920000076293945,26.920000076293945,258.0
2023-03-09 13:50:00,BOKF,95.26000213623047,95.26000213623047,95.26000213623047,95.23999786376953,95.23999786376953,788.0
2023-03-09 13:50:00,BPOP,62.11000061035156,62.11000061035156,62.11000061035156,62.099998474121094,62.099998474121094,1811.0
2023-03-09 13:50:00,BRKL,11.449999809265137,11.449999809265137,11.449999809265137,11.449999809265137,11.449999809265137,854.0
2023-03-09 13:50:00,BRP,25.3700008392334,25.3700008392334,25.3700008392334,25.3700008392334,25.3700008392334,622.0
2023-03-09 13:50:00,BTBT,1.090000033378601,1.090000033378601,1.100000023841858,1.0850000381469727,1.100000023841858,42314.0
2023-03-09 13:50:00,BUSE,22.475000381469727,22.475000381469727,22.475000381469727,22.475000381469727,22.475000381469727,226.0
2023-03-09 13:50:00,BWB,13.380000114440918,13.380000114440918,13.380000114440918,13.380000114440918,13.380000114440918,395.0
2023-03-09 13:50:00,CAC,38.81999969482422,38.81999969482422,38.81999969482422,38.81999969482422,38.81999969482422,259.0
2023-03-09 13:50:00,CACC,430.0,430.0,430.0,430.0,430.0,356.0
2023-03-09 13:50:00,CARE,16.260000228881836,16.260000228881836,16.264999389648438,16.260000228881836,16.264999389648438,364.0
2023-03-09 13:50:00,CASH,46.459999084472656,46.459999084472656,46.52000045776367,46.459999084472656,46.52000045776367,637.0
2023-03-09 13:50:00,CATY,38.71480178833008,38.71480178833008,38.71480178833008,38.71480178833008,38.71480178833008,1096.0
2023-03-09 13:50:00,CBAN,11.789999961853027,11.789999961853027,11.789999961853027,11.789999961853027,11.789999961853027,202.0
2023-03-09 13:50:00,CBSH,61.70000076293945,61.70000076293945,61.71500015258789,61.689998626708984,61.689998626708984,2079.0
2023-03-09 13:50:00,CCB,41.81999969482422,41.81999969482422,41.81999969482422,41.81999969482422,41.81999969482422,1218.0
2023-03-09 13:50:00,CCD,23.049999237060547,23.049999237060547,23.075000762939453,23.049999237060547,23.075000762939453,648.0
2023-03-09 13:50:00,CFFN,7.46999979019165,7.46999979019165,7.46999979019165,7.46999979019165,7.46999979019165,3176.0
2023-03-09 13:50:00,CG,33.72999954223633,33.72999954223633,33.72999954223633,33.70000076293945,33.72999954223633,12464.0
2023-03-09 13:50:00,CGBD,14.779999732971191,14.779999732971191,14.789999961853027,14.779999732971191,14.779999732971191,2510.0
2023-03-09 13:50:00,CHW,6.019999980926514,6.019999980926514,6.019999980926514,6.019999980926514,6.019999980926514,110.0
2023-03-09 13:50:00,CIFR,1.409999966621399,1.409999966621399,1.409999966621399,1.409999966621399,1.409999966621399,440.0
2023-03-09 13:50:00,CINF,115.76000213623047,115.76000213623047,115.76000213623047,115.72000122070312,115.73500061035156,1953.0
2023-03-09 13:50:00,CIVB,20.739999771118164,20.739999771118164,20.739999771118164,20.739999771118164,20.739999771118164,212.0
2023-03-09 13:50:00,CLBK,19.559999465942383,19.559999465942383,19.579999923706055,19.559999465942383,19.56999969482422,827.0
2023-03-09 13:50:00,CME,178.00999450683594,178.00999450683594,178.19000244140625,178.0,178.19000244140625,3752.0
2023-03-09 13:50:00,CNFR,1.75,1.75,1.75,1.645900011062622,1.645900011062622,548.0
2023-03-09 13:50:00,CNOB,21.479999542236328,21.479999542236328,21.540000915527344,21.479999542236328,21.5,2462.0
2023-03-09 13:50:00,COLB,25.040000915527344,25.040000915527344,25.040000915527344,25.024999618530273,25.024999618530273,7089.0
2023-03-09 13:50:00,COOP,43.599998474121094,43.599998474121094,43.599998474121094,43.5099983215332,43.52000045776367,5133.0
2023-03-09 13:50:00,CRVL,178.85499572753906,178.85499572753906,178.89999389648438,178.85499572753906,178.89999389648438,274.0
2023-03-09 13:50:00,CSTR,15.15999984741211,15.15999984741211,15.15999984741211,15.15999984741211,15.15999984741211,255.0
2023-03-09 13:50:00,CSWC,18.239999771118164,18.239999771118164,18.24410057067871,18.239999771118164,18.24410057067871,1534.0
2023-03-09 13:50:00,CUBA,3.890000104904175,3.890000104904175,3.8949999809265137,3.890000104904175,3.8949999809265137,503.0
2023-03-09 13:50:00,CVBF,21.709999084472656,21.709999084472656,21.709999084472656,21.709999084472656,21.709999084472656,271.0
2023-03-09 13:50:00,EBC,14.420000076293945,14.420000076293945,14.420000076293945,14.420000076293945,14.420000076293945,437.0
2023-03-09 13:50:00,EFSC,51.22999954223633,51.22999954223633,51.22999954223633,51.22999954223633,51.22999954223633,136.0
2023-03-09 13:50:00,EHTH,8.609999656677246,8.609999656677246,8.609999656677246,8.609999656677246,8.609999656677246,236.0
2023-03-09 13:50:00,EQBK,28.0,28.0,28.0,28.0,28.0,522.0
2023-03-09 13:50:00,ERIE,232.4499969482422,232.4499969482422,232.4499969482422,232.4499969482422,232.4499969482422,552.0
2023-03-09 13:50:00,EWBC,67.12000274658203,67.12000274658203,67.17500305175781,67.12000274658203,67.1500015258789,1016.0
2023-03-09 13:50:00,EZPW,8.760000228881836,8.760000228881836,8.770000457763672,8.755000114440918,8.770000457763672,1087.0
2023-03-09 13:50:00,FBMS,28.780000686645508,28.780000686645508,28.780000686645508,28.729999542236328,28.729999542236328,832.0
2023-03-09 13:50:00,FBNC,38.38999938964844,38.38999938964844,38.38999938964844,38.38999938964844,38.38999938964844,689.0
2023-03-09 13:50:00,FCBC,28.209999084472656,28.209999084472656,28.209999084472656,28.209999084472656,28.209999084472656,932.0
2023-03-09 13:50:00,FCNCA,641.3300170898438,641.3300170898438,641.3300170898438,641.3300170898438,641.3300170898438,1062.0
2023-03-09 13:50:00,FCRD,4.619999885559082,4.619999885559082,4.619999885559082,4.599999904632568,4.599999904632568,794.0
2023-03-09 13:50:00,FFIC,17.170000076293945,17.170000076293945,17.170000076293945,17.170000076293945,17.170000076293945,284.0
2023-03-09 13:50:00,FFIN,33.33000183105469,33.33000183105469,33.33000183105469,33.31999969482422,33.31999969482422,876.0
2023-03-09 13:50:00,FFWM,12.710000038146973,12.710000038146973,12.720000267028809,12.710000038146973,12.720000267028809,1696.0
2023-03-09 13:50:00,FHB,23.8700008392334,23.8700008392334,23.8700008392334,23.860000610351562,23.860000610351562,1643.0
2023-03-09 13:50:00,FIBK,31.889999389648438,31.889999389648438,31.889999389648438,31.889999389648438,31.889999389648438,940.0
2023-03-09 13:50:00,FITB,31.90999984741211,31.90999984741211,31.915000915527344,31.889999389648438,31.90999984741211,6967.0
2023-03-09 13:50:00,FITBI,25.149999618530273,25.149999618530273,25.149999618530273,25.149999618530273,25.149999618530273,324.0
2023-03-09 13:50:00,FLIC,16.110000610351562,16.110000610351562,16.110000610351562,16.100000381469727,16.100000381469727,1980.0
2023-03-09 13:50:00,FMIV,10.114999771118164,10.114999771118164,10.114999771118164,10.114999771118164,10.114999771118164,200.0
2023-03-09 13:50:00,FNCB,7.269999980926514,7.269999980926514,7.269999980926514,7.269999980926514,7.269999980926514,179.0
2023-03-09 13:50:00,FOCS,51.630001068115234,51.630001068115234,51.630001068115234,51.619998931884766,51.619998931884766,5136.0
2023-03-09 13:50:00,FRBK,1.7000000476837158,1.7000000476837158,1.7100000381469727,1.7000000476837158,1.7100000381469727,1416.0
2023-03-09 13:50:00,FRHC,71.9000015258789,71.9000015258789,71.9000015258789,71.9000015258789,71.9000015258789,535.0
2023-03-09 13:50:00,FSEA,9.901900291442871,9.901900291442871,9.901900291442871,9.901900291442871,9.901900291442871,500.0
2023-03-09 13:50:00,FULT,15.569999694824219,15.569999694824219,15.579999923706055,15.569999694824219,15.579999923706055,1203.0
2023-03-09 13:50:00,FUTU,46.13999938964844,46.13999938964844,46.13999938964844,46.099998474121094,46.119998931884766,4840.0
2023-03-09 13:50:00,GAIN,13.579999923706055,13.579999923706055,13.579999923706055,13.579999923706055,13.579999923706055,719.0
2023-03-09 13:50:00,GCMG,8.380000114440918,8.380000114440918,8.390000343322754,8.380000114440918,8.380000114440918,2506.0
2023-03-09 13:50:00,GGAL,12.739999771118164,12.739999771118164,12.760000228881836,12.710000038146973,12.760000228881836,3250.0
2023-03-09 13:50:00,GLAD,9.819999694824219,9.819999694824219,9.819999694824219,9.819999694824219,9.819999694824219,152.0
2023-03-09 13:50:00,HAFC,21.549999237060547,21.549999237060547,21.559999465942383,21.549999237060547,21.559999465942383,515.0
2023-03-09 13:50:00,HBAN,13.765000343322754,13.765000343322754,13.770000457763672,13.760000228881836,13.765000343322754,14674.0
2023-03-09 13:50:00,HIVE,2.5199999809265137,2.5199999809265137,2.5199999809265137,2.509999990463257,2.509999990463257,2580.0
2023-03-09 13:50:00,HMST,22.059999465942383,22.059999465942383,22.059999465942383,22.059999465942383,22.059999465942383,335.0
2023-03-09 13:50:00,HONE,12.5600004196167,12.5600004196167,12.5600004196167,12.5600004196167,12.5600004196167,298.0
2023-03-09 13:50:00,HOPE,11.645000457763672,11.645000457763672,11.649999618530273,11.645000457763672,11.645000457763672,1236.0
2023-03-09 13:50:00,HRZN,11.760899543762207,11.760899543762207,11.760899543762207,11.760899543762207,11.760899543762207,104.0
2023-03-09 13:50:00,HTBK,10.744999885559082,10.744999885559082,10.760000228881836,10.744999885559082,10.75,4283.0
2023-03-09 13:50:00,HUT,1.3285000324249268,1.3285000324249268,1.3285000324249268,1.3200000524520874,1.3250000476837158,13845.0
2023-03-09 13:50:00,HWC,43.650001525878906,43.650001525878906,43.650001525878906,43.650001525878906,43.650001525878906,115.0
2023-03-09 13:50:00,IBCP,20.40999984741211,20.40999984741211,20.40999984741211,20.40999984741211,20.40999984741211,110.0
2023-03-09 13:50:00,IBKR,86.81999969482422,86.81999969482422,86.83000183105469,86.81999969482422,86.83000183105469,869.0
2023-03-09 13:50:00,IBOC,44.65999984741211,44.65999984741211,44.65999984741211,44.65999984741211,44.65999984741211,522.0
2023-03-09 13:50:00,IGIC,8.300000190734863,8.300000190734863,8.300000190734863,8.300000190734863,8.300000190734863,375.0
2023-03-09 13:50:00,IGTA,10.300000190734863,10.300000190734863,10.300000190734863,10.300000190734863,10.300000190734863,45153.0
2023-03-09 13:50:00,INDB,71.55500030517578,71.55500030517578,71.55500030517578,71.55500030517578,71.55500030517578,587.0
2023-03-09 13:50:00,INTR,2.009999990463257,2.009999990463257,2.009999990463257,2.009999990463257,2.009999990463257,436.0
2023-03-09 13:51:00,ABCB,42.2599983215332,42.2599983215332,42.27000045776367,42.2599983215332,42.27000045776367,249.0
2023-03-09 13:51:00,ACGL,69.0999984741211,69.0999984741211,69.0999984741211,69.05000305175781,69.05000305175781,6732.0
2023-03-09 13:51:00,AFBI,15.5,15.5,15.5,15.5,15.5,226.0
2023-03-09 13:51:00,AMAL,21.010000228881836,21.010000228881836,21.010000228881836,20.989999771118164,21.0,1203.0
2023-03-09 13:51:00,AMRK,28.149999618530273,28.149999618530273,28.149999618530273,28.149999618530273,28.149999618530273,1261.0
2023-03-09 13:51:00,AMSF,51.43000030517578,51.43000030517578,51.43000030517578,51.43000030517578,51.43000030517578,377.0
2023-03-09 13:51:00,AMTB,25.020000457763672,25.020000457763672,25.020000457763672,25.020000457763672,25.020000457763672,408.0
2023-03-09 13:51:00,APLD,2.075000047683716,2.075000047683716,2.075000047683716,2.075000047683716,2.075000047683716,187.0
2023-03-09 13:51:00,APMI,10.289999961853027,10.289999961853027,10.460000038146973,10.289999961853027,10.460000038146973,4721.0
2023-03-09 13:51:00,ARBK,1.440000057220459,1.440000057220459,1.4500000476837158,1.440000057220459,1.4500000476837158,1546.0
2023-03-09 13:51:00,ARCC,18.729999542236328,18.729999542236328,18.739999771118164,18.729999542236328,18.735000610351562,6270.0
2023-03-09 13:51:00,ARYD,10.300000190734863,10.300000190734863,10.300000190734863,10.300000190734863,10.300000190734863,5648.0
2023-03-09 13:51:00,ATLO,23.395000457763672,23.395000457763672,23.395000457763672,23.395000457763672,23.395000457763672,581.0
2023-03-09 13:51:00,AUB,36.529998779296875,36.529998779296875,36.529998779296875,36.4900016784668,36.5099983215332,2411.0
2023-03-09 13:51:00,BANF,85.38999938964844,85.38999938964844,85.38999938964844,85.38999938964844,85.38999938964844,455.0
2023-03-09 13:51:00,BANR,57.23500061035156,57.23500061035156,57.23500061035156,57.23500061035156,57.23500061035156,299.0
2023-03-09 13:51:00,BCBP,15.75,15.75,15.75,15.75,15.75,1720.0
2023-03-09 13:51:00,BFST,18.5,18.5,18.5,18.489999771118164,18.489999771118164,835.0
2023-03-09 13:51:00,BGCP,4.965000152587891,4.965000152587891,4.965000152587891,4.954999923706055,4.954999923706055,7219.0
2023-03-09 13:51:00,BHF,52.30500030517578,52.30500030517578,52.34000015258789,52.290000915527344,52.29999923706055,1682.0
2023-03-09 13:51:00,BITF,0.7390000224113464,0.7390000224113464,0.7390999794006348,0.7390000224113464,0.7390999794006348,10184.0
2023-03-09 13:51:00,BKCC,3.6500000953674316,3.6500000953674316,3.6500000953674316,3.6500000953674316,3.6500000953674316,126.0
2023-03-09 13:51:00,BOKF,95.37000274658203,95.37000274658203,95.37000274658203,95.30999755859375,95.30999755859375,569.0
2023-03-09 13:51:00,BOTJ,12.960000038146973,12.960000038146973,12.960000038146973,12.960000038146973,12.960000038146973,800.0
2023-03-09 13:51:00,BPOP,62.15999984741211,62.15999984741211,62.15999984741211,62.10499954223633,62.119998931884766,5856.0
2023-03-09 13:51:00,BRKL,11.460000038146973,11.460000038146973,11.460000038146973,11.4399995803833,11.449999809265137,1987.0
2023-03-09 13:51:00,BRP,25.3799991607666,25.3799991607666,25.3799991607666,25.3799991607666,25.3799991607666,601.0
2023-03-09 13:51:00,BTBT,1.090000033378601,1.090000033378601,1.0923999547958374,1.090000033378601,1.090000033378601,1301.0
2023-03-09 13:51:00,BUSE,22.479999542236328,22.479999542236328,22.479999542236328,22.479999542236328,22.479999542236328,1245.0
2023-03-09 13:51:00,BWB,13.359999656677246,13.359999656677246,13.359999656677246,13.359999656677246,13.359999656677246,310.0
2023-03-09 13:51:00,CACC,429.29998779296875,429.29998779296875,430.55999755859375,429.29998779296875,430.55999755859375,556.0
2023-03-09 13:51:00,CARE,16.219999313354492,16.219999313354492,16.219999313354492,16.219999313354492,16.219999313354492,100.0
2023-03-09 13:51:00,CASH,46.47999954223633,46.47999954223633,46.47999954223633,46.47999954223633,46.47999954223633,189.0
2023-03-09 13:51:00,CATY,38.7400016784668,38.7400016784668,38.75,38.720001220703125,38.7400016784668,1444.0
2023-03-09 13:51:00,CBAN,11.789999961853027,11.789999961853027,11.789999961853027,11.789999961853027,11.789999961853027,326.0
2023-03-09 13:51:00,CBSH,61.7400016784668,61.7400016784668,61.7400016784668,61.7400016784668,61.7400016784668,305.0
2023-03-09 13:51:00,CCAP,14.904999732971191,14.904999732971191,14.920000076293945,14.890000343322754,14.890000343322754,422.0
2023-03-09 13:51:00,CCNE,22.510000228881836,22.510000228881836,22.510000228881836,22.510000228881836,22.510000228881836,775.0
2023-03-09 13:51:00,CCTS,10.420000076293945,10.420000076293945,10.420000076293945,10.420000076293945,10.420000076293945,49990.0
2023-03-09 13:51:00,CFBK,20.059999465942383,20.059999465942383,20.145000457763672,20.059999465942383,20.145000457763672,499.0
2023-03-09 13:51:00,CFFN,7.465000152587891,7.465000152587891,7.46999979019165,7.465000152587891,7.46999979019165,843.0
2023-03-09 13:51:00,CG,33.790000915527344,33.790000915527344,33.79999923706055,33.7400016784668,33.7400016784668,23344.0
2023-03-09 13:51:00,CGBD,14.791000366210938,14.791000366210938,14.800000190734863,14.791000366210938,14.800000190734863,1670.0
2023-03-09 13:51:00,CIFR,1.409999966621399,1.409999966621399,1.409999966621399,1.409999966621399,1.409999966621399,152.0
2023-03-09 13:51:00,CINF,115.81999969482422,115.81999969482422,115.87000274658203,115.79000091552734,115.80000305175781,2201.0
2023-03-09 13:51:00,CME,178.10000610351562,178.10000610351562,178.10000610351562,178.07000732421875,178.07000732421875,1000.0
2023-03-09 13:51:00,CNOB,21.559999465942383,21.559999465942383,21.56999969482422,21.520000457763672,21.520000457763672,2595.0
2023-03-09 13:51:00,COLB,25.059999465942383,25.059999465942383,25.06999969482422,25.040000915527344,25.045000076293945,12305.0
2023-03-09 13:51:00,COOP,43.68000030517578,43.68000030517578,43.75,43.68000030517578,43.689998626708984,974.0
2023-03-09 13:51:00,CRVL,178.52000427246094,178.52000427246094,178.52000427246094,178.5,178.5,351.0
2023-03-09 13:51:00,CSWC,18.25,18.25,18.25,18.239999771118164,18.25,1206.0
2023-03-09 13:51:00,CVBF,21.729999542236328,21.729999542236328,21.729999542236328,21.719999313354492,21.719999313354492,1484.0
2023-03-09 13:51:00,DGICA,15.0600004196167,15.0600004196167,15.09000015258789,15.050000190734863,15.050000190734863,1939.0
2023-03-09 13:51:00,DWAC,14.031599998474121,14.031599998474121,14.031599998474121,14.031599998474121,14.031599998474121,455.0
2023-03-09 13:51:00,EBC,14.430000305175781,14.430000305175781,14.430000305175781,14.425000190734863,14.425000190734863,1163.0
2023-03-09 13:51:00,EGBN,39.95000076293945,39.95000076293945,39.95000076293945,39.900001525878906,39.900001525878906,1314.0
2023-03-09 13:51:00,EHTH,8.619999885559082,8.619999885559082,8.619999885559082,8.600000381469727,8.601499557495117,870.0
2023-03-09 13:51:00,ESGRP,23.31999969482422,23.31999969482422,23.31999969482422,23.31999969482422,23.31999969482422,217.0
2023-03-09 13:51:00,ESSA,18.719999313354492,18.719999313354492,18.719999313354492,18.719999313354492,18.719999313354492,212.0
2023-03-09 13:51:00,EWBC,67.22000122070312,67.22000122070312,67.22000122070312,67.1500015258789,67.1500015258789,2625.0
2023-03-09 13:51:00,EZPW,8.760000228881836,8.760000228881836,8.760000228881836,8.760000228881836,8.760000228881836,1403.0
2023-03-09 13:51:00,FCFS,88.12000274658203,88.12000274658203,88.12000274658203,88.12000274658203,88.12000274658203,210.0
2023-03-09 13:51:00,FFBC,22.209999084472656,22.209999084472656,22.209999084472656,22.200000762939453,22.200000762939453,1229.0
2023-03-09 13:51:00,FFIC,17.170000076293945,17.170000076293945,17.170000076293945,17.170000076293945,17.170000076293945,361.0
2023-03-09 13:51:00,FFIN,33.349998474121094,33.349998474121094,33.349998474121094,33.34000015258789,33.345001220703125,692.0
2023-03-09 13:51:00,FFWM,12.734999656677246,12.734999656677246,12.734999656677246,12.710000038146973,12.720000267028809,3129.0
2023-03-09 13:51:00,FHB,23.8799991607666,23.8799991607666,23.8799991607666,23.8799991607666,23.8799991607666,538.0
2023-03-09 13:51:00,FIBK,31.920000076293945,31.920000076293945,31.920000076293945,31.920000076293945,31.920000076293945,438.0
2023-03-09 13:51:00,FITB,31.940000534057617,31.940000534057617,31.950000762939453,31.90999984741211,31.90999984741211,24470.0
2023-03-09 13:51:00,FLIC,16.1200008392334,16.1200008392334,16.1200008392334,16.1200008392334,16.1200008392334,103.0
2023-03-09 13:51:00,FMBH,28.329999923706055,28.329999923706055,28.329999923706055,28.329999923706055,28.329999923706055,216.0
2023-03-09 13:51:00,FOCS,51.625,51.625,51.630001068115234,51.619998931884766,51.630001068115234,2539.0
2023-03-09 13:51:00,FRBK,1.7100000381469727,1.7100000381469727,1.7100000381469727,1.7050000429153442,1.7055000066757202,951.0
2023-03-09 13:51:00,FRME,37.189998626708984,37.189998626708984,37.20000076293945,37.185001373291016,37.20000076293945,1663.0
2023-03-09 13:51:00,FSEA,9.90999984741211,9.90999984741211,9.90999984741211,9.90999984741211,9.90999984741211,210.0
2023-03-09 13:51:00,FULT,15.579999923706055,15.579999923706055,15.579999923706055,15.569999694824219,15.569999694824219,1467.0
2023-03-09 13:51:00,FUTU,46.15999984741211,46.15999984741211,46.15999984741211,46.11000061035156,46.119998931884766,3141.0
2023-03-09 13:51:00,GABC,35.685001373291016,35.685001373291016,35.685001373291016,35.685001373291016,35.685001373291016,167.0
2023-03-09 13:51:00,GBDC,13.324999809265137,13.324999809265137,13.324999809265137,13.319999694824219,13.324999809265137,851.0
2023-03-09 13:51:00,GCMG,8.369999885559082,8.369999885559082,8.369999885559082,8.369999885559082,8.369999885559082,187.0
2023-03-09 13:51:00,GGAL,12.760000228881836,12.760000228881836,12.760000228881836,12.729999542236328,12.729999542236328,1128.0
2023-03-09 13:51:00,GLRE,10.010000228881836,10.010000228881836,10.020000457763672,10.0,10.020000457763672,2849.0
2023-03-09 13:51:00,GREE,0.41005000472068787,0.41005000472068787,0.4101000130176544,0.41005000472068787,0.4101000130176544,2491.0
2023-03-09 13:51:00,GSHD,51.779998779296875,51.779998779296875,51.779998779296875,51.779998779296875,51.779998779296875,417.0
2023-03-09 13:51:00,GXII,10.119999885559082,10.119999885559082,10.119999885559082,10.119999885559082,10.119999885559082,100.0
2023-03-09 13:51:00,HAFC,21.600000381469727,21.600000381469727,21.600000381469727,21.579999923706055,21.579999923706055,2612.0
2023-03-09 13:51:00,HBAN,13.770000457763672,13.770000457763672,13.779999732971191,13.765000343322754,13.770000457763672,85772.0
2023-03-09 13:51:00,HBNC,13.720000267028809,13.720000267028809,13.720000267028809,13.710000038146973,13.710000038146973,1136.0
2023-03-09 13:51:00,HBT,22.0,22.0,22.010000228881836,21.979999542236328,21.979999542236328,1625.0
2023-03-09 13:51:00,HCMA,10.420000076293945,10.420000076293945,10.420000076293945,10.420000076293945,10.420000076293945,400.0
2023-03-09 13:51:00,HIVE,2.5199999809265137,2.5199999809265137,2.5199999809265137,2.5199999809265137,2.5199999809265137,385.0
2023-03-09 13:51:00,HLNE,74.9800033569336,74.9800033569336,75.18000030517578,74.9800033569336,75.18000030517578,6578.0
2023-03-09 13:51:00,HMPT,1.9917999505996704,1.9917999505996704,1.9917999505996704,1.9917999505996704,1.9917999505996704,345.0
2023-03-09 13:51:00,HMST,22.100000381469727,22.100000381469727,22.100000381469727,22.040000915527344,22.040000915527344,1554.0
2023-03-09 13:51:00,HOPE,11.664999961853027,11.664999961853027,11.664999961853027,11.645000457763672,11.649999618530273,13364.0
2023-03-09 13:51:00,HRZN,11.75,11.75,11.75,11.75,11.75,3940.0
2023-03-09 13:51:00,HTBK,10.75,10.75,10.75,10.744999885559082,10.75,2160.0
2023-03-09 13:51:00,HTLFP,25.25,25.25,25.25,25.25,25.25,800.0
2023-03-09 13:51:00,HUT,1.3250000476837158,1.3250000476837158,1.3300000429153442,1.320099949836731,1.3250000476837158,11927.0
2023-03-09 13:51:00,HWC,43.720001220703125,43.720001220703125,43.7400016784668,43.689998626708984,43.689998626708984,1468.0
2023-03-09 13:51:00,IBCP,20.420000076293945,20.420000076293945,20.420000076293945,20.420000076293945,20.420000076293945,121.0
2023-03-09 13:51:00,IBKR,86.9749984741211,86.9749984741211,86.9749984741211,86.875,86.88999938964844,2667.0
2023-03-09 13:51:00,IBOC,44.65999984741211,44.65999984741211,44.689998626708984,44.654998779296875,44.654998779296875,824.0
2023-03-09 13:51:00,IBTX,52.45000076293945,52.45000076293945,52.50899887084961,52.45000076293945,52.47999954223633,1789.0
2023-03-09 13:51:00,INBK,23.280000686645508,23.280000686645508,23.280000686645508,23.280000686645508,23.280000686645508,152.0
2023-03-09 13:52:00,ABCB,42.28499984741211,42.28499984741211,42.28499984741211,42.28499984741211,42.28499984741211,825.0
2023-03-09 13:52:00,ACGL,69.12000274658203,69.12000274658203,69.13999938964844,69.11000061035156,69.11000061035156,2373.0
2023-03-09 13:52:00,ACT,23.934999465942383,23.934999465942383,23.954999923706055,23.934999465942383,23.940000534057617,855.0
2023-03-09 13:52:00,ALRS,18.940000534057617,18.940000534057617,18.950000762939453,18.940000534057617,18.950000762939453,327.0
2023-03-09 13:52:00,APLD,2.059999942779541,2.059999942779541,2.075000047683716,2.059999942779541,2.075000047683716,12942.0
2023-03-09 13:52:00,APMI,10.319999694824219,10.319999694824219,10.319999694824219,10.319999694824219,10.319999694824219,1316.0
2023-03-09 13:52:00,ARCC,18.729999542236328,18.729999542236328,18.739999771118164,18.729999542236328,18.735000610351562,6439.0
2023-03-09 13:52:00,AROW,28.360000610351562,28.360000610351562,28.3799991607666,28.34000015258789,28.34000015258789,1067.0
2023-03-09 13:52:00,ATLC,28.649999618530273,28.649999618530273,28.649999618530273,28.649999618530273,28.649999618530273,377.0
2023-03-09 13:52:00,AUB,36.480499267578125,36.480499267578125,36.529998779296875,36.47999954223633,36.529998779296875,1446.0
2023-03-09 13:52:00,BANR,57.2599983215332,57.2599983215332,57.290000915527344,57.2599983215332,57.290000915527344,455.0
2023-03-09 13:52:00,BFIN,10.25,10.25,10.25,10.25,10.25,221.0
2023-03-09 13:52:00,BFST,18.489999771118164,18.489999771118164,18.4950008392334,18.489999771118164,18.4950008392334,426.0
2023-03-09 13:52:00,BGCP,4.960000038146973,4.960000038146973,4.960000038146973,4.960000038146973,4.960000038146973,229.0
2023-03-09 13:52:00,BHFAO,24.649999618530273,24.649999618530273,24.649999618530273,24.59000015258789,24.59000015258789,1175.0
2023-03-09 13:52:00,BITF,0.7391999959945679,0.7391999959945679,0.7391999959945679,0.7390999794006348,0.7390999794006348,7102.0
2023-03-09 13:52:00,BKCC,3.6500000953674316,3.6500000953674316,3.6521999835968018,3.6500000953674316,3.6500000953674316,1249.0
2023-03-09 13:52:00,BPOP,62.189998626708984,62.189998626708984,62.189998626708984,62.099998474121094,62.16999816894531,3222.0
2023-03-09 13:52:00,BRKL,11.470000267028809,11.470000267028809,11.470000267028809,11.470000267028809,11.470000267028809,997.0
2023-03-09 13:52:00,BTBT,1.090000033378601,1.090000033378601,1.090000033378601,1.090000033378601,1.090000033378601,901.0
2023-03-09 13:52:00,BUSE,22.5,22.5,22.5,22.5,22.5,202.0
2023-03-09 13:52:00,BWB,13.364999771118164,13.364999771118164,13.364999771118164,13.364999771118164,13.364999771118164,111.0
2023-03-09 13:52:00,CACC,429.80999755859375,429.80999755859375,429.80999755859375,429.4599914550781,429.4599914550781,245.0
2023-03-09 13:52:00,CARE,16.235000610351562,16.235000610351562,16.235000610351562,16.235000610351562,16.235000610351562,454.0
2023-03-09 13:52:00,CASH,46.540000915527344,46.540000915527344,46.540000915527344,46.540000915527344,46.540000915527344,1657.0
2023-03-09 13:52:00,CBNK,18.68000030517578,18.68000030517578,18.68000030517578,18.68000030517578,18.68000030517578,271.0
2023-03-09 13:52:00,CBSH,61.73500061035156,61.73500061035156,61.73500061035156,61.73500061035156,61.73500061035156,320.0
2023-03-09 13:52:00,CG,33.775001525878906,33.775001525878906,33.810001373291016,33.755001068115234,33.810001373291016,15685.0
2023-03-09 13:52:00,CHI,11.859999656677246,11.859999656677246,11.859999656677246,11.859999656677246,11.859999656677246,100.0
2023-03-09 13:52:00,CINF,115.8949966430664,115.8949966430664,115.8949966430664,115.87000274658203,115.87000274658203,569.0
2023-03-09 13:52:00,CLBK,19.56999969482422,19.56999969482422,19.56999969482422,19.56999969482422,19.56999969482422,415.0
2023-03-09 13:52:00,CME,178.1699981689453,178.1699981689453,178.1699981689453,178.1300048828125,178.1300048828125,580.0
2023-03-09 13:52:00,CNOB,21.565000534057617,21.565000534057617,21.565000534057617,21.565000534057617,21.565000534057617,1050.0
2023-03-09 13:52:00,COLB,25.05500030517578,25.05500030517578,25.059999465942383,25.05500030517578,25.059999465942383,2485.0
2023-03-09 13:52:00,COOP,43.66999816894531,43.66999816894531,43.68000030517578,43.66999816894531,43.68000030517578,1037.0
2023-03-09 13:52:00,CRVL,178.64999389648438,178.64999389648438,178.64999389648438,178.64999389648438,178.64999389648438,138.0
2023-03-09 13:52:00,CSWC,18.229999542236328,18.229999542236328,18.229999542236328,18.229999542236328,18.229999542236328,252.0
2023-03-09 13:52:00,CVBF,21.7450008392334,21.7450008392334,21.7450008392334,21.729999542236328,21.729999542236328,438.0
2023-03-09 13:52:00,CWBC,14.936800003051758,14.936800003051758,14.936800003051758,14.899999618530273,14.899999618530273,1026.0
2023-03-09 13:52:00,DHIL,173.70199584960938,173.70199584960938,173.70199584960938,173.70199584960938,173.70199584960938,550.0
2023-03-09 13:52:00,DWAC,14.030099868774414,14.030099868774414,14.030099868774414,14.030099868774414,14.030099868774414,422.0
2023-03-09 13:52:00,EBC,14.4399995803833,14.4399995803833,14.4399995803833,14.4399995803833,14.4399995803833,1600.0
2023-03-09 13:52:00,ECPG,50.209999084472656,50.209999084472656,50.209999084472656,50.209999084472656,50.209999084472656,477.0
2023-03-09 13:52:00,EHTH,8.619099617004395,8.619099617004395,8.619099617004395,8.619099617004395,8.619099617004395,601.0
2023-03-09 13:52:00,EQBK,27.96500015258789,27.96500015258789,27.989999771118164,27.96500015258789,27.989999771118164,398.0
2023-03-09 13:52:00,ESSA,18.684999465942383,18.684999465942383,18.684999465942383,18.684999465942383,18.684999465942383,177.0
2023-03-09 13:52:00,EWBC,67.2699966430664,67.2699966430664,67.2699966430664,67.2699966430664,67.2699966430664,280.0
2023-03-09 13:52:00,EZPW,8.765000343322754,8.765000343322754,8.765000343322754,8.760000228881836,8.760000228881836,640.0
2023-03-09 13:52:00,FANH,8.260000228881836,8.260000228881836,8.260000228881836,8.260000228881836,8.260000228881836,668.0
2023-03-09 13:52:00,FBIZ,33.279998779296875,33.279998779296875,33.279998779296875,33.279998779296875,33.279998779296875,138.0
2023-03-09 13:52:00,FBNC,38.349998474121094,38.349998474121094,38.349998474121094,38.349998474121094,38.349998474121094,108.0
2023-03-09 13:52:00,FCFS,88.11499786376953,88.11499786376953,88.11499786376953,88.11499786376953,88.11499786376953,720.0
2023-03-09 13:52:00,FCRD,4.590000152587891,4.590000152587891,4.590000152587891,4.590000152587891,4.590000152587891,100.0
2023-03-09 13:52:00,FFBC,22.209999084472656,22.209999084472656,22.209999084472656,22.209999084472656,22.209999084472656,200.0
2023-03-09 13:52:00,FFIC,17.170000076293945,17.170000076293945,17.170000076293945,17.170000076293945,17.170000076293945,348.0
2023-03-09 13:52:00,FFIN,33.349998474121094,33.349998474121094,33.349998474121094,33.33000183105469,33.33000183105469,447.0
2023-03-09 13:52:00,FHB,23.8799991607666,23.8799991607666,23.889999389648438,23.8799991607666,23.889999389648438,361.0
2023-03-09 13:52:00,FIBK,31.920000076293945,31.920000076293945,31.93000030517578,31.920000076293945,31.93000030517578,1492.0
2023-03-09 13:52:00,FINW,9.140000343322754,9.140000343322754,9.149999618530273,9.140000343322754,9.149999618530273,347.0
2023-03-09 13:52:00,FITB,31.940000534057617,31.940000534057617,31.950000762939453,31.924999237060547,31.950000762939453,12670.0
2023-03-09 13:52:00,FITBI,25.139999389648438,25.139999389648438,25.139999389648438,25.139999389648438,25.139999389648438,100.0
2023-03-09 13:52:00,FLIC,16.1299991607666,16.1299991607666,16.1299991607666,16.1299991607666,16.1299991607666,325.0
2023-03-09 13:52:00,FMNB,13.125,13.125,13.125,13.125,13.125,100.0
2023-03-09 13:52:00,FNCB,7.260000228881836,7.260000228881836,7.260000228881836,7.260000228881836,7.260000228881836,266.0
2023-03-09 13:52:00,FOCS,51.630001068115234,51.630001068115234,51.630001068115234,51.630001068115234,51.630001068115234,100.0
2023-03-09 13:52:00,FRBK,1.7100000381469727,1.7100000381469727,1.7100000381469727,1.7050000429153442,1.7064000368118286,2317.0
2023-03-09 13:52:00,FSEA,9.90999984741211,9.90999984741211,9.90999984741211,9.90999984741211,9.90999984741211,500.0
2023-03-09 13:52:00,FULT,15.579999923706055,15.579999923706055,15.579999923706055,15.574999809265137,15.579999923706055,802.0
2023-03-09 13:52:00,FUTU,46.165000915527344,46.165000915527344,46.189998626708984,46.15999984741211,46.17599868774414,1928.0
2023-03-09 13:52:00,GABC,35.69990158081055,35.69990158081055,35.69990158081055,35.69990158081055,35.69990158081055,400.0
2023-03-09 13:52:00,GBDC,13.319999694824219,13.319999694824219,13.324999809265137,13.319999694824219,13.319999694824219,2503.0
2023-03-09 13:52:00,GGAL,12.75,12.75,12.770000457763672,12.739999771118164,12.760000228881836,6051.0
2023-03-09 13:52:00,GOCO,18.90999984741211,18.90999984741211,18.90999984741211,18.90999984741211,18.90999984741211,244.0
2023-03-09 13:52:00,GREE,0.41499999165534973,0.41499999165534973,0.41510000824928284,0.4101000130176544,0.4101000130176544,22314.0
2023-03-09 13:52:00,GSHD,51.779998779296875,51.779998779296875,51.779998779296875,51.779998779296875,51.779998779296875,382.0
2023-03-09 13:52:00,HAFC,21.600000381469727,21.600000381469727,21.600000381469727,21.600000381469727,21.600000381469727,727.0
2023-03-09 13:52:00,HBAN,13.770000457763672,13.770000457763672,13.779999732971191,13.770000457763672,13.774999618530273,12271.0
2023-03-09 13:52:00,HBCP,36.29999923706055,36.29999923706055,36.29999923706055,36.29999923706055,36.29999923706055,670.0
2023-03-09 13:52:00,HBNC,13.704999923706055,13.704999923706055,13.704999923706055,13.704999923706055,13.704999923706055,400.0
2023-03-09 13:52:00,HBT,22.0,22.0,22.0,22.0,22.0,130.0
2023-03-09 13:52:00,HGBL,2.4899001121520996,2.4899001121520996,2.490000009536743,2.4899001121520996,2.490000009536743,1566.0
2023-03-09 13:52:00,HIVE,2.5208001136779785,2.5208001136779785,2.5208001136779785,2.5206000804901123,2.5206000804901123,809.0
2023-03-09 13:52:00,HLNE,75.02999877929688,75.02999877929688,75.02999877929688,75.02999877929688,75.02999877929688,313.0
2023-03-09 13:52:00,HOPE,11.660099983215332,11.660099983215332,11.670000076293945,11.65999984741211,11.670000076293945,7865.0
2023-03-09 13:52:00,HRZN,11.745699882507324,11.745699882507324,11.745699882507324,11.745699882507324,11.745699882507324,101.0
2023-03-09 13:52:00,HUT,1.3250000476837158,1.3250000476837158,1.3300000429153442,1.3220000267028809,1.3274999856948853,1713.0
2023-03-09 13:52:00,HWC,43.709999084472656,43.709999084472656,43.709999084472656,43.70000076293945,43.709999084472656,863.0
2023-03-09 13:52:00,HYW,5.400000095367432,5.400000095367432,5.440000057220459,5.400000095367432,5.429999828338623,500.0
2023-03-09 13:52:00,IBCP,20.420000076293945,20.420000076293945,20.420000076293945,20.420000076293945,20.420000076293945,142.0
2023-03-09 13:52:00,IBKR,87.05999755859375,87.05999755859375,87.05999755859375,86.98999786376953,86.98999786376953,433.0
2023-03-09 13:52:00,IBTX,52.51900100708008,52.51900100708008,52.52000045776367,52.439998626708984,52.459999084472656,1065.0
2023-03-09 13:53:00,ABCB,42.31999969482422,42.31999969482422,42.33000183105469,42.31999969482422,42.31999969482422,655.0
2023-03-09 13:53:00,ACGL,69.18499755859375,69.18499755859375,69.18499755859375,69.12999725341797,69.12999725341797,3451.0
2023-03-09 13:53:00,ACT,23.959999084472656,23.959999084472656,23.959999084472656,23.950000762939453,23.950000762939453,696.0
2023-03-09 13:53:00,AMNB,31.3799991607666,31.3799991607666,31.3799991607666,31.3799991607666,31.3799991607666,122.0
2023-03-09 13:53:00,ARCC,18.735000610351562,18.735000610351562,18.739999771118164,18.729999542236328,18.729999542236328,4489.0
2023-03-09 13:53:00,AUB,36.505001068115234,36.505001068115234,36.505001068115234,36.505001068115234,36.505001068115234,152.0
2023-03-09 13:53:00,BGCP,4.965000152587891,4.965000152587891,4.96999979019165,4.960000038146973,4.960000038146973,1716.0
2023-03-09 13:53:00,BHFAP,24.3799991607666,24.3799991607666,24.3799991607666,24.3799991607666,24.3799991607666,1000.0
2023-03-09 13:53:00,BITF,0.7393490076065063,0.7393490076065063,0.7398999929428101,0.7393490076065063,0.7398999929428101,4017.0
2023-03-09 13:53:00,BKCC,3.6500000953674316,3.6500000953674316,3.6500000953674316,3.6500000953674316,3.6500000953674316,261.0
2023-03-09 13:53:00,BOKF,95.41000366210938,95.41000366210938,95.41000366210938,95.41000366210938,95.41000366210938,214.0
2023-03-09 13:53:00,BPOP,62.150001525878906,62.150001525878906,62.15999984741211,62.11000061035156,62.15999984741211,2206.0
2023-03-09 13:53:00,BRP,25.350000381469727,25.350000381469727,25.350000381469727,25.34000015258789,25.34000015258789,756.0
2023-03-09 13:53:00,BTBT,1.090000033378601,1.090000033378601,1.0993000268936157,1.090000033378601,1.090000033378601,1200.0
2023-03-09 13:53:00,BUSE,22.479999542236328,22.479999542236328,22.479999542236328,22.479999542236328,22.479999542236328,333.0
2023-03-09 13:53:00,CACC,429.98858642578125,429.98858642578125,430.29998779296875,429.98858642578125,430.1600036621094,677.0
2023-03-09 13:53:00,CALB,24.68000030517578,24.68000030517578,24.68000030517578,24.68000030517578,24.68000030517578,184.0
2023-03-09 13:53:00,CASH,46.560001373291016,46.560001373291016,46.56999969482422,46.540000915527344,46.560001373291016,1681.0
2023-03-09 13:53:00,CATY,38.77000045776367,38.77000045776367,38.77000045776367,38.75,38.75,660.0
2023-03-09 13:53:00,CBSH,61.744998931884766,61.744998931884766,61.744998931884766,61.744998931884766,61.744998931884766,322.0
2023-03-09 13:53:00,CCD,23.0049991607666,23.0049991607666,23.0049991607666,23.0049991607666,23.0049991607666,100.0
2023-03-09 13:53:00,CFFN,7.465000152587891,7.465000152587891,7.465000152587891,7.465000152587891,7.465000152587891,418.0
2023-03-09 13:53:00,CG,33.7400016784668,33.7400016784668,33.775001525878906,33.7400016784668,33.77000045776367,5125.0
2023-03-09 13:53:00,CHCO,90.9800033569336,90.9800033569336,90.9800033569336,90.9800033569336,90.9800033569336,1093.0
2023-03-09 13:53:00,CHI,11.869999885559082,11.869999885559082,11.869999885559082,11.869999885559082,11.869999885559082,100.0
2023-03-09 13:53:00,CHW,6.010000228881836,6.010000228881836,6.010000228881836,6.010000228881836,6.010000228881836,1088.0
2023-03-09 13:53:00,CHY,12.300000190734863,12.300000190734863,12.300000190734863,12.300000190734863,12.300000190734863,123.0
2023-03-09 13:53:00,CINF,115.87999725341797,115.87999725341797,115.87999725341797,115.87999725341797,115.87999725341797,359.0
2023-03-09 13:53:00,CME,178.15499877929688,178.15499877929688,178.2299041748047,178.10000610351562,178.1999969482422,2058.0
2023-03-09 13:53:00,COLB,25.06999969482422,25.06999969482422,25.079999923706055,25.040000915527344,25.05500030517578,18057.0
2023-03-09 13:53:00,COOP,43.6349983215332,43.6349983215332,43.640499114990234,43.61000061035156,43.63999938964844,1557.0
2023-03-09 13:53:00,CSWC,18.232799530029297,18.232799530029297,18.232799530029297,18.232799530029297,18.232799530029297,502.0
2023-03-09 13:53:00,CTBI,40.27000045776367,40.27000045776367,40.27000045776367,40.27000045776367,40.27000045776367,109.0
2023-03-09 13:53:00,CVBF,21.760000228881836,21.760000228881836,21.760000228881836,21.729999542236328,21.729999542236328,1787.0
2023-03-09 13:53:00,DWAC,14.053799629211426,14.053799629211426,14.053799629211426,14.053799629211426,14.053799629211426,139.0
2023-03-09 13:53:00,EGBN,40.005001068115234,40.005001068115234,40.005001068115234,39.959999084472656,39.959999084472656,864.0
2023-03-09 13:53:00,EWBC,67.25,67.25,67.26000213623047,67.19999694824219,67.23999786376953,1377.0
2023-03-09 13:53:00,EZPW,8.770000457763672,8.770000457763672,8.770000457763672,8.770000457763672,8.770000457763672,107.0
2023-03-09 13:53:00,FBMS,28.780000686645508,28.780000686645508,28.780000686645508,28.770000457763672,28.770000457763672,400.0
2023-03-09 13:53:00,FBNC,38.38999938964844,38.38999938964844,38.38999938964844,38.38999938964844,38.38999938964844,220.0
2023-03-09 13:53:00,FCRD,4.590000152587891,4.590000152587891,4.590000152587891,4.590000152587891,4.590000152587891,200.0
2023-03-09 13:53:00,FFBC,22.219999313354492,22.219999313354492,22.219999313354492,22.209999084472656,22.209999084472656,922.0
2023-03-09 13:53:00,FFIN,33.369998931884766,33.369998931884766,33.369998931884766,33.349998474121094,33.349998474121094,863.0
2023-03-09 13:53:00,FFWM,12.720000267028809,12.720000267028809,12.729999542236328,12.720000267028809,12.729999542236328,813.0
2023-03-09 13:53:00,FHB,23.8700008392334,23.8700008392334,23.875,23.8700008392334,23.875,1057.0
2023-03-09 13:53:00,FIBK,31.93000030517578,31.93000030517578,31.93000030517578,31.93000030517578,31.93000030517578,271.0
2023-03-09 13:53:00,FITB,31.905000686645508,31.905000686645508,31.94499969482422,31.899999618530273,31.94499969482422,12941.0
2023-03-09 13:53:00,FITBI,25.149999618530273,25.149999618530273,25.149999618530273,25.149999618530273,25.149999618530273,137.0
2023-03-09 13:53:00,FOCS,51.60499954223633,51.60499954223633,51.625,51.599998474121094,51.619998931884766,17043.0
2023-03-09 13:53:00,FRBK,1.7050000429153442,1.7050000429153442,1.7100000381469727,1.7050000429153442,1.7100000381469727,763.0
2023-03-09 13:53:00,FRHC,72.13999938964844,72.13999938964844,72.1500015258789,72.13999938964844,72.1500015258789,315.0
2023-03-09 13:53:00,FRME,37.16999816894531,37.16999816894531,37.16999816894531,37.16999816894531,37.16999816894531,117.0
2023-03-09 13:53:00,FSEA,9.90999984741211,9.90999984741211,9.90999984741211,9.90999984741211,9.90999984741211,530.0
2023-03-09 13:53:00,FULT,15.59000015258789,15.59000015258789,15.59000015258789,15.585000038146973,15.59000015258789,803.0
2023-03-09 13:53:00,FUTU,46.119998931884766,46.119998931884766,46.19499969482422,46.08000183105469,46.19499969482422,6101.0
2023-03-09 13:53:00,GABC,35.65999984741211,35.65999984741211,35.65999984741211,35.65999984741211,35.65999984741211,113.0
2023-03-09 13:53:00,GBDC,13.319999694824219,13.319999694824219,13.319999694824219,13.319999694824219,13.319999694824219,392.0
2023-03-09 13:53:00,GGAL,12.75,12.75,12.760000228881836,12.739999771118164,12.75,1075.0
2023-03-09 13:53:00,GSHD,51.7400016784668,51.7400016784668,51.7400016784668,51.72999954223633,51.72999954223633,361.0
2023-03-09 13:53:00,GXII,10.119999885559082,10.119999885559082,10.119999885559082,10.119999885559082,10.119999885559082,100.0
2023-03-09 13:53:00,HBAN,13.779899597167969,13.779899597167969,13.779999732971191,13.770000457763672,13.774999618530273,36475.0
2023-03-09 13:53:00,HBNC,13.710000038146973,13.710000038146973,13.710000038146973,13.710000038146973,13.710000038146973,230.0
2023-03-09 13:53:00,HFWA,24.459999084472656,24.459999084472656,24.459999084472656,24.420000076293945,24.440000534057617,1617.0
2023-03-09 13:53:00,HIVE,2.509999990463257,2.509999990463257,2.509999990463257,2.5,2.509999990463257,12807.0
2023-03-09 13:53:00,HONE,12.550000190734863,12.550000190734863,12.550000190734863,12.550000190734863,12.550000190734863,100.0
2023-03-09 13:53:00,HOPE,11.652999877929688,11.652999877929688,11.65999984741211,11.649999618530273,11.65999984741211,1720.0
2023-03-09 13:53:00,HRZN,11.7431001663208,11.7431001663208,11.7431001663208,11.7431001663208,11.7431001663208,1000.0
2023-03-09 13:53:00,HTBK,10.760000228881836,10.760000228881836,10.760000228881836,10.760000228881836,10.760000228881836,276.0
2023-03-09 13:53:00,HTLF,45.20000076293945,45.20000076293945,45.20000076293945,45.20000076293945,45.20000076293945,336.0
2023-03-09 13:53:00,HUT,1.3250000476837158,1.3250000476837158,1.3299000263214111,1.3209999799728394,1.3220000267028809,3513.0
2023-03-09 13:53:00,IBCP,20.420000076293945,20.420000076293945,20.420000076293945,20.420000076293945,20.420000076293945,382.0
2023-03-09 13:53:00,IBKR,87.02999877929688,87.02999877929688,87.02999877929688,87.01000213623047,87.01000213623047,1739.0
2023-03-09 13:53:00,IGTA,10.3100004196167,10.3100004196167,10.3100004196167,10.3100004196167,10.3100004196167,100.0
2023-03-09 13:53:00,INKA,10.430000305175781,10.430000305175781,10.430000305175781,10.430000305175781,10.430000305175781,100.0
2023-03-09 13:54:00,ABCB,42.33000183105469,42.33000183105469,42.33000183105469,42.33000183105469,42.33000183105469,334.0
2023-03-09 13:54:00,ACGL,69.16000366210938,69.16000366210938,69.19000244140625,69.16000366210938,69.19000244140625,2074.0
2023-03-09 13:54:00,APLD,2.065000057220459,2.065000057220459,2.065000057220459,2.065000057220459,2.065000057220459,100.0
2023-03-09 13:54:00,APMI,10.1899995803833,10.1899995803833,10.1899995803833,10.1899995803833,10.1899995803833,1201.0
2023-03-09 13:54:00,ARCC,18.739999771118164,18.739999771118164,18.739999771118164,18.729999542236328,18.735000610351562,4973.0
2023-03-09 13:54:00,AUB,36.47999954223633,36.47999954223633,36.529998779296875,36.47999954223633,36.529998779296875,510.0
2023-03-09 13:54:00,BANR,57.33000183105469,57.33000183105469,57.33000183105469,57.33000183105469,57.33000183105469,344.0
2023-03-09 13:54:00,BCBP,15.722000122070312,15.722000122070312,15.722000122070312,15.722000122070312,15.722000122070312,100.0
2023-03-09 13:54:00,BCML,19.25,19.25,19.25,19.25,19.25,100.0
2023-03-09 13:54:00,BGCP,4.965000152587891,4.965000152587891,4.965000152587891,4.965000152587891,4.965000152587891,570.0
2023-03-09 13:54:00,BHF,52.375,52.375,52.375,52.369998931884766,52.375,715.0
2023-03-09 13:54:00,BITF,0.7394999861717224,0.7394999861717224,0.7396000027656555,0.739300012588501,0.7396000027656555,612.0
2023-03-09 13:54:00,BMRC,26.954999923706055,26.954999923706055,27.0,26.954999923706055,27.0,419.0
2023-03-09 13:54:00,BPOP,62.13750076293945,62.13750076293945,62.13750076293945,62.11000061035156,62.11000061035156,893.0
2023-03-09 13:54:00,BRKL,11.5,11.5,11.5,11.470000267028809,11.470000267028809,3323.0
2023-03-09 13:54:00,BTBT,1.090000033378601,1.090000033378601,1.0913000106811523,1.090000033378601,1.0913000106811523,1325.0
2023-03-09 13:54:00,BUSE,22.479999542236328,22.479999542236328,22.479999542236328,22.479999542236328,22.479999542236328,397.0
2023-03-09 13:54:00,BYFC,1.2699999809265137,1.2699999809265137,1.2699999809265137,1.2699999809265137,1.2699999809265137,1284.0
2023-03-09 13:54:00,CACC,432.7799987792969,432.7799987792969,432.79998779296875,430.70001220703125,430.70001220703125,2568.0
2023-03-09 13:54:00,CASH,46.5099983215332,46.5099983215332,46.529998779296875,46.5099983215332,46.529998779296875,621.0
2023-03-09 13:54:00,CATY,38.75,38.75,38.779998779296875,38.75,38.779998779296875,956.0
2023-03-09 13:54:00,CBSH,61.810001373291016,61.810001373291016,61.810001373291016,61.7599983215332,61.7599983215332,1168.0
2023-03-09 13:54:00,CFFN,7.46999979019165,7.46999979019165,7.46999979019165,7.465000152587891,7.465000152587891,5956.0
2023-03-09 13:54:00,CG,33.72999954223633,33.72999954223633,33.72999954223633,33.70000076293945,33.720001220703125,8757.0
2023-03-09 13:54:00,CHI,11.859999656677246,11.859999656677246,11.859999656677246,11.859999656677246,11.859999656677246,100.0
2023-03-09 13:54:00,CIFR,1.409999966621399,1.409999966621399,1.4149999618530273,1.409999966621399,1.409999966621399,1669.0
2023-03-09 13:54:00,CLBK,19.610000610351562,19.610000610351562,19.610000610351562,19.579999923706055,19.579999923706055,1002.0
2023-03-09 13:54:00,CME,178.11500549316406,178.11500549316406,178.11500549316406,178.11500549316406,178.11500549316406,496.0
2023-03-09 13:54:00,CNFR,1.6299999952316284,1.6299999952316284,1.6299999952316284,1.6299999952316284,1.6299999952316284,482.0
2023-03-09 13:54:00,CNOB,21.540000915527344,21.540000915527344,21.540000915527344,21.540000915527344,21.540000915527344,410.0
2023-03-09 13:54:00,COLB,25.079999923706055,25.079999923706055,25.09000015258789,25.059999465942383,25.075000762939453,7413.0
2023-03-09 13:54:00,COOP,43.61000061035156,43.61000061035156,43.619998931884766,43.61000061035156,43.619998931884766,477.0
2023-03-09 13:54:00,CRVL,179.08999633789062,179.08999633789062,179.08999633789062,178.5399932861328,178.5399932861328,2698.0
2023-03-09 13:54:00,CSQ,13.901399612426758,13.901399612426758,13.901399612426758,13.901399612426758,13.901399612426758,1590.0
2023-03-09 13:54:00,CSWC,18.239999771118164,18.239999771118164,18.239999771118164,18.239999771118164,18.239999771118164,343.0
2023-03-09 13:54:00,CTBI,40.209999084472656,40.209999084472656,40.209999084472656,40.209999084472656,40.209999084472656,410.0
2023-03-09 13:54:00,CVBF,21.760000228881836,21.760000228881836,21.760000228881836,21.75,21.75,1836.0
2023-03-09 13:54:00,CZNC,22.149999618530273,22.149999618530273,22.149999618530273,22.149999618530273,22.149999618530273,2101.0
2023-03-09 13:54:00,DWAC,14.045000076293945,14.045000076293945,14.045000076293945,14.045000076293945,14.045000076293945,463.0
2023-03-09 13:54:00,ECPG,50.275001525878906,50.275001525878906,50.290000915527344,50.2400016784668,50.2400016784668,1035.0
2023-03-09 13:54:00,EHTH,8.569999694824219,8.569999694824219,8.600000381469727,8.569999694824219,8.600000381469727,1538.0
2023-03-09 13:54:00,EQBK,27.989999771118164,27.989999771118164,27.989999771118164,27.979999542236328,27.979999542236328,430.0
2023-03-09 13:54:00,EWBC,67.41999816894531,67.41999816894531,67.43000030517578,67.25,67.26000213623047,11795.0
2023-03-09 13:54:00,FBMS,28.790000915527344,28.790000915527344,28.799999237060547,28.770000457763672,28.780000686645508,1523.0
2023-03-09 13:54:00,FCRD,4.590000152587891,4.590000152587891,4.590000152587891,4.590000152587891,4.590000152587891,106.0
2023-03-09 13:54:00,FFBC,22.229999542236328,22.229999542236328,22.229999542236328,22.229999542236328,22.229999542236328,320.0
2023-03-09 13:54:00,FFIC,17.18000030517578,17.18000030517578,17.18000030517578,17.18000030517578,17.18000030517578,424.0
2023-03-09 13:54:00,FFIN,33.380001068115234,33.380001068115234,33.380001068115234,33.380001068115234,33.380001068115234,268.0
2023-03-09 13:54:00,FFWM,12.720000267028809,12.720000267028809,12.720000267028809,12.710000038146973,12.720000267028809,2797.0
2023-03-09 13:54:00,FHB,23.8799991607666,23.8799991607666,23.8799991607666,23.860000610351562,23.860000610351562,842.0
2023-03-09 13:54:00,FIBK,31.93000030517578,31.93000030517578,31.93000030517578,31.93000030517578,31.93000030517578,697.0
2023-03-09 13:54:00,FISI,22.969999313354492,22.969999313354492,22.969999313354492,22.969999313354492,22.969999313354492,215.0
2023-03-09 13:54:00,FITB,31.90999984741211,31.90999984741211,31.920000076293945,31.889999389648438,31.905000686645508,9032.0
2023-03-09 13:54:00,FITBI,25.139999389648438,25.139999389648438,25.139999389648438,25.139999389648438,25.139999389648438,100.0
2023-03-09 13:54:00,FMNB,13.125,13.125,13.125,13.125,13.125,223.0
2023-03-09 13:54:00,FOCS,51.595001220703125,51.595001220703125,51.61000061035156,51.59000015258789,51.61000061035156,40570.0
2023-03-09 13:54:00,FRBK,1.7100000381469727,1.7100000381469727,1.7100000381469727,1.7050000429153442,1.7100000381469727,1075.0
2023-03-09 13:54:00,FRONU,10.180000305175781,10.180000305175781,10.180000305175781,10.180000305175781,10.180000305175781,2000.0
2023-03-09 13:54:00,FSEA,9.90999984741211,9.90999984741211,9.90999984741211,9.90999984741211,9.90999984741211,500.0
2023-03-09 13:54:00,FULT,15.59000015258789,15.59000015258789,15.59000015258789,15.585000038146973,15.59000015258789,2684.0
2023-03-09 13:54:00,FUTU,46.16749954223633,46.16749954223633,46.16749954223633,46.119998931884766,46.119998931884766,1138.0
2023-03-09 13:54:00,GABC,35.65999984741211,35.65999984741211,35.65999984741211,35.65999984741211,35.65999984741211,101.0
2023-03-09 13:54:00,GGAL,12.744999885559082,12.744999885559082,12.744999885559082,12.744999885559082,12.744999885559082,310.0
2023-03-09 13:54:00,GNTY,29.229999542236328,29.229999542236328,29.229999542236328,29.229999542236328,29.229999542236328,225.0
2023-03-09 13:54:00,GSHD,51.685001373291016,51.685001373291016,51.690101623535156,51.599998474121094,51.690101623535156,2046.0
2023-03-09 13:54:00,HAFC,21.6200008392334,21.6200008392334,21.6200008392334,21.6200008392334,21.6200008392334,260.0
2023-03-09 13:54:00,HAIA,10.40999984741211,10.40999984741211,10.40999984741211,10.40999984741211,10.40999984741211,12400.0
2023-03-09 13:54:00,HBAN,13.774999618530273,13.774999618530273,13.779999732971191,13.760000228881836,13.770000457763672,30991.0
2023-03-09 13:54:00,HBNC,13.720000267028809,13.720000267028809,13.720000267028809,13.720000267028809,13.720000267028809,1098.0
2023-03-09 13:54:00,HFWA,24.479999542236328,24.479999542236328,24.479999542236328,24.450000762939453,24.450000762939453,491.0
2023-03-09 13:54:00,HIFS,257.0,257.0,257.0,257.0,257.0,253.0
2023-03-09 13:54:00,HIVE,2.509999990463257,2.509999990463257,2.509999990463257,2.509999990463257,2.509999990463257,310.0
2023-03-09 13:54:00,HMST,22.1200008392334,22.1200008392334,22.1200008392334,22.1200008392334,22.1200008392334,368.0
2023-03-09 13:54:00,HONE,12.550000190734863,12.550000190734863,12.550000190734863,12.550000190734863,12.550000190734863,200.0
2023-03-09 13:54:00,HOPE,11.65999984741211,11.65999984741211,11.65999984741211,11.649999618530273,11.649999618530273,2090.0
2023-03-09 13:54:00,HRZN,11.737500190734863,11.737500190734863,11.743000030517578,11.737500190734863,11.743000030517578,514.0
2023-03-09 13:54:00,HTBK,10.765000343322754,10.765000343322754,10.765000343322754,10.765000343322754,10.765000343322754,100.0
2023-03-09 13:54:00,HTLF,45.209999084472656,45.209999084472656,45.209999084472656,45.209999084472656,45.209999084472656,515.0
2023-03-09 13:54:00,HUT,1.3250000476837158,1.3250000476837158,1.3300000429153442,1.3209999799728394,1.3281999826431274,11627.0
2023-03-09 13:54:00,HWC,43.7400016784668,43.7400016784668,43.7400016784668,43.66999816894531,43.66999816894531,1092.0
2023-03-09 13:54:00,IBKR,87.08000183105469,87.08000183105469,87.08000183105469,87.01090240478516,87.0250015258789,941.0
2023-03-09 13:54:00,IBTX,52.43000030517578,52.43000030517578,52.47999954223633,52.43000030517578,52.43000030517578,1576.0
2023-03-09 13:54:00,INBK,23.209999084472656,23.209999084472656,23.209999084472656,23.209999084472656,23.209999084472656,286.0
2023-03-09 13:54:00,INDB,71.77999877929688,71.77999877929688,71.77999877929688,71.6500015258789,71.6500015258789,904.0
2023-03-09 13:55:00,ACGL,69.11000061035156,69.11000061035156,69.12999725341797,69.0999984741211,69.12999725341797,2217.0
2023-03-09 13:55:00,ACT,23.985000610351562,23.985000610351562,23.985000610351562,23.979999542236328,23.979999542236328,533.0
2023-03-09 13:55:00,AIHS,0.8759999871253967,0.8759999871253967,0.8880000114440918,0.8759999871253967,0.8762000203132629,2800.0
2023-03-09 13:55:00,AMRK,28.139999389648438,28.139999389648438,28.139999389648438,28.139999389648438,28.139999389648438,833.0
2023-03-09 13:55:00,ANZU,9.9399995803833,9.9399995803833,9.9399995803833,9.9399995803833,9.9399995803833,669.0
2023-03-09 13:55:00,APLD,2.065000057220459,2.065000057220459,2.065000057220459,2.065000057220459,2.065000057220459,604.0
2023-03-09 13:55:00,APMI,10.25,10.25,10.25,10.220000267028809,10.220000267028809,2514.0
2023-03-09 13:55:00,ARCC,18.735000610351562,18.735000610351562,18.73870086669922,18.729999542236328,18.729999542236328,7535.0
2023-03-09 13:55:00,AUB,36.52000045776367,36.52000045776367,36.529998779296875,36.505001068115234,36.505001068115234,1714.0
2023-03-09 13:55:00,BANR,57.310001373291016,57.310001373291016,57.310001373291016,57.29999923706055,57.29999923706055,331.0
2023-03-09 13:55:00,BFST,18.5,18.5,18.510000228881836,18.489999771118164,18.489999771118164,986.0
2023-03-09 13:55:00,BGCP,4.96999979019165,4.96999979019165,4.96999979019165,4.965000152587891,4.965000152587891,14992.0
2023-03-09 13:55:00,BHF,52.42499923706055,52.42499923706055,52.42499923706055,52.380001068115234,52.380001068115234,1339.0
2023-03-09 13:55:00,BHFAN,18.889999389648438,18.889999389648438,18.889999389648438,18.84000015258789,18.84000015258789,1000.0
2023-03-09 13:55:00,BITF,0.739300012588501,0.739300012588501,0.739300012588501,0.739300012588501,0.739300012588501,122.0
2023-03-09 13:55:00,BKCC,3.6500000953674316,3.6500000953674316,3.6500000953674316,3.6500000953674316,3.6500000953674316,126.0
2023-03-09 13:55:00,BLFY,11.319999694824219,11.319999694824219,11.335000038146973,11.319999694824219,11.319999694824219,901.0
2023-03-09 13:55:00,BMRC,26.954999923706055,26.954999923706055,26.977500915527344,26.954999923706055,26.954999923706055,6530.0
2023-03-09 13:55:00,BPOP,62.150001525878906,62.150001525878906,62.150001525878906,62.11000061035156,62.11000061035156,403.0
2023-03-09 13:55:00,BRKL,11.5,11.5,11.5,11.5,11.5,2203.0
2023-03-09 13:55:00,BTBT,1.0943000316619873,1.0943000316619873,1.0943000316619873,1.090000033378601,1.090000033378601,400.0
2023-03-09 13:55:00,BUSE,22.489999771118164,22.489999771118164,22.489999771118164,22.489999771118164,22.489999771118164,546.0
2023-03-09 13:55:00,BWB,13.364999771118164,13.364999771118164,13.364999771118164,13.364999771118164,13.364999771118164,205.0
2023-03-09 13:55:00,CACC,432.7699890136719,432.7699890136719,432.7699890136719,432.7699890136719,432.7699890136719,455.0
2023-03-09 13:55:00,CASH,46.540000915527344,46.540000915527344,46.564998626708984,46.525001525878906,46.525001525878906,927.0
2023-03-09 13:55:00,CATC,70.43000030517578,70.43000030517578,70.43000030517578,70.43000030517578,70.43000030517578,120.0
2023-03-09 13:55:00,CBSH,61.779998779296875,61.779998779296875,61.810001373291016,61.7599983215332,61.779998779296875,4354.0
2023-03-09 13:55:00,CCD,23.0049991607666,23.0049991607666,23.0049991607666,23.0049991607666,23.0049991607666,107.0
2023-03-09 13:55:00,CFB,12.265000343322754,12.265000343322754,12.265000343322754,12.219499588012695,12.220000267028809,1956.0
2023-03-09 13:55:00,CFFN,7.460000038146973,7.460000038146973,7.46999979019165,7.460000038146973,7.46999979019165,3240.0
2023-03-09 13:55:00,CG,33.720001220703125,33.720001220703125,33.744998931884766,33.720001220703125,33.72999954223633,4381.0
2023-03-09 13:55:00,CHCO,90.93000030517578,90.93000030517578,91.02999877929688,90.93000030517578,91.02999877929688,612.0
2023-03-09 13:55:00,CHI,11.84000015258789,11.84000015258789,11.859999656677246,11.84000015258789,11.859999656677246,1410.0
2023-03-09 13:55:00,CINF,115.8499984741211,115.8499984741211,115.8949966430664,115.8499984741211,115.8949966430664,346.0
2023-03-09 13:55:00,CLBK,19.610000610351562,19.610000610351562,19.625,19.610000610351562,19.625,995.0
2023-03-09 13:55:00,CME,178.08999633789062,178.08999633789062,178.08999633789062,178.08999633789062,178.08999633789062,456.0
2023-03-09 13:55:00,CNOB,21.584999084472656,21.584999084472656,21.584999084472656,21.584999084472656,21.584999084472656,145.0
2023-03-09 13:55:00,COLB,25.110000610351562,25.110000610351562,25.114999771118164,25.079999923706055,25.079999923706055,11887.0
2023-03-09 13:55:00,COOP,43.63999938964844,43.63999938964844,43.63999938964844,43.60499954223633,43.63999938964844,987.0
2023-03-09 13:55:00,CRVL,179.25,179.25,179.3699951171875,179.25,179.3699951171875,2876.0
2023-03-09 13:55:00,CSWC,18.251800537109375,18.251800537109375,18.251800537109375,18.251800537109375,18.251800537109375,870.0
2023-03-09 13:55:00,CVBF,21.760000228881836,21.760000228881836,21.760000228881836,21.760000228881836,21.760000228881836,994.0
2023-03-09 13:55:00,EBC,14.4399995803833,14.4399995803833,14.444999694824219,14.4399995803833,14.444999694824219,1506.0
2023-03-09 13:55:00,EFSC,51.31999969482422,51.31999969482422,51.31999969482422,51.31999969482422,51.31999969482422,1088.0
2023-03-09 13:55:00,EHTH,8.574999809265137,8.574999809265137,8.574999809265137,8.574999809265137,8.574999809265137,4010.0
2023-03-09 13:55:00,EQBK,28.0,28.0,28.0,28.0,28.0,299.0
2023-03-09 13:55:00,ESGRO,23.989999771118164,23.989999771118164,24.010000228881836,23.989999771118164,24.010000228881836,1315.0
2023-03-09 13:55:00,EWBC,67.4000015258789,67.4000015258789,67.42500305175781,67.37000274658203,67.40499877929688,14211.0
2023-03-09 13:55:00,EZPW,8.774999618530273,8.774999618530273,8.774999618530273,8.774999618530273,8.774999618530273,361.0
2023-03-09 13:55:00,FBMS,28.81999969482422,28.81999969482422,28.81999969482422,28.799999237060547,28.799999237060547,1572.0
2023-03-09 13:55:00,FBNC,38.41999816894531,38.41999816894531,38.43000030517578,38.40999984741211,38.43000030517578,6073.0
2023-03-09 13:55:00,FCNCA,641.6699829101562,641.6699829101562,641.6699829101562,641.6699829101562,641.6699829101562,364.0
2023-03-09 13:55:00,FCRD,4.590000152587891,4.590000152587891,4.590000152587891,4.590000152587891,4.590000152587891,100.0
2023-03-09 13:55:00,FFBC,22.235000610351562,22.235000610351562,22.235000610351562,22.235000610351562,22.235000610351562,200.0
2023-03-09 13:55:00,FFIC,17.18000030517578,17.18000030517578,17.18000030517578,17.18000030517578,17.18000030517578,265.0
2023-03-09 13:55:00,FHB,23.899999618530273,23.899999618530273,23.899999618530273,23.899999618530273,23.899999618530273,631.0
2023-03-09 13:55:00,FIBK,31.940000534057617,31.940000534057617,31.950000762939453,31.93000030517578,31.93000030517578,2027.0
2023-03-09 13:55:00,FITB,31.920000076293945,31.920000076293945,31.924999237060547,31.905000686645508,31.90999984741211,7161.0
2023-03-09 13:55:00,FITBI,25.139999389648438,25.139999389648438,25.139999389648438,25.139999389648438,25.139999389648438,100.0
2023-03-09 13:55:00,FOCS,51.599998474121094,51.599998474121094,51.599998474121094,51.59000015258789,51.595001220703125,7577.0
2023-03-09 13:55:00,FRBK,1.7100000381469727,1.7100000381469727,1.7100000381469727,1.7100000381469727,1.7100000381469727,343.0
2023-03-09 13:55:00,FRHC,72.1500015258789,72.1500015258789,72.20999908447266,72.1500015258789,72.1500015258789,439.0
2023-03-09 13:55:00,FRME,37.16999816894531,37.16999816894531,37.16999816894531,37.16999816894531,37.16999816894531,272.0
2023-03-09 13:55:00,FSEA,9.90999984741211,9.90999984741211,9.90999984741211,9.90999984741211,9.90999984741211,500.0
2023-03-09 13:55:00,FULT,15.595000267028809,15.595000267028809,15.595000267028809,15.59000015258789,15.59000015258789,389.0
2023-03-09 13:55:00,FUTU,46.154998779296875,46.154998779296875,46.15999984741211,46.13999938964844,46.150001525878906,781.0
2023-03-09 13:55:00,GABC,35.709999084472656,35.709999084472656,35.709999084472656,35.689998626708984,35.689998626708984,608.0
2023-03-09 13:55:00,GBDC,13.319999694824219,13.319999694824219,13.324999809265137,13.319999694824219,13.319999694824219,2517.0
2023-03-09 13:55:00,GCMG,8.369999885559082,8.369999885559082,8.369999885559082,8.359999656677246,8.359999656677246,1208.0
2023-03-09 13:55:00,GGAL,12.760000228881836,12.760000228881836,12.760000228881836,12.740099906921387,12.740099906921387,2912.0
2023-03-09 13:55:00,GLRE,10.020000457763672,10.020000457763672,10.020000457763672,10.020000457763672,10.020000457763672,600.0
2023-03-09 13:55:00,GSHD,51.540000915527344,51.540000915527344,51.540000915527344,51.540000915527344,51.540000915527344,210.0
2023-03-09 13:55:00,GXII,10.119999885559082,10.119999885559082,10.119999885559082,10.119999885559082,10.119999885559082,100.0
2023-03-09 13:55:00,HBAN,13.774999618530273,13.774999618530273,13.779999732971191,13.770000457763672,13.774999618530273,13636.0
2023-03-09 13:55:00,HBNC,13.710000038146973,13.710000038146973,13.720000267028809,13.710000038146973,13.720000267028809,1217.0
2023-03-09 13:55:00,HFWA,24.489999771118164,24.489999771118164,24.4950008392334,24.489999771118164,24.4950008392334,210.0
2023-03-09 13:55:00,HIVE,2.5107998847961426,2.5107998847961426,2.5109000205993652,2.509999990463257,2.5109000205993652,2100.0
2023-03-09 13:55:00,HNVR,19.709999084472656,19.709999084472656,19.709999084472656,19.709999084472656,19.709999084472656,100.0
2023-03-09 13:55:00,HONE,12.529999732971191,12.529999732971191,12.550000190734863,12.529999732971191,12.550000190734863,550.0
2023-03-09 13:55:00,HOPE,11.65999984741211,11.65999984741211,11.65999984741211,11.65999984741211,11.65999984741211,205.0
2023-03-09 13:55:00,HTBK,10.765000343322754,10.765000343322754,10.765000343322754,10.765000343322754,10.765000343322754,130.0
2023-03-09 13:55:00,HTLF,45.189998626708984,45.189998626708984,45.189998626708984,45.189998626708984,45.189998626708984,134.0
2023-03-09 13:55:00,HUT,1.3209999799728394,1.3209999799728394,1.3300000429153442,1.3200000524520874,1.323799967765808,9608.0
2023-03-09 13:55:00,HWC,43.689998626708984,43.689998626708984,43.73500061035156,43.689998626708984,43.73500061035156,743.0
2023-03-09 13:55:00,IBKR,87.08000183105469,87.08000183105469,87.0999984741211,87.08000183105469,87.0999984741211,992.0
2023-03-09 13:55:00,IBOC,44.67499923706055,44.67499923706055,44.67499923706055,44.67499923706055,44.67499923706055,423.0
2023-03-09 13:55:00,INDB,71.80500030517578,71.80500030517578,71.80500030517578,71.80500030517578,71.80500030517578,601.0
2023-03-09 13:56:00,ABCB,42.38999938964844,42.38999938964844,42.38999938964844,42.36000061035156,42.36000061035156,616.0
2023-03-09 13:56:00,ACGL,69.11000061035156,69.11000061035156,69.13999938964844,69.11000061035156,69.11000061035156,2335.0
2023-03-09 13:56:00,ALRS,18.979999542236328,18.979999542236328,18.979999542236328,18.979999542236328,18.979999542236328,282.0
2023-03-09 13:56:00,AMTB,25.139999389648438,25.139999389648438,25.149999618530273,25.059999465942383,25.059999465942383,1008.0
2023-03-09 13:56:00,APLD,2.065000057220459,2.065000057220459,2.065200090408325,2.065000057220459,2.065200090408325,348.0
2023-03-09 13:56:00,APMI,10.300000190734863,10.300000190734863,10.300000190734863,10.300000190734863,10.300000190734863,100.0
2023-03-09 13:56:00,ARCC,18.739999771118164,18.739999771118164,18.75,18.735000610351562,18.735000610351562,14142.0
2023-03-09 13:56:00,AUB,36.54999923706055,36.54999923706055,36.54999923706055,36.529998779296875,36.54999923706055,2072.0
2023-03-09 13:56:00,BANF,85.63999938964844,85.63999938964844,85.63999938964844,85.4800033569336,85.5199966430664,479.0
2023-03-09 13:56:00,BCBP,15.75,15.75,15.75,15.734999656677246,15.75,1744.0
2023-03-09 13:56:00,BGCP,4.974999904632568,4.974999904632568,4.980000019073486,4.974999904632568,4.980000019073486,9894.0
2023-03-09 13:56:00,BHF,52.4900016784668,52.4900016784668,52.4900016784668,52.4900016784668,52.4900016784668,425.0
2023-03-09 13:56:00,BHFAP,24.53499984741211,24.53499984741211,24.53499984741211,24.41080093383789,24.41080093383789,527.0
2023-03-09 13:56:00,BITF,0.739998996257782,0.739998996257782,0.739998996257782,0.739998996257782,0.739998996257782,281.0
2023-03-09 13:56:00,BKCC,3.6549999713897705,3.6549999713897705,3.6600000858306885,3.6549999713897705,3.6600000858306885,704.0
2023-03-09 13:56:00,BMRC,26.969999313354492,26.969999313354492,27.020000457763672,26.94499969482422,26.954999923706055,2124.0
2023-03-09 13:56:00,BOKF,95.41999816894531,95.41999816894531,95.41999816894531,95.41999816894531,95.41999816894531,212.0
2023-03-09 13:56:00,BPOP,62.20000076293945,62.20000076293945,62.220001220703125,62.189998626708984,62.189998626708984,1518.0
2023-03-09 13:56:00,BRP,25.450000762939453,25.450000762939453,25.459999084472656,25.405000686645508,25.450000762939453,3030.0
2023-03-09 13:56:00,BSVN,27.5,27.5,27.5,27.5,27.5,123.0
2023-03-09 13:56:00,BTBT,1.090000033378601,1.090000033378601,1.090000033378601,1.090000033378601,1.090000033378601,984.0
2023-03-09 13:56:00,BUSE,22.510000228881836,22.510000228881836,22.510000228881836,22.510000228881836,22.510000228881836,234.0
2023-03-09 13:56:00,BWB,13.380000114440918,13.380000114440918,13.380000114440918,13.380000114440918,13.380000114440918,1337.0
2023-03-09 13:56:00,CASH,46.56999969482422,46.56999969482422,46.65999984741211,46.56999969482422,46.56999969482422,4283.0
2023-03-09 13:56:00,CATY,38.779998779296875,38.779998779296875,38.779998779296875,38.7599983215332,38.7599983215332,633.0
2023-03-09 13:56:00,CBSH,61.84000015258789,61.84000015258789,61.84000015258789,61.83000183105469,61.83000183105469,775.0
2023-03-09 13:56:00,CCNE,22.524999618530273,22.524999618530273,22.524999618530273,22.524999618530273,22.524999618530273,106.0
2023-03-09 13:56:00,CFFN,7.465000152587891,7.465000152587891,7.46999979019165,7.465000152587891,7.465000152587891,836.0
2023-03-09 13:56:00,CG,33.744998931884766,33.744998931884766,33.76499938964844,33.720001220703125,33.720001220703125,7312.0
2023-03-09 13:56:00,CGBD,14.774999618530273,14.774999618530273,14.789999961853027,14.760000228881836,14.789999961853027,2981.0
2023-03-09 13:56:00,CHI,11.84000015258789,11.84000015258789,11.84000015258789,11.84000015258789,11.84000015258789,201.0
2023-03-09 13:56:00,CHY,12.279999732971191,12.279999732971191,12.279999732971191,12.279999732971191,12.279999732971191,234.0
2023-03-09 13:56:00,CINF,115.98999786376953,115.98999786376953,115.98999786376953,115.94999694824219,115.94999694824219,1222.0
2023-03-09 13:56:00,CLBK,19.6200008392334,19.6200008392334,19.6200008392334,19.6200008392334,19.6200008392334,109.0
2023-03-09 13:56:00,CME,178.1999969482422,178.1999969482422,178.1999969482422,178.1300048828125,178.14999389648438,1144.0
2023-03-09 13:56:00,CNOB,21.65999984741211,21.65999984741211,21.65999984741211,21.6200008392334,21.6200008392334,1278.0
2023-03-09 13:56:00,COLB,25.149999618530273,25.149999618530273,25.149999618530273,25.1200008392334,25.1200008392334,18652.0
2023-03-09 13:56:00,COOP,43.65999984741211,43.65999984741211,43.65999984741211,43.65999984741211,43.65999984741211,386.0
2023-03-09 13:56:00,CSQ,13.890000343322754,13.890000343322754,13.899999618530273,13.890000343322754,13.899999618530273,1812.0
2023-03-09 13:56:00,CVBF,21.78809928894043,21.78809928894043,21.78809928894043,21.780000686645508,21.780000686645508,373.0
2023-03-09 13:56:00,DCOM,29.100000381469727,29.100000381469727,29.110000610351562,29.100000381469727,29.100000381469727,1094.0
2023-03-09 13:56:00,DWAC,14.059900283813477,14.059900283813477,14.059900283813477,14.059900283813477,14.059900283813477,7261.0
2023-03-09 13:56:00,EBC,14.449999809265137,14.449999809265137,14.449999809265137,14.449999809265137,14.449999809265137,421.0
2023-03-09 13:56:00,ECPG,50.349998474121094,50.349998474121094,50.349998474121094,50.349998474121094,50.349998474121094,222.0
2023-03-09 13:56:00,EFSC,51.32500076293945,51.32500076293945,51.32500076293945,51.32500076293945,51.32500076293945,143.0
2023-03-09 13:56:00,EGBN,40.02000045776367,40.02000045776367,40.04999923706055,40.02000045776367,40.04999923706055,730.0
2023-03-09 13:56:00,EHTH,8.602100372314453,8.602100372314453,8.602100372314453,8.589900016784668,8.589900016784668,2038.0
2023-03-09 13:56:00,ESGRO,23.975000381469727,23.975000381469727,23.975000381469727,23.975000381469727,23.975000381469727,100.0
2023-03-09 13:56:00,EWBC,67.41999816894531,67.41999816894531,67.44999694824219,67.4000015258789,67.44000244140625,5178.0
2023-03-09 13:56:00,EZPW,8.779999732971191,8.779999732971191,8.779999732971191,8.774999618530273,8.779999732971191,629.0
2023-03-09 13:56:00,FBMS,28.84000015258789,28.84000015258789,28.84000015258789,28.809999465942383,28.809999465942383,695.0
2023-03-09 13:56:00,FBNC,38.459999084472656,38.459999084472656,38.459999084472656,38.439998626708984,38.439998626708984,308.0
2023-03-09 13:56:00,FCFS,88.37000274658203,88.37000274658203,88.4000015258789,88.11499786376953,88.11499786376953,5289.0
2023-03-09 13:56:00,FCNCA,641.6950073242188,641.6950073242188,641.6950073242188,641.6849975585938,641.6849975585938,729.0
2023-03-09 13:56:00,FCRD,4.590000152587891,4.590000152587891,4.590000152587891,4.590000152587891,4.590000152587891,200.0
2023-03-09 13:56:00,FFBC,22.239999771118164,22.239999771118164,22.25,22.239999771118164,22.25,1035.0
2023-03-09 13:56:00,FFIC,17.209999084472656,17.209999084472656,17.209999084472656,17.209999084472656,17.209999084472656,123.0
2023-03-09 13:56:00,FFIN,33.415000915527344,33.415000915527344,33.415000915527344,33.400001525878906,33.400001525878906,620.0
2023-03-09 13:56:00,FFWM,12.729999542236328,12.729999542236328,12.729999542236328,12.71500015258789,12.71500015258789,1124.0
2023-03-09 13:56:00,FITB,31.94499969482422,31.94499969482422,31.954999923706055,31.920000076293945,31.920000076293945,8019.0
2023-03-09 13:56:00,FITBI,25.139999389648438,25.139999389648438,25.139999389648438,25.139999389648438,25.139999389648438,229.0
2023-03-09 13:56:00,FLIC,16.135000228881836,16.135000228881836,16.135000228881836,16.135000228881836,16.135000228881836,165.0
2023-03-09 13:56:00,FMIV,10.140000343322754,10.140000343322754,10.140000343322754,10.119999885559082,10.119999885559082,3100.0
2023-03-09 13:56:00,FMNB,13.140000343322754,13.140000343322754,13.140000343322754,13.140000343322754,13.140000343322754,739.0
2023-03-09 13:56:00,FNLC,28.040000915527344,28.040000915527344,28.040000915527344,28.040000915527344,28.040000915527344,882.0
2023-03-09 13:56:00,FOCS,51.599998474121094,51.599998474121094,51.60499954223633,51.59000015258789,51.595001220703125,36861.0
2023-03-09 13:56:00,FRBK,1.7100000381469727,1.7100000381469727,1.7200000286102295,1.7100000381469727,1.7100000381469727,5507.0
2023-03-09 13:56:00,FRHC,72.22000122070312,72.22000122070312,72.22000122070312,72.22000122070312,72.22000122070312,768.0
2023-03-09 13:56:00,FSEA,9.904899597167969,9.904899597167969,9.904899597167969,9.904899597167969,9.904899597167969,358.0
2023-03-09 13:56:00,FULT,15.614999771118164,15.614999771118164,15.614999771118164,15.600000381469727,15.600000381469727,1076.0
2023-03-09 13:56:00,FUTU,46.13990020751953,46.13990020751953,46.154998779296875,46.130001068115234,46.154998779296875,907.0
2023-03-09 13:56:00,GAIN,13.569999694824219,13.569999694824219,13.569999694824219,13.569999694824219,13.569999694824219,101.0
2023-03-09 13:56:00,GBDC,13.319999694824219,13.319999694824219,13.319999694824219,13.319999694824219,13.319999694824219,278.0
2023-03-09 13:56:00,GCMG,8.359999656677246,8.359999656677246,8.359999656677246,8.359999656677246,8.359999656677246,101.0
2023-03-09 13:56:00,GENQW,0.08500000089406967,0.08500000089406967,0.08500000089406967,0.08500000089406967,0.08500000089406967,600.0
2023-03-09 13:56:00,GGAL,12.765000343322754,12.765000343322754,12.765000343322754,12.765000343322754,12.765000343322754,210.0
2023-03-09 13:56:00,GLAD,9.820099830627441,9.820099830627441,9.820099830627441,9.820099830627441,9.820099830627441,517.0
2023-03-09 13:56:00,GLRE,10.15999984741211,10.15999984741211,10.15999984741211,10.020000457763672,10.020000457763672,2780.0
2023-03-09 13:56:00,GREE,0.4169990122318268,0.4169990122318268,0.4169990122318268,0.4169990122318268,0.4169990122318268,824.0
2023-03-09 13:56:00,GSBC,53.4900016784668,53.4900016784668,53.5099983215332,53.47999954223633,53.47999954223633,647.0
2023-03-09 13:56:00,GSHD,51.70000076293945,51.70000076293945,51.70000076293945,51.529998779296875,51.529998779296875,2187.0
2023-03-09 13:56:00,HAFC,21.6299991607666,21.6299991607666,21.6299991607666,21.6299991607666,21.6299991607666,1439.0
2023-03-09 13:56:00,HBAN,13.78499984741211,13.78499984741211,13.795000076293945,13.774999618530273,13.774999618530273,33753.0
2023-03-09 13:56:00,HBCP,36.349998474121094,36.349998474121094,36.349998474121094,36.349998474121094,36.349998474121094,455.0
2023-03-09 13:56:00,HBNC,13.721099853515625,13.721099853515625,13.721099853515625,13.720000267028809,13.720000267028809,1217.0
2023-03-09 13:56:00,HBT,22.020000457763672,22.020000457763672,22.020000457763672,22.020000457763672,22.020000457763672,821.0
2023-03-09 13:56:00,HFWA,24.479999542236328,24.479999542236328,24.5,24.469999313354492,24.469999313354492,1456.0
2023-03-09 13:56:00,HIVE,2.5160000324249268,2.5160000324249268,2.5160000324249268,2.509999990463257,2.509999990463257,3149.0
2023-03-09 13:56:00,HONE,12.5600004196167,12.5600004196167,12.5600004196167,12.550000190734863,12.550000190734863,1406.0
2023-03-09 13:56:00,HOPE,11.66919994354248,11.66919994354248,11.66919994354248,11.65999984741211,11.65999984741211,2755.0
2023-03-09 13:56:00,HRZN,11.7431001663208,11.7431001663208,11.7431001663208,11.7431001663208,11.7431001663208,246.0
2023-03-09 13:56:00,HTBI,27.649999618530273,27.649999618530273,27.649999618530273,27.649999618530273,27.649999618530273,776.0
2023-03-09 13:56:00,HTBK,10.770000457763672,10.770000457763672,10.770000457763672,10.770000457763672,10.770000457763672,149.0
2023-03-09 13:56:00,HUT,1.3300000429153442,1.3300000429153442,1.3300000429153442,1.3250000476837158,1.3279999494552612,6613.0
2023-03-09 13:56:00,HWC,43.7400016784668,43.7400016784668,43.7400016784668,43.69499969482422,43.69499969482422,888.0
2023-03-09 13:56:00,HYW,5.449900150299072,5.449900150299072,5.449900150299072,5.449900150299072,5.449900150299072,100.0
2023-03-09 13:56:00,IBCP,20.489999771118164,20.489999771118164,20.489999771118164,20.450000762939453,20.450000762939453,1501.0
2023-03-09 13:56:00,IBKR,87.16500091552734,87.16500091552734,87.1875,87.08999633789062,87.08999633789062,2050.0
2023-03-09 13:56:00,IBOC,44.70000076293945,44.70000076293945,44.70000076293945,44.70000076293945,44.70000076293945,720.0
2023-03-09 13:56:00,IBTX,52.540000915527344,52.540000915527344,52.540000915527344,52.47999954223633,52.47999954223633,1277.0
2023-03-09 13:56:00,IGTA,10.300000190734863,10.300000190734863,10.300000190734863,10.300000190734863,10.300000190734863,2000.0
2023-03-09 13:57:00,ABCB,42.349998474121094,42.349998474121094,42.349998474121094,42.349998474121094,42.349998474121094,557.0
2023-03-09 13:57:00,ACGL,69.12000274658203,69.12000274658203,69.12999725341797,69.0999984741211,69.11499786376953,2137.0
2023-03-09 13:57:00,ACGLN,18.68000030517578,18.68000030517578,18.68000030517578,18.68000030517578,18.68000030517578,2490.0
2023-03-09 13:57:00,AMAL,21.059999465942383,21.059999465942383,21.059999465942383,21.059999465942383,21.059999465942383,205.0
2023-03-09 13:57:00,APLD,2.069999933242798,2.069999933242798,2.069999933242798,2.065000057220459,2.065000057220459,520.0
2023-03-09 13:57:00,ARCC,18.7450008392334,18.7450008392334,18.7450008392334,18.739999771118164,18.739999771118164,11259.0
2023-03-09 13:57:00,AUB,36.56999969482422,36.56999969482422,36.56999969482422,36.54999923706055,36.54999923706055,1646.0
2023-03-09 13:57:00,BFC,76.87000274658203,76.87000274658203,76.87000274658203,76.87000274658203,76.87000274658203,528.0
2023-03-09 13:57:00,BITF,0.7397000193595886,0.7397000193595886,0.7397000193595886,0.7397000193595886,0.7397000193595886,1036.0
2023-03-09 13:57:00,BRP,25.459999084472656,25.459999084472656,25.5,25.40999984741211,25.40999984741211,1525.0
2023-03-09 13:57:00,BTBT,1.090000033378601,1.090000033378601,1.090000033378601,1.090000033378601,1.090000033378601,301.0
2023-03-09 13:57:00,CAC,38.900001525878906,38.900001525878906,38.900001525878906,38.900001525878906,38.900001525878906,599.0
2023-03-09 13:57:00,CBNK,18.68000030517578,18.68000030517578,18.68000030517578,18.68000030517578,18.68000030517578,868.0
2023-03-09 13:57:00,CBSH,61.849998474121094,61.849998474121094,61.849998474121094,61.80009841918945,61.80009841918945,485.0
2023-03-09 13:57:00,CCNE,22.524999618530273,22.524999618530273,22.524999618530273,22.524999618530273,22.524999618530273,142.0
2023-03-09 13:57:00,CFFN,7.465000152587891,7.465000152587891,7.465000152587891,7.465000152587891,7.465000152587891,556.0
2023-03-09 13:57:00,CG,33.77000045776367,33.77000045776367,33.775001525878906,33.730098724365234,33.7400016784668,7336.0
2023-03-09 13:57:00,CGBD,14.774999618530273,14.774999618530273,14.774999618530273,14.774999618530273,14.774999618530273,100.0
2023-03-09 13:57:00,CHY,12.279999732971191,12.279999732971191,12.279999732971191,12.279999732971191,12.279999732971191,276.0
2023-03-09 13:57:00,CIFR,1.409999966621399,1.409999966621399,1.409999966621399,1.409999966621399,1.409999966621399,200.0
2023-03-09 13:57:00,CINF,115.91500091552734,115.91500091552734,115.95999908447266,115.91000366210938,115.95999908447266,735.0
2023-03-09 13:57:00,CME,178.1699981689453,178.1699981689453,178.1699981689453,178.1699981689453,178.1699981689453,987.0
2023-03-09 13:57:00,CNOB,21.56999969482422,21.56999969482422,21.649999618530273,21.56999969482422,21.625,3827.0
2023-03-09 13:57:00,COLB,25.110000610351562,25.110000610351562,25.139999389648438,25.110000610351562,25.139999389648438,4672.0
2023-03-09 13:57:00,COOP,43.66999816894531,43.66999816894531,43.69499969482422,43.66999816894531,43.66999816894531,760.0
2023-03-09 13:57:00,CSTR,15.220000267028809,15.220000267028809,15.220000267028809,15.210000038146973,15.210000038146973,714.0
2023-03-09 13:57:00,CSWC,18.25,18.25,18.25,18.245500564575195,18.245500564575195,1147.0
2023-03-09 13:57:00,CVBF,21.770000457763672,21.770000457763672,21.770000457763672,21.770000457763672,21.770000457763672,918.0
2023-03-09 13:57:00,DTOC,10.1899995803833,10.1899995803833,10.1899995803833,10.1899995803833,10.1899995803833,175651.0
2023-03-09 13:57:00,DWAC,14.059100151062012,14.059100151062012,14.059100151062012,14.050000190734863,14.050000190734863,702.0
2023-03-09 13:57:00,EBC,14.444999694824219,14.444999694824219,14.449999809265137,14.4399995803833,14.449999809265137,708.0
2023-03-09 13:57:00,ECPG,50.380001068115234,50.380001068115234,50.380001068115234,50.34000015258789,50.380001068115234,510.0
2023-03-09 13:57:00,EWBC,67.42500305175781,67.42500305175781,67.42500305175781,67.4000015258789,67.41000366210938,2609.0
2023-03-09 13:57:00,EZPW,8.779999732971191,8.779999732971191,8.779999732971191,8.779999732971191,8.779999732971191,111.0
2023-03-09 13:57:00,FBMS,28.799999237060547,28.799999237060547,28.799999237060547,28.799999237060547,28.799999237060547,100.0
2023-03-09 13:57:00,FBNC,38.45000076293945,38.45000076293945,38.45000076293945,38.45000076293945,38.45000076293945,134.0
2023-03-09 13:57:00,FCFS,88.4000015258789,88.4000015258789,88.4000015258789,88.30999755859375,88.37000274658203,8731.0
2023-03-09 13:57:00,FCNCA,641.2000122070312,641.2000122070312,641.9000244140625,640.9299926757812,641.0399780273438,2082.0
2023-03-09 13:57:00,FCRD,4.559999942779541,4.559999942779541,4.559999942779541,4.559999942779541,4.559999942779541,200.0
2023-03-09 13:57:00,FFIC,17.200000762939453,17.200000762939453,17.200000762939453,17.200000762939453,17.200000762939453,527.0
2023-03-09 13:57:00,FFIN,33.38999938964844,33.38999938964844,33.400001525878906,33.38999938964844,33.400001525878906,649.0
2023-03-09 13:57:00,FFWM,12.6899995803833,12.6899995803833,12.720000267028809,12.6899995803833,12.720000267028809,2469.0
2023-03-09 13:57:00,FHB,23.90999984741211,23.90999984741211,23.90999984741211,23.90999984741211,23.90999984741211,758.0
2023-03-09 13:57:00,FIBK,31.959999084472656,31.959999084472656,31.969999313354492,31.950000762939453,31.969999313354492,1340.0
2023-03-09 13:57:00,FITB,31.93000030517578,31.93000030517578,31.940000534057617,31.93000030517578,31.940000534057617,5251.0
2023-03-09 13:57:00,FOCS,51.599998474121094,51.599998474121094,51.61000061035156,51.599998474121094,51.61000061035156,501.0
2023-03-09 13:57:00,FRBK,1.7144999504089355,1.7144999504089355,1.7144999504089355,1.7144999504089355,1.7144999504089355,600.0
2023-03-09 13:57:00,FRHC,72.2699966430664,72.2699966430664,72.2699966430664,72.2699966430664,72.2699966430664,690.0
2023-03-09 13:57:00,FULT,15.609999656677246,15.609999656677246,15.609999656677246,15.609999656677246,15.609999656677246,1728.0
2023-03-09 13:57:00,FUTU,46.150001525878906,46.150001525878906,46.15999984741211,46.099998474121094,46.099998474121094,5427.0
2023-03-09 13:57:00,GAIN,13.569999694824219,13.569999694824219,13.569999694824219,13.569999694824219,13.569999694824219,281.0
2023-03-09 13:57:00,GBDC,13.324999809265137,13.324999809265137,13.324999809265137,13.319999694824219,13.324999809265137,400.0
2023-03-09 13:57:00,GGAL,12.779999732971191,12.779999732971191,12.779999732971191,12.765000343322754,12.765000343322754,323.0
2023-03-09 13:57:00,GLAD,9.819999694824219,9.819999694824219,9.819999694824219,9.819999694824219,9.819999694824219,545.0
2023-03-09 13:57:00,GNTY,29.110000610351562,29.110000610351562,29.110000610351562,29.110000610351562,29.110000610351562,267.0
2023-03-09 13:57:00,GOCO,18.979999542236328,18.979999542236328,18.979999542236328,18.920000076293945,18.920000076293945,314.0
2023-03-09 13:57:00,GREE,0.41690000891685486,0.41690000891685486,0.41690000891685486,0.41690000891685486,0.41690000891685486,1967.0
2023-03-09 13:57:00,GXII,10.119999885559082,10.119999885559082,10.119999885559082,10.119999885559082,10.119999885559082,100.0
2023-03-09 13:57:00,HBAN,13.774999618530273,13.774999618530273,13.78499984741211,13.774999618530273,13.781599998474121,18337.0
2023-03-09 13:57:00,HBNC,13.74779987335205,13.74779987335205,13.74779987335205,13.725000381469727,13.725000381469727,1399.0
2023-03-09 13:57:00,HFWA,24.40999984741211,24.40999984741211,24.469999313354492,24.40999984741211,24.469999313354492,1056.0
2023-03-09 13:57:00,HMST,22.1299991607666,22.1299991607666,22.1299991607666,22.1299991607666,22.1299991607666,110.0
2023-03-09 13:57:00,HNVR,19.700000762939453,19.700000762939453,19.709999084472656,19.700000762939453,19.709999084472656,264.0
2023-03-09 13:57:00,HOPE,11.65999984741211,11.65999984741211,11.65999984741211,11.65999984741211,11.65999984741211,880.0
2023-03-09 13:57:00,HTLF,45.189998626708984,45.189998626708984,45.189998626708984,45.189998626708984,45.189998626708984,326.0
2023-03-09 13:57:00,HUT,1.3200000524520874,1.3200000524520874,1.3300000429153442,1.3200000524520874,1.3250000476837158,3609.0
2023-03-09 13:57:00,HWC,43.709999084472656,43.709999084472656,43.709999084472656,43.709999084472656,43.709999084472656,291.0
2023-03-09 13:57:00,IBCP,20.510000228881836,20.510000228881836,20.510000228881836,20.510000228881836,20.510000228881836,345.0
2023-03-09 13:57:00,IBKR,87.19000244140625,87.19000244140625,87.22000122070312,87.12000274658203,87.16999816894531,4242.0
2023-03-09 13:57:00,IBTX,52.5,52.5,52.5,52.5,52.5,258.0
2023-03-09 13:58:00,ABCB,42.31999969482422,42.31999969482422,42.31999969482422,42.31999969482422,42.31999969482422,710.0
2023-03-09 13:58:00,ACGL,69.10009765625,69.10009765625,69.12999725341797,69.10009765625,69.12000274658203,897.0
2023-03-09 13:58:00,AMAL,21.020000457763672,21.020000457763672,21.020000457763672,21.020000457763672,21.020000457763672,447.0
2023-03-09 13:58:00,AMNB,31.399999618530273,31.399999618530273,31.399999618530273,31.389999389648438,31.389999389648438,897.0
2023-03-09 13:58:00,AMTB,25.104999542236328,25.104999542236328,25.104999542236328,25.104999542236328,25.104999542236328,110.0
2023-03-09 13:58:00,APLD,2.065000057220459,2.065000057220459,2.065000057220459,2.065000057220459,2.065000057220459,208.0
2023-03-09 13:58:00,ARCC,18.749900817871094,18.749900817871094,18.749900817871094,18.739999771118164,18.749000549316406,9855.0
2023-03-09 13:58:00,AUB,36.54499816894531,36.54499816894531,36.56999969482422,36.54499816894531,36.56999969482422,603.0
2023-03-09 13:58:00,BFST,18.530000686645508,18.530000686645508,18.530000686645508,18.530000686645508,18.530000686645508,566.0
2023-03-09 13:58:00,BGCP,4.974999904632568,4.974999904632568,4.974999904632568,4.974999904632568,4.974999904632568,218.0
2023-03-09 13:58:00,BHF,52.474998474121094,52.474998474121094,52.474998474121094,52.474998474121094,52.474998474121094,318.0
2023-03-09 13:58:00,BITF,0.7396000027656555,0.7396000027656555,0.7396000027656555,0.7394999861717224,0.7394999861717224,901.0
2023-03-09 13:58:00,BKCC,3.6549999713897705,3.6549999713897705,3.6549999713897705,3.6549999713897705,3.6549999713897705,127.0
2023-03-09 13:58:00,BMRC,27.0,27.0,27.0,27.0,27.0,110.0
2023-03-09 13:58:00,BOKF,95.43000030517578,95.43000030517578,95.43000030517578,95.43000030517578,95.43000030517578,233.0
2023-03-09 13:58:00,BPOP,62.189998626708984,62.189998626708984,62.189998626708984,62.150001525878906,62.150001525878906,593.0
2023-03-09 13:58:00,BRKL,11.508000373840332,11.508000373840332,11.508000373840332,11.5,11.5,1265.0
2023-03-09 13:58:00,BRP,25.399999618530273,25.399999618530273,25.5,25.399999618530273,25.5,1192.0
2023-03-09 13:58:00,BSRR,19.290000915527344,19.290000915527344,19.290000915527344,19.290000915527344,19.290000915527344,105.0
2023-03-09 13:58:00,BSVN,27.114999771118164,27.114999771118164,27.114999771118164,27.114999771118164,27.114999771118164,123.0
2023-03-09 13:58:00,BTBT,1.090000033378601,1.090000033378601,1.090000033378601,1.090000033378601,1.090000033378601,750.0
2023-03-09 13:58:00,BTCS,1.2000000476837158,1.2000000476837158,1.215000033378601,1.2000000476837158,1.215000033378601,1083.0
2023-03-09 13:58:00,CARE,16.235000610351562,16.235000610351562,16.235000610351562,16.235000610351562,16.235000610351562,103.0
2023-03-09 13:58:00,CASH,46.540000915527344,46.540000915527344,46.540000915527344,46.529998779296875,46.540000915527344,777.0
2023-03-09 13:58:00,CATY,38.7400016784668,38.7400016784668,38.7599983215332,38.7400016784668,38.7599983215332,1016.0
2023-03-09 13:58:00,CBSH,61.849998474121094,61.849998474121094,61.849998474121094,61.849998474121094,61.849998474121094,744.0
2023-03-09 13:58:00,CCAP,14.906999588012695,14.906999588012695,14.906999588012695,14.906999588012695,14.906999588012695,249.0
2023-03-09 13:58:00,CFB,12.260000228881836,12.260000228881836,12.260000228881836,12.260000228881836,12.260000228881836,380.0
2023-03-09 13:58:00,CG,33.75,33.75,33.775001525878906,33.75,33.77000045776367,6557.0
2023-03-09 13:58:00,CGBD,14.774999618530273,14.774999618530273,14.774999618530273,14.774999618530273,14.774999618530273,101.0
2023-03-09 13:58:00,CINF,115.88999938964844,115.88999938964844,115.88999938964844,115.88999938964844,115.88999938964844,489.0
2023-03-09 13:58:00,CLBK,19.6200008392334,19.6200008392334,19.6200008392334,19.6200008392334,19.6200008392334,328.0
2023-03-09 13:58:00,CME,178.2100067138672,178.2100067138672,178.2100067138672,178.15199279785156,178.1699981689453,1267.0
2023-03-09 13:58:00,CNOB,21.610000610351562,21.610000610351562,21.610000610351562,21.59000015258789,21.59000015258789,846.0
2023-03-09 13:58:00,CNOBP,20.600000381469727,20.600000381469727,20.600000381469727,20.600000381469727,20.600000381469727,231.0
2023-03-09 13:58:00,COLB,25.104999542236328,25.104999542236328,25.110000610351562,25.100000381469727,25.100000381469727,18292.0
2023-03-09 13:58:00,COOP,43.67499923706055,43.67499923706055,43.67499923706055,43.665000915527344,43.665000915527344,460.0
2023-03-09 13:58:00,CSQ,13.899999618530273,13.899999618530273,13.899999618530273,13.899999618530273,13.899999618530273,401.0
2023-03-09 13:58:00,CSWC,18.259899139404297,18.259899139404297,18.259899139404297,18.24959945678711,18.24959945678711,1170.0
2023-03-09 13:58:00,CVBF,21.709999084472656,21.709999084472656,21.764999389648438,21.700000762939453,21.764999389648438,10822.0
2023-03-09 13:58:00,CZWI,12.140000343322754,12.140000343322754,12.319999694824219,12.140000343322754,12.319999694824219,2848.0
2023-03-09 13:58:00,DCOM,29.1299991607666,29.1299991607666,29.1299991607666,29.1299991607666,29.1299991607666,504.0
2023-03-09 13:58:00,DPCSU,10.4399995803833,10.4399995803833,10.4399995803833,10.4399995803833,10.4399995803833,0.0
2023-03-09 13:58:00,ERIE,232.86000061035156,232.86000061035156,232.86000061035156,232.86000061035156,232.86000061035156,677.0
2023-03-09 13:58:00,EWBC,67.41999816894531,67.41999816894531,67.41999816894531,67.37999725341797,67.4000015258789,10408.0
2023-03-09 13:58:00,EZPW,8.772500038146973,8.772500038146973,8.779999732971191,8.772500038146973,8.779999732971191,247.0
2023-03-09 13:58:00,FBIZ,33.415000915527344,33.415000915527344,33.415000915527344,33.415000915527344,33.415000915527344,169.0
2023-03-09 13:58:00,FBMS,28.829999923706055,28.829999923706055,28.829999923706055,28.799999237060547,28.799999237060547,2527.0
2023-03-09 13:58:00,FCFS,88.4000015258789,88.4000015258789,88.4000015258789,88.37000274658203,88.4000015258789,5014.0
2023-03-09 13:58:00,FCNCA,641.0,641.0,641.6699829101562,640.719970703125,641.6699829101562,2422.0
2023-03-09 13:58:00,FFBC,22.229999542236328,22.229999542236328,22.229999542236328,22.229999542236328,22.229999542236328,247.0
2023-03-09 13:58:00,FFIN,33.380001068115234,33.380001068115234,33.380001068115234,33.36899948120117,33.36899948120117,257.0
2023-03-09 13:58:00,FFWM,12.6899995803833,12.6899995803833,12.6899995803833,12.6899995803833,12.6899995803833,125.0
2023-03-09 13:58:00,FHB,23.889999389648438,23.889999389648438,23.899999618530273,23.889999389648438,23.899999618530273,502.0
2023-03-09 13:58:00,FIAC,10.350000381469727,10.350000381469727,10.350000381469727,10.350000381469727,10.350000381469727,100000.0
2023-03-09 13:58:00,FINW,9.039999961853027,9.039999961853027,9.039999961853027,9.020000457763672,9.020000457763672,613.0
2023-03-09 13:58:00,FITB,31.924999237060547,31.924999237060547,31.934999465942383,31.915000915527344,31.924999237060547,10863.0
2023-03-09 13:58:00,FITBI,25.139999389648438,25.139999389648438,25.139999389648438,25.139999389648438,25.139999389648438,100.0
2023-03-09 13:58:00,FOCS,51.599998474121094,51.599998474121094,51.599998474121094,51.584999084472656,51.599998474121094,5218.0
2023-03-09 13:58:00,FRBA,12.800000190734863,12.800000190734863,12.800000190734863,12.800000190734863,12.800000190734863,1578.0
2023-03-09 13:58:00,FRHC,72.23999786376953,72.23999786376953,72.2699966430664,72.23999786376953,72.2699966430664,605.0
2023-03-09 13:58:00,FSBW,33.38999938964844,33.38999938964844,33.38999938964844,33.38999938964844,33.38999938964844,304.0
2023-03-09 13:58:00,FULT,15.604999542236328,15.604999542236328,15.609999656677246,15.604999542236328,15.609999656677246,1174.0
2023-03-09 13:58:00,FUTU,46.14500045776367,46.14500045776367,46.169898986816406,46.14500045776367,46.150001525878906,1051.0
2023-03-09 13:58:00,GBDC,13.324999809265137,13.324999809265137,13.324999809265137,13.3149995803833,13.319999694824219,4636.0
2023-03-09 13:58:00,GCMG,8.390000343322754,8.390000343322754,8.390000343322754,8.362099647521973,8.362099647521973,1611.0
2023-03-09 13:58:00,GGAL,12.760000228881836,12.760000228881836,12.760000228881836,12.760000228881836,12.760000228881836,503.0
2023-03-09 13:58:00,GREE,0.41510000824928284,0.41510000824928284,0.41510000824928284,0.41510000824928284,0.41510000824928284,567.0
2023-03-09 13:58:00,GSHD,51.63999938964844,51.63999938964844,51.63999938964844,51.63999938964844,51.63999938964844,789.0
2023-03-09 13:58:00,HBAN,13.774999618530273,13.774999618530273,13.779999732971191,13.774999618530273,13.774999618530273,45995.0
2023-03-09 13:58:00,HBANM,22.719999313354492,22.719999313354492,22.719999313354492,22.719999313354492,22.719999313354492,110.0
2023-03-09 13:58:00,HBANP,19.049999237060547,19.049999237060547,19.049999237060547,19.036100387573242,19.036100387573242,231.0
2023-03-09 13:58:00,HBNC,13.75,13.75,13.75,13.75,13.75,304.0
2023-03-09 13:58:00,HFWA,24.399999618530273,24.399999618530273,24.399999618530273,24.399999618530273,24.399999618530273,303.0
2023-03-09 13:58:00,HIVE,2.509999990463257,2.509999990463257,2.509999990463257,2.509999990463257,2.509999990463257,1606.0
2023-03-09 13:58:00,HLNE,74.94000244140625,74.94000244140625,74.94000244140625,74.94000244140625,74.94000244140625,268.0
2023-03-09 13:58:00,HONE,12.550000190734863,12.550000190734863,12.550000190734863,12.550000190734863,12.550000190734863,427.0
2023-03-09 13:58:00,HOPE,11.654999732971191,11.654999732971191,11.660300254821777,11.654999732971191,11.65999984741211,3615.0
2023-03-09 13:58:00,HTBK,10.76990032196045,10.76990032196045,10.770000457763672,10.765000343322754,10.765000343322754,1296.0
2023-03-09 13:58:00,HTLF,45.18000030517578,45.18000030517578,45.18000030517578,45.18000030517578,45.18000030517578,635.0
2023-03-09 13:58:00,HUT,1.3299000263214111,1.3299000263214111,1.3299000263214111,1.3203999996185303,1.329699993133545,1749.0
2023-03-09 13:58:00,HYW,5.420000076293945,5.420000076293945,5.420000076293945,5.420000076293945,5.420000076293945,100.0
2023-03-09 13:58:00,IBKR,87.15499877929688,87.15499877929688,87.19499969482422,87.1449966430664,87.18000030517578,1871.0
2023-03-09 13:58:00,INTR,2.029900074005127,2.029900074005127,2.0299999713897705,2.0199999809265137,2.0199999809265137,5201.0
2023-03-09 13:59:00,ACGL,69.125,69.125,69.12999725341797,69.0999984741211,69.0999984741211,2352.0
2023-03-09 13:59:00,ACQR,10.204999923706055,10.204999923706055,10.204999923706055,10.204999923706055,10.204999923706055,221.0
2023-03-09 13:59:00,AMNB,31.540000915527344,31.540000915527344,31.540000915527344,31.540000915527344,31.540000915527344,372.0
2023-03-09 13:59:00,AMTB,25.149999618530273,25.149999618530273,25.149999618530273,25.149999618530273,25.149999618530273,247.0
2023-03-09 13:59:00,APLD,2.065000057220459,2.065000057220459,2.065000057220459,2.065000057220459,2.065000057220459,116.0
2023-03-09 13:59:00,ARCC,18.75,18.75,18.75,18.739999771118164,18.74180030822754,1357.0
2023-03-09 13:59:00,AUB,36.560001373291016,36.560001373291016,36.560001373291016,36.54499816894531,36.560001373291016,1309.0
2023-03-09 13:59:00,BANF,85.48500061035156,85.48500061035156,85.48500061035156,85.48500061035156,85.48500061035156,442.0
2023-03-09 13:59:00,BHF,52.54499816894531,52.54499816894531,52.54499816894531,52.505001068115234,52.5099983215332,836.0
2023-03-09 13:59:00,BITF,0.7394490242004395,0.7394490242004395,0.7394999861717224,0.7394490242004395,0.7394999861717224,783.0
2023-03-09 13:59:00,BKCC,3.6600000858306885,3.6600000858306885,3.6600000858306885,3.6600000858306885,3.6600000858306885,222.0
2023-03-09 13:59:00,BPOP,62.30500030517578,62.30500030517578,62.30500030517578,62.20500183105469,62.21500015258789,2343.0
2023-03-09 13:59:00,BRKL,11.510000228881836,11.510000228881836,11.510000228881836,11.510000228881836,11.510000228881836,252.0
2023-03-09 13:59:00,BRP,25.389999389648438,25.389999389648438,25.389999389648438,25.389999389648438,25.389999389648438,495.0
2023-03-09 13:59:00,BTBT,1.0850000381469727,1.0850000381469727,1.0989999771118164,1.0850000381469727,1.090000033378601,24371.0
2023-03-09 13:59:00,BTCS,1.190000057220459,1.190000057220459,1.2000000476837158,1.190000057220459,1.2000000476837158,2601.0
2023-03-09 13:59:00,CAC,39.01890182495117,39.01890182495117,39.01890182495117,39.01890182495117,39.01890182495117,902.0
2023-03-09 13:59:00,CATC,70.4800033569336,70.4800033569336,70.4800033569336,70.4800033569336,70.4800033569336,132.0
2023-03-09 13:59:00,CATY,38.77000045776367,38.77000045776367,38.77000045776367,38.77000045776367,38.77000045776367,291.0
2023-03-09 13:59:00,CBSH,61.880001068115234,61.880001068115234,61.880001068115234,61.845001220703125,61.845001220703125,1608.0
2023-03-09 13:59:00,CFFN,7.465000152587891,7.465000152587891,7.465000152587891,7.465000152587891,7.465000152587891,964.0
2023-03-09 13:59:00,CG,33.77000045776367,33.77000045776367,33.77000045776367,33.75,33.755001068115234,6587.0
2023-03-09 13:59:00,CHCO,91.0199966430664,91.0199966430664,91.05000305175781,91.0199966430664,91.05000305175781,375.0
2023-03-09 13:59:00,CHY,12.25,12.25,12.270099639892578,12.25,12.270000457763672,310.0
2023-03-09 13:59:00,CIFR,1.409999966621399,1.409999966621399,1.409999966621399,1.409999966621399,1.409999966621399,100.0
2023-03-09 13:59:00,CINF,116.02999877929688,116.02999877929688,116.02999877929688,115.9749984741211,115.98999786376953,1010.0
2023-03-09 13:59:00,CME,178.17999267578125,178.17999267578125,178.21499633789062,178.17999267578125,178.2100067138672,1276.0
2023-03-09 13:59:00,CNOB,21.649999618530273,21.649999618530273,21.649999618530273,21.639999389648438,21.639999389648438,434.0
2023-03-09 13:59:00,COFS,28.545000076293945,28.545000076293945,28.545000076293945,28.545000076293945,28.545000076293945,203.0
2023-03-09 13:59:00,COLB,25.139999389648438,25.139999389648438,25.139999389648438,25.100000381469727,25.100000381469727,8050.0
2023-03-09 13:59:00,COOP,43.70000076293945,43.70000076293945,43.70000076293945,43.630001068115234,43.63999938964844,1641.0
2023-03-09 13:59:00,CSQ,13.90250015258789,13.90250015258789,13.90250015258789,13.90250015258789,13.90250015258789,117.0
2023-03-09 13:59:00,CSTR,15.270000457763672,15.270000457763672,15.270000457763672,15.229999542236328,15.229999542236328,948.0
2023-03-09 13:59:00,CTBI,40.33000183105469,40.33000183105469,40.33000183105469,40.33000183105469,40.33000183105469,573.0
2023-03-09 13:59:00,CVBF,21.719999313354492,21.719999313354492,21.739999771118164,21.700000762939453,21.709999084472656,13775.0
2023-03-09 13:59:00,DWAC,14.0600004196167,14.0600004196167,14.0600004196167,14.0600004196167,14.0600004196167,206.0
2023-03-09 13:59:00,DWACW,3.065000057220459,3.065000057220459,3.065000057220459,3.065000057220459,3.065000057220459,150.0
2023-03-09 13:59:00,EBC,14.449999809265137,14.449999809265137,14.449999809265137,14.449999809265137,14.449999809265137,219.0
2023-03-09 13:59:00,ECPG,50.38999938964844,50.38999938964844,50.38999938964844,50.38999938964844,50.38999938964844,375.0
2023-03-09 13:59:00,EGBN,40.0099983215332,40.0099983215332,40.0099983215332,40.0099983215332,40.0099983215332,116.0
2023-03-09 13:59:00,ESSA,18.68000030517578,18.68000030517578,18.709999084472656,18.68000030517578,18.709999084472656,614.0
2023-03-09 13:59:00,EWBC,67.45999908447266,67.45999908447266,67.4800033569336,67.44000244140625,67.44000244140625,2213.0
2023-03-09 13:59:00,EZPW,8.779999732971191,8.779999732971191,8.789999961853027,8.774999618530273,8.774999618530273,1014.0
2023-03-09 13:59:00,FBMS,28.889999389648438,28.889999389648438,28.889999389648438,28.860000610351562,28.860000610351562,449.0
2023-03-09 13:59:00,FBNC,38.52000045776367,38.52000045776367,38.52000045776367,38.459999084472656,38.459999084472656,1798.0
2023-03-09 13:59:00,FCFS,88.47000122070312,88.47000122070312,88.47000122070312,88.37999725341797,88.38999938964844,2795.0
2023-03-09 13:59:00,FCNCA,640.9000244140625,640.9000244140625,641.0650024414062,640.72998046875,641.0650024414062,1110.0
2023-03-09 13:59:00,FCRD,4.550000190734863,4.550000190734863,4.550000190734863,4.550000190734863,4.550000190734863,100.0
2023-03-09 13:59:00,FDUS,20.149999618530273,20.149999618530273,20.149999618530273,20.149999618530273,20.149999618530273,313.0
2023-03-09 13:59:00,FFBC,22.25,22.25,22.25,22.239999771118164,22.239999771118164,1373.0
2023-03-09 13:59:00,FFIC,17.190000534057617,17.190000534057617,17.190000534057617,17.190000534057617,17.190000534057617,634.0
2023-03-09 13:59:00,FFIN,33.39500045776367,33.39500045776367,33.39500045776367,33.39500045776367,33.39500045776367,119.0
2023-03-09 13:59:00,FFWM,12.729999542236328,12.729999542236328,12.729999542236328,12.699999809265137,12.699999809265137,1395.0
2023-03-09 13:59:00,FHB,23.889999389648438,23.889999389648438,23.905000686645508,23.889999389648438,23.905000686645508,1619.0
2023-03-09 13:59:00,FIBK,32.0,32.0,32.0,31.959999084472656,31.959999084472656,928.0
2023-03-09 13:59:00,FINW,9.029999732971191,9.029999732971191,9.029999732971191,9.029999732971191,9.029999732971191,451.0
2023-03-09 13:59:00,FITB,31.924999237060547,31.924999237060547,31.934999465942383,31.90999984741211,31.920000076293945,6420.0
2023-03-09 13:59:00,FITBI,25.1299991607666,25.1299991607666,25.1299991607666,25.1299991607666,25.1299991607666,100.0
2023-03-09 13:59:00,FNCB,7.300000190734863,7.300000190734863,7.300000190734863,7.300000190734863,7.300000190734863,119.0
2023-03-09 13:59:00,FOCS,51.595001220703125,51.595001220703125,51.595001220703125,51.59000015258789,51.595001220703125,400.0
2023-03-09 13:59:00,FRBK,1.7200000286102295,1.7200000286102295,1.7200000286102295,1.7200000286102295,1.7200000286102295,205.0
2023-03-09 13:59:00,FRHC,72.25,72.25,72.25,72.2300033569336,72.2300033569336,1042.0
2023-03-09 13:59:00,FSBW,33.275001525878906,33.275001525878906,33.275001525878906,33.275001525878906,33.275001525878906,402.0
2023-03-09 13:59:00,FULT,15.619999885559082,15.619999885559082,15.619999885559082,15.609999656677246,15.609999656677246,695.0
2023-03-09 13:59:00,FUTU,46.209999084472656,46.209999084472656,46.22999954223633,46.16350173950195,46.16999816894531,2521.0
2023-03-09 13:59:00,GBDC,13.319999694824219,13.319999694824219,13.324999809265137,13.319999694824219,13.324999809265137,599.0
2023-03-09 13:59:00,GCBC,54.060001373291016,54.060001373291016,54.060001373291016,54.060001373291016,54.060001373291016,140.0
2023-03-09 13:59:00,GGAL,12.760000228881836,12.760000228881836,12.760000228881836,12.760000228881836,12.760000228881836,480.0
2023-03-09 13:59:00,GNTY,29.219999313354492,29.219999313354492,29.219999313354492,29.219999313354492,29.219999313354492,1634.0
2023-03-09 13:59:00,GREE,0.4169999957084656,0.4169999957084656,0.4169999957084656,0.4169999957084656,0.4169999957084656,400.0
2023-03-09 13:59:00,GXII,10.119999885559082,10.119999885559082,10.119999885559082,10.119999885559082,10.119999885559082,100.0
2023-03-09 13:59:00,HBAN,13.779999732971191,13.779999732971191,13.78499984741211,13.774999618530273,13.774999618530273,20620.0
2023-03-09 13:59:00,HBANP,19.049999237060547,19.049999237060547,19.049999237060547,19.049999237060547,19.049999237060547,212.0
2023-03-09 13:59:00,HBT,22.030000686645508,22.030000686645508,22.030000686645508,22.030000686645508,22.030000686645508,335.0
2023-03-09 13:59:00,HFWA,24.450000762939453,24.450000762939453,24.450000762939453,24.420000076293945,24.440000534057617,862.0
2023-03-09 13:59:00,HIVE,2.509999990463257,2.509999990463257,2.509999990463257,2.509999990463257,2.509999990463257,522.0
2023-03-09 13:59:00,HLNE,74.93499755859375,74.93499755859375,74.93499755859375,74.93499755859375,74.93499755859375,356.0
2023-03-09 13:59:00,HMST,22.139999389648438,22.139999389648438,22.139999389648438,22.139999389648438,22.139999389648438,211.0
2023-03-09 13:59:00,HONE,12.550000190734863,12.550000190734863,12.550000190734863,12.550000190734863,12.550000190734863,208.0
2023-03-09 13:59:00,HTBI,27.68000030517578,27.68000030517578,27.68000030517578,27.65999984741211,27.65999984741211,305.0
2023-03-09 13:59:00,HTBK,10.789999961853027,10.789999961853027,10.789999961853027,10.779999732971191,10.779999732971191,814.0
2023-03-09 13:59:00,HTLF,45.2400016784668,45.2400016784668,45.2400016784668,45.2400016784668,45.2400016784668,147.0
2023-03-09 13:59:00,HUT,1.329699993133545,1.329699993133545,1.3300000429153442,1.3200000524520874,1.320099949836731,1938.0
2023-03-09 13:59:00,HWC,43.72999954223633,43.72999954223633,43.72999954223633,43.70500183105469,43.72999954223633,741.0
2023-03-09 13:59:00,IBKR,87.2699966430664,87.2699966430664,87.27999877929688,87.13999938964844,87.13999938964844,1004.0
2023-03-09 13:59:00,INKA,10.4399995803833,10.4399995803833,10.4399995803833,10.429699897766113,10.430000305175781,11800.0
2023-03-09 13:59:00,INTR,2.0199999809265137,2.0199999809265137,2.0199999809265137,2.0199999809265137,2.0199999809265137,499.0
2023-03-09 14:00:00,ABCB,42.43000030517578,42.43000030517578,42.43000030517578,42.400001525878906,42.400001525878906,342.0
2023-03-09 14:00:00,ACGL,69.16000366210938,69.16000366210938,69.16999816894531,69.12999725341797,69.12999725341797,3737.0
2023-03-09 14:00:00,AMNB,31.540000915527344,31.540000915527344,31.540000915527344,31.540000915527344,31.540000915527344,179.0
2023-03-09 14:00:00,APLD,2.059999942779541,2.059999942779541,2.069999933242798,2.059999942779541,2.065000057220459,2270.0
2023-03-09 14:00:00,ARCC,18.76650047302246,18.76650047302246,18.770000457763672,18.74370002746582,18.743799209594727,28967.0
2023-03-09 14:00:00,AROW,28.459999084472656,28.459999084472656,28.459999084472656,28.43000030517578,28.43000030517578,1197.0
2023-03-09 14:00:00,ASRV,3.940000057220459,3.940000057220459,3.940000057220459,3.940000057220459,3.940000057220459,400.0
2023-03-09 14:00:00,AUB,36.529998779296875,36.529998779296875,36.59000015258789,36.5,36.560001373291016,9256.0
2023-03-09 14:00:00,BANR,57.290000915527344,57.290000915527344,57.31999969482422,57.290000915527344,57.31999969482422,492.0
2023-03-09 14:00:00,BCML,19.270000457763672,19.270000457763672,19.270000457763672,19.270000457763672,19.270000457763672,105.0
2023-03-09 14:00:00,BFST,18.559999465942383,18.559999465942383,18.559999465942383,18.559999465942383,18.559999465942383,359.0
2023-03-09 14:00:00,BGCP,4.974999904632568,4.974999904632568,4.974999904632568,4.974999904632568,4.974999904632568,330.0
2023-03-09 14:00:00,BITF,0.7396000027656555,0.7396000027656555,0.7400000095367432,0.739450991153717,0.7398999929428101,8693.0
2023-03-09 14:00:00,BKCC,3.6500000953674316,3.6500000953674316,3.6600000858306885,3.6500000953674316,3.6600000858306885,1875.0
2023-03-09 14:00:00,BLFY,11.319999694824219,11.319999694824219,11.319999694824219,11.319999694824219,11.319999694824219,100.0
2023-03-09 14:00:00,BMRC,27.0,27.0,27.0,27.0,27.0,235.0
2023-03-09 14:00:00,BOKF,95.55000305175781,95.55000305175781,95.55000305175781,95.48999786376953,95.52999877929688,679.0
2023-03-09 14:00:00,BPOP,62.47999954223633,62.47999954223633,62.48509979248047,62.35499954223633,62.369998931884766,2518.0
2023-03-09 14:00:00,BRKL,11.510000228881836,11.510000228881836,11.515000343322754,11.510000228881836,11.510000228881836,649.0
2023-03-09 14:00:00,BTBT,1.090000033378601,1.090000033378601,1.090000033378601,1.0800000429153442,1.0850000381469727,9758.0
2023-03-09 14:00:00,BTCS,1.1799999475479126,1.1799999475479126,1.190000057220459,1.1799999475479126,1.190000057220459,4123.0
2023-03-09 14:00:00,BUSE,22.549999237060547,22.549999237060547,22.549999237060547,22.549999237060547,22.549999237060547,194.0
2023-03-09 14:00:00,CARE,16.260000228881836,16.260000228881836,16.260000228881836,16.25,16.25,2268.0
2023-03-09 14:00:00,CASH,46.59000015258789,46.59000015258789,46.60499954223633,46.58000183105469,46.599998474121094,6417.0
2023-03-09 14:00:00,CATY,38.790000915527344,38.790000915527344,38.790000915527344,38.790000915527344,38.790000915527344,305.0
2023-03-09 14:00:00,CBSH,61.915000915527344,61.915000915527344,61.915000915527344,61.869998931884766,61.869998931884766,2822.0
2023-03-09 14:00:00,CCNE,22.540000915527344,22.540000915527344,22.540000915527344,22.540000915527344,22.540000915527344,528.0
2023-03-09 14:00:00,CFFN,7.480000019073486,7.480000019073486,7.480000019073486,7.46999979019165,7.46999979019165,2295.0
2023-03-09 14:00:00,CG,33.779998779296875,33.779998779296875,33.78499984741211,33.76499938964844,33.77000045776367,10385.0
2023-03-09 14:00:00,CGBD,14.789999961853027,14.789999961853027,14.789999961853027,14.779999732971191,14.779999732971191,1104.0
2023-03-09 14:00:00,CHEAU,10.510000228881836,10.510000228881836,10.510000228881836,10.510000228881836,10.510000228881836,100.0
2023-03-09 14:00:00,CHY,12.260000228881836,12.260000228881836,12.260000228881836,12.260000228881836,12.260000228881836,750.0
2023-03-09 14:00:00,CIFR,1.399999976158142,1.399999976158142,1.4019999504089355,1.399999976158142,1.4019999504089355,1783.0
2023-03-09 14:00:00,CINF,116.11000061035156,116.11000061035156,116.11000061035156,116.04000091552734,116.05000305175781,1372.0
2023-03-09 14:00:00,CLBK,19.6299991607666,19.6299991607666,19.6299991607666,19.6299991607666,19.6299991607666,177.0
2023-03-09 14:00:00,CME,178.19000244140625,178.19000244140625,178.19000244140625,178.16050720214844,178.16050720214844,1264.0
2023-03-09 14:00:00,CNOB,21.690000534057617,21.690000534057617,21.690000534057617,21.690000534057617,21.690000534057617,100.0
2023-03-09 14:00:00,COLB,25.170000076293945,25.170000076293945,25.170000076293945,25.139999389648438,25.139999389648438,3051.0
2023-03-09 14:00:00,COOP,43.7599983215332,43.7599983215332,43.79999923706055,43.75,43.79999923706055,310.0
2023-03-09 14:00:00,CVBF,21.729999542236328,21.729999542236328,21.739999771118164,21.719999313354492,21.725000381469727,13822.0
2023-03-09 14:00:00,CVCY,24.31999969482422,24.31999969482422,24.31999969482422,24.31999969482422,24.31999969482422,529.0
2023-03-09 14:00:00,DCOM,29.170000076293945,29.170000076293945,29.170000076293945,29.15999984741211,29.15999984741211,589.0
2023-03-09 14:00:00,DWAC,14.045000076293945,14.045000076293945,14.045000076293945,14.045000076293945,14.045000076293945,130.0
2023-03-09 14:00:00,EBC,14.470000267028809,14.470000267028809,14.470000267028809,14.460000038146973,14.460000038146973,1477.0
2023-03-09 14:00:00,EFSC,51.380001068115234,51.380001068115234,51.380001068115234,51.380001068115234,51.380001068115234,244.0
2023-03-09 14:00:00,EGBN,40.060001373291016,40.060001373291016,40.06999969482422,40.0099983215332,40.0099983215332,804.0
2023-03-09 14:00:00,ESGR,231.16000366210938,231.16000366210938,231.16000366210938,230.50999450683594,230.50999450683594,1097.0
2023-03-09 14:00:00,EWBC,67.5199966430664,67.5199966430664,67.5199966430664,67.48999786376953,67.48999786376953,791.0
2023-03-09 14:00:00,FBMS,28.920000076293945,28.920000076293945,28.920000076293945,28.8700008392334,28.8700008392334,903.0
2023-03-09 14:00:00,FBNC,38.525001525878906,38.525001525878906,38.525001525878906,38.525001525878906,38.525001525878906,437.0
2023-03-09 14:00:00,FCFS,88.4800033569336,88.4800033569336,88.4800033569336,88.44000244140625,88.44000244140625,701.0
2023-03-09 14:00:00,FCNCA,641.0650024414062,641.0650024414062,641.0650024414062,641.0650024414062,641.0650024414062,770.0
2023-03-09 14:00:00,FCRD,4.559999942779541,4.559999942779541,4.559999942779541,4.550000190734863,4.550000190734863,410.0
2023-03-09 14:00:00,FFIC,17.229999542236328,17.229999542236328,17.229999542236328,17.209999084472656,17.209999084472656,864.0
2023-03-09 14:00:00,FFIN,33.439998626708984,33.439998626708984,33.439998626708984,33.40999984741211,33.40999984741211,437.0
2023-03-09 14:00:00,FHB,23.940000534057617,23.940000534057617,23.940000534057617,23.90999984741211,23.90999984741211,724.0
2023-03-09 14:00:00,FIBK,32.02000045776367,32.02000045776367,32.04999923706055,32.02000045776367,32.02000045776367,612.0
2023-03-09 14:00:00,FITB,31.940000534057617,31.940000534057617,31.954999923706055,31.93000030517578,31.93000030517578,5584.0
2023-03-09 14:00:00,FITBI,25.139999389648438,25.139999389648438,25.139999389648438,25.1299991607666,25.1299991607666,501.0
2023-03-09 14:00:00,FLIC,16.14299964904785,16.14299964904785,16.14299964904785,16.14299964904785,16.14299964904785,107.0
2023-03-09 14:00:00,FMNB,13.149999618530273,13.149999618530273,13.149999618530273,13.149999618530273,13.149999618530273,198.0
2023-03-09 14:00:00,FOCS,51.59000015258789,51.59000015258789,51.599998474121094,51.59000015258789,51.595001220703125,4264.0
2023-03-09 14:00:00,FRHC,72.30000305175781,72.30000305175781,72.30000305175781,72.27999877929688,72.27999877929688,450.0
2023-03-09 14:00:00,FRME,37.22999954223633,37.22999954223633,37.22999954223633,37.22999954223633,37.22999954223633,343.0
2023-03-09 14:00:00,FSEA,9.900099754333496,9.900099754333496,9.900099754333496,9.900099754333496,9.900099754333496,246.0
2023-03-09 14:00:00,FUNC,19.709999084472656,19.709999084472656,19.709999084472656,19.709999084472656,19.709999084472656,135.0
2023-03-09 14:00:00,FUTU,46.150001525878906,46.150001525878906,46.20500183105469,46.150001525878906,46.18000030517578,2326.0
2023-03-09 14:00:00,GABC,35.7400016784668,35.7400016784668,35.7400016784668,35.7400016784668,35.7400016784668,247.0
2023-03-09 14:00:00,GAIN,13.569999694824219,13.569999694824219,13.569999694824219,13.569999694824219,13.569999694824219,100.0
2023-03-09 14:00:00,GBDC,13.319999694824219,13.319999694824219,13.324999809265137,13.319999694824219,13.319999694824219,1030.0
2023-03-09 14:00:00,GCMG,8.380000114440918,8.380000114440918,8.380000114440918,8.380000114440918,8.380000114440918,210.0
2023-03-09 14:00:00,GGAL,12.760000228881836,12.760000228881836,12.770000457763672,12.760000228881836,12.760000228881836,556.0
2023-03-09 14:00:00,GSHD,51.58000183105469,51.58000183105469,51.58000183105469,51.58000183105469,51.58000183105469,350.0
2023-03-09 14:00:00,HBAN,13.779999732971191,13.779999732971191,13.789999961853027,13.779999732971191,13.78499984741211,30599.0
2023-03-09 14:00:00,HBNC,13.779999732971191,13.779999732971191,13.779999732971191,13.770000457763672,13.770000457763672,993.0
2023-03-09 14:00:00,HMST,22.149999618530273,22.149999618530273,22.149999618530273,22.139999389648438,22.139999389648438,353.0
2023-03-09 14:00:00,HNNA,8.220000267028809,8.220000267028809,8.289999961853027,8.220000267028809,8.279999732971191,1119.0
2023-03-09 14:00:00,HONE,12.5600004196167,12.5600004196167,12.5600004196167,12.550000190734863,12.550000190734863,425.0
2023-03-09 14:00:00,HOPE,11.680000305175781,11.680000305175781,11.680000305175781,11.65999984741211,11.65999984741211,2238.0
2023-03-09 14:00:00,HRZN,11.75,11.75,11.75,11.75,11.75,172.0
2023-03-09 14:00:00,HTBK,10.800000190734863,10.800000190734863,10.800000190734863,10.800000190734863,10.800000190734863,423.0
2023-03-09 14:00:00,HTLF,45.22999954223633,45.22999954223633,45.22999954223633,45.22999954223633,45.22999954223633,385.0
2023-03-09 14:00:00,HUT,1.3209999799728394,1.3209999799728394,1.3299000263214111,1.320099949836731,1.3299000263214111,16765.0
2023-03-09 14:00:00,HVBC,30.899999618530273,30.899999618530273,30.899999618530273,30.899999618530273,30.899999618530273,160.0
2023-03-09 14:00:00,HWC,43.786800384521484,43.786800384521484,43.786800384521484,43.7599983215332,43.7599983215332,1377.0
2023-03-09 14:00:00,HYW,5.428999900817871,5.428999900817871,5.428999900817871,5.428999900817871,5.428999900817871,100.0
2023-03-09 14:00:00,IBKR,87.30000305175781,87.30000305175781,87.37000274658203,87.27999877929688,87.31999969482422,5637.0
2023-03-09 14:00:00,IBOC,44.790000915527344,44.790000915527344,44.790000915527344,44.72999954223633,44.72999954223633,1037.0
2023-03-09 14:00:00,IBTX,52.540000915527344,52.540000915527344,52.560001373291016,52.540000915527344,52.560001373291016,289.0
2023-03-09 14:00:00,INDB,71.79000091552734,71.79000091552734,71.79000091552734,71.7750015258789,71.7750015258789,579.0
2023-03-09 14:00:00,INKA,10.425000190734863,10.425000190734863,10.425000190734863,10.425000190734863,10.425000190734863,2850.0
2023-03-09 14:00:00,IOAC,10.619999885559082,10.619999885559082,10.619999885559082,10.619999885559082,10.619999885559082,5500.0
2023-03-09 14:00:00,IOACU,10.619999885559082,10.619999885559082,10.619999885559082,10.619999885559082,10.619999885559082,537.0
2023-03-09 14:01:00,ABCB,42.45000076293945,42.45000076293945,42.45000076293945,42.439998626708984,42.439998626708984,408.0
2023-03-09 14:01:00,ACGL,69.16500091552734,69.16500091552734,69.16500091552734,69.12000274658203,69.1500015258789,2484.0
2023-03-09 14:01:00,AIHS,0.8759999871253967,0.8759999871253967,0.8759999871253967,0.8759999871253967,0.8759999871253967,1700.0
2023-03-09 14:01:00,ANZU,9.9399995803833,9.9399995803833,9.9399995803833,9.9399995803833,9.9399995803833,668.0
2023-03-09 14:01:00,APLD,2.065000057220459,2.065000057220459,2.065000057220459,2.065000057220459,2.065000057220459,1000.0
2023-03-09 14:01:00,APMI,10.479999542236328,10.479999542236328,10.479999542236328,10.270000457763672,10.270000457763672,1200.0
2023-03-09 14:01:00,ARCC,18.7450008392334,18.7450008392334,18.764999389648438,18.7450008392334,18.764999389648438,3954.0
2023-03-09 14:01:00,ASRV,3.940000057220459,3.940000057220459,3.940000057220459,3.940000057220459,3.940000057220459,100.0
2023-03-09 14:01:00,ATLC,29.155000686645508,29.155000686645508,29.155000686645508,29.155000686645508,29.155000686645508,431.0
2023-03-09 14:01:00,AUB,36.560001373291016,36.560001373291016,36.560001373291016,36.52000045776367,36.529998779296875,2228.0
2023-03-09 14:01:00,BANF,85.61000061035156,85.61000061035156,85.61000061035156,85.61000061035156,85.61000061035156,237.0
2023-03-09 14:01:00,BGCP,4.974999904632568,4.974999904632568,4.974999904632568,4.974999904632568,4.974999904632568,923.0
2023-03-09 14:01:00,BHF,52.5,52.5,52.52000045776367,52.5,52.52000045776367,1338.0
2023-03-09 14:01:00,BITF,0.7377989888191223,0.7377989888191223,0.7394000291824341,0.7377989888191223,0.7394000291824341,32092.0
2023-03-09 14:01:00,BLFY,11.350000381469727,11.350000381469727,11.350000381469727,11.335000038146973,11.335000038146973,3776.0
2023-03-09 14:01:00,BMRC,26.989999771118164,26.989999771118164,27.014999389648438,26.969999313354492,26.969999313354492,2702.0
2023-03-09 14:01:00,BOKF,95.50499725341797,95.50499725341797,95.50499725341797,95.50499725341797,95.50499725341797,396.0
2023-03-09 14:01:00,BPAC,10.395000457763672,10.395000457763672,10.395000457763672,10.395000457763672,10.395000457763672,100.0
2023-03-09 14:01:00,BPOP,62.29999923706055,62.29999923706055,62.5099983215332,62.29999923706055,62.41999816894531,9194.0
2023-03-09 14:01:00,BRKL,11.539999961853027,11.539999961853027,11.539999961853027,11.510000228881836,11.510000228881836,1590.0
2023-03-09 14:01:00,BTBT,1.0800000429153442,1.0800000429153442,1.090000033378601,1.0800000429153442,1.090000033378601,1718.0
2023-03-09 14:01:00,BUSE,22.549999237060547,22.549999237060547,22.549999237060547,22.520000457763672,22.520000457763672,1270.0
2023-03-09 14:01:00,CASH,46.66999816894531,46.66999816894531,46.66999816894531,46.595001220703125,46.595001220703125,5081.0
2023-03-09 14:01:00,CATY,38.790000915527344,38.790000915527344,38.790000915527344,38.790000915527344,38.790000915527344,874.0
2023-03-09 14:01:00,CBAN,11.789999961853027,11.789999961853027,11.789999961853027,11.779999732971191,11.779999732971191,251.0
2023-03-09 14:01:00,CBSH,61.939998626708984,61.939998626708984,61.939998626708984,61.880001068115234,61.90999984741211,4440.0
2023-03-09 14:01:00,CCB,41.81999969482422,41.81999969482422,41.81999969482422,41.81999969482422,41.81999969482422,170.0
2023-03-09 14:01:00,CCBG,32.900001525878906,32.900001525878906,32.900001525878906,32.900001525878906,32.900001525878906,854.0
2023-03-09 14:01:00,CCNE,22.56999969482422,22.56999969482422,22.56999969482422,22.55500030517578,22.55500030517578,454.0
2023-03-09 14:01:00,CFB,12.289999961853027,12.289999961853027,12.289999961853027,12.289999961853027,12.289999961853027,581.0
2023-03-09 14:01:00,CFFN,7.485000133514404,7.485000133514404,7.485000133514404,7.474999904632568,7.474999904632568,2712.0
2023-03-09 14:01:00,CG,33.77000045776367,33.77000045776367,33.790000915527344,33.77000045776367,33.790000915527344,15878.0
2023-03-09 14:01:00,CGBD,14.800000190734863,14.800000190734863,14.800000190734863,14.795000076293945,14.795000076293945,461.0
2023-03-09 14:01:00,CHI,11.84000015258789,11.84000015258789,11.84000015258789,11.84000015258789,11.84000015258789,100.0
2023-03-09 14:01:00,CHW,6.013299942016602,6.013299942016602,6.013299942016602,6.010000228881836,6.012499809265137,2162.0
2023-03-09 14:01:00,CHY,12.25,12.25,12.25,12.25,12.25,107.0
2023-03-09 14:01:00,CIFR,1.399999976158142,1.399999976158142,1.399999976158142,1.399999976158142,1.399999976158142,1412.0
2023-03-09 14:01:00,CINF,115.94499969482422,115.94499969482422,116.11000061035156,115.93000030517578,116.11000061035156,2547.0
2023-03-09 14:01:00,CIVB,20.770000457763672,20.770000457763672,20.770000457763672,20.770000457763672,20.770000457763672,202.0
2023-03-09 14:01:00,CME,178.19000244140625,178.19000244140625,178.19000244140625,178.14999389648438,178.19000244140625,1963.0
2023-03-09 14:01:00,CNOB,21.719999313354492,21.719999313354492,21.719999313354492,21.71500015258789,21.71500015258789,382.0
2023-03-09 14:01:00,COLB,25.190000534057617,25.190000534057617,25.200000762939453,25.15999984741211,25.170000076293945,10735.0
2023-03-09 14:01:00,COOP,43.709999084472656,43.709999084472656,43.750099182128906,43.709999084472656,43.75,6503.0
2023-03-09 14:01:00,CSWC,18.25,18.25,18.25,18.25,18.25,496.0
2023-03-09 14:01:00,CUBA,3.898200035095215,3.898200035095215,3.898200035095215,3.898200035095215,3.898200035095215,171.0
2023-03-09 14:01:00,CVBF,21.760000228881836,21.760000228881836,21.760000228881836,21.709999084472656,21.719999313354492,2987.0
2023-03-09 14:01:00,DGICA,15.0649995803833,15.0649995803833,15.0649995803833,15.0649995803833,15.0649995803833,118.0
2023-03-09 14:01:00,DWAC,14.037699699401855,14.037699699401855,14.037699699401855,14.037699699401855,14.037699699401855,188.0
2023-03-09 14:01:00,EBC,14.479999542236328,14.479999542236328,14.479999542236328,14.460000038146973,14.460000038146973,3564.0
2023-03-09 14:01:00,EFSC,51.380001068115234,51.380001068115234,51.380001068115234,51.380001068115234,51.380001068115234,142.0
2023-03-09 14:01:00,EGBN,40.11000061035156,40.11000061035156,40.11000061035156,40.11000061035156,40.11000061035156,229.0
2023-03-09 14:01:00,EHTH,8.595000267028809,8.595000267028809,8.600000381469727,8.595000267028809,8.600000381469727,1066.0
2023-03-09 14:01:00,EWBC,67.61000061035156,67.61000061035156,67.62000274658203,67.47000122070312,67.51000213623047,5594.0
2023-03-09 14:01:00,EZPW,8.78499984741211,8.78499984741211,8.78499984741211,8.78499984741211,8.78499984741211,484.0
2023-03-09 14:01:00,FBMS,28.8799991607666,28.8799991607666,28.93000030517578,28.860000610351562,28.920000076293945,1221.0
2023-03-09 14:01:00,FBNC,38.61000061035156,38.61000061035156,38.61000061035156,38.59000015258789,38.59000015258789,591.0
2023-03-09 14:01:00,FCFS,88.23500061035156,88.23500061035156,88.44999694824219,88.20999908447266,88.44999694824219,2061.0
2023-03-09 14:01:00,FCNCA,640.1599731445312,640.1599731445312,641.0,639.7550048828125,641.0,2718.0
2023-03-09 14:01:00,FDUS,20.219900131225586,20.219900131225586,20.219900131225586,20.219900131225586,20.219900131225586,241.0
2023-03-09 14:01:00,FFBC,22.299999237060547,22.299999237060547,22.299999237060547,22.260000228881836,22.260000228881836,1356.0
2023-03-09 14:01:00,FFIC,17.260000228881836,17.260000228881836,17.260000228881836,17.25,17.25,273.0
2023-03-09 14:01:00,FFIN,33.48099899291992,33.48099899291992,33.4900016784668,33.415000915527344,33.41999816894531,1802.0
2023-03-09 14:01:00,FFWM,12.75,12.75,12.75,12.739999771118164,12.739999771118164,572.0
2023-03-09 14:01:00,FHB,23.950000762939453,23.950000762939453,23.950000762939453,23.93000030517578,23.93000030517578,1478.0
2023-03-09 14:01:00,FIBK,32.040000915527344,32.040000915527344,32.04999923706055,32.025001525878906,32.025001525878906,1598.0
2023-03-09 14:01:00,FISI,23.020000457763672,23.020000457763672,23.020000457763672,22.989999771118164,22.989999771118164,731.0
2023-03-09 14:01:00,FITB,31.959999084472656,31.959999084472656,31.969999313354492,31.920000076293945,31.940000534057617,27877.0
2023-03-09 14:01:00,FLIC,16.15999984741211,16.15999984741211,16.15999984741211,16.149999618530273,16.149999618530273,591.0
2023-03-09 14:01:00,FMAO,23.549999237060547,23.549999237060547,23.549999237060547,23.549999237060547,23.549999237060547,143.0
2023-03-09 14:01:00,FOCS,51.595001220703125,51.595001220703125,51.595001220703125,51.59000015258789,51.595001220703125,2335.0
2023-03-09 14:01:00,FRHC,72.30000305175781,72.30000305175781,72.30000305175781,72.30000305175781,72.30000305175781,567.0
2023-03-09 14:01:00,FRME,37.29999923706055,37.29999923706055,37.29999923706055,37.29999923706055,37.29999923706055,450.0
2023-03-09 14:01:00,FULT,15.649999618530273,15.649999618530273,15.649999618530273,15.625,15.630000114440918,3314.0
2023-03-09 14:01:00,FUTU,46.1349983215332,46.1349983215332,46.150001525878906,46.119998931884766,46.150001525878906,1615.0
2023-03-09 14:01:00,GBDC,13.319999694824219,13.319999694824219,13.319999694824219,13.319999694824219,13.319999694824219,101.0
2023-03-09 14:01:00,GECC,9.440099716186523,9.440099716186523,9.477700233459473,9.4399995803833,9.460000038146973,1131.0
2023-03-09 14:01:00,GGAL,12.75,12.75,12.770000457763672,12.739999771118164,12.760000228881836,1661.0
2023-03-09 14:01:00,GSHD,51.529998779296875,51.529998779296875,51.529998779296875,51.529998779296875,51.529998779296875,194.0
2023-03-09 14:01:00,GXII,10.119999885559082,10.119999885559082,10.119999885559082,10.119999885559082,10.119999885559082,100.0
2023-03-09 14:01:00,HBAN,13.795000076293945,13.795000076293945,13.800000190734863,13.779999732971191,13.779999732971191,54088.0
2023-03-09 14:01:00,HBNC,13.8100004196167,13.8100004196167,13.8100004196167,13.789999961853027,13.789999961853027,604.0
2023-03-09 14:01:00,HFWA,24.510000228881836,24.510000228881836,24.510000228881836,24.510000228881836,24.510000228881836,1013.0
2023-03-09 14:01:00,HMST,22.170000076293945,22.170000076293945,22.18000030517578,22.149999618530273,22.18000030517578,318.0
2023-03-09 14:01:00,HONE,12.579999923706055,12.579999923706055,12.579999923706055,12.5600004196167,12.5600004196167,882.0
2023-03-09 14:01:00,HOPE,11.6899995803833,11.6899995803833,11.6899995803833,11.664999961853027,11.67300033569336,2573.0
2023-03-09 14:01:00,HRZN,11.758500099182129,11.758500099182129,11.758500099182129,11.758500099182129,11.758500099182129,203.0
2023-03-09 14:01:00,HTBI,27.665000915527344,27.665000915527344,27.665000915527344,27.665000915527344,27.665000915527344,341.0
2023-03-09 14:01:00,HTBK,10.800000190734863,10.800000190734863,10.800000190734863,10.800000190734863,10.800000190734863,541.0
2023-03-09 14:01:00,HTLF,45.22999954223633,45.22999954223633,45.255001068115234,45.22999954223633,45.25,755.0
2023-03-09 14:01:00,HUT,1.3200000524520874,1.3200000524520874,1.3274999856948853,1.3200000524520874,1.3274999856948853,22800.0
2023-03-09 14:01:00,HWC,43.83000183105469,43.83000183105469,43.83000183105469,43.79999923706055,43.79999923706055,1314.0
2023-03-09 14:01:00,HYW,5.302000045776367,5.302000045776367,5.309999942779541,5.300000190734863,5.309999942779541,1300.0
2023-03-09 14:01:00,IBCP,20.559999465942383,20.559999465942383,20.559999465942383,20.540000915527344,20.540000915527344,364.0
2023-03-09 14:01:00,IBKR,87.22000122070312,87.22000122070312,87.26499938964844,87.22000122070312,87.23999786376953,1066.0
2023-03-09 14:01:00,IBOC,44.80500030517578,44.80500030517578,44.80500030517578,44.77000045776367,44.779998779296875,998.0
2023-03-09 14:01:00,IBTX,52.619998931884766,52.619998931884766,52.619998931884766,52.52000045776367,52.56999969482422,2903.0
2023-03-09 14:01:00,INDB,71.9000015258789,71.9000015258789,71.9000015258789,71.9000015258789,71.9000015258789,586.0
2023-03-09 14:01:00,INKA,10.439499855041504,10.439499855041504,10.4399995803833,10.439499855041504,10.4399995803833,4150.0
2023-03-09 14:01:00,INTR,2.0299999713897705,2.0299999713897705,2.0399999618530273,2.0199999809265137,2.0199999809265137,3393.0
2023-03-09 14:01:00,IOAC,10.619999885559082,10.619999885559082,10.619999885559082,10.619999885559082,10.619999885559082,4484.0
2023-03-09 14:02:00,ABCB,42.45000076293945,42.45000076293945,42.5,42.43000030517578,42.5,2242.0
2023-03-09 14:02:00,ACGL,69.16000366210938,69.16000366210938,69.2249984741211,69.16000366210938,69.18000030517578,8567.0
2023-03-09 14:02:00,ACT,23.940000534057617,23.940000534057617,23.96500015258789,23.940000534057617,23.959999084472656,302.0
2023-03-09 14:02:00,AMAL,21.059999465942383,21.059999465942383,21.059999465942383,21.059999465942383,21.059999465942383,778.0
2023-03-09 14:02:00,APLD,2.0799999237060547,2.0799999237060547,2.0799999237060547,2.065000057220459,2.065000057220459,7832.0
2023-03-09 14:02:00,APMI,10.699999809265137,10.699999809265137,10.699999809265137,10.300000190734863,10.300000190734863,2306.0
2023-03-09 14:02:00,ARCC,18.72010040283203,18.72010040283203,18.7450008392334,18.72010040283203,18.741899490356445,10518.0
2023-03-09 14:02:00,ATLO,23.3700008392334,23.3700008392334,23.3700008392334,23.364999771118164,23.364999771118164,444.0
2023-03-09 14:02:00,AUB,36.540000915527344,36.540000915527344,36.56999969482422,36.540000915527344,36.56999969482422,407.0
2023-03-09 14:02:00,BANR,57.36000061035156,57.36000061035156,57.36000061035156,57.35499954223633,57.35499954223633,510.0
2023-03-09 14:02:00,BCBP,15.770000457763672,15.770000457763672,15.770000457763672,15.770000457763672,15.770000457763672,154.0
2023-03-09 14:02:00,BFST,18.549999237060547,18.549999237060547,18.549999237060547,18.549999237060547,18.549999237060547,172.0
2023-03-09 14:02:00,BGCP,4.974999904632568,4.974999904632568,4.980000019073486,4.974999904632568,4.974999904632568,832.0
2023-03-09 14:02:00,BHF,52.470001220703125,52.470001220703125,52.470001220703125,52.470001220703125,52.470001220703125,161.0
2023-03-09 14:02:00,BMRC,26.969999313354492,26.969999313354492,26.969999313354492,26.94499969482422,26.94499969482422,392.0
2023-03-09 14:02:00,BOKF,95.5199966430664,95.5199966430664,95.5199966430664,95.45999908447266,95.45999908447266,662.0
2023-03-09 14:02:00,BPOP,62.27000045776367,62.27000045776367,62.30500030517578,62.27000045776367,62.30500030517578,548.0
2023-03-09 14:02:00,BRKL,11.53499984741211,11.53499984741211,11.53499984741211,11.529999732971191,11.529999732971191,433.0
2023-03-09 14:02:00,BRP,25.399999618530273,25.399999618530273,25.399999618530273,25.399999618530273,25.399999618530273,363.0
2023-03-09 14:02:00,BSRR,19.31999969482422,19.31999969482422,19.31999969482422,19.309999465942383,19.309999465942383,863.0
2023-03-09 14:02:00,BTBT,1.0800000429153442,1.0800000429153442,1.0800000429153442,1.0800000429153442,1.0800000429153442,10433.0
2023-03-09 14:02:00,CACC,432.7850036621094,432.7850036621094,432.7850036621094,432.7850036621094,432.7850036621094,255.0
2023-03-09 14:02:00,CALB,24.68000030517578,24.68000030517578,24.68000030517578,24.68000030517578,24.68000030517578,312.0
2023-03-09 14:02:00,CATY,38.810001373291016,38.810001373291016,38.81999969482422,38.790000915527344,38.81999969482422,584.0
2023-03-09 14:02:00,CBSH,61.88850021362305,61.88850021362305,61.91999816894531,61.88850021362305,61.91999816894531,1074.0
2023-03-09 14:02:00,CCAP,14.930000305175781,14.930000305175781,14.930000305175781,14.930000305175781,14.930000305175781,486.0
2023-03-09 14:02:00,CCNE,22.584999084472656,22.584999084472656,22.584999084472656,22.584999084472656,22.584999084472656,317.0
2023-03-09 14:02:00,CCTS,10.420000076293945,10.420000076293945,10.420000076293945,10.420000076293945,10.420000076293945,184.0
2023-03-09 14:02:00,CFFN,7.485000133514404,7.485000133514404,7.485000133514404,7.485000133514404,7.485000133514404,935.0
2023-03-09 14:02:00,CG,33.77000045776367,33.77000045776367,33.79999923706055,33.7400016784668,33.7599983215332,31050.0
2023-03-09 14:02:00,CGBD,14.800000190734863,14.800000190734863,14.800000190734863,14.800000190734863,14.800000190734863,250.0
2023-03-09 14:02:00,CHW,6.010000228881836,6.010000228881836,6.010000228881836,6.010000228881836,6.010000228881836,800.0
2023-03-09 14:02:00,CIFR,1.399999976158142,1.399999976158142,1.4076999425888062,1.399999976158142,1.399999976158142,1015.0
2023-03-09 14:02:00,CINF,115.87000274658203,115.87000274658203,115.98999786376953,115.87000274658203,115.91999816894531,3614.0
2023-03-09 14:02:00,CLRC,10.359999656677246,10.359999656677246,10.359999656677246,10.359999656677246,10.359999656677246,174.0
2023-03-09 14:02:00,CME,178.19000244140625,178.19000244140625,178.28500366210938,178.1199951171875,178.13999938964844,4491.0
2023-03-09 14:02:00,COLB,25.170000076293945,25.170000076293945,25.183000564575195,25.170000076293945,25.18000030517578,3142.0
2023-03-09 14:02:00,COOP,43.720001220703125,43.720001220703125,43.720001220703125,43.720001220703125,43.720001220703125,479.0
2023-03-09 14:02:00,CPSS,10.8100004196167,10.8100004196167,10.8100004196167,10.8100004196167,10.8100004196167,1237.0
2023-03-09 14:02:00,CRVL,178.8800048828125,178.8800048828125,178.8800048828125,178.8800048828125,178.8800048828125,359.0
2023-03-09 14:02:00,CSWC,18.24139976501465,18.24139976501465,18.25,18.24139976501465,18.25,2119.0
2023-03-09 14:02:00,CVBF,21.770000457763672,21.770000457763672,21.770000457763672,21.760000228881836,21.770000457763672,905.0
2023-03-09 14:02:00,DCOM,29.239999771118164,29.239999771118164,29.239999771118164,29.200000762939453,29.200000762939453,2281.0
2023-03-09 14:02:00,DGICA,15.100000381469727,15.100000381469727,15.100000381469727,15.100000381469727,15.100000381469727,479.0
2023-03-09 14:02:00,DWACW,3.064199924468994,3.064199924468994,3.064199924468994,3.049999952316284,3.049999952316284,2589.0
2023-03-09 14:02:00,EBC,14.470000267028809,14.470000267028809,14.470000267028809,14.470000267028809,14.470000267028809,957.0
2023-03-09 14:02:00,ECPG,50.36000061035156,50.36000061035156,50.439998626708984,50.36000061035156,50.439998626708984,686.0
2023-03-09 14:02:00,EFSC,51.40999984741211,51.40999984741211,51.40999984741211,51.40999984741211,51.40999984741211,121.0
2023-03-09 14:02:00,EGBN,40.08000183105469,40.08000183105469,40.08000183105469,40.08000183105469,40.08000183105469,794.0
2023-03-09 14:02:00,EHTH,8.59000015258789,8.59000015258789,8.59000015258789,8.59000015258789,8.59000015258789,339.0
2023-03-09 14:02:00,EWBC,67.47000122070312,67.47000122070312,67.52999877929688,67.47000122070312,67.5199966430664,3060.0
2023-03-09 14:02:00,FBNC,38.58000183105469,38.58000183105469,38.59000015258789,38.560001373291016,38.59000015258789,1078.0
2023-03-09 14:02:00,FCFS,88.2249984741211,88.2249984741211,88.23999786376953,88.2249984741211,88.23999786376953,471.0
2023-03-09 14:02:00,FCNCA,637.8699951171875,637.8699951171875,637.8699951171875,637.8699951171875,637.8699951171875,1347.0
2023-03-09 14:02:00,FCRD,4.599999904632568,4.599999904632568,4.599999904632568,4.599999904632568,4.599999904632568,297.0
2023-03-09 14:02:00,FFBC,22.280000686645508,22.280000686645508,22.280000686645508,22.270000457763672,22.280000686645508,1076.0
2023-03-09 14:02:00,FFIC,17.260000228881836,17.260000228881836,17.260000228881836,17.25,17.25,960.0
2023-03-09 14:02:00,FFIN,33.45000076293945,33.45000076293945,33.47999954223633,33.45000076293945,33.470001220703125,1364.0
2023-03-09 14:02:00,FFWM,12.760000228881836,12.760000228881836,12.78499984741211,12.760000228881836,12.760000228881836,2373.0
2023-03-09 14:02:00,FHB,23.93000030517578,23.93000030517578,23.950000762939453,23.93000030517578,23.940000534057617,2813.0
2023-03-09 14:02:00,FIBK,32.015899658203125,32.015899658203125,32.04499816894531,32.0,32.02000045776367,3093.0
2023-03-09 14:02:00,FITB,31.934999465942383,31.934999465942383,31.975000381469727,31.93000030517578,31.950000762939453,21931.0
2023-03-09 14:02:00,FITBI,25.149999618530273,25.149999618530273,25.149999618530273,25.149999618530273,25.149999618530273,301.0
2023-03-09 14:02:00,FMNB,13.170000076293945,13.170000076293945,13.170000076293945,13.170000076293945,13.170000076293945,312.0
2023-03-09 14:02:00,FOCS,51.59000015258789,51.59000015258789,51.599998474121094,51.59000015258789,51.599998474121094,2037.0
2023-03-09 14:02:00,FRBA,12.800000190734863,12.800000190734863,12.800000190734863,12.800000190734863,12.800000190734863,314.0
2023-03-09 14:02:00,FRHC,72.33000183105469,72.33000183105469,72.3499984741211,72.30000305175781,72.30000305175781,5999.0
2023-03-09 14:02:00,FULT,15.640000343322754,15.640000343322754,15.649999618530273,15.630000114440918,15.649999618530273,4769.0
2023-03-09 14:02:00,FUTU,46.13999938964844,46.13999938964844,46.18000030517578,46.130001068115234,46.13999938964844,3603.0
2023-03-09 14:02:00,GABC,35.755001068115234,35.755001068115234,35.755001068115234,35.755001068115234,35.755001068115234,437.0
2023-03-09 14:02:00,GAIN,13.569999694824219,13.569999694824219,13.569999694824219,13.569999694824219,13.569999694824219,101.0
2023-03-09 14:02:00,GBDC,13.322799682617188,13.322799682617188,13.324999809265137,13.319999694824219,13.319999694824219,1487.0
2023-03-09 14:02:00,GCMG,8.380000114440918,8.380000114440918,8.380000114440918,8.380000114440918,8.380000114440918,341.0
2023-03-09 14:02:00,GECC,9.449999809265137,9.449999809265137,9.449999809265137,9.449999809265137,9.449999809265137,278.0
2023-03-09 14:02:00,GGAL,12.755000114440918,12.755000114440918,12.755000114440918,12.699999809265137,12.739999771118164,5885.0
2023-03-09 14:02:00,GLAD,9.82859992980957,9.82859992980957,9.82859992980957,9.82859992980957,9.82859992980957,784.0
2023-03-09 14:02:00,GREE,0.415800005197525,0.415800005197525,0.415800005197525,0.415800005197525,0.415800005197525,200.0
2023-03-09 14:02:00,GROW,2.661400079727173,2.661400079727173,2.661400079727173,2.661400079727173,2.661400079727173,505.0
2023-03-09 14:02:00,GSHD,51.47999954223633,51.47999954223633,51.55500030517578,51.47999954223633,51.47999954223633,761.0
2023-03-09 14:02:00,HAFC,21.68000030517578,21.68000030517578,21.68000030517578,21.68000030517578,21.68000030517578,395.0
2023-03-09 14:02:00,HBAN,13.78499984741211,13.78499984741211,13.800000190734863,13.779999732971191,13.789999961853027,51987.0
2023-03-09 14:02:00,HBNC,13.789999961853027,13.789999961853027,13.800000190734863,13.789999961853027,13.800000190734863,2799.0
2023-03-09 14:02:00,HIVE,2.505000114440918,2.505000114440918,2.505000114440918,2.505000114440918,2.505000114440918,100.0
2023-03-09 14:02:00,HLNE,75.0,75.0,75.0,75.0,75.0,458.0
2023-03-09 14:02:00,HMST,22.149999618530273,22.149999618530273,22.149999618530273,22.149999618530273,22.149999618530273,631.0
2023-03-09 14:02:00,HOPE,11.689000129699707,11.689000129699707,11.6899995803833,11.670000076293945,11.680000305175781,9987.0
2023-03-09 14:02:00,HRZN,11.744999885559082,11.744999885559082,11.754599571228027,11.744999885559082,11.754599571228027,528.0
2023-03-09 14:02:00,HTBI,27.649999618530273,27.649999618530273,27.649999618530273,27.649999618530273,27.649999618530273,280.0
2023-03-09 14:02:00,HTBK,10.800000190734863,10.800000190734863,10.800000190734863,10.800000190734863,10.800000190734863,406.0
2023-03-09 14:02:00,HTLF,45.2400016784668,45.2400016784668,45.25,45.2400016784668,45.25,367.0
2023-03-09 14:02:00,HUT,1.3200000524520874,1.3200000524520874,1.3300000429153442,1.3200000524520874,1.3209999799728394,63679.0
2023-03-09 14:02:00,HWC,43.779998779296875,43.779998779296875,43.79999923706055,43.7599983215332,43.79999923706055,1798.0
2023-03-09 14:02:00,HYW,5.329899787902832,5.329899787902832,5.329899787902832,5.289999961853027,5.299900054931641,1354.0
2023-03-09 14:02:00,IBCP,20.575000762939453,20.575000762939453,20.575000762939453,20.575000762939453,20.575000762939453,103.0
2023-03-09 14:02:00,IBKR,87.29000091552734,87.29000091552734,87.33999633789062,87.23999786376953,87.33000183105469,2002.0
2023-03-09 14:02:00,IBTX,52.619998931884766,52.619998931884766,52.619998931884766,52.560001373291016,52.56999969482422,1426.0
2023-03-09 14:02:00,INBK,23.219999313354492,23.219999313354492,23.229999542236328,23.219999313354492,23.229999542236328,219.0
2023-03-09 14:02:00,INDB,71.87000274658203,71.87000274658203,71.91999816894531,71.83999633789062,71.8949966430664,1887.0
2023-03-09 14:02:00,INTR,2.0299999713897705,2.0299999713897705,2.0299999713897705,2.0299999713897705,2.0299999713897705,100.0
2023-03-09 14:03:00,ACGL,69.16999816894531,69.16999816894531,69.16999816894531,69.1500015258789,69.1500015258789,2403.0
2023-03-09 14:03:00,ACT,23.950000762939453,23.950000762939453,23.959999084472656,23.950000762939453,23.950000762939453,552.0
2023-03-09 14:03:00,APLD,2.069999933242798,2.069999933242798,2.0850000381469727,2.069999933242798,2.0850000381469727,1093.0
2023-03-09 14:03:00,APMI,10.34000015258789,10.34000015258789,10.45009994506836,10.289999961853027,10.45009994506836,2312.0
2023-03-09 14:03:00,ARCC,18.725000381469727,18.725000381469727,18.729999542236328,18.725000381469727,18.725000381469727,2057.0
2023-03-09 14:03:00,ASRV,3.949899911880493,3.949899911880493,3.949899911880493,3.949899911880493,3.949899911880493,100.0
2023-03-09 14:03:00,ATIF,2.2100000381469727,2.2100000381469727,2.2100000381469727,2.2100000381469727,2.2100000381469727,22.0
2023-03-09 14:03:00,AUB,36.529998779296875,36.529998779296875,36.529998779296875,36.529998779296875,36.529998779296875,1245.0
2023-03-09 14:03:00,BANR,57.279998779296875,57.279998779296875,57.310001373291016,57.279998779296875,57.310001373291016,821.0
2023-03-09 14:03:00,BCBP,15.75,15.75,15.75,15.75,15.75,446.0
2023-03-09 14:03:00,BFST,18.540000915527344,18.540000915527344,18.540000915527344,18.530000686645508,18.530000686645508,1003.0
2023-03-09 14:03:00,BGCP,4.978000164031982,4.978000164031982,4.978000164031982,4.978000164031982,4.978000164031982,1060.0
2023-03-09 14:03:00,BHF,52.45000076293945,52.45000076293945,52.459999084472656,52.45000076293945,52.459999084472656,947.0
2023-03-09 14:03:00,BITF,0.737500011920929,0.737500011920929,0.7376000285148621,0.737500011920929,0.7376000285148621,5100.0
2023-03-09 14:03:00,BOKF,95.4800033569336,95.4800033569336,95.4800033569336,95.47000122070312,95.47000122070312,303.0
2023-03-09 14:03:00,BPOP,62.209999084472656,62.209999084472656,62.29499816894531,62.209999084472656,62.29499816894531,1361.0
2023-03-09 14:03:00,BRKL,11.529999732971191,11.529999732971191,11.529999732971191,11.529999732971191,11.529999732971191,711.0
2023-03-09 14:03:00,BSVN,27.489999771118164,27.489999771118164,27.489999771118164,27.489999771118164,27.489999771118164,134.0
2023-03-09 14:03:00,BTBT,1.083299994468689,1.083299994468689,1.083299994468689,1.0800000429153442,1.0800000429153442,391.0
2023-03-09 14:03:00,CATY,38.77000045776367,38.77000045776367,38.77000045776367,38.77000045776367,38.77000045776367,508.0
2023-03-09 14:03:00,CBAN,11.79990005493164,11.79990005493164,11.79990005493164,11.79990005493164,11.79990005493164,357.0
2023-03-09 14:03:00,CBSH,61.869998931884766,61.869998931884766,61.90999984741211,61.869998931884766,61.900001525878906,3592.0
2023-03-09 14:03:00,CCD,22.950000762939453,22.950000762939453,22.9950008392334,22.950000762939453,22.9950008392334,419.0
2023-03-09 14:03:00,CCTS,10.420000076293945,10.420000076293945,10.420000076293945,10.420000076293945,10.420000076293945,500.0
2023-03-09 14:03:00,CFFN,7.485000133514404,7.485000133514404,7.485000133514404,7.485000133514404,7.485000133514404,161.0
2023-03-09 14:03:00,CG,33.755001068115234,33.755001068115234,33.779998779296875,33.75,33.775001525878906,20279.0
2023-03-09 14:03:00,CHI,11.84000015258789,11.84000015258789,11.84000015258789,11.84000015258789,11.84000015258789,100.0
2023-03-09 14:03:00,CHW,6.010000228881836,6.010000228881836,6.010000228881836,6.010000228881836,6.010000228881836,233.0
2023-03-09 14:03:00,CHY,12.25,12.25,12.25,12.25,12.25,155.0
2023-03-09 14:03:00,CIFR,1.3949999809265137,1.3949999809265137,1.399999976158142,1.3799999952316284,1.399999976158142,4280.0
2023-03-09 14:03:00,CIVB,20.764999389648438,20.764999389648438,20.764999389648438,20.764999389648438,20.764999389648438,100.0
2023-03-09 14:03:00,CLBK,19.635000228881836,19.635000228881836,19.635000228881836,19.635000228881836,19.635000228881836,1021.0
2023-03-09 14:03:00,CME,178.17999267578125,178.17999267578125,178.21499633789062,178.17999267578125,178.21499633789062,790.0
2023-03-09 14:03:00,CNOB,21.719999313354492,21.719999313354492,21.719999313354492,21.719999313354492,21.719999313354492,112.0
2023-03-09 14:03:00,COFS,28.209999084472656,28.209999084472656,28.209999084472656,28.209999084472656,28.209999084472656,231.0
2023-03-09 14:03:00,COLB,25.190000534057617,25.190000534057617,25.190000534057617,25.170000076293945,25.170000076293945,3999.0
2023-03-09 14:03:00,COOP,43.68000030517578,43.68000030517578,43.7400016784668,43.68000030517578,43.709999084472656,747.0
2023-03-09 14:03:00,CSTR,15.270000457763672,15.270000457763672,15.270000457763672,15.270000457763672,15.270000457763672,408.0
2023-03-09 14:03:00,CSWC,18.22949981689453,18.22949981689453,18.229999542236328,18.22949981689453,18.229999542236328,479.0
2023-03-09 14:03:00,CVBF,21.75,21.75,21.760000228881836,21.75,21.760000228881836,1175.0
2023-03-09 14:03:00,CVCY,24.329999923706055,24.329999923706055,24.329999923706055,24.329999923706055,24.329999923706055,399.0
2023-03-09 14:03:00,DCOM,29.2450008392334,29.2450008392334,29.2450008392334,29.2450008392334,29.2450008392334,139.0
2023-03-09 14:03:00,DGICA,15.069999694824219,15.069999694824219,15.069999694824219,15.069999694824219,15.069999694824219,269.0
2023-03-09 14:03:00,DWAC,14.039999961853027,14.039999961853027,14.039999961853027,14.039999961853027,14.039999961853027,206.0
2023-03-09 14:03:00,EBC,14.470000267028809,14.470000267028809,14.470000267028809,14.460000038146973,14.470000267028809,2169.0
2023-03-09 14:03:00,EFSC,51.40999984741211,51.40999984741211,51.40999984741211,51.40999984741211,51.40999984741211,109.0
2023-03-09 14:03:00,EGBN,40.04199981689453,40.04199981689453,40.04999923706055,40.0099983215332,40.04999923706055,962.0
2023-03-09 14:03:00,EQBK,27.979999542236328,27.979999542236328,28.010000228881836,27.979999542236328,28.0,668.0
2023-03-09 14:03:00,EWBC,67.54199981689453,67.54199981689453,67.55000305175781,67.45999908447266,67.4800033569336,5600.0
2023-03-09 14:03:00,EZPW,8.78499984741211,8.78499984741211,8.78499984741211,8.78499984741211,8.78499984741211,225.0
2023-03-09 14:03:00,FBMS,28.84000015258789,28.84000015258789,28.850000381469727,28.84000015258789,28.850000381469727,632.0
2023-03-09 14:03:00,FCFS,88.25,88.25,88.25,88.2300033569336,88.2300033569336,345.0
2023-03-09 14:03:00,FCRD,4.599999904632568,4.599999904632568,4.599999904632568,4.590000152587891,4.590000152587891,200.0
2023-03-09 14:03:00,FFIN,33.459999084472656,33.459999084472656,33.459999084472656,33.439998626708984,33.439998626708984,652.0
2023-03-09 14:03:00,FFWM,12.75,12.75,12.760000228881836,12.75,12.75,975.0
2023-03-09 14:03:00,FHB,23.93000030517578,23.93000030517578,23.93000030517578,23.93000030517578,23.93000030517578,860.0
2023-03-09 14:03:00,FIBK,32.0,32.0,32.0,32.0,32.0,1132.0
2023-03-09 14:03:00,FITB,31.93000030517578,31.93000030517578,31.934999465942383,31.920000076293945,31.934999465942383,8448.0
2023-03-09 14:03:00,FITBP,24.079999923706055,24.079999923706055,24.079999923706055,24.079999923706055,24.079999923706055,128.0
2023-03-09 14:03:00,FLIC,16.139999389648438,16.139999389648438,16.139999389648438,16.139999389648438,16.139999389648438,360.0
2023-03-09 14:03:00,FMBH,28.180099487304688,28.180099487304688,28.180099487304688,28.180099487304688,28.180099487304688,146.0
2023-03-09 14:03:00,FMNB,13.164999961853027,13.164999961853027,13.164999961853027,13.164999961853027,13.164999961853027,242.0
2023-03-09 14:03:00,FOCS,51.595001220703125,51.595001220703125,51.595001220703125,51.59000015258789,51.59000015258789,1003.0
2023-03-09 14:03:00,FRBK,1.715000033378601,1.715000033378601,1.715000033378601,1.7100000381469727,1.7100000381469727,259.0
2023-03-09 14:03:00,FUTU,46.099998474121094,46.099998474121094,46.15999984741211,46.099998474121094,46.15999984741211,2356.0
2023-03-09 14:03:00,GAIN,13.566300392150879,13.566300392150879,13.566300392150879,13.566300392150879,13.566300392150879,307.0
2023-03-09 14:03:00,GBDC,13.34000015258789,13.34000015258789,13.345000267028809,13.324899673461914,13.324999809265137,8860.0
2023-03-09 14:03:00,GCMG,8.380000114440918,8.380000114440918,8.380000114440918,8.372699737548828,8.372699737548828,302.0
2023-03-09 14:03:00,GLRE,10.172100067138672,10.172100067138672,10.19729995727539,10.172100067138672,10.19729995727539,3744.0
2023-03-09 14:03:00,GOCO,18.670000076293945,18.670000076293945,18.75,18.670000076293945,18.75,666.0
2023-03-09 14:03:00,GSHD,51.47999954223633,51.47999954223633,51.47999954223633,51.47999954223633,51.47999954223633,115.0
2023-03-09 14:03:00,GXII,10.119999885559082,10.119999885559082,10.119999885559082,10.119999885559082,10.119999885559082,100.0
2023-03-09 14:03:00,HAFC,21.65999984741211,21.65999984741211,21.65999984741211,21.65999984741211,21.65999984741211,664.0
2023-03-09 14:03:00,HBAN,13.781000137329102,13.781000137329102,13.789899826049805,13.779999732971191,13.78499984741211,9593.0
2023-03-09 14:03:00,HBNC,13.789999961853027,13.789999961853027,13.789999961853027,13.789999961853027,13.789999961853027,375.0
2023-03-09 14:03:00,HFWA,24.479999542236328,24.479999542236328,24.479999542236328,24.479999542236328,24.479999542236328,496.0
2023-03-09 14:03:00,HIVE,2.5,2.5,2.5,2.5,2.5,2783.0
2023-03-09 14:03:00,HMST,22.200000762939453,22.200000762939453,22.200000762939453,22.200000762939453,22.200000762939453,157.0
2023-03-09 14:03:00,HONE,12.579999923706055,12.579999923706055,12.579999923706055,12.574999809265137,12.574999809265137,485.0
2023-03-09 14:03:00,HOPE,11.69159984588623,11.69159984588623,11.704999923706055,11.6899995803833,11.6899995803833,12155.0
2023-03-09 14:03:00,HRZN,11.741800308227539,11.741800308227539,11.748299598693848,11.741800308227539,11.748299598693848,226.0
2023-03-09 14:03:00,HTLF,45.209999084472656,45.209999084472656,45.220001220703125,45.209999084472656,45.220001220703125,285.0
2023-03-09 14:03:00,HUT,1.3209999799728394,1.3209999799728394,1.3219000101089478,1.3200000524520874,1.3219000101089478,32693.0
2023-03-09 14:03:00,HWC,43.75,43.75,43.75,43.720001220703125,43.7400016784668,898.0
2023-03-09 14:03:00,IBCP,20.540000915527344,20.540000915527344,20.540000915527344,20.540000915527344,20.540000915527344,312.0
2023-03-09 14:03:00,IBKR,87.2249984741211,87.2249984741211,87.28500366210938,87.22000122070312,87.28500366210938,1347.0
2023-03-09 14:03:00,INDB,71.7750015258789,71.7750015258789,71.83999633789062,71.7750015258789,71.83999633789062,949.0
2023-03-09 14:04:00,ABCB,42.47999954223633,42.47999954223633,42.47999954223633,42.470001220703125,42.470001220703125,995.0
2023-03-09 14:04:00,ACGL,69.19000244140625,69.19000244140625,69.20999908447266,69.16999816894531,69.18000030517578,3165.0
2023-03-09 14:04:00,APLD,2.0799999237060547,2.0799999237060547,2.0799999237060547,2.0799999237060547,2.0799999237060547,5007.0
2023-03-09 14:04:00,APMI,10.414199829101562,10.414199829101562,10.414199829101562,10.329999923706055,10.33329963684082,3877.0
2023-03-09 14:04:00,ARCC,18.726299285888672,18.726299285888672,18.729999542236328,18.722000122070312,18.726900100708008,2677.0
2023-03-09 14:04:00,ASRV,3.940000057220459,3.940000057220459,3.940000057220459,3.940000057220459,3.940000057220459,296.0
2023-03-09 14:04:00,AUB,36.54999923706055,36.54999923706055,36.54999923706055,36.52000045776367,36.529998779296875,2957.0
2023-03-09 14:04:00,BANR,57.31999969482422,57.31999969482422,57.380001068115234,57.31999969482422,57.349998474121094,1038.0
2023-03-09 14:04:00,BCBP,15.731300354003906,15.731300354003906,15.731300354003906,15.729999542236328,15.729999542236328,512.0
2023-03-09 14:04:00,BCML,19.270000457763672,19.270000457763672,19.270000457763672,19.270000457763672,19.270000457763672,107.0
2023-03-09 14:04:00,BFIN,10.25,10.25,10.25,10.25,10.25,131.0
2023-03-09 14:04:00,BGCP,4.96999979019165,4.96999979019165,4.974999904632568,4.96999979019165,4.974999904632568,2218.0
2023-03-09 14:04:00,BHF,52.45000076293945,52.45000076293945,52.45000076293945,52.45000076293945,52.45000076293945,104.0
2023-03-09 14:04:00,BHFAP,24.3799991607666,24.3799991607666,24.40999984741211,24.3799991607666,24.40999984741211,2494.0
2023-03-09 14:04:00,BITF,0.7376000285148621,0.7376000285148621,0.7376000285148621,0.737500011920929,0.7376000285148621,2805.0
2023-03-09 14:04:00,BLFY,11.329999923706055,11.329999923706055,11.329999923706055,11.329999923706055,11.329999923706055,127.0
2023-03-09 14:04:00,BOKF,95.4800033569336,95.4800033569336,95.4800033569336,95.4800033569336,95.4800033569336,341.0
2023-03-09 14:04:00,BPOP,62.310001373291016,62.310001373291016,62.349998474121094,62.310001373291016,62.310001373291016,724.0
2023-03-09 14:04:00,BRKL,11.529999732971191,11.529999732971191,11.529999732971191,11.529999732971191,11.529999732971191,458.0
2023-03-09 14:04:00,BRP,25.360000610351562,25.360000610351562,25.389999389648438,25.360000610351562,25.389999389648438,529.0
2023-03-09 14:04:00,BTBT,1.0839999914169312,1.0839999914169312,1.089900016784668,1.0800000429153442,1.0800000429153442,3874.0
2023-03-09 14:04:00,BUSE,22.53499984741211,22.53499984741211,22.53499984741211,22.520000457763672,22.520000457763672,344.0
2023-03-09 14:04:00,CASH,46.70000076293945,46.70000076293945,46.709999084472656,46.70000076293945,46.709999084472656,1267.0
2023-03-09 14:04:00,CATY,38.779998779296875,38.779998779296875,38.779998779296875,38.7599983215332,38.7599983215332,612.0
2023-03-09 14:04:00,CBSH,61.915000915527344,61.915000915527344,61.91999816894531,61.8849983215332,61.8849983215332,1914.0
2023-03-09 14:04:00,CCD,22.950000762939453,22.950000762939453,22.950000762939453,22.950000762939453,22.950000762939453,2083.0
2023-03-09 14:04:00,CCTS,10.420000076293945,10.420000076293945,10.420000076293945,10.420000076293945,10.420000076293945,1100.0
2023-03-09 14:04:00,CFBK,20.049999237060547,20.049999237060547,20.049999237060547,20.049999237060547,20.049999237060547,232.0
2023-03-09 14:04:00,CFFN,7.485000133514404,7.485000133514404,7.485000133514404,7.485000133514404,7.485000133514404,133.0
2023-03-09 14:04:00,CG,33.54999923706055,33.54999923706055,33.77000045776367,33.54999923706055,33.75,96177.0
2023-03-09 14:04:00,CGBD,14.790200233459473,14.790200233459473,14.801600456237793,14.789999961853027,14.800000190734863,1701.0
2023-03-09 14:04:00,CHY,12.25,12.25,12.25,12.25,12.25,100.0
2023-03-09 14:04:00,CIFR,1.3920999765396118,1.3920999765396118,1.3920999765396118,1.3920999765396118,1.3920999765396118,2749.0
2023-03-09 14:04:00,CINF,115.73999786376953,115.73999786376953,115.73999786376953,115.73999786376953,115.73999786376953,590.0
2023-03-09 14:04:00,CIVB,20.75,20.75,20.75,20.75,20.75,106.0
2023-03-09 14:04:00,CME,178.13999938964844,178.13999938964844,178.15499877929688,178.10000610351562,178.15499877929688,2212.0
2023-03-09 14:04:00,COFS,28.292499542236328,28.292499542236328,28.30500030517578,28.292499542236328,28.30500030517578,300.0
2023-03-09 14:04:00,COLB,25.219999313354492,25.219999313354492,25.219999313354492,25.190000534057617,25.190000534057617,6964.0
2023-03-09 14:04:00,COOP,43.70000076293945,43.70000076293945,43.70000076293945,43.70000076293945,43.70000076293945,252.0
2023-03-09 14:04:00,CSQ,13.864299774169922,13.864299774169922,13.864299774169922,13.864299774169922,13.864299774169922,100.0
2023-03-09 14:04:00,CSWC,18.229999542236328,18.229999542236328,18.229999542236328,18.229999542236328,18.229999542236328,1379.0
2023-03-09 14:04:00,CVBF,21.809999465942383,21.809999465942383,21.809999465942383,21.760000228881836,21.760000228881836,1920.0
2023-03-09 14:04:00,DHCA,10.0600004196167,10.0600004196167,10.0600004196167,10.0600004196167,10.0600004196167,100.0
2023-03-09 14:04:00,DWAC,14.037599563598633,14.037599563598633,14.037599563598633,14.037599563598633,14.037599563598633,198.0
2023-03-09 14:04:00,EBC,14.479999542236328,14.479999542236328,14.479999542236328,14.460000038146973,14.460000038146973,3392.0
2023-03-09 14:04:00,EFSC,51.33000183105469,51.33000183105469,51.33000183105469,51.33000183105469,51.33000183105469,121.0
2023-03-09 14:04:00,EGBN,40.084999084472656,40.084999084472656,40.084999084472656,40.06999969482422,40.06999969482422,364.0
2023-03-09 14:04:00,EWBC,67.55000305175781,67.55000305175781,67.61000061035156,67.52999877929688,67.53500366210938,5018.0
2023-03-09 14:04:00,EZPW,8.789999961853027,8.789999961853027,8.789999961853027,8.78499984741211,8.78499984741211,748.0
2023-03-09 14:04:00,FBNC,38.540000915527344,38.540000915527344,38.540000915527344,38.540000915527344,38.540000915527344,100.0
2023-03-09 14:04:00,FCFS,88.42749786376953,88.42749786376953,88.44999694824219,88.33999633789062,88.33999633789062,2749.0
2023-03-09 14:04:00,FCNCO,21.549999237060547,21.549999237060547,21.549999237060547,21.549999237060547,21.549999237060547,800.0
2023-03-09 14:04:00,FCRD,4.599999904632568,4.599999904632568,4.599999904632568,4.599999904632568,4.599999904632568,318.0
2023-03-09 14:04:00,FDUS,20.1200008392334,20.1200008392334,20.145000457763672,20.1200008392334,20.145000457763672,209.0
2023-03-09 14:04:00,FFBC,22.290000915527344,22.290000915527344,22.299999237060547,22.290000915527344,22.299999237060547,499.0
2023-03-09 14:04:00,FFIC,17.21500015258789,17.21500015258789,17.21500015258789,17.21500015258789,17.21500015258789,234.0
2023-03-09 14:04:00,FFIN,33.470001220703125,33.470001220703125,33.470001220703125,33.45000076293945,33.45000076293945,1157.0
2023-03-09 14:04:00,FFWM,12.779999732971191,12.779999732971191,12.779999732971191,12.760000228881836,12.760000228881836,2074.0
2023-03-09 14:04:00,FHB,23.969999313354492,23.969999313354492,23.969999313354492,23.950000762939453,23.959999084472656,967.0
2023-03-09 14:04:00,FIBK,32.040000915527344,32.040000915527344,32.040000915527344,31.989999771118164,32.009498596191406,1329.0
2023-03-09 14:04:00,FITB,31.920000076293945,31.920000076293945,31.940000534057617,31.90999984741211,31.93000030517578,11335.0
2023-03-09 14:04:00,FNCB,7.300000190734863,7.300000190734863,7.324999809265137,7.300000190734863,7.300000190734863,512.0
2023-03-09 14:04:00,FOCS,51.599998474121094,51.599998474121094,51.599998474121094,51.59000015258789,51.59000015258789,3928.0
2023-03-09 14:04:00,FRBA,12.800000190734863,12.800000190734863,12.800000190734863,12.800000190734863,12.800000190734863,637.0
2023-03-09 14:04:00,FRHC,72.2699966430664,72.2699966430664,72.30999755859375,72.2699966430664,72.30999755859375,945.0
2023-03-09 14:04:00,FRME,37.34000015258789,37.34000015258789,37.34000015258789,37.28499984741211,37.28499984741211,645.0
2023-03-09 14:04:00,FSBW,33.38999938964844,33.38999938964844,33.38999938964844,33.38999938964844,33.38999938964844,362.0
2023-03-09 14:04:00,FULT,15.649999618530273,15.649999618530273,15.649999618530273,15.630000114440918,15.630000114440918,3556.0
2023-03-09 14:04:00,FUTU,46.119998931884766,46.119998931884766,46.13999938964844,46.099998474121094,46.119998931884766,4302.0
2023-03-09 14:04:00,GBDC,13.345000267028809,13.345000267028809,13.345000267028809,13.34000015258789,13.34000015258789,2159.0
2023-03-09 14:04:00,GCMG,8.375,8.375,8.375,8.375,8.375,217.0
2023-03-09 14:04:00,GGAL,12.734999656677246,12.734999656677246,12.739999771118164,12.729999542236328,12.739999771118164,415.0
2023-03-09 14:04:00,GLAD,9.827500343322754,9.827500343322754,9.827500343322754,9.827500343322754,9.827500343322754,128.0
2023-03-09 14:04:00,GLRE,10.25,10.25,10.25,10.199999809265137,10.199999809265137,4407.0
2023-03-09 14:04:00,GOCO,18.5,18.5,18.649999618530273,18.5,18.639999389648438,3131.0
2023-03-09 14:04:00,GREE,0.41510000824928284,0.41510000824928284,0.41510000824928284,0.41510000824928284,0.41510000824928284,417.0
2023-03-09 14:04:00,GSHD,51.369998931884766,51.369998931884766,51.47999954223633,51.369998931884766,51.47999954223633,712.0
2023-03-09 14:04:00,GXII,10.119999885559082,10.119999885559082,10.119999885559082,10.119999885559082,10.119999885559082,100.0
2023-03-09 14:04:00,HBAN,13.789999961853027,13.789999961853027,13.800000190734863,13.779999732971191,13.779999732971191,25130.0
2023-03-09 14:04:00,HBNC,13.800000190734863,13.800000190734863,13.800000190734863,13.800000190734863,13.800000190734863,538.0
2023-03-09 14:04:00,HFWA,24.479999542236328,24.479999542236328,24.479999542236328,24.450000762939453,24.450000762939453,1335.0
2023-03-09 14:04:00,HMST,22.200000762939453,22.200000762939453,22.200000762939453,22.15999984741211,22.200000762939453,625.0
2023-03-09 14:04:00,HOPE,11.699999809265137,11.699999809265137,11.699999809265137,11.694999694824219,11.694999694824219,293.0
2023-03-09 14:04:00,HRZN,11.749899864196777,11.749899864196777,11.749899864196777,11.749899864196777,11.749899864196777,933.0
2023-03-09 14:04:00,HTBK,10.800000190734863,10.800000190734863,10.8100004196167,10.800000190734863,10.800000190734863,612.0
2023-03-09 14:04:00,HTLF,45.18000030517578,45.18000030517578,45.224998474121094,45.18000030517578,45.224998474121094,479.0
2023-03-09 14:04:00,HUT,1.3209999799728394,1.3209999799728394,1.3274999856948853,1.3200000524520874,1.3209999799728394,144716.0
2023-03-09 14:04:00,HWC,43.779998779296875,43.779998779296875,43.779998779296875,43.779998779296875,43.779998779296875,226.0
2023-03-09 14:04:00,IBKR,87.12999725341797,87.12999725341797,87.22000122070312,87.12999725341797,87.22000122070312,3041.0
2023-03-09 14:04:00,IBOC,44.810001373291016,44.810001373291016,44.810001373291016,44.79999923706055,44.79999923706055,752.0
2023-03-09 14:04:00,IBTX,52.68000030517578,52.68000030517578,52.68000030517578,52.68000030517578,52.68000030517578,399.0
2023-03-09 14:04:00,INDB,71.70999908447266,71.70999908447266,71.81999969482422,71.70999908447266,71.76499938964844,2886.0
2023-03-09 14:04:00,INKA,10.4399995803833,10.4399995803833,10.4399995803833,10.4399995803833,10.4399995803833,1700.0
2023-03-09 14:04:00,INTR,2.0199999809265137,2.0199999809265137,2.0199999809265137,2.0199999809265137,2.0199999809265137,896.0
2023-03-09 14:05:00,ACGL,69.11499786376953,69.11499786376953,69.1500015258789,69.11499786376953,69.1500015258789,1808.0
2023-03-09 14:05:00,ACT,23.8799991607666,23.8799991607666,23.895000457763672,23.8799991607666,23.895000457763672,207.0
2023-03-09 14:05:00,APMI,10.383500099182129,10.383500099182129,10.383500099182129,10.289999961853027,10.289999961853027,680.0
2023-03-09 14:05:00,ARCC,18.72010040283203,18.72010040283203,18.725400924682617,18.719999313354492,18.719999313354492,2486.0
2023-03-09 14:05:00,AROW,28.520000457763672,28.520000457763672,28.520000457763672,28.502099990844727,28.502099990844727,439.0
2023-03-09 14:05:00,ATAKW,0.023099999874830246,0.023099999874830246,0.023099999874830246,0.023099999874830246,0.023099999874830246,56155.0
2023-03-09 14:05:00,AUB,36.59000015258789,36.59000015258789,36.59000015258789,36.564998626708984,36.564998626708984,1376.0
2023-03-09 14:05:00,BANR,57.380001068115234,57.380001068115234,57.380001068115234,57.349998474121094,57.349998474121094,826.0
2023-03-09 14:05:00,BFST,18.569499969482422,18.569499969482422,18.56999969482422,18.549999237060547,18.549999237060547,530.0
2023-03-09 14:05:00,BGCP,4.974999904632568,4.974999904632568,4.980000019073486,4.96999979019165,4.974999904632568,16588.0
2023-03-09 14:05:00,BHF,52.439998626708984,52.439998626708984,52.470001220703125,52.439998626708984,52.470001220703125,922.0
2023-03-09 14:05:00,BITF,0.7376000285148621,0.7376000285148621,0.7376000285148621,0.7376000285148621,0.7376000285148621,1068.0
2023-03-09 14:05:00,BMRC,26.975000381469727,26.975000381469727,26.975000381469727,26.975000381469727,26.975000381469727,171.0
2023-03-09 14:05:00,BOKF,95.80000305175781,95.80000305175781,95.80000305175781,95.55999755859375,95.55999755859375,1911.0
2023-03-09 14:05:00,BPOP,62.369998931884766,62.369998931884766,62.369998931884766,62.32500076293945,62.349998474121094,1241.0
2023-03-09 14:05:00,BRKL,11.539999961853027,11.539999961853027,11.539999961853027,11.539999961853027,11.539999961853027,476.0
2023-03-09 14:05:00,BRP,25.31999969482422,25.31999969482422,25.31999969482422,25.31999969482422,25.31999969482422,323.0
2023-03-09 14:05:00,BSRR,19.31999969482422,19.31999969482422,19.31999969482422,19.31999969482422,19.31999969482422,136.0
2023-03-09 14:05:00,BTBT,1.0800000429153442,1.0800000429153442,1.0800000429153442,1.0800000429153442,1.0800000429153442,228.0
2023-03-09 14:05:00,BUSE,22.559999465942383,22.559999465942383,22.559999465942383,22.559999465942383,22.559999465942383,473.0
2023-03-09 14:05:00,CASH,46.70500183105469,46.70500183105469,46.70500183105469,46.63999938964844,46.70000076293945,896.0
2023-03-09 14:05:00,CATY,38.81999969482422,38.81999969482422,38.83000183105469,38.81999969482422,38.81999969482422,1082.0
2023-03-09 14:05:00,CBSH,62.0099983215332,62.0099983215332,62.0099983215332,61.900001525878906,61.900001525878906,2621.0
2023-03-09 14:05:00,CCB,41.875,41.875,41.875,41.875,41.875,153.0
2023-03-09 14:05:00,CCTS,10.420000076293945,10.420000076293945,10.420000076293945,10.420000076293945,10.420000076293945,366.0
2023-03-09 14:05:00,CFB,12.289999961853027,12.289999961853027,12.289999961853027,12.289999961853027,12.289999961853027,535.0
2023-03-09 14:05:00,CFFN,7.510000228881836,7.510000228881836,7.510000228881836,7.485000133514404,7.485000133514404,6761.0
2023-03-09 14:05:00,CG,33.599998474121094,33.599998474121094,33.61000061035156,33.564998626708984,33.564998626708984,8963.0
2023-03-09 14:05:00,CGBD,14.770000457763672,14.770000457763672,14.795000076293945,14.770000457763672,14.795000076293945,4705.0
2023-03-09 14:05:00,CHI,11.835000038146973,11.835000038146973,11.84000015258789,11.832799911499023,11.832799911499023,2001.0
2023-03-09 14:05:00,CHW,6.000100135803223,6.000100135803223,6.000999927520752,6.000100135803223,6.000999927520752,243.0
2023-03-09 14:05:00,CHY,12.220000267028809,12.220000267028809,12.25,12.220000267028809,12.25,873.0
2023-03-09 14:05:00,CIFR,1.3997999429702759,1.3997999429702759,1.3997999429702759,1.3949999809265137,1.3949999809265137,364.0
2023-03-09 14:05:00,CINF,115.68000030517578,115.68000030517578,115.68000030517578,115.68000030517578,115.68000030517578,312.0
2023-03-09 14:05:00,CIVB,20.764999389648438,20.764999389648438,20.764999389648438,20.764999389648438,20.764999389648438,100.0
2023-03-09 14:05:00,CME,178.13499450683594,178.13499450683594,178.16000366210938,178.10000610351562,178.14999389648438,1587.0
2023-03-09 14:05:00,COLB,25.25,25.25,25.25,25.21500015258789,25.21500015258789,5004.0
2023-03-09 14:05:00,COOP,43.709999084472656,43.709999084472656,43.709999084472656,43.66999816894531,43.66999816894531,1242.0
2023-03-09 14:05:00,CVBF,21.809999465942383,21.809999465942383,21.815000534057617,21.809999465942383,21.815000534057617,1520.0
2023-03-09 14:05:00,DHCA,10.0600004196167,10.0600004196167,10.0600004196167,10.0600004196167,10.0600004196167,2500.0
2023-03-09 14:05:00,EBC,14.489999771118164,14.489999771118164,14.489999771118164,14.470000267028809,14.470000267028809,2916.0
2023-03-09 14:05:00,ECPG,50.444000244140625,50.444000244140625,50.45000076293945,50.40999984741211,50.40999984741211,465.0
2023-03-09 14:05:00,EFSC,51.38999938964844,51.38999938964844,51.38999938964844,51.38999938964844,51.38999938964844,283.0
2023-03-09 14:05:00,EGBN,40.13999938964844,40.13999938964844,40.150001525878906,40.084999084472656,40.084999084472656,441.0
2023-03-09 14:05:00,EHTH,8.5600004196167,8.5600004196167,8.5600004196167,8.5600004196167,8.5600004196167,254.0
2023-03-09 14:05:00,EQBK,28.020000457763672,28.020000457763672,28.020000457763672,28.020000457763672,28.020000457763672,248.0
2023-03-09 14:05:00,EWBC,67.62000274658203,67.62000274658203,67.62000274658203,67.55999755859375,67.55999755859375,2072.0
2023-03-09 14:05:00,FBIZ,33.279998779296875,33.279998779296875,33.279998779296875,33.279998779296875,33.279998779296875,530.0
2023-03-09 14:05:00,FBMS,28.8799991607666,28.8799991607666,28.8799991607666,28.8799991607666,28.8799991607666,1390.0
2023-03-09 14:05:00,FBNC,38.529998779296875,38.529998779296875,38.560001373291016,38.5,38.529998779296875,1542.0
2023-03-09 14:05:00,FCFS,88.44000244140625,88.44000244140625,88.44000244140625,88.44000244140625,88.44000244140625,1132.0
2023-03-09 14:05:00,FCNCA,637.4650268554688,637.4650268554688,637.4650268554688,637.4650268554688,637.4650268554688,1283.0
2023-03-09 14:05:00,FCNCO,21.5,21.5,21.500099182128906,21.5,21.500099182128906,1618.0
2023-03-09 14:05:00,FCRD,4.599999904632568,4.599999904632568,4.599999904632568,4.599999904632568,4.599999904632568,282.0
2023-03-09 14:05:00,FDUS,20.15399932861328,20.15399932861328,20.209999084472656,20.149999618530273,20.149999618530273,1952.0
2023-03-09 14:05:00,FFBC,22.299999237060547,22.299999237060547,22.299999237060547,22.280000686645508,22.280000686645508,919.0
2023-03-09 14:05:00,FFIC,17.260000228881836,17.260000228881836,17.260000228881836,17.229999542236328,17.229999542236328,730.0
2023-03-09 14:05:00,FFIN,33.529998779296875,33.529998779296875,33.529998779296875,33.505001068115234,33.5099983215332,1255.0
2023-03-09 14:05:00,FFWM,12.800000190734863,12.800000190734863,12.800000190734863,12.800000190734863,12.800000190734863,302.0
2023-03-09 14:05:00,FHB,24.010000228881836,24.010000228881836,24.010000228881836,23.950000762939453,23.959999084472656,2019.0
2023-03-09 14:05:00,FIBK,32.09000015258789,32.09000015258789,32.099998474121094,32.02000045776367,32.02009963989258,2088.0
2023-03-09 14:05:00,FISI,23.020000457763672,23.020000457763672,23.020000457763672,23.020000457763672,23.020000457763672,700.0
2023-03-09 14:05:00,FITB,31.950000762939453,31.950000762939453,31.950000762939453,31.905000686645508,31.90999984741211,12583.0
2023-03-09 14:05:00,FLIC,16.139999389648438,16.139999389648438,16.139999389648438,16.139999389648438,16.139999389648438,220.0
2023-03-09 14:05:00,FOCS,51.592498779296875,51.592498779296875,51.592498779296875,51.592498779296875,51.592498779296875,100.0
2023-03-09 14:05:00,FRBK,1.715000033378601,1.715000033378601,1.715000033378601,1.7100000381469727,1.7100000381469727,1157.0
2023-03-09 14:05:00,FULT,15.680000305175781,15.680000305175781,15.680000305175781,15.649999618530273,15.649999618530273,1399.0
2023-03-09 14:05:00,FUTU,46.209999084472656,46.209999084472656,46.209999084472656,46.125,46.125,4242.0
2023-03-09 14:05:00,GABC,35.810001373291016,35.810001373291016,35.810001373291016,35.790000915527344,35.790000915527344,335.0
2023-03-09 14:05:00,GAIN,13.555000305175781,13.555000305175781,13.5600004196167,13.555000305175781,13.5600004196167,891.0
2023-03-09 14:05:00,GBDC,13.329999923706055,13.329999923706055,13.34000015258789,13.329999923706055,13.34000015258789,1479.0
2023-03-09 14:05:00,GCMG,8.380000114440918,8.380000114440918,8.380000114440918,8.380000114440918,8.380000114440918,303.0
2023-03-09 14:05:00,GGAL,12.739999771118164,12.739999771118164,12.759599685668945,12.729999542236328,12.739999771118164,7635.0
2023-03-09 14:05:00,GLAD,9.829999923706055,9.829999923706055,9.850000381469727,9.829999923706055,9.829999923706055,1250.0
2023-03-09 14:05:00,GLRE,10.25,10.25,10.25,10.240099906921387,10.240099906921387,664.0
2023-03-09 14:05:00,GREE,0.41519999504089355,0.41519999504089355,0.4154999852180481,0.41519999504089355,0.4154999852180481,937.0
2023-03-09 14:05:00,GSBC,53.689998626708984,53.689998626708984,53.689998626708984,53.689998626708984,53.689998626708984,346.0
2023-03-09 14:05:00,GSHD,51.40999984741211,51.40999984741211,51.40999984741211,51.40999984741211,51.40999984741211,112.0
2023-03-09 14:05:00,GXII,10.119999885559082,10.119999885559082,10.119999885559082,10.119999885559082,10.119999885559082,10600.0
2023-03-09 14:05:00,HAFC,21.68000030517578,21.68000030517578,21.68000030517578,21.68000030517578,21.68000030517578,745.0
2023-03-09 14:05:00,HBAN,13.8100004196167,13.8100004196167,13.8100004196167,13.78499984741211,13.789999961853027,32650.0
2023-03-09 14:05:00,HBNC,13.8100004196167,13.8100004196167,13.8100004196167,13.780099868774414,13.780099868774414,1350.0
2023-03-09 14:05:00,HFWA,24.489999771118164,24.489999771118164,24.520000457763672,24.489999771118164,24.520000457763672,224.0
2023-03-09 14:05:00,HIVE,2.5,2.5,2.5,2.490000009536743,2.5,57245.0
2023-03-09 14:05:00,HLNE,74.86000061035156,74.86000061035156,74.86000061035156,74.83999633789062,74.83999633789062,530.0
2023-03-09 14:05:00,HMST,22.200000762939453,22.200000762939453,22.200000762939453,22.200000762939453,22.200000762939453,120.0
2023-03-09 14:05:00,HONE,12.59000015258789,12.59000015258789,12.59000015258789,12.579999923706055,12.579999923706055,368.0
2023-03-09 14:05:00,HOPE,11.739999771118164,11.739999771118164,11.739999771118164,11.710000038146973,11.710000038146973,2549.0
2023-03-09 14:05:00,HRZN,11.739999771118164,11.739999771118164,11.739999771118164,11.739999771118164,11.739999771118164,227.0
2023-03-09 14:05:00,HTLF,45.255001068115234,45.255001068115234,45.255001068115234,45.255001068115234,45.255001068115234,326.0
2023-03-09 14:05:00,HUIZ,1.3899999856948853,1.3899999856948853,1.3899999856948853,1.3899999856948853,1.3899999856948853,720.0
2023-03-09 14:05:00,HUT,1.315000057220459,1.315000057220459,1.3214000463485718,1.309999942779541,1.3214000463485718,118528.0
2023-03-09 14:05:00,HWC,43.81999969482422,43.81999969482422,43.84000015258789,43.81999969482422,43.83000183105469,715.0
2023-03-09 14:05:00,HYW,5.360000133514404,5.360000133514404,5.369999885559082,5.349999904632568,5.349999904632568,1222.0
2023-03-09 14:05:00,IBKR,87.16000366210938,87.16000366210938,87.16000366210938,87.06999969482422,87.06999969482422,2306.0
2023-03-09 14:05:00,IBOC,44.83000183105469,44.83000183105469,44.83000183105469,44.82500076293945,44.82630157470703,562.0
2023-03-09 14:06:00,ABCB,42.595001220703125,42.595001220703125,42.595001220703125,42.595001220703125,42.595001220703125,108.0
2023-03-09 14:06:00,ACGL,69.1050033569336,69.1050033569336,69.12999725341797,69.0999984741211,69.125,2979.0
2023-03-09 14:06:00,ACT,23.93000030517578,23.93000030517578,23.93000030517578,23.93000030517578,23.93000030517578,771.0
2023-03-09 14:06:00,APMI,10.449999809265137,10.449999809265137,10.449999809265137,10.279999732971191,10.300000190734863,2658.0
2023-03-09 14:06:00,ARCC,18.725000381469727,18.725000381469727,18.729999542236328,18.72010040283203,18.72249984741211,1401.0
2023-03-09 14:06:00,AUB,36.638999938964844,36.638999938964844,36.638999938964844,36.59000015258789,36.61000061035156,732.0
2023-03-09 14:06:00,BANF,85.76499938964844,85.76499938964844,85.7699966430664,85.58499908447266,85.58499908447266,1238.0
2023-03-09 14:06:00,BANR,57.349998474121094,57.349998474121094,57.40999984741211,57.349998474121094,57.349998474121094,3550.0
2023-03-09 14:06:00,BCML,19.270000457763672,19.270000457763672,19.270000457763672,19.270000457763672,19.270000457763672,100.0
2023-03-09 14:06:00,BGCP,4.974999904632568,4.974999904632568,4.974999904632568,4.974999904632568,4.974999904632568,100.0
2023-03-09 14:06:00,BHF,52.439998626708984,52.439998626708984,52.4900016784668,52.439998626708984,52.4900016784668,1037.0
2023-03-09 14:06:00,BITF,0.7376000285148621,0.7376000285148621,0.7376000285148621,0.7376000285148621,0.7376000285148621,792.0
2023-03-09 14:06:00,BKCC,3.6500000953674316,3.6500000953674316,3.6600000858306885,3.6500000953674316,3.6600000858306885,2200.0
2023-03-09 14:06:00,BLFY,11.350000381469727,11.350000381469727,11.350000381469727,11.34000015258789,11.350000381469727,1112.0
2023-03-09 14:06:00,BPOP,62.439998626708984,62.439998626708984,62.459999084472656,62.439998626708984,62.45000076293945,1007.0
2023-03-09 14:06:00,BRKL,11.574999809265137,11.574999809265137,11.579999923706055,11.5600004196167,11.5600004196167,4212.0
2023-03-09 14:06:00,BRP,25.31999969482422,25.31999969482422,25.31999969482422,25.31999969482422,25.31999969482422,637.0
2023-03-09 14:06:00,BSRR,19.329999923706055,19.329999923706055,19.34000015258789,19.329999923706055,19.329999923706055,627.0
2023-03-09 14:06:00,BTBT,1.0800000429153442,1.0800000429153442,1.0800000429153442,1.0800000429153442,1.0800000429153442,882.0
2023-03-09 14:06:00,BUSE,22.592500686645508,22.592500686645508,22.600000381469727,22.592500686645508,22.600000381469727,380.0
2023-03-09 14:06:00,BWFG,27.975000381469727,27.975000381469727,27.975000381469727,27.969999313354492,27.969999313354492,699.0
2023-03-09 14:06:00,CASH,46.68000030517578,46.68000030517578,46.720001220703125,46.68000030517578,46.70000076293945,1683.0
2023-03-09 14:06:00,CBSH,62.04999923706055,62.04999923706055,62.060001373291016,62.04999923706055,62.060001373291016,649.0
2023-03-09 14:06:00,CCNE,22.600000381469727,22.600000381469727,22.600000381469727,22.600000381469727,22.600000381469727,932.0
2023-03-09 14:06:00,CFFN,7.519999980926514,7.519999980926514,7.519999980926514,7.510000228881836,7.510000228881836,1451.0
2023-03-09 14:06:00,CG,33.63990020751953,33.63990020751953,33.63999938964844,33.597999572753906,33.597999572753906,8549.0
2023-03-09 14:06:00,CGBD,14.770000457763672,14.770000457763672,14.779999732971191,14.760000228881836,14.760000228881836,2931.0
2023-03-09 14:06:00,CHCO,91.36000061035156,91.36000061035156,91.36000061035156,91.36000061035156,91.36000061035156,207.0
2023-03-09 14:06:00,CHY,12.220000267028809,12.220000267028809,12.220000267028809,12.220000267028809,12.220000267028809,200.0
2023-03-09 14:06:00,CIFR,1.3910000324249268,1.3910000324249268,1.3910000324249268,1.3910000324249268,1.3910000324249268,3188.0
2023-03-09 14:06:00,CINF,115.693603515625,115.693603515625,115.693603515625,115.693603515625,115.693603515625,129.0
2023-03-09 14:06:00,CME,178.0,178.0,178.10000610351562,177.99000549316406,178.10000610351562,2407.0
2023-03-09 14:06:00,CNOB,21.815000534057617,21.815000534057617,21.815000534057617,21.75,21.75,2276.0
2023-03-09 14:06:00,COFS,28.204999923706055,28.204999923706055,28.204999923706055,28.204999923706055,28.204999923706055,222.0
2023-03-09 14:06:00,COLB,25.260000228881836,25.260000228881836,25.270000457763672,25.2450008392334,25.2450008392334,5768.0
2023-03-09 14:06:00,CVBF,21.850000381469727,21.850000381469727,21.850000381469727,21.850000381469727,21.850000381469727,507.0
2023-03-09 14:06:00,DPCSU,10.399999618530273,10.399999618530273,10.399999618530273,10.399999618530273,10.399999618530273,150.0
2023-03-09 14:06:00,EBC,14.494999885559082,14.494999885559082,14.494999885559082,14.489999771118164,14.489999771118164,416.0
2023-03-09 14:06:00,EFSC,51.43000030517578,51.43000030517578,51.43000030517578,51.43000030517578,51.43000030517578,148.0
2023-03-09 14:06:00,EGBN,40.22999954223633,40.22999954223633,40.22999954223633,40.20000076293945,40.20000076293945,1328.0
2023-03-09 14:06:00,EWBC,67.77999877929688,67.77999877929688,67.77999877929688,67.68000030517578,67.68000030517578,3651.0
2023-03-09 14:06:00,EZPW,8.78499984741211,8.78499984741211,8.78499984741211,8.78499984741211,8.78499984741211,201.0
2023-03-09 14:06:00,FBMS,28.93000030517578,28.93000030517578,28.93000030517578,28.93000030517578,28.93000030517578,467.0
2023-03-09 14:06:00,FBNC,38.65999984741211,38.65999984741211,38.65999984741211,38.58000183105469,38.58000183105469,1134.0
2023-03-09 14:06:00,FCBC,28.270000457763672,28.270000457763672,28.270000457763672,28.25,28.25,666.0
2023-03-09 14:06:00,FCFS,88.6500015258789,88.6500015258789,88.66999816894531,88.58000183105469,88.58000183105469,2990.0
2023-03-09 14:06:00,FCNCA,639.1099853515625,639.1099853515625,639.6099853515625,638.8400268554688,638.8400268554688,1116.0
2023-03-09 14:06:00,FCRD,4.599999904632568,4.599999904632568,4.599999904632568,4.599999904632568,4.599999904632568,100.0
2023-03-09 14:06:00,FDUS,20.219999313354492,20.219999313354492,20.219999313354492,20.219999313354492,20.219999313354492,200.0
2023-03-09 14:06:00,FFBC,22.329999923706055,22.329999923706055,22.329999923706055,22.31999969482422,22.31999969482422,511.0
2023-03-09 14:06:00,FFIC,17.270000457763672,17.270000457763672,17.270000457763672,17.270000457763672,17.270000457763672,329.0
2023-03-09 14:06:00,FFIN,33.560001373291016,33.560001373291016,33.560001373291016,33.54999923706055,33.54999923706055,617.0
2023-03-09 14:06:00,FFWM,12.824999809265137,12.824999809265137,12.824999809265137,12.824999809265137,12.824999809265137,1977.0
2023-03-09 14:06:00,FHB,24.030000686645508,24.030000686645508,24.030000686645508,24.020000457763672,24.020000457763672,976.0
2023-03-09 14:06:00,FIBK,32.09000015258789,32.09000015258789,32.119998931884766,32.09000015258789,32.095001220703125,1834.0
2023-03-09 14:06:00,FITB,31.954999923706055,31.954999923706055,31.969999313354492,31.941600799560547,31.941600799560547,5436.0
2023-03-09 14:06:00,FLIC,16.149999618530273,16.149999618530273,16.149999618530273,16.139799118041992,16.139799118041992,890.0
2023-03-09 14:06:00,FMIV,10.120100021362305,10.120100021362305,10.145000457763672,10.120100021362305,10.120100021362305,600.0
2023-03-09 14:06:00,FMNB,13.170000076293945,13.170000076293945,13.170000076293945,13.170000076293945,13.170000076293945,836.0
2023-03-09 14:06:00,FOCS,51.595001220703125,51.595001220703125,51.599998474121094,51.59000015258789,51.595001220703125,1656.0
2023-03-09 14:06:00,FRME,37.347198486328125,37.347198486328125,37.400001525878906,37.34000015258789,37.400001525878906,2729.0
2023-03-09 14:06:00,FSBC,25.5,25.5,25.520000457763672,25.5,25.520000457763672,672.0
2023-03-09 14:06:00,FULT,15.6899995803833,15.6899995803833,15.699999809265137,15.670000076293945,15.670000076293945,2027.0
2023-03-09 14:06:00,GABC,35.849998474121094,35.849998474121094,35.849998474121094,35.849998474121094,35.849998474121094,314.0
2023-03-09 14:06:00,GBDC,13.335000038146973,13.335000038146973,13.335000038146973,13.335000038146973,13.335000038146973,563.0
2023-03-09 14:06:00,GCMG,8.380000114440918,8.380000114440918,8.380000114440918,8.380000114440918,8.380000114440918,101.0
2023-03-09 14:06:00,GGAL,12.739999771118164,12.739999771118164,12.739999771118164,12.734999656677246,12.734999656677246,439.0
2023-03-09 14:06:00,GREE,0.41519999504089355,0.41519999504089355,0.41519999504089355,0.41519999504089355,0.41519999504089355,383.0
2023-03-09 14:06:00,GSHD,51.41999816894531,51.41999816894531,51.41999816894531,51.41999816894531,51.41999816894531,138.0
2023-03-09 14:06:00,HAFC,21.700000762939453,21.700000762939453,21.700000762939453,21.700000762939453,21.700000762939453,112.0
2023-03-09 14:06:00,HBAN,13.8149995803833,13.8149995803833,13.819999694824219,13.805000305175781,13.805000305175781,38721.0
2023-03-09 14:06:00,HBNC,13.819999694824219,13.819999694824219,13.819999694824219,13.819999694824219,13.819999694824219,400.0
2023-03-09 14:06:00,HBT,22.020000457763672,22.020000457763672,22.049999237060547,22.020000457763672,22.049999237060547,599.0
2023-03-09 14:06:00,HFWA,24.524999618530273,24.524999618530273,24.524999618530273,24.524999618530273,24.524999618530273,124.0
2023-03-09 14:06:00,HIVE,2.5000998973846436,2.5000998973846436,2.5000998973846436,2.5,2.5,3926.0
2023-03-09 14:06:00,HMST,22.34000015258789,22.34000015258789,22.415000915527344,22.25,22.260000228881836,6188.0
2023-03-09 14:06:00,HONE,12.609999656677246,12.609999656677246,12.609999656677246,12.609999656677246,12.609999656677246,1926.0
2023-03-09 14:06:00,HOPE,11.739999771118164,11.739999771118164,11.739999771118164,11.739999771118164,11.739999771118164,477.0
2023-03-09 14:06:00,HTBI,27.709999084472656,27.709999084472656,27.709999084472656,27.709999084472656,27.709999084472656,345.0
2023-03-09 14:06:00,HTBK,10.850000381469727,10.850000381469727,10.850000381469727,10.819999694824219,10.819999694824219,3872.0
2023-03-09 14:06:00,HUT,1.3114999532699585,1.3114999532699585,1.3114999532699585,1.3114999532699585,1.3114999532699585,40120.0
2023-03-09 14:06:00,HWC,43.91999816894531,43.91999816894531,43.91999816894531,43.900001525878906,43.900001525878906,683.0
2023-03-09 14:06:00,IBCP,20.510000228881836,20.510000228881836,20.510000228881836,20.510000228881836,20.510000228881836,309.0
2023-03-09 14:06:00,IBKR,87.17500305175781,87.17500305175781,87.17500305175781,87.17410278320312,87.17410278320312,608.0
2023-03-09 14:06:00,INDB,71.80500030517578,71.80500030517578,71.81999969482422,71.80000305175781,71.80000305175781,745.0
2023-03-09 14:07:00,ABCB,42.58470153808594,42.58470153808594,42.63589859008789,42.58470153808594,42.599998474121094,2264.0
2023-03-09 14:07:00,ACGL,69.0999984741211,69.0999984741211,69.10910034179688,69.0999984741211,69.10910034179688,1533.0
2023-03-09 14:07:00,ACGLN,18.739999771118164,18.739999771118164,18.739999771118164,18.729999542236328,18.739999771118164,3298.0
2023-03-09 14:07:00,AGBA,2.1500000953674316,2.1500000953674316,2.1500000953674316,2.1500000953674316,2.1500000953674316,652.0
2023-03-09 14:07:00,AMAL,21.100000381469727,21.100000381469727,21.100000381469727,21.100000381469727,21.100000381469727,597.0
2023-03-09 14:07:00,AMSF,51.584800720214844,51.584800720214844,51.584800720214844,51.584800720214844,51.584800720214844,450.0
2023-03-09 14:07:00,ANZU,9.9399995803833,9.9399995803833,9.9399995803833,9.9399995803833,9.9399995803833,669.0
2023-03-09 14:07:00,APMI,10.300000190734863,10.300000190734863,10.38010025024414,10.300000190734863,10.380000114440918,9092.0
2023-03-09 14:07:00,ARCC,18.725000381469727,18.725000381469727,18.729999542236328,18.722400665283203,18.729999542236328,6722.0
2023-03-09 14:07:00,ASRV,3.950000047683716,3.950000047683716,3.950000047683716,3.950000047683716,3.950000047683716,732.0
2023-03-09 14:07:00,AUB,36.6875,36.6875,36.720001220703125,36.63999938964844,36.63999938964844,1490.0
2023-03-09 14:07:00,BANF,85.77259826660156,85.77259826660156,86.06999969482422,85.69999694824219,85.69999694824219,1383.0
2023-03-09 14:07:00,BANR,57.54499816894531,57.54499816894531,57.54999923706055,57.349998474121094,57.349998474121094,3908.0
2023-03-09 14:07:00,BCML,19.25,19.25,19.25,19.25,19.25,106.0
2023-03-09 14:07:00,BFST,18.583599090576172,18.583599090576172,18.583599090576172,18.583599090576172,18.583599090576172,398.0
2023-03-09 14:07:00,BGCP,4.974999904632568,4.974999904632568,4.974999904632568,4.974999904632568,4.974999904632568,312.0
2023-03-09 14:07:00,BHF,52.41999816894531,52.41999816894531,52.41999816894531,52.41999816894531,52.41999816894531,264.0
2023-03-09 14:07:00,BITF,0.7376000285148621,0.7376000285148621,0.7376000285148621,0.737500011920929,0.737500011920929,3059.0
2023-03-09 14:07:00,BKCC,3.6500000953674316,3.6500000953674316,3.6500000953674316,3.6500000953674316,3.6500000953674316,134.0
2023-03-09 14:07:00,BLFY,11.369999885559082,11.369999885559082,11.369999885559082,11.369999885559082,11.369999885559082,151.0
2023-03-09 14:07:00,BMRC,26.920000076293945,26.920000076293945,26.979999542236328,26.920000076293945,26.966899871826172,759.0
2023-03-09 14:07:00,BPOP,62.599998474121094,62.599998474121094,62.599998474121094,62.5,62.5,1645.0
2023-03-09 14:07:00,BRKL,11.585000038146973,11.585000038146973,11.585000038146973,11.570099830627441,11.570099830627441,3480.0
2023-03-09 14:07:00,BTBT,1.0800000429153442,1.0800000429153442,1.0801000595092773,1.0800000429153442,1.0800000429153442,5375.0
2023-03-09 14:07:00,BUSE,22.59000015258789,22.59000015258789,22.6200008392334,22.59000015258789,22.6200008392334,335.0
2023-03-09 14:07:00,BWFG,28.1200008392334,28.1200008392334,28.1200008392334,28.1200008392334,28.1200008392334,313.0
2023-03-09 14:07:00,CASH,46.79999923706055,46.79999923706055,46.79999923706055,46.63999938964844,46.63999938964844,4195.0
2023-03-09 14:07:00,CATY,38.880001068115234,38.880001068115234,38.880001068115234,38.880001068115234,38.880001068115234,295.0
2023-03-09 14:07:00,CBSH,62.11000061035156,62.11000061035156,62.11000061035156,62.060001373291016,62.060001373291016,474.0
2023-03-09 14:07:00,CCB,41.95000076293945,41.95000076293945,41.970001220703125,41.93000030517578,41.95000076293945,1326.0
2023-03-09 14:07:00,CCD,22.954200744628906,22.954200744628906,22.954200744628906,22.954200744628906,22.954200744628906,189.0
2023-03-09 14:07:00,CCNE,22.621999740600586,22.621999740600586,22.621999740600586,22.621999740600586,22.621999740600586,266.0
2023-03-09 14:07:00,CFFN,7.519999980926514,7.519999980926514,7.519999980926514,7.514999866485596,7.517899990081787,4633.0
2023-03-09 14:07:00,CG,33.66999816894531,33.66999816894531,33.70000076293945,33.630001068115234,33.630001068115234,10996.0
2023-03-09 14:07:00,CGBD,14.789999961853027,14.789999961853027,14.789999961853027,14.779999732971191,14.779999732971191,750.0
2023-03-09 14:07:00,CHCO,91.39630126953125,91.39630126953125,91.4000015258789,91.39630126953125,91.4000015258789,1146.0
2023-03-09 14:07:00,CHY,12.229999542236328,12.229999542236328,12.229999542236328,12.220000267028809,12.220000267028809,203.0
2023-03-09 14:07:00,CINF,115.65499877929688,115.65499877929688,115.65499877929688,115.65499877929688,115.65499877929688,332.0
2023-03-09 14:07:00,CME,178.16000366210938,178.16000366210938,178.16000366210938,178.1300048828125,178.1300048828125,623.0
2023-03-09 14:07:00,COLB,25.295000076293945,25.295000076293945,25.295700073242188,25.260000228881836,25.260000228881836,4215.0
2023-03-09 14:07:00,COOP,43.775001525878906,43.775001525878906,43.775001525878906,43.775001525878906,43.775001525878906,1053.0
2023-03-09 14:07:00,CRVL,179.2100067138672,179.2100067138672,179.2100067138672,178.97850036621094,178.97850036621094,254.0
2023-03-09 14:07:00,CSQ,13.85569953918457,13.85569953918457,13.85569953918457,13.85569953918457,13.85569953918457,1000.0
2023-03-09 14:07:00,CTBI,40.47999954223633,40.47999954223633,40.47999954223633,40.47999954223633,40.47999954223633,895.0
2023-03-09 14:07:00,CVBF,21.850000381469727,21.850000381469727,21.875,21.850000381469727,21.860000610351562,6302.0
2023-03-09 14:07:00,DCOM,29.309999465942383,29.309999465942383,29.309999465942383,29.207500457763672,29.25,1827.0
2023-03-09 14:07:00,EBC,14.510000228881836,14.510000228881836,14.510000228881836,14.505000114440918,14.508899688720703,921.0
2023-03-09 14:07:00,ECBK,14.979999542236328,14.979999542236328,14.979999542236328,14.979999542236328,14.979999542236328,101.0
2023-03-09 14:07:00,ECPG,50.43000030517578,50.43000030517578,50.505001068115234,50.380001068115234,50.380001068115234,4585.0
2023-03-09 14:07:00,EGBN,40.18000030517578,40.18000030517578,40.22999954223633,40.18000030517578,40.22999954223633,1638.0
2023-03-09 14:07:00,EQBK,28.0575008392334,28.0575008392334,28.09000015258789,28.0575008392334,28.06999969482422,865.0
2023-03-09 14:07:00,ESSA,18.709999084472656,18.709999084472656,18.709999084472656,18.68000030517578,18.68000030517578,633.0
2023-03-09 14:07:00,EWBC,67.9000015258789,67.9000015258789,67.91000366210938,67.80259704589844,67.80259704589844,7192.0
2023-03-09 14:07:00,EZPW,8.78499984741211,8.78499984741211,8.78499984741211,8.784000396728516,8.784000396728516,596.0
2023-03-09 14:07:00,FBIZ,33.380001068115234,33.380001068115234,33.380001068115234,33.36000061035156,33.36000061035156,1158.0
2023-03-09 14:07:00,FBNC,38.62519836425781,38.62519836425781,38.645198822021484,38.62519836425781,38.645198822021484,1229.0
2023-03-09 14:07:00,FCFS,88.6500015258789,88.6500015258789,88.6500015258789,88.6500015258789,88.6500015258789,193.0
2023-03-09 14:07:00,FCNCA,640.3900146484375,640.3900146484375,640.3900146484375,640.239990234375,640.239990234375,703.0
2023-03-09 14:07:00,FCRD,4.599999904632568,4.599999904632568,4.599999904632568,4.599999904632568,4.599999904632568,200.0
2023-03-09 14:07:00,FFBC,22.340099334716797,22.340099334716797,22.354999542236328,22.33329963684082,22.34000015258789,6081.0
2023-03-09 14:07:00,FFIC,17.290000915527344,17.290000915527344,17.290000915527344,17.290000915527344,17.290000915527344,337.0
2023-03-09 14:07:00,FFIN,33.56999969482422,33.56999969482422,33.56999969482422,33.56999969482422,33.56999969482422,324.0
2023-03-09 14:07:00,FFWM,12.850600242614746,12.850600242614746,12.850600242614746,12.835000038146973,12.84000015258789,1143.0
2023-03-09 14:07:00,FHB,24.030000686645508,24.030000686645508,24.040000915527344,24.030000686645508,24.039899826049805,5148.0
2023-03-09 14:07:00,FIBK,32.08000183105469,32.08000183105469,32.11000061035156,32.08000183105469,32.095001220703125,1646.0
2023-03-09 14:07:00,FITB,31.9950008392334,31.9950008392334,31.9950008392334,31.969999313354492,31.969999313354492,10078.0
2023-03-09 14:07:00,FLIC,16.170000076293945,16.170000076293945,16.170000076293945,16.16360092163086,16.16360092163086,638.0
2023-03-09 14:07:00,FMNB,13.190500259399414,13.190500259399414,13.199999809265137,13.190500259399414,13.199999809265137,588.0
2023-03-09 14:07:00,FOCS,51.595001220703125,51.595001220703125,51.599998474121094,51.595001220703125,51.599998474121094,796.0
2023-03-09 14:07:00,FRME,37.40999984741211,37.40999984741211,37.40999984741211,37.40999984741211,37.40999984741211,414.0
2023-03-09 14:07:00,FULT,15.6899995803833,15.6899995803833,15.6899995803833,15.680000305175781,15.6850004196167,2977.0
2023-03-09 14:07:00,FUTU,46.2400016784668,46.2400016784668,46.2599983215332,46.2400016784668,46.244998931884766,793.0
2023-03-09 14:07:00,GAIN,13.550000190734863,13.550000190734863,13.550000190734863,13.550000190734863,13.550000190734863,100.0
2023-03-09 14:07:00,GCMG,8.385000228881836,8.385000228881836,8.390000343322754,8.385000228881836,8.390000343322754,202.0
2023-03-09 14:07:00,GGAL,12.729999542236328,12.729999542236328,12.729999542236328,12.729999542236328,12.729999542236328,204.0
2023-03-09 14:07:00,GOCO,18.44499969482422,18.44499969482422,18.44499969482422,18.44499969482422,18.44499969482422,659.0
2023-03-09 14:07:00,GREE,0.41519999504089355,0.41519999504089355,0.41519999504089355,0.4146000146865845,0.41510000824928284,10930.0
2023-03-09 14:07:00,GSHD,51.40999984741211,51.40999984741211,51.40999984741211,51.369998931884766,51.369998931884766,232.0
2023-03-09 14:07:00,HAFC,21.735000610351562,21.735000610351562,21.75,21.705699920654297,21.705699920654297,2263.0
2023-03-09 14:07:00,HBAN,13.829999923706055,13.829999923706055,13.829999923706055,13.8149995803833,13.8149995803833,22184.0
2023-03-09 14:07:00,HBNC,13.829999923706055,13.829999923706055,13.847299575805664,13.829999923706055,13.847299575805664,910.0
2023-03-09 14:07:00,HFWA,24.559999465942383,24.559999465942383,24.559999465942383,24.495899200439453,24.495899200439453,1758.0
2023-03-09 14:07:00,HIVE,2.490000009536743,2.490000009536743,2.494999885559082,2.4800000190734863,2.490000009536743,22272.0
2023-03-09 14:07:00,HMST,22.274999618530273,22.274999618530273,22.274999618530273,22.274999618530273,22.274999618530273,1281.0
2023-03-09 14:07:00,HONE,12.607500076293945,12.607500076293945,12.607500076293945,12.600000381469727,12.600000381469727,423.0
2023-03-09 14:07:00,HOPE,11.744999885559082,11.744999885559082,11.755000114440918,11.744999885559082,11.749899864196777,5427.0
2023-03-09 14:07:00,HRZN,11.729999542236328,11.729999542236328,11.743599891662598,11.729999542236328,11.743599891662598,1033.0
2023-03-09 14:07:00,HTBK,10.850000381469727,10.850000381469727,10.850000381469727,10.850000381469727,10.850000381469727,151.0
2023-03-09 14:07:00,HUT,1.3172999620437622,1.3172999620437622,1.3200000524520874,1.309999942779541,1.315000057220459,6583.0
2023-03-09 14:07:00,HWC,43.91999816894531,43.91999816894531,43.91999816894531,43.91999816894531,43.91999816894531,383.0
2023-03-09 14:07:00,HYW,5.409999847412109,5.409999847412109,5.409999847412109,5.320000171661377,5.3394999504089355,2100.0
2023-03-09 14:07:00,IBKR,87.26000213623047,87.26000213623047,87.26000213623047,87.20999908447266,87.20999908447266,1949.0
2023-03-09 14:07:00,IBTX,52.86000061035156,52.86000061035156,52.86000061035156,52.810001373291016,52.810001373291016,1871.0
2023-03-09 14:07:00,INDB,71.77999877929688,71.77999877929688,71.77999877929688,71.77999877929688,71.77999877929688,1054.0
2023-03-09 14:08:00,ABCB,42.650001525878906,42.650001525878906,42.650001525878906,42.63999938964844,42.650001525878906,980.0
2023-03-09 14:08:00,ACGL,69.08000183105469,69.08000183105469,69.0999984741211,69.06009674072266,69.0999984741211,2979.0
2023-03-09 14:08:00,ACT,23.940000534057617,23.940000534057617,23.940000534057617,23.940000534057617,23.940000534057617,144.0
2023-03-09 14:08:00,AMNB,31.514999389648438,31.514999389648438,31.514999389648438,31.514999389648438,31.514999389648438,633.0
2023-03-09 14:08:00,APMI,10.300000190734863,10.300000190734863,10.300000190734863,10.300000190734863,10.300000190734863,200.0
2023-03-09 14:08:00,ARCC,18.725000381469727,18.725000381469727,18.72800064086914,18.719999313354492,18.719999313354492,2783.0
2023-03-09 14:08:00,AUB,36.685001373291016,36.685001373291016,36.720001220703125,36.66999816894531,36.689998626708984,1676.0
2023-03-09 14:08:00,BANF,85.8324966430664,85.8324966430664,85.8324966430664,85.80000305175781,85.80000305175781,816.0
2023-03-09 14:08:00,BGCP,4.974999904632568,4.974999904632568,4.980000019073486,4.96999979019165,4.96999979019165,3173.0
2023-03-09 14:08:00,BHFAN,18.799999237060547,18.799999237060547,18.799999237060547,18.799999237060547,18.799999237060547,200.0
2023-03-09 14:08:00,BITF,0.7376000285148621,0.7376000285148621,0.7376000285148621,0.7376000285148621,0.7376000285148621,369.0
2023-03-09 14:08:00,BMRC,26.940000534057617,26.940000534057617,27.040000915527344,26.940000534057617,27.010000228881836,827.0
2023-03-09 14:08:00,BPOP,62.54999923706055,62.54999923706055,62.599998474121094,62.54999923706055,62.599998474121094,902.0
2023-03-09 14:08:00,BRKL,11.569999694824219,11.569999694824219,11.579999923706055,11.569999694824219,11.579999923706055,4093.0
2023-03-09 14:08:00,BTBT,1.0800000429153442,1.0800000429153442,1.0800000429153442,1.0800000429153442,1.0800000429153442,673.0
2023-03-09 14:08:00,CACC,431.67999267578125,431.67999267578125,431.67999267578125,431.67999267578125,431.67999267578125,803.0
2023-03-09 14:08:00,CASH,46.689998626708984,46.689998626708984,46.70000076293945,46.689998626708984,46.70000076293945,699.0
2023-03-09 14:08:00,CATY,38.880001068115234,38.880001068115234,38.880001068115234,38.880001068115234,38.880001068115234,668.0
2023-03-09 14:08:00,CBSH,62.005001068115234,62.005001068115234,62.11000061035156,61.9900016784668,62.11000061035156,3835.0
2023-03-09 14:08:00,CCAP,14.904199600219727,14.904199600219727,14.904199600219727,14.904199600219727,14.904199600219727,515.0
2023-03-09 14:08:00,CFB,12.3100004196167,12.3100004196167,12.3100004196167,12.3100004196167,12.3100004196167,1164.0
2023-03-09 14:08:00,CFFN,7.514999866485596,7.514999866485596,7.519999980926514,7.514999866485596,7.519999980926514,622.0
2023-03-09 14:08:00,CG,33.68000030517578,33.68000030517578,33.68000030517578,33.650001525878906,33.65999984741211,4349.0
2023-03-09 14:08:00,CGBD,14.800000190734863,14.800000190734863,14.800000190734863,14.800000190734863,14.800000190734863,499.0
2023-03-09 14:08:00,CHCO,91.38999938964844,91.38999938964844,91.38999938964844,91.38999938964844,91.38999938964844,148.0
2023-03-09 14:08:00,CHY,12.220000267028809,12.220000267028809,12.220000267028809,12.220000267028809,12.220000267028809,200.0
2023-03-09 14:08:00,CIFR,1.3949999809265137,1.3949999809265137,1.399999976158142,1.3949999809265137,1.3949999809265137,762.0
2023-03-09 14:08:00,CINF,115.67250061035156,115.67250061035156,115.7300033569336,115.63999938964844,115.7300033569336,1997.0
2023-03-09 14:08:00,CME,178.1699981689453,178.1699981689453,178.1699981689453,178.1300048828125,178.1300048828125,717.0
2023-03-09 14:08:00,CNOB,21.920000076293945,21.920000076293945,21.920000076293945,21.920000076293945,21.920000076293945,115.0
2023-03-09 14:08:00,COLB,25.260000228881836,25.260000228881836,25.309999465942383,25.260000228881836,25.299999237060547,5816.0
2023-03-09 14:08:00,COOP,43.817501068115234,43.817501068115234,43.86000061035156,43.814998626708984,43.814998626708984,927.0
2023-03-09 14:08:00,CSQ,13.850600242614746,13.850600242614746,13.859999656677246,13.850000381469727,13.859999656677246,4291.0
2023-03-09 14:08:00,CSWC,18.227500915527344,18.227500915527344,18.229999542236328,18.227500915527344,18.229999542236328,681.0
2023-03-09 14:08:00,CVBF,21.84000015258789,21.84000015258789,21.850000381469727,21.84000015258789,21.850000381469727,706.0
2023-03-09 14:08:00,EBC,14.510000228881836,14.510000228881836,14.510000228881836,14.510000228881836,14.510000228881836,575.0
2023-03-09 14:08:00,EFSC,51.470001220703125,51.470001220703125,51.470001220703125,51.470001220703125,51.470001220703125,250.0
2023-03-09 14:08:00,EHTH,8.579999923706055,8.579999923706055,8.579999923706055,8.569999694824219,8.579999923706055,1140.0
2023-03-09 14:08:00,ESSA,18.770000457763672,18.770000457763672,18.770000457763672,18.709999084472656,18.709999084472656,787.0
2023-03-09 14:08:00,EWBC,67.81999969482422,67.81999969482422,67.95500183105469,67.80500030517578,67.93000030517578,4435.0
2023-03-09 14:08:00,EZPW,8.78499984741211,8.78499984741211,8.78499984741211,8.78499984741211,8.78499984741211,205.0
2023-03-09 14:08:00,FCFS,88.61000061035156,88.61000061035156,88.61000061035156,88.61000061035156,88.61000061035156,138.0
2023-03-09 14:08:00,FCNCO,21.679899215698242,21.679899215698242,21.679899215698242,21.65999984741211,21.65999984741211,8947.0
2023-03-09 14:08:00,FCRD,4.599999904632568,4.599999904632568,4.599999904632568,4.599999904632568,4.599999904632568,200.0
2023-03-09 14:08:00,FFIC,17.280000686645508,17.280000686645508,17.280000686645508,17.280000686645508,17.280000686645508,815.0
2023-03-09 14:08:00,FFIN,33.61000061035156,33.61000061035156,33.61000061035156,33.61000061035156,33.61000061035156,240.0
2023-03-09 14:08:00,FFWM,12.869999885559082,12.869999885559082,12.869999885559082,12.859999656677246,12.859999656677246,1464.0
2023-03-09 14:08:00,FIBK,32.06999969482422,32.06999969482422,32.06999969482422,32.06999969482422,32.06999969482422,343.0
2023-03-09 14:08:00,FINW,9.020000457763672,9.020000457763672,9.020000457763672,9.020000457763672,9.020000457763672,298.0
2023-03-09 14:08:00,FITB,32.0,32.0,32.005001068115234,31.987600326538086,32.0,12189.0
2023-03-09 14:08:00,FLIC,16.163000106811523,16.163000106811523,16.163000106811523,16.163000106811523,16.163000106811523,416.0
2023-03-09 14:08:00,FNCB,7.300000190734863,7.300000190734863,7.300000190734863,7.300000190734863,7.300000190734863,310.0
2023-03-09 14:08:00,FOCS,51.599998474121094,51.599998474121094,51.599998474121094,51.592498779296875,51.592498779296875,1234.0
2023-03-09 14:08:00,FULT,15.680000305175781,15.680000305175781,15.6899995803833,15.680000305175781,15.6899995803833,832.0
2023-03-09 14:08:00,FUTU,46.20000076293945,46.20000076293945,46.220001220703125,46.18000030517578,46.220001220703125,2285.0
2023-03-09 14:08:00,GABC,35.720001220703125,35.720001220703125,35.79999923706055,35.720001220703125,35.79999923706055,1365.0
2023-03-09 14:08:00,GAIN,13.5600004196167,13.5600004196167,13.5600004196167,13.5600004196167,13.5600004196167,573.0
2023-03-09 14:08:00,GCMG,8.390000343322754,8.390000343322754,8.390000343322754,8.380800247192383,8.380800247192383,543.0
2023-03-09 14:08:00,GLAD,9.857500076293945,9.857500076293945,9.857500076293945,9.857500076293945,9.857500076293945,187.0
2023-03-09 14:08:00,GREE,0.41519999504089355,0.41519999504089355,0.41519999504089355,0.41519999504089355,0.41519999504089355,300.0
2023-03-09 14:08:00,GSHD,51.36000061035156,51.36000061035156,51.40999984741211,51.36000061035156,51.40999984741211,1656.0
2023-03-09 14:08:00,HBAN,13.829999923706055,13.829999923706055,13.829999923706055,13.819999694824219,13.829999923706055,15889.0
2023-03-09 14:08:00,HFWA,24.530000686645508,24.530000686645508,24.530000686645508,24.530000686645508,24.530000686645508,398.0
2023-03-09 14:08:00,HIFS,257.0,257.0,257.0,257.0,257.0,311.0
2023-03-09 14:08:00,HIVE,2.4800000190734863,2.4800000190734863,2.490000009536743,2.4800000190734863,2.490000009536743,15429.0
2023-03-09 14:08:00,HMST,22.389999389648438,22.389999389648438,22.389999389648438,22.31999969482422,22.31999969482422,347.0
2023-03-09 14:08:00,HOPE,11.75,11.75,11.75,11.75,11.75,315.0
2023-03-09 14:08:00,HRZN,11.725000381469727,11.725000381469727,11.725000381469727,11.725000381469727,11.725000381469727,768.0
2023-03-09 14:08:00,HTBK,10.850000381469727,10.850000381469727,10.850000381469727,10.850000381469727,10.850000381469727,538.0
2023-03-09 14:08:00,HUT,1.3184000253677368,1.3184000253677368,1.3184000253677368,1.309999942779541,1.3100999593734741,4003.0
2023-03-09 14:08:00,HWC,43.88999938964844,43.88999938964844,43.88999938964844,43.88999938964844,43.88999938964844,1046.0
2023-03-09 14:08:00,HYW,5.449999809265137,5.449999809265137,5.449999809265137,5.420000076293945,5.420000076293945,4471.0
2023-03-09 14:08:00,IBKR,87.21499633789062,87.21499633789062,87.22000122070312,87.20999908447266,87.20999908447266,2603.0
2023-03-09 14:08:00,INBK,23.3799991607666,23.3799991607666,23.3799991607666,23.184999465942383,23.184999465942383,886.0
2023-03-09 14:08:00,INDB,71.83000183105469,71.83000183105469,71.83999633789062,71.80000305175781,71.83999633789062,896.0
2023-03-09 14:09:00,ABCB,42.625,42.625,42.625,42.619998931884766,42.619998931884766,1104.0
2023-03-09 14:09:00,ACGL,69.08999633789062,69.08999633789062,69.11000061035156,69.08000183105469,69.08000183105469,1707.0
2023-03-09 14:09:00,APLD,2.075000047683716,2.075000047683716,2.075000047683716,2.075000047683716,2.075000047683716,399.0
2023-03-09 14:09:00,ARCC,18.729000091552734,18.729000091552734,18.729999542236328,18.723100662231445,18.725000381469727,2820.0
2023-03-09 14:09:00,AUB,36.66999816894531,36.66999816894531,36.720001220703125,36.66999816894531,36.70000076293945,4871.0
2023-03-09 14:09:00,BANF,85.80000305175781,85.80000305175781,85.80000305175781,85.80000305175781,85.80000305175781,397.0
2023-03-09 14:09:00,BANR,57.40999984741211,57.40999984741211,57.52000045776367,57.40999984741211,57.52000045776367,1213.0
2023-03-09 14:09:00,BCBP,15.735600471496582,15.735600471496582,15.735600471496582,15.735600471496582,15.735600471496582,203.0
2023-03-09 14:09:00,BGCP,4.974999904632568,4.974999904632568,4.974999904632568,4.974999904632568,4.974999904632568,1293.0
2023-03-09 14:09:00,BLFY,11.38010025024414,11.38010025024414,11.38010025024414,11.380000114440918,11.380000114440918,1057.0
2023-03-09 14:09:00,BMRC,26.959999084472656,26.959999084472656,26.959999084472656,26.940000534057617,26.940000534057617,489.0
2023-03-09 14:09:00,BPOP,62.4900016784668,62.4900016784668,62.5099983215332,62.4900016784668,62.5099983215332,1042.0
2023-03-09 14:09:00,BTBT,1.0700000524520874,1.0700000524520874,1.0800000429153442,1.0700000524520874,1.0800000429153442,20281.0
2023-03-09 14:09:00,BUSE,22.610000610351562,22.610000610351562,22.610000610351562,22.610000610351562,22.610000610351562,214.0
2023-03-09 14:09:00,CBSH,61.994998931884766,61.994998931884766,61.994998931884766,61.994998931884766,61.994998931884766,163.0
2023-03-09 14:09:00,CCAP,14.875,14.875,14.880000114440918,14.859999656677246,14.880000114440918,608.0
2023-03-09 14:09:00,CCTS,10.420000076293945,10.420000076293945,10.420000076293945,10.420000076293945,10.420000076293945,5065.0
2023-03-09 14:09:00,CFFN,7.514999866485596,7.514999866485596,7.514999866485596,7.514999866485596,7.514999866485596,400.0
2023-03-09 14:09:00,CG,33.63999938964844,33.63999938964844,33.66999816894531,33.63999938964844,33.66999816894531,7391.0
2023-03-09 14:09:00,CHEAU,10.510000228881836,10.510000228881836,10.510000228881836,10.510000228881836,10.510000228881836,100.0
2023-03-09 14:09:00,CHW,6.010000228881836,6.010000228881836,6.010000228881836,6.010000228881836,6.010000228881836,102.0
2023-03-09 14:09:00,CHY,12.220000267028809,12.220000267028809,12.220000267028809,12.220000267028809,12.220000267028809,100.0
2023-03-09 14:09:00,CIFR,1.398300051689148,1.398300051689148,1.398300051689148,1.398300051689148,1.398300051689148,150.0
2023-03-09 14:09:00,CINF,115.76499938964844,115.76499938964844,115.80999755859375,115.7300033569336,115.76000213623047,881.0
2023-03-09 14:09:00,CME,178.19500732421875,178.19500732421875,178.24000549316406,178.17999267578125,178.17999267578125,843.0
2023-03-09 14:09:00,CNOB,21.950000762939453,21.950000762939453,21.950000762939453,21.920000076293945,21.920000076293945,347.0
2023-03-09 14:09:00,COLB,25.229999542236328,25.229999542236328,25.270000457763672,25.229999542236328,25.25,8740.0
2023-03-09 14:09:00,COOP,43.86000061035156,43.86000061035156,43.86000061035156,43.849998474121094,43.849998474121094,1462.0
2023-03-09 14:09:00,CVBF,21.829999923706055,21.829999923706055,21.829999923706055,21.829999923706055,21.829999923706055,234.0
2023-03-09 14:09:00,EBC,14.494999885559082,14.494999885559082,14.5,14.489999771118164,14.5,1023.0
2023-03-09 14:09:00,ECBK,15.039999961853027,15.039999961853027,15.039999961853027,14.979999542236328,14.979999542236328,1244.0
2023-03-09 14:09:00,ECPG,50.564998626708984,50.564998626708984,50.564998626708984,50.564998626708984,50.564998626708984,263.0
2023-03-09 14:09:00,EHTH,8.57800006866455,8.57800006866455,8.57800006866455,8.57800006866455,8.57800006866455,549.0
2023-03-09 14:09:00,ERIE,232.5399932861328,232.5399932861328,232.5399932861328,232.5399932861328,232.5399932861328,1548.0
2023-03-09 14:09:00,EWBC,67.80999755859375,67.80999755859375,67.86000061035156,67.79000091552734,67.83000183105469,2079.0
2023-03-09 14:09:00,EZPW,8.78499984741211,8.78499984741211,8.789999961853027,8.782500267028809,8.789999961853027,846.0
2023-03-09 14:09:00,FBNC,38.630001068115234,38.630001068115234,38.630001068115234,38.630001068115234,38.630001068115234,655.0
2023-03-09 14:09:00,FCFS,88.61000061035156,88.61000061035156,88.61000061035156,88.61000061035156,88.61000061035156,152.0
2023-03-09 14:09:00,FCRD,4.610000133514404,4.610000133514404,4.610000133514404,4.610000133514404,4.610000133514404,2199.0
2023-03-09 14:09:00,FDUS,20.184999465942383,20.184999465942383,20.184999465942383,20.184999465942383,20.184999465942383,121.0
2023-03-09 14:09:00,FFIN,33.560001373291016,33.560001373291016,33.560001373291016,33.560001373291016,33.560001373291016,588.0
2023-03-09 14:09:00,FFWM,12.869999885559082,12.869999885559082,12.869999885559082,12.869999885559082,12.869999885559082,980.0
2023-03-09 14:09:00,FHB,24.030000686645508,24.030000686645508,24.030000686645508,24.020000457763672,24.020000457763672,807.0
2023-03-09 14:09:00,FIBK,32.04999923706055,32.04999923706055,32.060001373291016,32.04999923706055,32.060001373291016,323.0
2023-03-09 14:09:00,FITB,32.0,32.0,32.025001525878906,32.0,32.0099983215332,36085.0
2023-03-09 14:09:00,FLIC,16.162500381469727,16.162500381469727,16.162500381469727,16.162500381469727,16.162500381469727,105.0
2023-03-09 14:09:00,FMBH,28.2549991607666,28.2549991607666,28.2549991607666,28.2549991607666,28.2549991607666,133.0
2023-03-09 14:09:00,FOCS,51.595001220703125,51.595001220703125,51.599998474121094,51.59000015258789,51.599998474121094,2569.0
2023-03-09 14:09:00,FRME,37.34000015258789,37.34000015258789,37.36000061035156,37.34000015258789,37.36000061035156,455.0
2023-03-09 14:09:00,FULT,15.670000076293945,15.670000076293945,15.670000076293945,15.664999961853027,15.670000076293945,1008.0
2023-03-09 14:09:00,FUND,8.477399826049805,8.477399826049805,8.477399826049805,8.475000381469727,8.475000381469727,797.0
2023-03-09 14:09:00,FUTU,46.23500061035156,46.23500061035156,46.247501373291016,46.18000030517578,46.18000030517578,2943.0
2023-03-09 14:09:00,GAIN,13.550000190734863,13.550000190734863,13.5600004196167,13.550000190734863,13.5600004196167,1918.0
2023-03-09 14:09:00,GBDC,13.34000015258789,13.34000015258789,13.34000015258789,13.335000038146973,13.335000038146973,746.0
2023-03-09 14:09:00,GCMG,8.385000228881836,8.385000228881836,8.385000228881836,8.385000228881836,8.385000228881836,202.0
2023-03-09 14:09:00,GGAL,12.739999771118164,12.739999771118164,12.760000228881836,12.739999771118164,12.739999771118164,564.0
2023-03-09 14:09:00,GRABW,0.5901510119438171,0.5901510119438171,0.5901510119438171,0.589900016784668,0.5900009870529175,0.0
2023-03-09 14:09:00,GSHD,51.439998626708984,51.439998626708984,51.439998626708984,51.279998779296875,51.279998779296875,2701.0
2023-03-09 14:09:00,HBAN,13.829999923706055,13.829999923706055,13.829999923706055,13.824999809265137,13.829999923706055,14313.0
2023-03-09 14:09:00,HBNC,13.824999809265137,13.824999809265137,13.829999923706055,13.824999809265137,13.829999923706055,682.0
2023-03-09 14:09:00,HIFS,257.3299865722656,257.3299865722656,257.3299865722656,257.3299865722656,257.3299865722656,204.0
2023-03-09 14:09:00,HIVE,2.490000009536743,2.490000009536743,2.490000009536743,2.484999895095825,2.484999895095825,3644.0
2023-03-09 14:09:00,HONE,12.609999656677246,12.609999656677246,12.609999656677246,12.609999656677246,12.609999656677246,157.0
2023-03-09 14:09:00,HOPE,11.725000381469727,11.725000381469727,11.739999771118164,11.725000381469727,11.739999771118164,577.0
2023-03-09 14:09:00,HRZN,11.720000267028809,11.720000267028809,11.729999542236328,11.720000267028809,11.729999542236328,377.0
2023-03-09 14:09:00,HUT,1.3200000524520874,1.3200000524520874,1.3200000524520874,1.309999942779541,1.315000057220459,12567.0
2023-03-09 14:09:00,HWC,43.84000015258789,43.84000015258789,43.880001068115234,43.83000183105469,43.880001068115234,1294.0
2023-03-09 14:09:00,HYW,5.5,5.5,5.510000228881836,5.5,5.510000228881836,300.0
2023-03-09 14:09:00,IBKR,87.18000030517578,87.18000030517578,87.22000122070312,87.18000030517578,87.22000122070312,1254.0
2023-03-09 14:09:00,IBOC,44.90999984741211,44.90999984741211,44.90999984741211,44.8849983215332,44.8849983215332,396.0
2023-03-09 14:09:00,IBTX,52.810001373291016,52.810001373291016,52.810001373291016,52.810001373291016,52.810001373291016,637.0
2023-03-09 14:09:00,IGTA,10.300000190734863,10.300000190734863,10.300000190734863,10.300000190734863,10.300000190734863,2700.0
2023-03-09 14:09:00,INDB,71.77999877929688,71.77999877929688,71.79000091552734,71.77999877929688,71.79000091552734,398.0
2023-03-09 14:09:00,INKA,10.4399995803833,10.4399995803833,10.4399995803833,10.4399995803833,10.4399995803833,300.0
2023-03-09 14:10:00,ACGL,69.05999755859375,69.05999755859375,69.08999633789062,69.05999755859375,69.06999969482422,3193.0
2023-03-09 14:10:00,ACT,23.969999313354492,23.969999313354492,23.969999313354492,23.959999084472656,23.959999084472656,687.0
2023-03-09 14:10:00,AFBI,15.569999694824219,15.569999694824219,15.569999694824219,15.569999694824219,15.569999694824219,155.0
2023-03-09 14:10:00,AMAO,10.24940013885498,10.24940013885498,10.25,10.24940013885498,10.25,4700.0
2023-03-09 14:10:00,AMRK,28.209999084472656,28.209999084472656,28.209999084472656,28.209999084472656,28.209999084472656,247.0
2023-03-09 14:10:00,ARCC,18.725000381469727,18.725000381469727,18.729999542236328,18.725000381469727,18.725000381469727,2327.0
2023-03-09 14:10:00,ATLO,23.100000381469727,23.100000381469727,23.100000381469727,23.100000381469727,23.100000381469727,226.0
2023-03-09 14:10:00,AUB,36.65999984741211,36.65999984741211,36.665000915527344,36.650001525878906,36.665000915527344,3123.0
2023-03-09 14:10:00,BANR,57.400001525878906,57.400001525878906,57.40999984741211,57.400001525878906,57.40999984741211,410.0
2023-03-09 14:10:00,BFST,18.600000381469727,18.600000381469727,18.600000381469727,18.600000381469727,18.600000381469727,465.0
2023-03-09 14:10:00,BGCP,4.974999904632568,4.974999904632568,4.974999904632568,4.96999979019165,4.974999904632568,956.0
2023-03-09 14:10:00,BHF,52.52000045776367,52.52000045776367,52.52000045776367,52.41999816894531,52.43000030517578,937.0
2023-03-09 14:10:00,BITF,0.7376000285148621,0.7376000285148621,0.7376000285148621,0.737500011920929,0.737500011920929,2350.0
2023-03-09 14:10:00,BPOP,62.505001068115234,62.505001068115234,62.505001068115234,62.505001068115234,62.505001068115234,723.0
2023-03-09 14:10:00,BRKL,11.595000267028809,11.595000267028809,11.595000267028809,11.579999923706055,11.579999923706055,2301.0
2023-03-09 14:10:00,BTBT,1.0714999437332153,1.0714999437332153,1.0800000429153442,1.0700000524520874,1.0800000429153442,4887.0
2023-03-09 14:10:00,CASH,46.630001068115234,46.630001068115234,46.65999984741211,46.599998474121094,46.650001525878906,1417.0
2023-03-09 14:10:00,CATC,70.5999984741211,70.5999984741211,70.5999984741211,70.5999984741211,70.5999984741211,152.0
2023-03-09 14:10:00,CBSH,61.97999954223633,61.97999954223633,61.97999954223633,61.974998474121094,61.974998474121094,530.0
2023-03-09 14:10:00,CCAP,14.880000114440918,14.880000114440918,14.880000114440918,14.880000114440918,14.880000114440918,155.0
2023-03-09 14:10:00,CCTS,10.420000076293945,10.420000076293945,10.420000076293945,10.420000076293945,10.420000076293945,3400.0
2023-03-09 14:10:00,CFFN,7.514999866485596,7.514999866485596,7.514999866485596,7.514999866485596,7.514999866485596,1053.0
2023-03-09 14:10:00,CG,33.650001525878906,33.650001525878906,33.650001525878906,33.60499954223633,33.63999938964844,2522.0
2023-03-09 14:10:00,CHCO,91.38999938964844,91.38999938964844,91.38999938964844,91.38999938964844,91.38999938964844,192.0
2023-03-09 14:10:00,CHI,11.835000038146973,11.835000038146973,11.835000038146973,11.835000038146973,11.835000038146973,100.0
2023-03-09 14:10:00,CHY,12.220000267028809,12.220000267028809,12.220000267028809,12.220000267028809,12.220000267028809,200.0
2023-03-09 14:10:00,CINF,115.8499984741211,115.8499984741211,115.8499984741211,115.8499984741211,115.8499984741211,605.0
2023-03-09 14:10:00,CMCAW,0.09849999845027924,0.09849999845027924,0.09849999845027924,0.0828000009059906,0.0828000009059906,602.0
2023-03-09 14:10:00,CME,178.25999450683594,178.25999450683594,178.27000427246094,178.17999267578125,178.19500732421875,2046.0
2023-03-09 14:10:00,CNOB,21.920000076293945,21.920000076293945,21.920000076293945,21.920000076293945,21.920000076293945,210.0
2023-03-09 14:10:00,COLB,25.229999542236328,25.229999542236328,25.2450008392334,25.209999084472656,25.219999313354492,7039.0
2023-03-09 14:10:00,CRVL,178.82000732421875,178.82000732421875,178.82000732421875,178.82000732421875,178.82000732421875,122.0
2023-03-09 14:10:00,CSWC,18.239999771118164,18.239999771118164,18.239999771118164,18.21500015258789,18.219999313354492,3089.0
2023-03-09 14:10:00,CVBF,21.790000915527344,21.790000915527344,21.809999465942383,21.790000915527344,21.809999465942383,3837.0
2023-03-09 14:10:00,EBC,14.510000228881836,14.510000228881836,14.510000228881836,14.489999771118164,14.489999771118164,2367.0
2023-03-09 14:10:00,ESGRP,23.303199768066406,23.303199768066406,23.303199768066406,23.229999542236328,23.280000686645508,2030.0
2023-03-09 14:10:00,EWBC,67.91000366210938,67.91000366210938,67.91999816894531,67.80000305175781,67.83000183105469,2998.0
2023-03-09 14:10:00,EZPW,8.78499984741211,8.78499984741211,8.78499984741211,8.78499984741211,8.78499984741211,223.0
2023-03-09 14:10:00,FBMS,28.899999618530273,28.899999618530273,28.93000030517578,28.899999618530273,28.93000030517578,203.0
2023-03-09 14:10:00,FBNC,38.59000015258789,38.59000015258789,38.59000015258789,38.59000015258789,38.59000015258789,111.0
2023-03-09 14:10:00,FCFS,88.5999984741211,88.5999984741211,88.5999984741211,88.5999984741211,88.5999984741211,112.0
2023-03-09 14:10:00,FCNCA,640.2000122070312,640.2000122070312,640.2000122070312,640.2000122070312,640.2000122070312,169.0
2023-03-09 14:10:00,FCNCO,21.5,21.5,21.5,21.5,21.5,617.0
2023-03-09 14:10:00,FCNCP,21.850000381469727,21.850000381469727,21.850000381469727,21.850000381469727,21.850000381469727,318.0
2023-03-09 14:10:00,FCRD,4.599999904632568,4.599999904632568,4.599999904632568,4.599999904632568,4.599999904632568,200.0
2023-03-09 14:10:00,FDUS,20.162399291992188,20.162399291992188,20.162399291992188,20.162399291992188,20.162399291992188,400.0
2023-03-09 14:10:00,FFBC,22.31999969482422,22.31999969482422,22.31999969482422,22.31999969482422,22.31999969482422,455.0
2023-03-09 14:10:00,FFIC,17.299999237060547,17.299999237060547,17.299999237060547,17.299999237060547,17.299999237060547,181.0
2023-03-09 14:10:00,FFIN,33.599998474121094,33.599998474121094,33.599998474121094,33.54800033569336,33.54800033569336,2046.0
2023-03-09 14:10:00,FHB,24.010000228881836,24.010000228881836,24.010000228881836,24.010000228881836,24.010000228881836,1063.0
2023-03-09 14:10:00,FIBK,32.060001373291016,32.060001373291016,32.060001373291016,32.040000915527344,32.04499816894531,890.0
2023-03-09 14:10:00,FITB,32.029998779296875,32.029998779296875,32.040000915527344,32.0,32.0,9111.0
2023-03-09 14:10:00,FLIC,16.16010093688965,16.16010093688965,16.16010093688965,16.16010093688965,16.16010093688965,471.0
2023-03-09 14:10:00,FMNB,13.199999809265137,13.199999809265137,13.199999809265137,13.1899995803833,13.1899995803833,801.0
2023-03-09 14:10:00,FNCB,7.300000190734863,7.300000190734863,7.324999809265137,7.300000190734863,7.300000190734863,873.0
2023-03-09 14:10:00,FOCS,51.595001220703125,51.595001220703125,51.599998474121094,51.59000015258789,51.595001220703125,604.0
2023-03-09 14:10:00,FRBK,1.715000033378601,1.715000033378601,1.715000033378601,1.715000033378601,1.715000033378601,148.0
2023-03-09 14:10:00,FRST,10.760000228881836,10.760000228881836,10.760000228881836,10.760000228881836,10.760000228881836,132.0
2023-03-09 14:10:00,FULT,15.670000076293945,15.670000076293945,15.670000076293945,15.65999984741211,15.65999984741211,840.0
2023-03-09 14:10:00,FUTU,46.2599983215332,46.2599983215332,46.2599983215332,46.220001220703125,46.22999954223633,2748.0
2023-03-09 14:10:00,GABC,35.81999969482422,35.81999969482422,35.81999969482422,35.810001373291016,35.810001373291016,774.0
2023-03-09 14:10:00,GBDC,13.335000038146973,13.335000038146973,13.335000038146973,13.335000038146973,13.335000038146973,176.0
2023-03-09 14:10:00,GCMG,8.390000343322754,8.390000343322754,8.390000343322754,8.390000343322754,8.390000343322754,102.0
2023-03-09 14:10:00,GGAL,12.739999771118164,12.739999771118164,12.744999885559082,12.739999771118164,12.744999885559082,510.0
2023-03-09 14:10:00,GLAD,9.850000381469727,9.850000381469727,9.850000381469727,9.850000381469727,9.850000381469727,247.0
2023-03-09 14:10:00,GREE,0.41519999504089355,0.41519999504089355,0.41519999504089355,0.41519999504089355,0.41519999504089355,169.0
2023-03-09 14:10:00,HBAN,13.842700004577637,13.842700004577637,13.845000267028809,13.819999694824219,13.824999809265137,38751.0
2023-03-09 14:10:00,HBNC,13.829999923706055,13.829999923706055,13.829999923706055,13.819999694824219,13.819999694824219,322.0
2023-03-09 14:10:00,HBT,22.059999465942383,22.059999465942383,22.059999465942383,22.059999465942383,22.059999465942383,100.0
2023-03-09 14:10:00,HIVE,2.484999895095825,2.484999895095825,2.490000009536743,2.4800000190734863,2.490000009536743,702.0
2023-03-09 14:10:00,HLNE,74.93000030517578,74.93000030517578,74.94000244140625,74.87000274658203,74.87000274658203,724.0
2023-03-09 14:10:00,HOPE,11.71500015258789,11.71500015258789,11.71500015258789,11.71500015258789,11.71500015258789,524.0
2023-03-09 14:10:00,HRZN,11.721400260925293,11.721400260925293,11.721400260925293,11.721400260925293,11.721400260925293,361.0
2023-03-09 14:10:00,HTBK,10.850000381469727,10.850000381469727,10.850000381469727,10.850000381469727,10.850000381469727,382.0
2023-03-09 14:10:00,HUT,1.3100999593734741,1.3100999593734741,1.3174999952316284,1.3100999593734741,1.3105000257492065,615.0
2023-03-09 14:10:00,HWC,43.83000183105469,43.83000183105469,43.849998474121094,43.83000183105469,43.849998474121094,532.0
2023-03-09 14:10:00,HYW,5.46999979019165,5.46999979019165,5.489999771118164,5.46999979019165,5.489999771118164,530.0
2023-03-09 14:10:00,IBKR,87.22000122070312,87.22000122070312,87.22000122070312,87.13030242919922,87.16000366210938,2825.0
2023-03-09 14:10:00,IGTA,10.300000190734863,10.300000190734863,10.300000190734863,10.29800033569336,10.29800033569336,2848.0
2023-03-09 14:10:00,INDB,71.83999633789062,71.83999633789062,71.83999633789062,71.83999633789062,71.83999633789062,316.0
2023-03-09 14:11:00,ABCB,42.61000061035156,42.61000061035156,42.61000061035156,42.61000061035156,42.61000061035156,1005.0
2023-03-09 14:11:00,ACGL,69.05000305175781,69.05000305175781,69.06500244140625,69.05000305175781,69.05999755859375,1567.0
2023-03-09 14:11:00,ACGLN,18.739999771118164,18.739999771118164,18.7549991607666,18.739999771118164,18.739999771118164,2014.0
2023-03-09 14:11:00,ACT,23.954999923706055,23.954999923706055,23.954999923706055,23.954999923706055,23.954999923706055,200.0
2023-03-09 14:11:00,AMTB,25.219999313354492,25.219999313354492,25.219999313354492,25.209999084472656,25.209999084472656,1675.0
2023-03-09 14:11:00,ARCC,18.719999313354492,18.719999313354492,18.739999771118164,18.719999313354492,18.729999542236328,14145.0
2023-03-09 14:11:00,AUB,36.65999984741211,36.65999984741211,36.65999984741211,36.650001525878906,36.65999984741211,1492.0
2023-03-09 14:11:00,BANR,57.494998931884766,57.494998931884766,57.5,57.494998931884766,57.5,458.0
2023-03-09 14:11:00,BCBP,15.739999771118164,15.739999771118164,15.768699645996094,15.739999771118164,15.768699645996094,285.0
2023-03-09 14:11:00,BFST,18.59000015258789,18.59000015258789,18.59000015258789,18.59000015258789,18.59000015258789,970.0
2023-03-09 14:11:00,BGCP,4.974999904632568,4.974999904632568,4.974999904632568,4.96999979019165,4.974999904632568,808.0
2023-03-09 14:11:00,BHF,52.470001220703125,52.470001220703125,52.470001220703125,52.470001220703125,52.470001220703125,1379.0
2023-03-09 14:11:00,BHFAN,18.756799697875977,18.756799697875977,18.756799697875977,18.756799697875977,18.756799697875977,207.0
2023-03-09 14:11:00,BITF,0.737500011920929,0.737500011920929,0.7376000285148621,0.737500011920929,0.7376000285148621,1191.0
2023-03-09 14:11:00,BKCC,3.6500000953674316,3.6500000953674316,3.6500000953674316,3.6500000953674316,3.6500000953674316,129.0
2023-03-09 14:11:00,BOKF,95.87999725341797,95.87999725341797,95.87999725341797,95.87999725341797,95.87999725341797,142.0
2023-03-09 14:11:00,BPOP,62.505001068115234,62.505001068115234,62.5099983215332,62.42499923706055,62.5,4330.0
2023-03-09 14:11:00,BRKL,11.595000267028809,11.595000267028809,11.600000381469727,11.59000015258789,11.595000267028809,1496.0
2023-03-09 14:11:00,BRP,25.31999969482422,25.31999969482422,25.31999969482422,25.31999969482422,25.31999969482422,598.0
2023-03-09 14:11:00,BSVN,27.489999771118164,27.489999771118164,27.489999771118164,27.489999771118164,27.489999771118164,377.0
2023-03-09 14:11:00,BTBT,1.0758999586105347,1.0758999586105347,1.0800000429153442,1.0700000524520874,1.075600028038025,1696.0
2023-03-09 14:11:00,BTCS,1.190000057220459,1.190000057220459,1.190000057220459,1.1890000104904175,1.1890000104904175,200.0
2023-03-09 14:11:00,BUSE,22.6200008392334,22.6200008392334,22.6200008392334,22.6200008392334,22.6200008392334,373.0
2023-03-09 14:11:00,CASH,46.70000076293945,46.70000076293945,46.70000076293945,46.630001068115234,46.630001068115234,708.0
2023-03-09 14:11:00,CATY,38.900001525878906,38.900001525878906,38.95000076293945,38.900001525878906,38.95000076293945,779.0
2023-03-09 14:11:00,CBAN,11.800000190734863,11.800000190734863,11.800000190734863,11.800000190734863,11.800000190734863,204.0
2023-03-09 14:11:00,CBSH,62.0,62.0,62.0099983215332,61.939998626708984,61.939998626708984,2445.0
2023-03-09 14:11:00,CCAP,14.899999618530273,14.899999618530273,14.899999618530273,14.899999618530273,14.899999618530273,682.0
2023-03-09 14:11:00,CCNE,22.614999771118164,22.614999771118164,22.614999771118164,22.614999771118164,22.614999771118164,353.0
2023-03-09 14:11:00,CCTS,10.420000076293945,10.420000076293945,10.420000076293945,10.420000076293945,10.420000076293945,1000.0
2023-03-09 14:11:00,CG,33.619998931884766,33.619998931884766,33.665000915527344,33.619998931884766,33.665000915527344,3301.0
2023-03-09 14:11:00,CHCO,91.58499908447266,91.58499908447266,91.58499908447266,91.48999786376953,91.48999786376953,402.0
2023-03-09 14:11:00,CHY,12.210000038146973,12.210000038146973,12.220000267028809,12.210000038146973,12.220000267028809,200.0
2023-03-09 14:11:00,CINF,115.86499786376953,115.86499786376953,115.86499786376953,115.86499786376953,115.86499786376953,876.0
2023-03-09 14:11:00,CMCAW,0.09950000047683716,0.09950000047683716,0.10000000149011612,0.0828000009059906,0.0828000009059906,2945.0
2023-03-09 14:11:00,CME,178.25,178.25,178.30999755859375,178.25,178.25999450683594,2120.0
2023-03-09 14:11:00,COFS,28.1299991607666,28.1299991607666,28.1299991607666,28.114999771118164,28.114999771118164,237.0
2023-03-09 14:11:00,COLB,25.200000762939453,25.200000762939453,25.25,25.190000534057617,25.225000381469727,13615.0
2023-03-09 14:11:00,CRVL,178.88999938964844,178.88999938964844,178.88999938964844,178.88999938964844,178.88999938964844,148.0
2023-03-09 14:11:00,CSWC,18.239999771118164,18.239999771118164,18.25,18.239999771118164,18.25,2084.0
2023-03-09 14:11:00,CVBF,21.790000915527344,21.790000915527344,21.809999465942383,21.780000686645508,21.780000686645508,6822.0
2023-03-09 14:11:00,DWAC,14.030900001525879,14.030900001525879,14.030900001525879,14.030900001525879,14.030900001525879,210.0
2023-03-09 14:11:00,EBC,14.520000457763672,14.520000457763672,14.520000457763672,14.510000228881836,14.515000343322754,749.0
2023-03-09 14:11:00,EFSC,51.474998474121094,51.474998474121094,51.474998474121094,51.474998474121094,51.474998474121094,197.0
2023-03-09 14:11:00,ESSA,18.834999084472656,18.834999084472656,18.834999084472656,18.834999084472656,18.834999084472656,392.0
2023-03-09 14:11:00,EWBC,67.81999969482422,67.81999969482422,67.91999816894531,67.80000305175781,67.91000366210938,2636.0
2023-03-09 14:11:00,EZPW,8.78499984741211,8.78499984741211,8.785799980163574,8.78499984741211,8.785799980163574,401.0
2023-03-09 14:11:00,FBMS,28.90999984741211,28.90999984741211,28.90999984741211,28.860000610351562,28.90999984741211,3117.0
2023-03-09 14:11:00,FBNC,38.650001525878906,38.650001525878906,38.650001525878906,38.650001525878906,38.650001525878906,920.0
2023-03-09 14:11:00,FCFS,88.5999984741211,88.5999984741211,88.5999984741211,88.59500122070312,88.59500122070312,522.0
2023-03-09 14:11:00,FCNCA,639.0800170898438,639.0800170898438,640.0599975585938,639.0800170898438,640.0599975585938,1157.0
2023-03-09 14:11:00,FCRD,4.599999904632568,4.599999904632568,4.599999904632568,4.599999904632568,4.599999904632568,100.0
2023-03-09 14:11:00,FDUS,20.16010093688965,20.16010093688965,20.16010093688965,20.16010093688965,20.16010093688965,1000.0
2023-03-09 14:11:00,FFIN,33.56999969482422,33.56999969482422,33.61000061035156,33.560001373291016,33.59000015258789,1357.0
2023-03-09 14:11:00,FFWM,12.850000381469727,12.850000381469727,12.869999885559082,12.850000381469727,12.869999885559082,2423.0
2023-03-09 14:11:00,FGBI,18.489999771118164,18.489999771118164,18.5,18.489999771118164,18.5,7245.0
2023-03-09 14:11:00,FHB,24.0,24.0,24.010000228881836,23.9950008392334,24.010000228881836,1246.0
2023-03-09 14:11:00,FITB,32.0,32.0,32.04499816894531,32.0,32.03499984741211,11178.0
2023-03-09 14:11:00,FMIV,10.140000343322754,10.140000343322754,10.149999618530273,10.140000343322754,10.149999618530273,200.0
2023-03-09 14:11:00,FOCS,51.599998474121094,51.599998474121094,51.599998474121094,51.595001220703125,51.595001220703125,404.0
2023-03-09 14:11:00,FRBK,1.7200000286102295,1.7200000286102295,1.7200000286102295,1.7157000303268433,1.7200000286102295,3075.0
2023-03-09 14:11:00,FRME,37.349998474121094,37.349998474121094,37.349998474121094,37.349998474121094,37.349998474121094,240.0
2023-03-09 14:11:00,FRST,10.782500267028809,10.782500267028809,10.782500267028809,10.782500267028809,10.782500267028809,436.0
2023-03-09 14:11:00,FULT,15.670000076293945,15.670000076293945,15.675000190734863,15.664999961853027,15.675000190734863,1555.0
2023-03-09 14:11:00,FUTU,46.27000045776367,46.27000045776367,46.287498474121094,46.27000045776367,46.287498474121094,261.0
2023-03-09 14:11:00,GBDC,13.329999923706055,13.329999923706055,13.335000038146973,13.329999923706055,13.335000038146973,399.0
2023-03-09 14:11:00,GGAL,12.729999542236328,12.729999542236328,12.744999885559082,12.729999542236328,12.744999885559082,458.0
2023-03-09 14:11:00,GLAD,9.84000015258789,9.84000015258789,9.84000015258789,9.84000015258789,9.84000015258789,366.0
2023-03-09 14:11:00,GLRE,10.199999809265137,10.199999809265137,10.25,10.199999809265137,10.25,716.0
2023-03-09 14:11:00,GREE,0.413100004196167,0.413100004196167,0.413100004196167,0.413100004196167,0.413100004196167,124.0
2023-03-09 14:11:00,GSBC,53.790000915527344,53.790000915527344,53.790000915527344,53.790000915527344,53.790000915527344,553.0
2023-03-09 14:11:00,HAFC,21.729999542236328,21.729999542236328,21.729999542236328,21.729999542236328,21.729999542236328,428.0
2023-03-09 14:11:00,HALL,11.25,11.25,11.25,11.25,11.25,277.0
2023-03-09 14:11:00,HBAN,13.829899787902832,13.829899787902832,13.84749984741211,13.819999694824219,13.845000267028809,60615.0
2023-03-09 14:11:00,HBNC,13.84000015258789,13.84000015258789,13.850000381469727,13.84000015258789,13.850000381469727,899.0
2023-03-09 14:11:00,HBT,22.100000381469727,22.100000381469727,22.100000381469727,22.049999237060547,22.049999237060547,234.0
2023-03-09 14:11:00,HIVE,2.484999895095825,2.484999895095825,2.484999895095825,2.480299949645996,2.480299949645996,464.0
2023-03-09 14:11:00,HLNE,74.94000244140625,74.94000244140625,74.94000244140625,74.94000244140625,74.94000244140625,190.0
2023-03-09 14:11:00,HOPE,11.729999542236328,11.729999542236328,11.729999542236328,11.71500015258789,11.71500015258789,1862.0
2023-03-09 14:11:00,HRZN,11.720000267028809,11.720000267028809,11.720000267028809,11.720000267028809,11.720000267028809,489.0
2023-03-09 14:11:00,HTLF,45.375,45.375,45.375,45.375,45.375,118.0
2023-03-09 14:11:00,HUT,1.3109999895095825,1.3109999895095825,1.3109999895095825,1.3109999895095825,1.3109999895095825,685.0
2023-03-09 14:11:00,HWC,43.86000061035156,43.86000061035156,43.86000061035156,43.81999969482422,43.845001220703125,1168.0
2023-03-09 14:11:00,HYW,5.5,5.5,5.5,5.480000019073486,5.5,2815.0
2023-03-09 14:11:00,IBCP,20.524999618530273,20.524999618530273,20.524999618530273,20.524999618530273,20.524999618530273,337.0
2023-03-09 14:11:00,IBKR,87.20500183105469,87.20500183105469,87.24500274658203,87.20500183105469,87.24500274658203,1983.0
2023-03-09 14:11:00,INTR,2.009999990463257,2.009999990463257,2.009999990463257,2.009999990463257,2.009999990463257,200.0
2023-03-09 14:12:00,ABCB,42.63999938964844,42.63999938964844,42.63999938964844,42.63999938964844,42.63999938964844,561.0
2023-03-09 14:12:00,ACGL,69.08000183105469,69.08000183105469,69.08999633789062,69.01000213623047,69.04000091552734,3822.0
2023-03-09 14:12:00,ACT,23.954999923706055,23.954999923706055,23.954999923706055,23.954999923706055,23.954999923706055,301.0
2023-03-09 14:12:00,AMRK,28.229999542236328,28.229999542236328,28.229999542236328,28.229999542236328,28.229999542236328,145.0
2023-03-09 14:12:00,ARCC,18.70009994506836,18.70009994506836,18.719999313354492,18.700000762939453,18.719999313354492,16025.0
2023-03-09 14:12:00,ATLO,23.360000610351562,23.360000610351562,23.360000610351562,23.360000610351562,23.360000610351562,1050.0
2023-03-09 14:12:00,AUB,36.68000030517578,36.68000030517578,36.709999084472656,36.65999984741211,36.66999816894531,3711.0
2023-03-09 14:12:00,BANF,85.875,85.875,85.875,85.875,85.875,153.0
2023-03-09 14:12:00,BANR,57.65999984741211,57.65999984741211,57.65999984741211,57.5,57.55500030517578,1375.0
2023-03-09 14:12:00,BCBP,15.739999771118164,15.739999771118164,15.739999771118164,15.739999771118164,15.739999771118164,105.0
2023-03-09 14:12:00,BFST,18.610000610351562,18.610000610351562,18.610000610351562,18.610000610351562,18.610000610351562,329.0
2023-03-09 14:12:00,BGCP,4.96999979019165,4.96999979019165,4.974999904632568,4.96999979019165,4.96999979019165,800.0
2023-03-09 14:12:00,BHF,52.459999084472656,52.459999084472656,52.459999084472656,52.45000076293945,52.45000076293945,362.0
2023-03-09 14:12:00,BHFAP,24.329999923706055,24.329999923706055,24.399999618530273,24.329999923706055,24.399999618530273,890.0
2023-03-09 14:12:00,BITF,0.737500011920929,0.737500011920929,0.7376000285148621,0.737500011920929,0.737500011920929,1555.0
2023-03-09 14:12:00,BMRC,26.940000534057617,26.940000534057617,26.940000534057617,26.940000534057617,26.940000534057617,231.0
2023-03-09 14:12:00,BOKF,95.94999694824219,95.94999694824219,96.0199966430664,95.87999725341797,95.87999725341797,2346.0
2023-03-09 14:12:00,BPOP,62.540000915527344,62.540000915527344,62.595001220703125,62.52000045776367,62.560001373291016,2384.0
2023-03-09 14:12:00,BRKL,11.619999885559082,11.619999885559082,11.619999885559082,11.600000381469727,11.600000381469727,3743.0
2023-03-09 14:12:00,BSVN,27.489999771118164,27.489999771118164,27.489999771118164,27.489999771118164,27.489999771118164,587.0
2023-03-09 14:12:00,BTBT,1.0700000524520874,1.0700000524520874,1.0743999481201172,1.0700000524520874,1.0700000524520874,361.0
2023-03-09 14:12:00,BTCS,1.190000057220459,1.190000057220459,1.190000057220459,1.190000057220459,1.190000057220459,500.0
2023-03-09 14:12:00,BUSE,22.6299991607666,22.6299991607666,22.639999389648438,22.6299991607666,22.6299991607666,1095.0
2023-03-09 14:12:00,CASH,46.72999954223633,46.72999954223633,46.77000045776367,46.72999954223633,46.7400016784668,519.0
2023-03-09 14:12:00,CATY,39.0099983215332,39.0099983215332,39.0099983215332,38.93000030517578,38.93000030517578,3429.0
2023-03-09 14:12:00,CBAN,11.774999618530273,11.774999618530273,11.774999618530273,11.774999618530273,11.774999618530273,401.0
2023-03-09 14:12:00,CBSH,61.9900016784668,61.9900016784668,62.040000915527344,61.9900016784668,62.040000915527344,1620.0
2023-03-09 14:12:00,CCTS,10.420000076293945,10.420000076293945,10.420000076293945,10.420000076293945,10.420000076293945,791.0
2023-03-09 14:12:00,CFB,12.319999694824219,12.319999694824219,12.319999694824219,12.319999694824219,12.319999694824219,332.0
2023-03-09 14:12:00,CFFN,7.519999980926514,7.519999980926514,7.519999980926514,7.519999980926514,7.519999980926514,2017.0
2023-03-09 14:12:00,CG,33.6150016784668,33.6150016784668,33.625,33.60499954223633,33.61000061035156,5727.0
2023-03-09 14:12:00,CGBD,14.800000190734863,14.800000190734863,14.800000190734863,14.789999961853027,14.800000190734863,2085.0
2023-03-09 14:12:00,CHCO,91.58000183105469,91.58000183105469,91.58000183105469,91.58000183105469,91.58000183105469,343.0
2023-03-09 14:12:00,CHY,12.210000038146973,12.210000038146973,12.210000038146973,12.210000038146973,12.210000038146973,200.0
2023-03-09 14:12:00,CIFR,1.399999976158142,1.399999976158142,1.399999976158142,1.3949999809265137,1.399999976158142,11380.0
2023-03-09 14:12:00,CME,178.07000732421875,178.07000732421875,178.2899932861328,178.07000732421875,178.25,7165.0
2023-03-09 14:12:00,CNOB,21.940000534057617,21.940000534057617,21.940000534057617,21.899999618530273,21.899999618530273,2572.0
2023-03-09 14:12:00,COFS,28.280000686645508,28.280000686645508,28.280000686645508,28.100000381469727,28.280000686645508,5132.0
2023-03-09 14:12:00,COLB,25.200000762939453,25.200000762939453,25.219999313354492,25.18000030517578,25.200000762939453,9708.0
2023-03-09 14:12:00,COOP,43.849998474121094,43.849998474121094,43.9900016784668,43.849998474121094,43.8849983215332,7746.0
2023-03-09 14:12:00,CRVL,179.2550048828125,179.2550048828125,179.2550048828125,179.1199951171875,179.14999389648438,855.0
2023-03-09 14:12:00,CSQ,13.850000381469727,13.850000381469727,13.850000381469727,13.850000381469727,13.850000381469727,203.0
2023-03-09 14:12:00,CVBF,21.799999237060547,21.799999237060547,21.799999237060547,21.799999237060547,21.799999237060547,3798.0
2023-03-09 14:12:00,DCOM,29.299999237060547,29.299999237060547,29.299999237060547,29.299999237060547,29.299999237060547,188.0
2023-03-09 14:12:00,DWAC,14.030099868774414,14.030099868774414,14.039999961853027,14.030099868774414,14.03499984741211,688.0
2023-03-09 14:12:00,DWACW,3.069999933242798,3.069999933242798,3.069999933242798,3.069999933242798,3.069999933242798,200.0
2023-03-09 14:12:00,EBC,14.539999961853027,14.539999961853027,14.539999961853027,14.510000228881836,14.510000228881836,3501.0
2023-03-09 14:12:00,ECPG,50.61000061035156,50.61000061035156,50.61000061035156,50.61000061035156,50.61000061035156,773.0
2023-03-09 14:12:00,EFSC,51.47999954223633,51.47999954223633,51.47999954223633,51.47999954223633,51.47999954223633,179.0
2023-03-09 14:12:00,EGBN,40.150001525878906,40.150001525878906,40.150001525878906,40.150001525878906,40.150001525878906,370.0
2023-03-09 14:12:00,ESGRP,23.34000015258789,23.34000015258789,23.34000015258789,23.229999542236328,23.229999542236328,1460.0
2023-03-09 14:12:00,ESQ,41.17499923706055,41.17499923706055,41.17499923706055,41.17499923706055,41.17499923706055,113.0
2023-03-09 14:12:00,EWBC,67.80000305175781,67.80000305175781,67.9000015258789,67.73999786376953,67.83999633789062,11437.0
2023-03-09 14:12:00,EZPW,8.779999732971191,8.779999732971191,8.78499984741211,8.765000343322754,8.78499984741211,4301.0
2023-03-09 14:12:00,FBMS,28.940000534057617,28.940000534057617,28.940000534057617,28.899999618530273,28.899999618530273,610.0
2023-03-09 14:12:00,FCFS,88.61000061035156,88.61000061035156,88.61000061035156,88.59500122070312,88.5999984741211,569.0
2023-03-09 14:12:00,FCRD,4.599999904632568,4.599999904632568,4.599999904632568,4.599999904632568,4.599999904632568,100.0
2023-03-09 14:12:00,FDUS,20.184999465942383,20.184999465942383,20.209999084472656,20.184999465942383,20.209999084472656,3300.0
2023-03-09 14:12:00,FFBC,22.34000015258789,22.34000015258789,22.350000381469727,22.34000015258789,22.34000015258789,2209.0
2023-03-09 14:12:00,FFIC,17.290000915527344,17.290000915527344,17.290000915527344,17.290000915527344,17.290000915527344,383.0
2023-03-09 14:12:00,FFIN,33.619998931884766,33.619998931884766,33.625,33.54999923706055,33.54999923706055,1838.0
2023-03-09 14:12:00,FFWM,12.824999809265137,12.824999809265137,12.829999923706055,12.824999809265137,12.829999923706055,1003.0
2023-03-09 14:12:00,FHB,24.059999465942383,24.059999465942383,24.059999465942383,24.010000228881836,24.010000228881836,2449.0
2023-03-09 14:12:00,FIBK,32.08000183105469,32.08000183105469,32.09000015258789,32.060001373291016,32.060001373291016,2131.0
2023-03-09 14:12:00,FINW,9.140000343322754,9.140000343322754,9.140000343322754,9.140000343322754,9.140000343322754,101.0
2023-03-09 14:12:00,FITB,32.029998779296875,32.029998779296875,32.04999923706055,32.0099983215332,32.0099983215332,14130.0
2023-03-09 14:12:00,FMAO,23.579999923706055,23.579999923706055,23.579999923706055,23.280000686645508,23.280000686645508,1056.0
2023-03-09 14:12:00,FMNB,13.199999809265137,13.199999809265137,13.199999809265137,13.1899995803833,13.1899995803833,820.0
2023-03-09 14:12:00,FOCS,51.599998474121094,51.599998474121094,51.599998474121094,51.59000015258789,51.599998474121094,1880.0
2023-03-09 14:12:00,FRBK,1.725000023841858,1.725000023841858,1.7300000190734863,1.7199000120162964,1.7200000286102295,4880.0
2023-03-09 14:12:00,FRME,37.36000061035156,37.36000061035156,37.36000061035156,37.36000061035156,37.36000061035156,372.0
2023-03-09 14:12:00,FSEA,9.899999618530273,9.899999618530273,9.90999984741211,9.899999618530273,9.90999984741211,302.0
2023-03-09 14:12:00,FULT,15.699999809265137,15.699999809265137,15.699999809265137,15.670000076293945,15.670000076293945,4115.0
2023-03-09 14:12:00,FUSB,9.699999809265137,9.699999809265137,9.699999809265137,9.699999809265137,9.699999809265137,131.0
2023-03-09 14:12:00,FUTU,46.25,46.25,46.29999923706055,46.25,46.275001525878906,1730.0
2023-03-09 14:12:00,GAIN,13.559499740600586,13.559499740600586,13.559499740600586,13.555000305175781,13.555000305175781,602.0
2023-03-09 14:12:00,GBDC,13.319999694824219,13.319999694824219,13.335000038146973,13.319999694824219,13.335000038146973,1694.0
2023-03-09 14:12:00,GCMG,8.390000343322754,8.390000343322754,8.390000343322754,8.390000343322754,8.390000343322754,410.0
2023-03-09 14:12:00,GGAL,12.760000228881836,12.760000228881836,12.760000228881836,12.739999771118164,12.744999885559082,2375.0
2023-03-09 14:12:00,GLAD,9.8100004196167,9.8100004196167,9.83899974822998,9.8100004196167,9.83899974822998,1972.0
2023-03-09 14:12:00,GLRE,10.225000381469727,10.225000381469727,10.225000381469727,10.199999809265137,10.199999809265137,241.0
2023-03-09 14:12:00,GNTY,29.3700008392334,29.3700008392334,29.3700008392334,29.3700008392334,29.3700008392334,100.0
2023-03-09 14:12:00,GSHD,51.40999984741211,51.40999984741211,51.40999984741211,51.40999984741211,51.40999984741211,180.0
2023-03-09 14:12:00,HAFC,21.75,21.75,21.760000228881836,21.75,21.760000228881836,1000.0
2023-03-09 14:12:00,HALL,11.25,11.25,11.25,11.25,11.25,340.0
2023-03-09 14:12:00,HBAN,13.84000015258789,13.84000015258789,13.850000381469727,13.824999809265137,13.829999923706055,53595.0
2023-03-09 14:12:00,HBNC,13.859999656677246,13.859999656677246,13.859999656677246,13.84000015258789,13.850000381469727,591.0
2023-03-09 14:12:00,HBT,22.1299991607666,22.1299991607666,22.1299991607666,22.094999313354492,22.094999313354492,405.0
2023-03-09 14:12:00,HFWA,24.56999969482422,24.56999969482422,24.56999969482422,24.540000915527344,24.540000915527344,407.0
2023-03-09 14:12:00,HIFS,257.6700134277344,257.6700134277344,257.6700134277344,257.6700134277344,257.6700134277344,100.0
2023-03-09 14:12:00,HIVE,2.484999895095825,2.484999895095825,2.484999895095825,2.484999895095825,2.484999895095825,500.0
2023-03-09 14:12:00,HMST,22.31999969482422,22.31999969482422,22.31999969482422,22.31999969482422,22.31999969482422,102.0
2023-03-09 14:12:00,HONE,12.619999885559082,12.619999885559082,12.619999885559082,12.609999656677246,12.609999656677246,1699.0
2023-03-09 14:12:00,HOPE,11.744999885559082,11.744999885559082,11.750200271606445,11.729999542236328,11.729999542236328,6521.0
2023-03-09 14:12:00,HRZN,11.71969985961914,11.71969985961914,11.71969985961914,11.711700439453125,11.711700439453125,1120.0
2023-03-09 14:12:00,HTBK,10.869999885559082,10.869999885559082,10.880000114440918,10.859999656677246,10.859999656677246,1177.0
2023-03-09 14:12:00,HTLF,45.36000061035156,45.36000061035156,45.36000061035156,45.34000015258789,45.34000015258789,327.0
2023-03-09 14:12:00,HUT,1.3100999593734741,1.3100999593734741,1.3199000358581543,1.309999942779541,1.309999942779541,15660.0
2023-03-09 14:12:00,HWC,43.95000076293945,43.95000076293945,43.95000076293945,43.86000061035156,43.86000061035156,3000.0
2023-03-09 14:12:00,IBCP,20.530000686645508,20.530000686645508,20.549999237060547,20.530000686645508,20.549999237060547,756.0
2023-03-09 14:12:00,IBKR,87.22000122070312,87.22000122070312,87.25,87.1500015258789,87.1500015258789,3011.0
2023-03-09 14:12:00,IBOC,44.970001220703125,44.970001220703125,44.970001220703125,44.95000076293945,44.95000076293945,2038.0
2023-03-09 14:12:00,IBTX,52.79999923706055,52.79999923706055,52.869998931884766,52.790000915527344,52.790000915527344,2378.0
2023-03-09 14:12:00,INDB,71.96499633789062,71.96499633789062,71.96499633789062,71.83000183105469,71.87999725341797,2596.0
2023-03-09 14:12:00,INTR,2.0199999809265137,2.0199999809265137,2.0199999809265137,2.0199999809265137,2.0199999809265137,1178.0
2023-03-09 14:13:00,ABCB,42.650001525878906,42.650001525878906,42.68000030517578,42.650001525878906,42.68000030517578,1368.0
2023-03-09 14:13:00,ACGL,69.1500015258789,69.1500015258789,69.1500015258789,69.06999969482422,69.08979797363281,5973.0
2023-03-09 14:13:00,ACT,23.959999084472656,23.959999084472656,23.959999084472656,23.950000762939453,23.959999084472656,1410.0
2023-03-09 14:13:00,ANZU,9.9399995803833,9.9399995803833,9.9399995803833,9.9399995803833,9.9399995803833,769.0
2023-03-09 14:13:00,ARCC,18.709999084472656,18.709999084472656,18.709999084472656,18.700000762939453,18.70009994506836,11597.0
2023-03-09 14:13:00,AUB,36.685001373291016,36.685001373291016,36.70000076293945,36.685001373291016,36.70000076293945,444.0
2023-03-09 14:13:00,BCML,19.260000228881836,19.260000228881836,19.260000228881836,19.260000228881836,19.260000228881836,353.0
2023-03-09 14:13:00,BGCP,4.96999979019165,4.96999979019165,4.974999904632568,4.96999979019165,4.974999904632568,316.0
2023-03-09 14:13:00,BITF,0.7376000285148621,0.7376000285148621,0.7376000285148621,0.7376000285148621,0.7376000285148621,2059.0
2023-03-09 14:13:00,BKCC,3.6500000953674316,3.6500000953674316,3.6500000953674316,3.6500000953674316,3.6500000953674316,130.0
2023-03-09 14:13:00,BMRC,26.979999542236328,26.979999542236328,26.979999542236328,26.979999542236328,26.979999542236328,315.0
2023-03-09 14:13:00,BPRN,33.5099983215332,33.5099983215332,33.5099983215332,33.5099983215332,33.5099983215332,192.0
2023-03-09 14:13:00,BRKL,11.604999542236328,11.604999542236328,11.619999885559082,11.604999542236328,11.619999885559082,1939.0
2023-03-09 14:13:00,BRP,25.280000686645508,25.280000686645508,25.295700073242188,25.280000686645508,25.295700073242188,617.0
2023-03-09 14:13:00,BTBT,1.0700000524520874,1.0700000524520874,1.0750000476837158,1.0700000524520874,1.0750000476837158,3666.0
2023-03-09 14:13:00,BUSE,22.610000610351562,22.610000610351562,22.610000610351562,22.600000381469727,22.600000381469727,644.0
2023-03-09 14:13:00,CACC,432.8399963378906,432.8399963378906,432.8399963378906,432.8399963378906,432.8399963378906,156.0
2023-03-09 14:13:00,CASH,46.72999954223633,46.72999954223633,46.72999954223633,46.72999954223633,46.72999954223633,680.0
2023-03-09 14:13:00,CATY,39.09000015258789,39.09000015258789,39.09000015258789,39.09000015258789,39.09000015258789,435.0
2023-03-09 14:13:00,CBAN,11.819999694824219,11.819999694824219,11.819999694824219,11.819999694824219,11.819999694824219,150.0
2023-03-09 14:13:00,CBNK,18.75,18.75,18.75,18.75,18.75,201.0
2023-03-09 14:13:00,CBSH,61.97999954223633,61.97999954223633,62.029998779296875,61.95000076293945,61.9900016784668,1477.0
2023-03-09 14:13:00,CFB,12.329999923706055,12.329999923706055,12.329999923706055,12.329999923706055,12.329999923706055,135.0
2023-03-09 14:13:00,CG,33.619998931884766,33.619998931884766,33.630001068115234,33.61000061035156,33.6150016784668,5956.0
2023-03-09 14:13:00,CGBD,14.8100004196167,14.8100004196167,14.8100004196167,14.8100004196167,14.8100004196167,603.0
2023-03-09 14:13:00,CHI,11.829999923706055,11.829999923706055,11.829999923706055,11.829999923706055,11.829999923706055,200.0
2023-03-09 14:13:00,CHY,12.210000038146973,12.210000038146973,12.210000038146973,12.210000038146973,12.210000038146973,101.0
2023-03-09 14:13:00,CIFR,1.399999976158142,1.399999976158142,1.399999976158142,1.399999976158142,1.399999976158142,110.0
2023-03-09 14:13:00,CINF,115.88999938964844,115.88999938964844,115.88999938964844,115.88999938964844,115.88999938964844,408.0
2023-03-09 14:13:00,CME,178.0850067138672,178.0850067138672,178.09500122070312,178.0850067138672,178.09500122070312,1608.0
2023-03-09 14:13:00,CNOB,21.969999313354492,21.969999313354492,21.979999542236328,21.959999084472656,21.959999084472656,898.0
2023-03-09 14:13:00,COFS,28.280000686645508,28.280000686645508,28.280000686645508,28.280000686645508,28.280000686645508,297.0
2023-03-09 14:13:00,COLB,25.190000534057617,25.190000534057617,25.190000534057617,25.18000030517578,25.18000030517578,1921.0
2023-03-09 14:13:00,COOP,43.79999923706055,43.79999923706055,43.79999923706055,43.79999923706055,43.79999923706055,286.0
2023-03-09 14:13:00,CSWC,18.235000610351562,18.235000610351562,18.24530029296875,18.229999542236328,18.24530029296875,1210.0
2023-03-09 14:13:00,CVBF,21.799999237060547,21.799999237060547,21.802499771118164,21.790000915527344,21.790000915527344,5428.0
2023-03-09 14:13:00,DCOM,29.3799991607666,29.3799991607666,29.3799991607666,29.3799991607666,29.3799991607666,283.0
2023-03-09 14:13:00,DGICA,15.069999694824219,15.069999694824219,15.069999694824219,15.069999694824219,15.069999694824219,1001.0
2023-03-09 14:13:00,DWAC,14.050000190734863,14.050000190734863,14.050000190734863,14.032099723815918,14.032099723815918,320.0
2023-03-09 14:13:00,EBC,14.520000457763672,14.520000457763672,14.539999961853027,14.520000457763672,14.539999961853027,793.0
2023-03-09 14:13:00,ECBK,15.18179988861084,15.18179988861084,15.270000457763672,15.18179988861084,15.270000457763672,1100.0
2023-03-09 14:13:00,EFSC,51.474998474121094,51.474998474121094,51.474998474121094,51.474998474121094,51.474998474121094,127.0
2023-03-09 14:13:00,EHTH,8.569999694824219,8.569999694824219,8.569999694824219,8.569999694824219,8.569999694824219,382.0
2023-03-09 14:13:00,EQBK,28.179500579833984,28.179500579833984,28.179500579833984,28.179500579833984,28.179500579833984,563.0
2023-03-09 14:13:00,ESQ,41.29999923706055,41.29999923706055,41.334999084472656,41.17499923706055,41.25,2024.0
2023-03-09 14:13:00,EWBC,67.7699966430664,67.7699966430664,67.7699966430664,67.76499938964844,67.76499938964844,365.0
2023-03-09 14:13:00,EZPW,8.779999732971191,8.779999732971191,8.78499984741211,8.779999732971191,8.779999732971191,938.0
2023-03-09 14:13:00,FANH,8.260000228881836,8.260000228881836,8.260000228881836,8.260000228881836,8.260000228881836,130.0
2023-03-09 14:13:00,FBMS,28.8700008392334,28.8700008392334,28.920000076293945,28.809999465942383,28.90999984741211,5324.0
2023-03-09 14:13:00,FBNC,38.63999938964844,38.63999938964844,38.63999938964844,38.63999938964844,38.63999938964844,574.0
2023-03-09 14:13:00,FCRD,4.599999904632568,4.599999904632568,4.599999904632568,4.599999904632568,4.599999904632568,200.0
2023-03-09 14:13:00,FDUS,20.200000762939453,20.200000762939453,20.200000762939453,20.200000762939453,20.200000762939453,292.0
2023-03-09 14:13:00,FFWM,12.819999694824219,12.819999694824219,12.824999809265137,12.819999694824219,12.824999809265137,634.0
2023-03-09 14:13:00,FGF,2.6098999977111816,2.6098999977111816,2.6098999977111816,2.6098999977111816,2.6098999977111816,597.0
2023-03-09 14:13:00,FHB,24.059999465942383,24.059999465942383,24.100000381469727,24.049999237060547,24.049999237060547,6068.0
2023-03-09 14:13:00,FIBK,32.08000183105469,32.08000183105469,32.08000183105469,32.08000183105469,32.08000183105469,1108.0
2023-03-09 14:13:00,FITB,32.029998779296875,32.029998779296875,32.03499984741211,32.0099983215332,32.02000045776367,5716.0
2023-03-09 14:13:00,FITBP,24.079999923706055,24.079999923706055,24.079999923706055,24.079999923706055,24.079999923706055,1004.0
2023-03-09 14:13:00,FOCS,51.595001220703125,51.595001220703125,51.599998474121094,51.595001220703125,51.595001220703125,624.0
2023-03-09 14:13:00,FRBK,1.725000023841858,1.725000023841858,1.725000023841858,1.725000023841858,1.725000023841858,273.0
2023-03-09 14:13:00,FSBW,33.17499923706055,33.17499923706055,33.17499923706055,33.17499923706055,33.17499923706055,291.0
2023-03-09 14:13:00,FULT,15.680000305175781,15.680000305175781,15.699999809265137,15.680000305175781,15.699999809265137,2323.0
2023-03-09 14:13:00,FULTP,21.0,21.0,21.0,21.0,21.0,312.0
2023-03-09 14:13:00,FUND,8.483499526977539,8.483499526977539,8.483499526977539,8.483499526977539,8.483499526977539,1505.0
2023-03-09 14:13:00,FUTU,46.25,46.25,46.275001525878906,46.25,46.275001525878906,405.0
2023-03-09 14:13:00,GBDC,13.319999694824219,13.319999694824219,13.324999809265137,13.319999694824219,13.319999694824219,335.0
2023-03-09 14:13:00,GCMG,8.380000114440918,8.380000114440918,8.390000343322754,8.380000114440918,8.390000343322754,240.0
2023-03-09 14:13:00,GGAL,12.75,12.75,12.760000228881836,12.739999771118164,12.744999885559082,614.0
2023-03-09 14:13:00,GREE,0.413100004196167,0.413100004196167,0.41519999504089355,0.413100004196167,0.41519999504089355,5296.0
2023-03-09 14:13:00,GSHD,51.369998931884766,51.369998931884766,51.369998931884766,51.369998931884766,51.369998931884766,486.0
2023-03-09 14:13:00,HALL,11.266900062561035,11.266900062561035,11.266900062561035,11.266900062561035,11.266900062561035,115.0
2023-03-09 14:13:00,HBAN,13.835000038146973,13.835000038146973,13.84000015258789,13.829999923706055,13.835000038146973,7514.0
2023-03-09 14:13:00,HBANP,19.05500030517578,19.05500030517578,19.059999465942383,19.049999237060547,19.05500030517578,761.0
2023-03-09 14:13:00,HIVE,2.490000009536743,2.490000009536743,2.490000009536743,2.489300012588501,2.489300012588501,679.0
2023-03-09 14:13:00,HLNE,74.87999725341797,74.87999725341797,74.87999725341797,74.87999725341797,74.87999725341797,167.0
2023-03-09 14:13:00,HMST,22.31999969482422,22.31999969482422,22.31999969482422,22.31999969482422,22.31999969482422,212.0
2023-03-09 14:13:00,HONE,12.619999885559082,12.619999885559082,12.619999885559082,12.619999885559082,12.619999885559082,1110.0
2023-03-09 14:13:00,HOPE,11.750100135803223,11.750100135803223,11.750100135803223,11.750100135803223,11.750100135803223,2500.0
2023-03-09 14:13:00,HRZN,11.712699890136719,11.712699890136719,11.712699890136719,11.712699890136719,11.712699890136719,391.0
2023-03-09 14:13:00,HUT,1.315000057220459,1.315000057220459,1.315600037574768,1.3149000406265259,1.3149000406265259,1416.0
2023-03-09 14:13:00,HWC,43.880001068115234,43.880001068115234,43.880001068115234,43.880001068115234,43.880001068115234,868.0
2023-03-09 14:13:00,IBKR,87.33999633789062,87.33999633789062,87.33999633789062,87.23500061035156,87.2699966430664,2491.0
2023-03-09 14:14:00,ACGL,69.20999908447266,69.20999908447266,69.20999908447266,69.12999725341797,69.13999938964844,3336.0
2023-03-09 14:14:00,ACT,23.969999313354492,23.969999313354492,23.969999313354492,23.969999313354492,23.969999313354492,461.0
2023-03-09 14:14:00,AMRK,28.200000762939453,28.200000762939453,28.200000762939453,28.200000762939453,28.200000762939453,823.0
2023-03-09 14:14:00,AMSF,51.63999938964844,51.63999938964844,51.63999938964844,51.63999938964844,51.63999938964844,539.0
2023-03-09 14:14:00,APLD,2.075000047683716,2.075000047683716,2.075000047683716,2.0706000328063965,2.075000047683716,2297.0
2023-03-09 14:14:00,ARCC,18.709999084472656,18.709999084472656,18.709999084472656,18.700000762939453,18.704999923706055,2952.0
2023-03-09 14:14:00,AUB,36.689998626708984,36.689998626708984,36.709999084472656,36.66999816894531,36.66999816894531,1611.0
2023-03-09 14:14:00,BANF,85.88999938964844,85.88999938964844,85.88999938964844,85.88999938964844,85.88999938964844,1048.0
2023-03-09 14:14:00,BANR,57.790000915527344,57.790000915527344,57.790000915527344,57.790000915527344,57.790000915527344,386.0
2023-03-09 14:14:00,BCBP,15.755000114440918,15.755000114440918,15.755000114440918,15.755000114440918,15.755000114440918,100.0
2023-03-09 14:14:00,BFST,18.635000228881836,18.635000228881836,18.635000228881836,18.635000228881836,18.635000228881836,154.0
2023-03-09 14:14:00,BGCP,4.974999904632568,4.974999904632568,4.974999904632568,4.96999979019165,4.96999979019165,1325.0
2023-03-09 14:14:00,BHF,52.459999084472656,52.459999084472656,52.47999954223633,52.44559860229492,52.46900177001953,2213.0
2023-03-09 14:14:00,BKCC,3.6500000953674316,3.6500000953674316,3.6500000953674316,3.6500000953674316,3.6500000953674316,133.0
2023-03-09 14:14:00,BPOP,62.584999084472656,62.584999084472656,62.599998474121094,62.47999954223633,62.52000045776367,3132.0
2023-03-09 14:14:00,BRKL,11.625,11.625,11.625,11.609999656677246,11.609999656677246,738.0
2023-03-09 14:14:00,BRP,25.31999969482422,25.31999969482422,25.389999389648438,25.295000076293945,25.34000015258789,2827.0
2023-03-09 14:14:00,BTBT,1.0700000524520874,1.0700000524520874,1.0781999826431274,1.0700000524520874,1.0781999826431274,400.0
2023-03-09 14:14:00,BTCS,1.184999942779541,1.184999942779541,1.1990000009536743,1.184999942779541,1.1990000009536743,405.0
2023-03-09 14:14:00,BUSE,22.610000610351562,22.610000610351562,22.610000610351562,22.610000610351562,22.610000610351562,368.0
2023-03-09 14:14:00,BWB,13.40999984741211,13.40999984741211,13.40999984741211,13.40999984741211,13.40999984741211,200.0
2023-03-09 14:14:00,CAC,39.02000045776367,39.02000045776367,39.02000045776367,39.02000045776367,39.02000045776367,518.0
2023-03-09 14:14:00,CACC,433.5799865722656,433.5799865722656,433.5799865722656,433.5799865722656,433.5799865722656,288.0
2023-03-09 14:14:00,CATY,39.09000015258789,39.09000015258789,39.099998474121094,39.09000015258789,39.099998474121094,666.0
2023-03-09 14:14:00,CBSH,61.994998931884766,61.994998931884766,61.994998931884766,61.939998626708984,61.959999084472656,2463.0
2023-03-09 14:14:00,CCNEP,24.75,24.75,24.75,24.75,24.75,500.0
2023-03-09 14:14:00,CFFN,7.534999847412109,7.534999847412109,7.534999847412109,7.53000020980835,7.53000020980835,692.0
2023-03-09 14:14:00,CG,33.654998779296875,33.654998779296875,33.654998779296875,33.61000061035156,33.6150016784668,7143.0
2023-03-09 14:14:00,CGBD,14.850000381469727,14.850000381469727,14.850000381469727,14.819999694824219,14.819999694824219,3852.0
2023-03-09 14:14:00,CHCO,91.75,91.75,91.75,91.75,91.75,235.0
2023-03-09 14:14:00,CHMG,48.5,48.5,48.5,48.5,48.5,641.0
2023-03-09 14:14:00,CHY,12.210000038146973,12.210000038146973,12.260000228881836,12.210000038146973,12.210000038146973,2200.0
2023-03-09 14:14:00,CINF,116.04000091552734,116.04000091552734,116.04000091552734,115.84559631347656,115.84559631347656,1925.0
2023-03-09 14:14:00,CIVB,20.790000915527344,20.790000915527344,20.790000915527344,20.790000915527344,20.790000915527344,267.0
2023-03-09 14:14:00,CME,178.28500366210938,178.28500366210938,178.28500366210938,178.10000610351562,178.1199951171875,3102.0
2023-03-09 14:14:00,CNOB,21.979999542236328,21.979999542236328,21.979999542236328,21.979999542236328,21.979999542236328,369.0
2023-03-09 14:14:00,COLB,25.219999313354492,25.219999313354492,25.219999313354492,25.190000534057617,25.190000534057617,4003.0
2023-03-09 14:14:00,COOP,43.84000015258789,43.84000015258789,43.869998931884766,43.84000015258789,43.86000061035156,1152.0
2023-03-09 14:14:00,CRVL,179.2550048828125,179.2550048828125,179.2550048828125,179.2550048828125,179.2550048828125,399.0
2023-03-09 14:14:00,CSWC,18.25,18.25,18.25,18.25,18.25,157.0
2023-03-09 14:14:00,CVBF,21.825000762939453,21.825000762939453,21.850000381469727,21.799999237060547,21.799999237060547,15119.0
2023-03-09 14:14:00,CVCY,24.295000076293945,24.295000076293945,24.295000076293945,24.295000076293945,24.295000076293945,1194.0
2023-03-09 14:14:00,DWAC,14.050000190734863,14.050000190734863,14.050000190734863,14.04010009765625,14.04010009765625,916.0
2023-03-09 14:14:00,EBC,14.539999961853027,14.539999961853027,14.539999961853027,14.529999732971191,14.529999732971191,753.0
2023-03-09 14:14:00,EFSC,51.560001373291016,51.560001373291016,51.560001373291016,51.529998779296875,51.529998779296875,496.0
2023-03-09 14:14:00,EGBN,40.244998931884766,40.244998931884766,40.25,40.22999954223633,40.22999954223633,1140.0
2023-03-09 14:14:00,EHTH,8.59000015258789,8.59000015258789,8.59000015258789,8.579999923706055,8.579999923706055,838.0
2023-03-09 14:14:00,ESQ,41.400001525878906,41.400001525878906,41.400001525878906,41.400001525878906,41.400001525878906,738.0
2023-03-09 14:14:00,EWBC,67.80999755859375,67.80999755859375,67.80999755859375,67.7699966430664,67.7699966430664,2245.0
2023-03-09 14:14:00,EZPW,8.795000076293945,8.795000076293945,8.795000076293945,8.789999961853027,8.789999961853027,777.0
2023-03-09 14:14:00,FANH,8.1899995803833,8.1899995803833,8.1899995803833,8.1899995803833,8.1899995803833,342.0
2023-03-09 14:14:00,FBMS,28.959999084472656,28.959999084472656,28.959999084472656,28.899999618530273,28.899999618530273,1099.0
2023-03-09 14:14:00,FCFS,88.58000183105469,88.58000183105469,88.58000183105469,88.58000183105469,88.58000183105469,635.0
2023-03-09 14:14:00,FCNCA,639.9000244140625,639.9000244140625,639.9000244140625,639.89501953125,639.89501953125,713.0
2023-03-09 14:14:00,FCRD,4.539999961853027,4.539999961853027,4.539999961853027,4.539999961853027,4.539999961853027,100.0
2023-03-09 14:14:00,FFBC,22.3700008392334,22.3700008392334,22.3700008392334,22.344999313354492,22.344999313354492,692.0
2023-03-09 14:14:00,FFIC,17.299999237060547,17.299999237060547,17.299999237060547,17.299999237060547,17.299999237060547,372.0
2023-03-09 14:14:00,FFIN,33.63999938964844,33.63999938964844,33.63999938964844,33.63999938964844,33.63999938964844,228.0
2023-03-09 14:14:00,FFWM,12.859999656677246,12.859999656677246,12.859999656677246,12.829999923706055,12.829999923706055,1091.0
2023-03-09 14:14:00,FHB,24.079999923706055,24.079999923706055,24.079999923706055,24.079999923706055,24.079999923706055,1447.0
2023-03-09 14:14:00,FIBK,32.11000061035156,32.11000061035156,32.130001068115234,32.08810043334961,32.08810043334961,2234.0
2023-03-09 14:14:00,FITB,32.09000015258789,32.09000015258789,32.09000015258789,32.03499984741211,32.03499984741211,13285.0
2023-03-09 14:14:00,FOCS,51.599998474121094,51.599998474121094,51.599998474121094,51.595001220703125,51.595001220703125,2775.0
2023-03-09 14:14:00,FSBW,33.16999816894531,33.16999816894531,33.189998626708984,33.16999816894531,33.189998626708984,631.0
2023-03-09 14:14:00,FULT,15.710000038146973,15.710000038146973,15.710000038146973,15.6899995803833,15.6899995803833,826.0
2023-03-09 14:14:00,FUTU,46.29999923706055,46.29999923706055,46.310001373291016,46.275001525878906,46.282501220703125,1587.0
2023-03-09 14:14:00,GAIN,13.555000305175781,13.555000305175781,13.5600004196167,13.555000305175781,13.5600004196167,622.0
2023-03-09 14:14:00,GBDC,13.329999923706055,13.329999923706055,13.329999923706055,13.324999809265137,13.32509994506836,804.0
2023-03-09 14:14:00,GCMG,8.390000343322754,8.390000343322754,8.390000343322754,8.390000343322754,8.390000343322754,100.0
2023-03-09 14:14:00,GECC,9.468600273132324,9.468600273132324,9.468600273132324,9.468600273132324,9.468600273132324,300.0
2023-03-09 14:14:00,GGAL,12.75,12.75,12.75,12.739999771118164,12.739999771118164,331.0
2023-03-09 14:14:00,GLAD,9.829999923706055,9.829999923706055,9.829999923706055,9.819999694824219,9.819999694824219,258.0
2023-03-09 14:14:00,GNTY,29.3700008392334,29.3700008392334,29.3700008392334,29.3700008392334,29.3700008392334,202.0
2023-03-09 14:14:00,GREE,0.41110101342201233,0.41110101342201233,0.41110101342201233,0.4110009968280792,0.4110009968280792,851.0
2023-03-09 14:14:00,GROW,2.662100076675415,2.662100076675415,2.662100076675415,2.662100076675415,2.662100076675415,106.0
2023-03-09 14:14:00,GSHD,51.310001373291016,51.310001373291016,51.369998931884766,51.279998779296875,51.369998931884766,671.0
2023-03-09 14:14:00,HAFC,21.780000686645508,21.780000686645508,21.780000686645508,21.780000686645508,21.780000686645508,241.0
2023-03-09 14:14:00,HBAN,13.854999542236328,13.854999542236328,13.859999656677246,13.831000328063965,13.835000038146973,21313.0
2023-03-09 14:14:00,HBNC,13.880000114440918,13.880000114440918,13.880000114440918,13.850000381469727,13.850000381469727,559.0
2023-03-09 14:14:00,HFWA,24.56999969482422,24.56999969482422,24.56999969482422,24.56999969482422,24.56999969482422,265.0
2023-03-09 14:14:00,HIFS,257.25,257.25,257.25,257.25,257.25,357.0
2023-03-09 14:14:00,HIVE,2.5,2.5,2.5,2.490000009536743,2.490000009536743,990.0
2023-03-09 14:14:00,HMST,22.389999389648438,22.389999389648438,22.389999389648438,22.389999389648438,22.389999389648438,195.0
2023-03-09 14:14:00,HOPE,11.779999732971191,11.779999732971191,11.779999732971191,11.759300231933594,11.759300231933594,7457.0
2023-03-09 14:14:00,HTBK,10.890000343322754,10.890000343322754,10.890000343322754,10.890000343322754,10.890000343322754,379.0
2023-03-09 14:14:00,HTLF,45.43000030517578,45.43000030517578,45.43000030517578,45.3671989440918,45.3671989440918,865.0
2023-03-09 14:14:00,HUT,1.3200000524520874,1.3200000524520874,1.3200000524520874,1.315000057220459,1.3174999952316284,4777.0
2023-03-09 14:14:00,HWBK,24.700000762939453,24.700000762939453,24.700000762939453,24.700000762939453,24.700000762939453,300.0
2023-03-09 14:14:00,HWC,43.93000030517578,43.93000030517578,43.93000030517578,43.88999938964844,43.88999938964844,693.0
2023-03-09 14:14:00,IBKR,87.44999694824219,87.44999694824219,87.44999694824219,87.34020233154297,87.4000015258789,1712.0
2023-03-09 14:14:00,INDB,71.95999908447266,71.95999908447266,71.95999908447266,71.95999908447266,71.95999908447266,275.0
2023-03-09 14:15:00,ACGL,69.19000244140625,69.19000244140625,69.20999908447266,69.18000030517578,69.20999908447266,4321.0
2023-03-09 14:15:00,AIHS,0.8849999904632568,0.8849999904632568,0.8849999904632568,0.8849999904632568,0.8849999904632568,100.0
2023-03-09 14:15:00,ALRS,19.059999465942383,19.059999465942383,19.059999465942383,19.010000228881836,19.010000228881836,1513.0
2023-03-09 14:15:00,AMAL,21.229999542236328,21.229999542236328,21.229999542236328,21.229999542236328,21.229999542236328,138.0
2023-03-09 14:15:00,AMTB,25.239999771118164,25.239999771118164,25.239999771118164,25.239999771118164,25.239999771118164,1051.0
2023-03-09 14:15:00,APLD,2.075000047683716,2.075000047683716,2.0799999237060547,2.075000047683716,2.0799999237060547,422.0
2023-03-09 14:15:00,ARCC,18.704999923706055,18.704999923706055,18.709999084472656,18.700000762939453,18.709999084472656,2439.0
2023-03-09 14:15:00,ATLCP,20.000099182128906,20.000099182128906,20.000099182128906,20.0,20.0,286.0
2023-03-09 14:15:00,ATLO,23.352500915527344,23.352500915527344,23.3700008392334,23.34000015258789,23.347000122070312,5797.0
2023-03-09 14:15:00,AUB,36.7400016784668,36.7400016784668,36.77000045776367,36.70000076293945,36.70000076293945,2712.0
2023-03-09 14:15:00,BANR,57.810001373291016,57.810001373291016,57.810001373291016,57.810001373291016,57.810001373291016,410.0
2023-03-09 14:15:00,BCBP,15.770000457763672,15.770000457763672,15.770000457763672,15.770000457763672,15.770000457763672,884.0
2023-03-09 14:15:00,BGCP,4.974999904632568,4.974999904632568,4.974999904632568,4.96999979019165,4.974999904632568,786.0
2023-03-09 14:15:00,BHF,52.540000915527344,52.540000915527344,52.540000915527344,52.5099983215332,52.5099983215332,1567.0
2023-03-09 14:15:00,BHFAN,18.790000915527344,18.790000915527344,18.790000915527344,18.760000228881836,18.784000396728516,425.0
2023-03-09 14:15:00,BITF,0.7376000285148621,0.7376000285148621,0.7376000285148621,0.7376000285148621,0.7376000285148621,1651.0
2023-03-09 14:15:00,BMRC,27.0049991607666,27.0049991607666,27.020000457763672,27.0,27.010000228881836,2338.0
2023-03-09 14:15:00,BOKF,96.25,96.25,96.25,96.13999938964844,96.18000030517578,616.0
2023-03-09 14:15:00,BPOP,62.619998931884766,62.619998931884766,62.650001525878906,62.599998474121094,62.599998474121094,1509.0
2023-03-09 14:15:00,BRKL,11.614999771118164,11.614999771118164,11.619999885559082,11.614999771118164,11.619999885559082,1327.0
2023-03-09 14:15:00,BRP,25.309999465942383,25.309999465942383,25.309999465942383,25.309999465942383,25.309999465942383,290.0
2023-03-09 14:15:00,BTBT,1.0700000524520874,1.0700000524520874,1.0750000476837158,1.0700000524520874,1.0750000476837158,1131.0
2023-03-09 14:15:00,BUSE,22.690000534057617,22.690000534057617,22.690000534057617,22.690000534057617,22.690000534057617,227.0
2023-03-09 14:15:00,BWB,13.430000305175781,13.430000305175781,13.430000305175781,13.430000305175781,13.430000305175781,1226.0
2023-03-09 14:15:00,CALB,24.520000457763672,24.520000457763672,24.520000457763672,24.520000457763672,24.520000457763672,302.0
2023-03-09 14:15:00,CARE,16.28499984741211,16.28499984741211,16.28499984741211,16.270000457763672,16.270000457763672,1000.0
2023-03-09 14:15:00,CASH,46.935001373291016,46.935001373291016,46.97999954223633,46.849998474121094,46.849998474121094,927.0
2023-03-09 14:15:00,CATC,70.81999969482422,70.81999969482422,70.81999969482422,70.61000061035156,70.62000274658203,471.0
2023-03-09 14:15:00,CATY,39.119998931884766,39.119998931884766,39.130001068115234,39.119998931884766,39.130001068115234,778.0
2023-03-09 14:15:00,CBAN,11.800000190734863,11.800000190734863,11.800000190734863,11.800000190734863,11.800000190734863,203.0
2023-03-09 14:15:00,CBSH,62.014400482177734,62.014400482177734,62.02000045776367,62.0,62.02000045776367,487.0
2023-03-09 14:15:00,CCB,42.209999084472656,42.209999084472656,42.209999084472656,42.209999084472656,42.209999084472656,188.0
2023-03-09 14:15:00,CCNEP,24.75,24.75,24.75,24.75,24.75,1046.0
2023-03-09 14:15:00,CFFN,7.539999961853027,7.539999961853027,7.539999961853027,7.539999961853027,7.539999961853027,311.0
2023-03-09 14:15:00,CG,33.65999984741211,33.65999984741211,33.65999984741211,33.630001068115234,33.650001525878906,10868.0
2023-03-09 14:15:00,CGBD,14.850000381469727,14.850000381469727,14.850000381469727,14.819999694824219,14.84000015258789,4096.0
2023-03-09 14:15:00,CHCO,91.875,91.875,91.875,91.875,91.875,119.0
2023-03-09 14:15:00,CHI,11.829999923706055,11.829999923706055,11.829999923706055,11.829999923706055,11.829999923706055,212.0
2023-03-09 14:15:00,CHW,6.006100177764893,6.006100177764893,6.006100177764893,6.006100177764893,6.006100177764893,2498.0
2023-03-09 14:15:00,CHY,12.210000038146973,12.210000038146973,12.210000038146973,12.210000038146973,12.210000038146973,200.0
2023-03-09 14:15:00,CIFR,1.399999976158142,1.399999976158142,1.399999976158142,1.399999976158142,1.399999976158142,209.0
2023-03-09 14:15:00,CINF,116.06999969482422,116.06999969482422,116.06999969482422,116.06999969482422,116.06999969482422,1452.0
2023-03-09 14:15:00,CLBK,19.739999771118164,19.739999771118164,19.739999771118164,19.729999542236328,19.729999542236328,453.0
2023-03-09 14:15:00,CME,178.24510192871094,178.24510192871094,178.31500244140625,178.24000549316406,178.28500366210938,1504.0
2023-03-09 14:15:00,COLB,25.249799728393555,25.249799728393555,25.25,25.219999313354492,25.219999313354492,6148.0
2023-03-09 14:15:00,COOP,43.900001525878906,43.900001525878906,43.900001525878906,43.869998931884766,43.869998931884766,1356.0
2023-03-09 14:15:00,CSTR,15.260000228881836,15.260000228881836,15.3100004196167,15.25,15.300000190734863,5836.0
2023-03-09 14:15:00,CSWC,18.24519920349121,18.24519920349121,18.25,18.24519920349121,18.249900817871094,741.0
2023-03-09 14:15:00,CVBF,21.81999969482422,21.81999969482422,21.829999923706055,21.81999969482422,21.81999969482422,3411.0
2023-03-09 14:15:00,DCOM,29.40999984741211,29.40999984741211,29.40999984741211,29.40999984741211,29.40999984741211,406.0
2023-03-09 14:15:00,DGICA,15.104999542236328,15.104999542236328,15.104999542236328,15.104999542236328,15.104999542236328,128.0
2023-03-09 14:15:00,DWACW,3.0799999237060547,3.0799999237060547,3.0799999237060547,3.0799999237060547,3.0799999237060547,100.0
2023-03-09 14:15:00,EBC,14.5649995803833,14.5649995803833,14.5649995803833,14.550000190734863,14.550000190734863,2346.0
2023-03-09 14:15:00,EGBN,40.310001373291016,40.310001373291016,40.310001373291016,40.310001373291016,40.310001373291016,127.0
2023-03-09 14:15:00,EWBC,67.9800033569336,67.9800033569336,68.0,67.94999694824219,67.94999694824219,7436.0
2023-03-09 14:15:00,EZPW,8.795000076293945,8.795000076293945,8.795000076293945,8.795000076293945,8.795000076293945,115.0
2023-03-09 14:15:00,FBMS,28.950000762939453,28.950000762939453,28.96500015258789,28.920000076293945,28.959999084472656,1738.0
2023-03-09 14:15:00,FBNC,38.66749954223633,38.66749954223633,38.66999816894531,38.63999938964844,38.654998779296875,990.0
2023-03-09 14:15:00,FCFS,88.56500244140625,88.56500244140625,88.56500244140625,88.56500244140625,88.56500244140625,279.0
2023-03-09 14:15:00,FCNCA,640.9299926757812,640.9299926757812,640.9299926757812,640.4550170898438,640.4550170898438,796.0
2023-03-09 14:15:00,FCRD,4.550000190734863,4.550000190734863,4.550000190734863,4.550000190734863,4.550000190734863,100.0
2023-03-09 14:15:00,FDUS,20.18000030517578,20.18000030517578,20.19499969482422,20.18000030517578,20.19499969482422,232.0
2023-03-09 14:15:00,FFBC,22.389999389648438,22.389999389648438,22.389999389648438,22.3799991607666,22.3799991607666,632.0
2023-03-09 14:15:00,FFIN,33.68000030517578,33.68000030517578,33.70000076293945,33.68000030517578,33.689998626708984,829.0
2023-03-09 14:15:00,FFWM,12.890000343322754,12.890000343322754,12.890000343322754,12.880000114440918,12.880000114440918,1885.0
2023-03-09 14:15:00,FHB,24.1299991607666,24.1299991607666,24.1299991607666,24.110000610351562,24.110000610351562,1595.0
2023-03-09 14:15:00,FITB,32.1349983215332,32.1349983215332,32.14500045776367,32.095001220703125,32.095001220703125,23924.0
2023-03-09 14:15:00,FITBP,24.079999923706055,24.079999923706055,24.079999923706055,24.079999923706055,24.079999923706055,496.0
2023-03-09 14:15:00,FLIC,16.190000534057617,16.190000534057617,16.190000534057617,16.190000534057617,16.190000534057617,578.0
2023-03-09 14:15:00,FMBH,28.309999465942383,28.309999465942383,28.309999465942383,28.309999465942383,28.309999465942383,224.0
2023-03-09 14:15:00,FMNB,13.21500015258789,13.21500015258789,13.21500015258789,13.21500015258789,13.21500015258789,100.0
2023-03-09 14:15:00,FOCS,51.619998931884766,51.619998931884766,51.619998931884766,51.599998474121094,51.599998474121094,5310.0
2023-03-09 14:15:00,FRME,37.5099983215332,37.5099983215332,37.5099983215332,37.439998626708984,37.439998626708984,1430.0
2023-03-09 14:15:00,FSBW,33.275001525878906,33.275001525878906,33.275001525878906,33.275001525878906,33.275001525878906,107.0
2023-03-09 14:15:00,FULT,15.71500015258789,15.71500015258789,15.720000267028809,15.699999809265137,15.699999809265137,2904.0
2023-03-09 14:15:00,FUTU,46.317501068115234,46.317501068115234,46.32500076293945,46.29999923706055,46.32500076293945,329.0
2023-03-09 14:15:00,GBDC,13.319999694824219,13.319999694824219,13.329899787902832,13.319999694824219,13.319999694824219,3312.0
2023-03-09 14:15:00,GCMG,8.399999618530273,8.399999618530273,8.399999618530273,8.399999618530273,8.399999618530273,605.0
2023-03-09 14:15:00,GECC,9.5,9.5,9.5,9.46500015258789,9.479900360107422,3168.0
2023-03-09 14:15:00,GGAL,12.739999771118164,12.739999771118164,12.739999771118164,12.739999771118164,12.739999771118164,350.0
2023-03-09 14:15:00,GLRE,10.249899864196777,10.249899864196777,10.249899864196777,10.249899864196777,10.249899864196777,500.0
2023-03-09 14:15:00,GREE,0.41519999504089355,0.41519999504089355,0.41519999504089355,0.41519999504089355,0.41519999504089355,250.0
2023-03-09 14:15:00,GSHD,51.404998779296875,51.404998779296875,51.404998779296875,51.36000061035156,51.36000061035156,435.0
2023-03-09 14:15:00,HAFC,21.790000915527344,21.790000915527344,21.790000915527344,21.790000915527344,21.790000915527344,275.0
2023-03-09 14:15:00,HBAN,13.875,13.875,13.875,13.854999542236328,13.854999542236328,30993.0
2023-03-09 14:15:00,HBCP,36.33000183105469,36.33000183105469,36.349998474121094,36.33000183105469,36.349998474121094,912.0
2023-03-09 14:15:00,HBNC,13.890000343322754,13.890000343322754,13.890000343322754,13.880000114440918,13.880000114440918,1028.0
2023-03-09 14:15:00,HBT,22.1299991607666,22.1299991607666,22.1299991607666,22.1299991607666,22.1299991607666,364.0
2023-03-09 14:15:00,HFWA,24.65999984741211,24.65999984741211,24.65999984741211,24.600000381469727,24.600000381469727,543.0
2023-03-09 14:15:00,HIVE,2.5,2.5,2.5,2.5,2.5,801.0
2023-03-09 14:15:00,HMST,22.325000762939453,22.325000762939453,22.389999389648438,22.31999969482422,22.3700008392334,1909.0
2023-03-09 14:15:00,HOPE,11.800000190734863,11.800000190734863,11.800000190734863,11.789999961853027,11.789999961853027,1372.0
2023-03-09 14:15:00,HRZN,11.718600273132324,11.718600273132324,11.718600273132324,11.718600273132324,11.718600273132324,215.0
2023-03-09 14:15:00,HTBI,27.71500015258789,27.71500015258789,27.71500015258789,27.709999084472656,27.709999084472656,525.0
2023-03-09 14:15:00,HTLF,45.61000061035156,45.61000061035156,45.61000061035156,45.5099983215332,45.5099983215332,1240.0
2023-03-09 14:15:00,HUT,1.3200000524520874,1.3200000524520874,1.3200000524520874,1.309999942779541,1.309999942779541,17874.0
2023-03-09 14:15:00,HWC,43.970001220703125,43.970001220703125,43.970001220703125,43.95000076293945,43.959999084472656,2416.0
2023-03-09 14:15:00,HYW,5.519999980926514,5.519999980926514,5.519999980926514,5.519999980926514,5.519999980926514,2250.0
2023-03-09 14:15:00,IBCP,20.6299991607666,20.6299991607666,20.6299991607666,20.6299991607666,20.6299991607666,229.0
2023-03-09 14:15:00,IBKR,87.44000244140625,87.44000244140625,87.45999908447266,87.4000015258789,87.44999694824219,2920.0
2023-03-09 14:15:00,IBOC,45.07500076293945,45.07500076293945,45.07500076293945,45.07500076293945,45.07500076293945,325.0
2023-03-09 14:15:00,INDB,72.0250015258789,72.0250015258789,72.04000091552734,72.0250015258789,72.02999877929688,981.0
2023-03-09 14:16:00,ACGL,69.30999755859375,69.30999755859375,69.30999755859375,69.20999908447266,69.20999908447266,53245.0
2023-03-09 14:16:00,ACGLN,18.739999771118164,18.739999771118164,18.739999771118164,18.739999771118164,18.739999771118164,101.0
2023-03-09 14:16:00,ACT,23.9950008392334,23.9950008392334,23.9950008392334,23.9950008392334,23.9950008392334,209.0
2023-03-09 14:16:00,APLD,2.075000047683716,2.075000047683716,2.075000047683716,2.075000047683716,2.075000047683716,133.0
2023-03-09 14:16:00,ARCC,18.69230079650879,18.69230079650879,18.719999313354492,18.690000534057617,18.700000762939453,26074.0
2023-03-09 14:16:00,AROW,28.6299991607666,28.6299991607666,28.690000534057617,28.559999465942383,28.579999923706055,1041.0
2023-03-09 14:16:00,ATLO,23.360000610351562,23.360000610351562,23.360000610351562,23.334999084472656,23.334999084472656,721.0
2023-03-09 14:16:00,AUB,36.75,36.75,36.779998779296875,36.7400016784668,36.7400016784668,1820.0
2023-03-09 14:16:00,BCML,19.270000457763672,19.270000457763672,19.270000457763672,19.270000457763672,19.270000457763672,664.0
2023-03-09 14:16:00,BGCP,4.989999771118164,4.989999771118164,4.989999771118164,4.974999904632568,4.980000019073486,20057.0
2023-03-09 14:16:00,BHF,52.61000061035156,52.61000061035156,52.61000061035156,52.599998474121094,52.599998474121094,899.0
2023-03-09 14:16:00,BHFAN,18.790000915527344,18.790000915527344,18.790000915527344,18.790000915527344,18.790000915527344,110.0
2023-03-09 14:16:00,BITF,0.7390000224113464,0.7390000224113464,0.7400000095367432,0.7376000285148621,0.7376000285148621,3286.0
2023-03-09 14:16:00,BKCC,3.6500000953674316,3.6500000953674316,3.6500000953674316,3.6500000953674316,3.6500000953674316,143.0
2023-03-09 14:16:00,BPOP,62.689998626708984,62.689998626708984,62.689998626708984,62.66999816894531,62.66999816894531,838.0
2023-03-09 14:16:00,BPRN,33.525001525878906,33.525001525878906,33.525001525878906,33.525001525878906,33.525001525878906,345.0
2023-03-09 14:16:00,BRKL,11.619999885559082,11.619999885559082,11.619999885559082,11.619999885559082,11.619999885559082,534.0
2023-03-09 14:16:00,BSRR,19.350000381469727,19.350000381469727,19.350000381469727,19.350000381469727,19.350000381469727,209.0
2023-03-09 14:16:00,BTBT,1.0709999799728394,1.0709999799728394,1.0793999433517456,1.0700000524520874,1.0793999433517456,919.0
2023-03-09 14:16:00,CALB,24.520000457763672,24.520000457763672,24.520000457763672,24.520000457763672,24.520000457763672,211.0
2023-03-09 14:16:00,CBSH,62.06999969482422,62.06999969482422,62.06999969482422,62.034000396728516,62.034000396728516,1198.0
2023-03-09 14:16:00,CCBG,33.025001525878906,33.025001525878906,33.025001525878906,33.025001525878906,33.025001525878906,172.0
2023-03-09 14:16:00,CCD,22.954999923706055,22.954999923706055,22.954999923706055,22.954999923706055,22.954999923706055,101.0
2023-03-09 14:16:00,CFB,12.34000015258789,12.34000015258789,12.34000015258789,12.34000015258789,12.34000015258789,608.0
2023-03-09 14:16:00,CFFN,7.545000076293945,7.545000076293945,7.545000076293945,7.545000076293945,7.545000076293945,731.0
2023-03-09 14:16:00,CG,33.709999084472656,33.709999084472656,33.71500015258789,33.65999984741211,33.665000915527344,4221.0
2023-03-09 14:16:00,CHI,11.84000015258789,11.84000015258789,11.84000015258789,11.84000015258789,11.84000015258789,188.0
2023-03-09 14:16:00,CHY,12.220000267028809,12.220000267028809,12.220000267028809,12.210000038146973,12.210000038146973,713.0
2023-03-09 14:16:00,CIFR,1.409999966621399,1.409999966621399,1.409999966621399,1.409999966621399,1.409999966621399,223.0
2023-03-09 14:16:00,CME,178.41000366210938,178.41000366210938,178.4499969482422,178.31500244140625,178.31500244140625,3465.0
2023-03-09 14:16:00,CNOB,22.020000457763672,22.020000457763672,22.020000457763672,21.985000610351562,21.985000610351562,203.0
2023-03-09 14:16:00,COLB,25.264999389648438,25.264999389648438,25.264999389648438,25.25,25.25,1782.0
2023-03-09 14:16:00,COOP,43.869998931884766,43.869998931884766,43.89500045776367,43.869998931884766,43.89500045776367,2574.0
2023-03-09 14:16:00,CSQ,13.859999656677246,13.859999656677246,13.859999656677246,13.850000381469727,13.850000381469727,600.0
2023-03-09 14:16:00,CSTR,15.279999732971191,15.279999732971191,15.279999732971191,15.279999732971191,15.279999732971191,200.0
2023-03-09 14:16:00,CTBI,40.60499954223633,40.60499954223633,40.60499954223633,40.54999923706055,40.54999923706055,912.0
2023-03-09 14:16:00,CVBF,21.81999969482422,21.81999969482422,21.829999923706055,21.81999969482422,21.825000762939453,9825.0
2023-03-09 14:16:00,CVCY,24.350000381469727,24.350000381469727,24.350000381469727,24.28499984741211,24.28499984741211,574.0
2023-03-09 14:16:00,EBC,14.569999694824219,14.569999694824219,14.569999694824219,14.569999694824219,14.569999694824219,183.0
2023-03-09 14:16:00,ECPG,50.630001068115234,50.630001068115234,50.689998626708984,50.630001068115234,50.689998626708984,628.0
2023-03-09 14:16:00,EGBN,40.314998626708984,40.314998626708984,40.34000015258789,40.314998626708984,40.34000015258789,490.0
2023-03-09 14:16:00,EHTH,8.58080005645752,8.58080005645752,8.586799621582031,8.58080005645752,8.586799621582031,852.0
2023-03-09 14:16:00,EWBC,68.01249694824219,68.01249694824219,68.0199966430664,67.9800033569336,68.0,7319.0
2023-03-09 14:16:00,EZPW,8.805000305175781,8.805000305175781,8.805000305175781,8.795000076293945,8.795000076293945,1241.0
2023-03-09 14:16:00,FBMS,28.950000762939453,28.950000762939453,28.969999313354492,28.90999984741211,28.934999465942383,1942.0
2023-03-09 14:16:00,FCFS,88.56500244140625,88.56500244140625,88.56500244140625,88.56500244140625,88.56500244140625,403.0
2023-03-09 14:16:00,FCRD,4.539999961853027,4.539999961853027,4.539999961853027,4.539999961853027,4.539999961853027,101.0
2023-03-09 14:16:00,FDUS,20.16010093688965,20.16010093688965,20.16010093688965,20.16010093688965,20.16010093688965,976.0
2023-03-09 14:16:00,FFBC,22.420000076293945,22.420000076293945,22.420000076293945,22.420000076293945,22.420000076293945,479.0
2023-03-09 14:16:00,FFIC,17.33329963684082,17.33329963684082,17.34000015258789,17.329999923706055,17.329999923706055,2463.0
2023-03-09 14:16:00,FFIN,33.73500061035156,33.73500061035156,33.73500061035156,33.73500061035156,33.73500061035156,297.0
2023-03-09 14:16:00,FIBK,32.20500183105469,32.20500183105469,32.20500183105469,32.189998626708984,32.189998626708984,2785.0
2023-03-09 14:16:00,FITB,32.16999816894531,32.16999816894531,32.16999816894531,32.13999938964844,32.13999938964844,5904.0
2023-03-09 14:16:00,FLIC,16.200000762939453,16.200000762939453,16.200000762939453,16.200000762939453,16.200000762939453,118.0
2023-03-09 14:16:00,FMBH,28.451200485229492,28.451200485229492,28.451200485229492,28.350000381469727,28.350000381469727,753.0
2023-03-09 14:16:00,FMNB,13.229999542236328,13.229999542236328,13.229999542236328,13.218099594116211,13.218099594116211,2087.0
2023-03-09 14:16:00,FOCS,51.630001068115234,51.630001068115234,51.630001068115234,51.630001068115234,51.630001068115234,831.0
2023-03-09 14:16:00,FULT,15.729999542236328,15.729999542236328,15.729999542236328,15.729999542236328,15.729999542236328,260.0
2023-03-09 14:16:00,FUTU,46.35499954223633,46.35499954223633,46.35499954223633,46.310001373291016,46.310001373291016,753.0
2023-03-09 14:16:00,GBDC,13.329999923706055,13.329999923706055,13.329999923706055,13.319999694824219,13.319999694824219,2049.0
2023-03-09 14:16:00,GCMG,8.404999732971191,8.404999732971191,8.404999732971191,8.404999732971191,8.404999732971191,136.0
2023-03-09 14:16:00,GECC,9.489999771118164,9.489999771118164,9.494999885559082,9.479999542236328,9.479999542236328,1823.0
2023-03-09 14:16:00,GGAL,12.770000457763672,12.770000457763672,12.789999961853027,12.75,12.75,2585.0
2023-03-09 14:16:00,GSHD,51.529998779296875,51.529998779296875,51.529998779296875,51.45000076293945,51.45000076293945,2180.0
2023-03-09 14:16:00,HBAN,13.875,13.875,13.880000114440918,13.869999885559082,13.880000114440918,33616.0
2023-03-09 14:16:00,HBCP,36.34000015258789,36.34000015258789,36.34000015258789,36.34000015258789,36.34000015258789,121.0
2023-03-09 14:16:00,HFWA,24.670000076293945,24.670000076293945,24.670000076293945,24.670000076293945,24.670000076293945,287.0
2023-03-09 14:16:00,HIVE,2.509999990463257,2.509999990463257,2.509999990463257,2.4999001026153564,2.5,1992.0
2023-03-09 14:16:00,HLNE,74.87999725341797,74.87999725341797,74.87999725341797,74.87999725341797,74.87999725341797,163.0
2023-03-09 14:16:00,HONE,12.649999618530273,12.649999618530273,12.649999618530273,12.649999618530273,12.649999618530273,337.0
2023-03-09 14:16:00,HOPE,11.800000190734863,11.800000190734863,11.800000190734863,11.800000190734863,11.800000190734863,357.0
2023-03-09 14:16:00,HRZN,11.71500015258789,11.71500015258789,11.71500015258789,11.71500015258789,11.71500015258789,280.0
2023-03-09 14:16:00,HUT,1.315000057220459,1.315000057220459,1.3200000524520874,1.3100999593734741,1.315000057220459,27030.0
2023-03-09 14:16:00,IBCP,20.649999618530273,20.649999618530273,20.649999618530273,20.649999618530273,20.649999618530273,203.0
2023-03-09 14:16:00,IBKR,87.44499969482422,87.44499969482422,87.51000213623047,87.44499969482422,87.48999786376953,3469.0
2023-03-09 14:16:00,INTR,2.0399999618530273,2.0399999618530273,2.0399999618530273,2.0299999713897705,2.0299999713897705,1866.0
2023-03-09 14:17:00,ABCB,42.810001373291016,42.810001373291016,42.810001373291016,42.810001373291016,42.810001373291016,369.0
2023-03-09 14:17:00,ACGL,69.25,69.25,69.29000091552734,69.25,69.29000091552734,5132.0
2023-03-09 14:17:00,ACT,24.010000228881836,24.010000228881836,24.010000228881836,24.010000228881836,24.010000228881836,223.0
2023-03-09 14:17:00,AMAL,21.229999542236328,21.229999542236328,21.229999542236328,21.229999542236328,21.229999542236328,488.0
2023-03-09 14:17:00,ARCC,18.686100006103516,18.686100006103516,18.69499969482422,18.670000076293945,18.69499969482422,21148.0
2023-03-09 14:17:00,ATLO,23.3700008392334,23.3700008392334,23.3799991607666,23.3700008392334,23.3799991607666,1775.0
2023-03-09 14:17:00,AUB,36.72999954223633,36.72999954223633,36.7400016784668,36.720001220703125,36.720001220703125,2512.0
2023-03-09 14:17:00,BANR,57.93000030517578,57.93000030517578,57.93000030517578,57.93000030517578,57.93000030517578,225.0
2023-03-09 14:17:00,BFST,18.670000076293945,18.670000076293945,18.670000076293945,18.670000076293945,18.670000076293945,100.0
2023-03-09 14:17:00,BGCP,4.994999885559082,4.994999885559082,4.994999885559082,4.994999885559082,4.994999885559082,1165.0
2023-03-09 14:17:00,BITF,0.7419999837875366,0.7419999837875366,0.7419999837875366,0.7404999732971191,0.7404999732971191,2144.0
2023-03-09 14:17:00,BMRC,27.0,27.0,27.065000534057617,26.979999542236328,26.979999542236328,2494.0
2023-03-09 14:17:00,BOKF,96.27999877929688,96.27999877929688,96.27999877929688,96.27999877929688,96.27999877929688,352.0
2023-03-09 14:17:00,BPOP,62.7400016784668,62.7400016784668,62.7400016784668,62.63999938964844,62.65999984741211,5127.0
2023-03-09 14:17:00,BRKL,11.635000228881836,11.635000228881836,11.635000228881836,11.625,11.625,922.0
2023-03-09 14:17:00,BRP,25.350000381469727,25.350000381469727,25.350000381469727,25.350000381469727,25.350000381469727,251.0
2023-03-09 14:17:00,BTBT,1.0750000476837158,1.0750000476837158,1.0789999961853027,1.0720000267028809,1.0720000267028809,1547.0
2023-03-09 14:17:00,BUSE,22.690000534057617,22.690000534057617,22.690000534057617,22.690000534057617,22.690000534057617,302.0
2023-03-09 14:17:00,CACC,434.614990234375,434.614990234375,434.614990234375,433.2049865722656,433.2049865722656,623.0
2023-03-09 14:17:00,CALB,24.514999389648438,24.514999389648438,24.514999389648438,24.514999389648438,24.514999389648438,220.0
2023-03-09 14:17:00,CCB,42.36000061035156,42.36000061035156,42.36000061035156,42.36000061035156,42.36000061035156,261.0
2023-03-09 14:17:00,CCBG,33.040000915527344,33.040000915527344,33.040000915527344,33.040000915527344,33.040000915527344,536.0
2023-03-09 14:17:00,CCNE,22.655000686645508,22.655000686645508,22.655000686645508,22.655000686645508,22.655000686645508,164.0
2023-03-09 14:17:00,CFFN,7.545000076293945,7.545000076293945,7.545000076293945,7.545000076293945,7.545000076293945,147.0
2023-03-09 14:17:00,CG,33.709999084472656,33.709999084472656,33.720001220703125,33.70000076293945,33.709999084472656,8793.0
2023-03-09 14:17:00,CGBD,14.850000381469727,14.850000381469727,14.850000381469727,14.840100288391113,14.850000381469727,1209.0
2023-03-09 14:17:00,CHCO,91.94000244140625,91.94000244140625,91.94000244140625,91.94000244140625,91.94000244140625,226.0
2023-03-09 14:17:00,CHY,12.210000038146973,12.210000038146973,12.210000038146973,12.210000038146973,12.210000038146973,100.0
2023-03-09 14:17:00,CIFR,1.4082000255584717,1.4082000255584717,1.4082000255584717,1.4082000255584717,1.4082000255584717,250.0
2023-03-09 14:17:00,CLBK,19.75,19.75,19.75,19.739999771118164,19.739999771118164,581.0
2023-03-09 14:17:00,CME,178.4199981689453,178.4199981689453,178.47000122070312,178.3699951171875,178.38999938964844,2290.0
2023-03-09 14:17:00,CNOB,22.049999237060547,22.049999237060547,22.049999237060547,21.9950008392334,21.9950008392334,1166.0
2023-03-09 14:17:00,COLB,25.290000915527344,25.290000915527344,25.290000915527344,25.260000228881836,25.264999389648438,7540.0
2023-03-09 14:17:00,CVBF,21.825000762939453,21.825000762939453,21.825000762939453,21.81999969482422,21.825000762939453,1980.0
2023-03-09 14:17:00,EBC,14.579899787902832,14.579899787902832,14.579999923706055,14.569100379943848,14.569100379943848,1346.0
2023-03-09 14:17:00,ECPG,50.560001373291016,50.560001373291016,50.630001068115234,50.560001373291016,50.630001068115234,894.0
2023-03-09 14:17:00,EGBN,40.36000061035156,40.36000061035156,40.36000061035156,40.36000061035156,40.36000061035156,166.0
2023-03-09 14:17:00,EHTH,8.579999923706055,8.579999923706055,8.579999923706055,8.579999923706055,8.579999923706055,400.0
2023-03-09 14:17:00,EQBK,28.25,28.25,28.25,28.25,28.25,189.0
2023-03-09 14:17:00,EWBC,68.0,68.0,68.0,67.88999938964844,67.91000366210938,1704.0
2023-03-09 14:17:00,FBMS,28.90999984741211,28.90999984741211,28.90999984741211,28.90999984741211,28.90999984741211,1199.0
2023-03-09 14:17:00,FBNC,38.689998626708984,38.689998626708984,38.689998626708984,38.689998626708984,38.689998626708984,110.0
2023-03-09 14:17:00,FCRD,4.599999904632568,4.599999904632568,4.599999904632568,4.539999961853027,4.539999961853027,500.0
2023-03-09 14:17:00,FDUS,20.19499969482422,20.19499969482422,20.19499969482422,20.19499969482422,20.19499969482422,169.0
2023-03-09 14:17:00,FFIN,33.75,33.75,33.75,33.75,33.75,483.0
2023-03-09 14:17:00,FFWM,12.9399995803833,12.9399995803833,12.9399995803833,12.9399995803833,12.9399995803833,484.0
2023-03-09 14:17:00,FHB,24.149999618530273,24.149999618530273,24.149999618530273,24.149999618530273,24.149999618530273,927.0
2023-03-09 14:17:00,FIBK,32.22999954223633,32.22999954223633,32.25,32.20000076293945,32.20000076293945,8166.0
2023-03-09 14:17:00,FISI,23.139999389648438,23.139999389648438,23.139999389648438,23.139999389648438,23.139999389648438,679.0
2023-03-09 14:17:00,FITB,32.1150016784668,32.1150016784668,32.165000915527344,32.101898193359375,32.165000915527344,52034.0
2023-03-09 14:17:00,FLIC,16.209999084472656,16.209999084472656,16.209999084472656,16.209999084472656,16.209999084472656,256.0
2023-03-09 14:17:00,FMNB,13.229999542236328,13.229999542236328,13.229999542236328,13.229999542236328,13.229999542236328,237.0
2023-03-09 14:17:00,FNCB,7.284999847412109,7.284999847412109,7.284999847412109,7.284999847412109,7.284999847412109,169.0
2023-03-09 14:17:00,FOCS,51.630001068115234,51.630001068115234,51.63999938964844,51.625,51.63999938964844,3491.0
2023-03-09 14:17:00,FRBA,12.819999694824219,12.819999694824219,12.819999694824219,12.819999694824219,12.819999694824219,269.0
2023-03-09 14:17:00,FRBK,1.7300000190734863,1.7300000190734863,1.7300000190734863,1.7300000190734863,1.7300000190734863,127.0
2023-03-09 14:17:00,FRST,10.772100448608398,10.772100448608398,10.772100448608398,10.772100448608398,10.772100448608398,245.0
2023-03-09 14:17:00,FSBW,33.32500076293945,33.32500076293945,33.380001068115234,33.16999816894531,33.16999816894531,1137.0
2023-03-09 14:17:00,FULT,15.729999542236328,15.729999542236328,15.739999771118164,15.720000267028809,15.729999542236328,1699.0
2023-03-09 14:17:00,FUTU,46.33000183105469,46.33000183105469,46.3650016784668,46.33000183105469,46.349998474121094,358.0
2023-03-09 14:17:00,GBDC,13.335000038146973,13.335000038146973,13.335000038146973,13.329999923706055,13.335000038146973,1480.0
2023-03-09 14:17:00,GCMG,8.40999984741211,8.40999984741211,8.40999984741211,8.40999984741211,8.40999984741211,111.0
2023-03-09 14:17:00,GGAL,12.770000457763672,12.770000457763672,12.770000457763672,12.770000457763672,12.770000457763672,410.0
2023-03-09 14:17:00,GLRE,10.225000381469727,10.225000381469727,10.225000381469727,10.199999809265137,10.210000038146973,713.0
2023-03-09 14:17:00,GREE,0.4113210141658783,0.4113210141658783,0.4113210141658783,0.41119998693466187,0.41119998693466187,2681.0
2023-03-09 14:17:00,HAFC,21.81999969482422,21.81999969482422,21.81999969482422,21.81999969482422,21.81999969482422,418.0
2023-03-09 14:17:00,HBAN,13.885000228881836,13.885000228881836,13.890000343322754,13.859999656677246,13.869999885559082,175325.0
2023-03-09 14:17:00,HBCP,36.34000015258789,36.34000015258789,36.34000015258789,36.34000015258789,36.34000015258789,547.0
2023-03-09 14:17:00,HBNC,13.899999618530273,13.899999618530273,13.899999618530273,13.888400077819824,13.890000343322754,707.0
2023-03-09 14:17:00,HFWA,24.69499969482422,24.69499969482422,24.69499969482422,24.69499969482422,24.69499969482422,505.0
2023-03-09 14:17:00,HIFS,257.0150146484375,257.0150146484375,258.760009765625,257.0150146484375,258.760009765625,590.0
2023-03-09 14:17:00,HIVE,2.5088000297546387,2.5088000297546387,2.5088000297546387,2.5088000297546387,2.5088000297546387,281.0
2023-03-09 14:17:00,HLNE,74.94000244140625,74.94000244140625,75.0999984741211,74.94000244140625,75.0999984741211,1122.0
2023-03-09 14:17:00,HMST,22.40999984741211,22.40999984741211,22.40999984741211,22.3700008392334,22.3700008392334,838.0
2023-03-09 14:17:00,HOPE,11.8100004196167,11.8100004196167,11.8100004196167,11.800000190734863,11.800000190734863,619.0
2023-03-09 14:17:00,HUT,1.3164000511169434,1.3164000511169434,1.3200000524520874,1.3142000436782837,1.3200000524520874,1615.0
2023-03-09 14:17:00,HWC,44.084999084472656,44.084999084472656,44.084999084472656,44.084999084472656,44.084999084472656,228.0
2023-03-09 14:17:00,HWEL,10.100000381469727,10.100000381469727,10.104999542236328,10.100000381469727,10.100000381469727,21066.0
2023-03-09 14:17:00,IBKR,87.38500213623047,87.38500213623047,87.42500305175781,87.33100128173828,87.42500305175781,1087.0
2023-03-09 14:17:00,INBK,23.43000030517578,23.43000030517578,23.43000030517578,23.43000030517578,23.43000030517578,946.0
2023-03-09 14:17:00,INDB,72.0250015258789,72.0250015258789,72.08000183105469,71.97000122070312,72.08000183105469,3548.0
2023-03-09 14:18:00,ABCB,42.77000045776367,42.77000045776367,42.77000045776367,42.77000045776367,42.77000045776367,745.0
2023-03-09 14:18:00,ACGL,69.31999969482422,69.31999969482422,69.31999969482422,69.25,69.25,4981.0
2023-03-09 14:18:00,AMNB,31.459999084472656,31.459999084472656,31.610000610351562,31.420000076293945,31.524999618530273,6786.0
2023-03-09 14:18:00,APMI,10.319999694824219,10.319999694824219,10.319999694824219,10.319999694824219,10.319999694824219,400.0
2023-03-09 14:18:00,ARCC,18.684999465942383,18.684999465942383,18.690000534057617,18.68000030517578,18.684999465942383,9576.0
2023-03-09 14:18:00,ATLO,23.40999984741211,23.40999984741211,23.40999984741211,23.3700008392334,23.3700008392334,1284.0
2023-03-09 14:18:00,AUB,36.709999084472656,36.709999084472656,36.724998474121094,36.709999084472656,36.720001220703125,4805.0
2023-03-09 14:18:00,BANR,57.84000015258789,57.84000015258789,57.84000015258789,57.84000015258789,57.84000015258789,601.0
2023-03-09 14:18:00,BFST,18.65999984741211,18.65999984741211,18.65999984741211,18.65999984741211,18.65999984741211,268.0
2023-03-09 14:18:00,BGCP,4.989999771118164,4.989999771118164,4.989999771118164,4.989999771118164,4.989999771118164,200.0
2023-03-09 14:18:00,BHF,52.595001220703125,52.595001220703125,52.595001220703125,52.56999969482422,52.56999969482422,1313.0
2023-03-09 14:18:00,BITF,0.7434989809989929,0.7434989809989929,0.7434989809989929,0.7434989809989929,0.7434989809989929,120.0
2023-03-09 14:18:00,BKCC,3.6500000953674316,3.6500000953674316,3.6500000953674316,3.6500000953674316,3.6500000953674316,137.0
2023-03-09 14:18:00,BMRC,27.040000915527344,27.040000915527344,27.040000915527344,27.0,27.0,1895.0
2023-03-09 14:18:00,BPOP,62.619998931884766,62.619998931884766,62.709999084472656,62.6150016784668,62.709999084472656,4694.0
2023-03-09 14:18:00,BRKL,11.619999885559082,11.619999885559082,11.630800247192383,11.619999885559082,11.630800247192383,2333.0
2023-03-09 14:18:00,BTBT,1.0740000009536743,1.0740000009536743,1.0799000263214111,1.0740000009536743,1.0799000263214111,299.0
2023-03-09 14:18:00,CARE,16.350000381469727,16.350000381469727,16.350000381469727,16.34000015258789,16.350000381469727,401.0
2023-03-09 14:18:00,CATY,39.11000061035156,39.11000061035156,39.13999938964844,39.11000061035156,39.13999938964844,1234.0
2023-03-09 14:18:00,CBSH,62.06850051879883,62.06850051879883,62.06999969482422,62.04999923706055,62.06999969482422,1535.0
2023-03-09 14:18:00,CCAP,14.911399841308594,14.911399841308594,14.911399841308594,14.911399841308594,14.911399841308594,325.0
2023-03-09 14:18:00,CFFN,7.545000076293945,7.545000076293945,7.545000076293945,7.539999961853027,7.539999961853027,483.0
2023-03-09 14:18:00,CG,33.689998626708984,33.689998626708984,33.70000076293945,33.68000030517578,33.70000076293945,4005.0
2023-03-09 14:18:00,CGBD,14.850000381469727,14.850000381469727,14.850000381469727,14.850000381469727,14.850000381469727,317.0
2023-03-09 14:18:00,CHCO,91.87000274658203,91.87000274658203,91.87000274658203,91.87000274658203,91.87000274658203,1651.0
2023-03-09 14:18:00,CHW,6.005000114440918,6.005000114440918,6.005000114440918,6.005000114440918,6.005000114440918,112.0
2023-03-09 14:18:00,CHY,12.210000038146973,12.210000038146973,12.210000038146973,12.210000038146973,12.210000038146973,200.0
2023-03-09 14:18:00,CLBK,19.75,19.75,19.75,19.739999771118164,19.75,3510.0
2023-03-09 14:18:00,CME,178.47999572753906,178.47999572753906,178.52000427246094,178.3699951171875,178.4199981689453,3684.0
2023-03-09 14:18:00,CNOB,22.075000762939453,22.075000762939453,22.075000762939453,22.075000762939453,22.075000762939453,105.0
2023-03-09 14:18:00,COLB,25.280000686645508,25.280000686645508,25.290000915527344,25.270000457763672,25.290000915527344,3743.0
2023-03-09 14:18:00,COOP,43.81999969482422,43.81999969482422,43.83000183105469,43.81999969482422,43.83000183105469,639.0
2023-03-09 14:18:00,CSWC,18.260000228881836,18.260000228881836,18.270000457763672,18.260000228881836,18.270000457763672,797.0
2023-03-09 14:18:00,CVBF,21.809999465942383,21.809999465942383,21.850000381469727,21.809999465942383,21.829999923706055,16829.0
2023-03-09 14:18:00,CZWI,12.229999542236328,12.229999542236328,12.229999542236328,12.220000267028809,12.220000267028809,510.0
2023-03-09 14:18:00,DCOM,29.440000534057617,29.440000534057617,29.440000534057617,29.440000534057617,29.440000534057617,449.0
2023-03-09 14:18:00,DWAC,14.050000190734863,14.050000190734863,14.050000190734863,14.050000190734863,14.050000190734863,132.0
2023-03-09 14:18:00,EBC,14.569999694824219,14.569999694824219,14.569999694824219,14.569999694824219,14.569999694824219,604.0
2023-03-09 14:18:00,ECPG,50.45000076293945,50.45000076293945,50.5,50.45000076293945,50.5,626.0
2023-03-09 14:18:00,EGBN,40.334999084472656,40.334999084472656,40.334999084472656,40.334999084472656,40.334999084472656,385.0
2023-03-09 14:18:00,EQBK,28.260000228881836,28.260000228881836,28.260000228881836,28.260000228881836,28.260000228881836,179.0
2023-03-09 14:18:00,ESQ,41.81999969482422,41.81999969482422,41.81999969482422,41.81999969482422,41.81999969482422,219.0
2023-03-09 14:18:00,EWBC,67.93000030517578,67.93000030517578,67.97000122070312,67.93000030517578,67.97000122070312,1918.0
2023-03-09 14:18:00,FBNC,38.75,38.75,38.75,38.70000076293945,38.70000076293945,1564.0
2023-03-09 14:18:00,FCRD,4.599999904632568,4.599999904632568,4.599999904632568,4.599999904632568,4.599999904632568,102.0
2023-03-09 14:18:00,FFBC,22.42840003967285,22.42840003967285,22.42840003967285,22.424999237060547,22.424999237060547,388.0
2023-03-09 14:18:00,FFIN,33.71500015258789,33.71500015258789,33.71500015258789,33.71500015258789,33.71500015258789,461.0
2023-03-09 14:18:00,FHB,24.139999389648438,24.139999389648438,24.15999984741211,24.139999389648438,24.15999984741211,1515.0
2023-03-09 14:18:00,FIBK,32.20000076293945,32.20000076293945,32.22999954223633,32.20000076293945,32.22999954223633,1069.0
2023-03-09 14:18:00,FITB,32.09000015258789,32.09000015258789,32.119998931884766,32.09000015258789,32.119998931884766,21140.0
2023-03-09 14:18:00,FITBP,24.087799072265625,24.087799072265625,24.087799072265625,24.087799072265625,24.087799072265625,204.0
2023-03-09 14:18:00,FLIC,16.209999084472656,16.209999084472656,16.209999084472656,16.209999084472656,16.209999084472656,820.0
2023-03-09 14:18:00,FOCS,51.625,51.625,51.630001068115234,51.619998931884766,51.619998931884766,1170.0
2023-03-09 14:18:00,FRHC,72.44000244140625,72.44000244140625,72.44000244140625,72.44000244140625,72.44000244140625,182.0
2023-03-09 14:18:00,FSBW,33.39500045776367,33.39500045776367,33.39500045776367,33.39500045776367,33.39500045776367,168.0
2023-03-09 14:18:00,FULT,15.720000267028809,15.720000267028809,15.729999542236328,15.720000267028809,15.729999542236328,524.0
2023-03-09 14:18:00,FUTU,46.36000061035156,46.36000061035156,46.36000061035156,46.36000061035156,46.36000061035156,135.0
2023-03-09 14:18:00,GBDC,13.329999923706055,13.329999923706055,13.331999778747559,13.329999923706055,13.331999778747559,847.0
2023-03-09 14:18:00,GCMG,8.404999732971191,8.404999732971191,8.404999732971191,8.404999732971191,8.404999732971191,206.0
2023-03-09 14:18:00,GGAL,12.770000457763672,12.770000457763672,12.770000457763672,12.770000457763672,12.770000457763672,409.0
2023-03-09 14:18:00,GLRE,10.199999809265137,10.199999809265137,10.225000381469727,10.199999809265137,10.199999809265137,474.0
2023-03-09 14:18:00,GNTY,29.155899047851562,29.155899047851562,29.155899047851562,29.155899047851562,29.155899047851562,286.0
2023-03-09 14:18:00,GOCO,18.6299991607666,18.6299991607666,18.6299991607666,18.6299991607666,18.6299991607666,181.0
2023-03-09 14:18:00,GREE,0.41519999504089355,0.41519999504089355,0.41519999504089355,0.41519999504089355,0.41519999504089355,301.0
2023-03-09 14:18:00,GSHD,51.540000915527344,51.540000915527344,51.540000915527344,51.540000915527344,51.540000915527344,513.0
2023-03-09 14:18:00,HALL,11.25,11.25,11.25,11.25,11.25,1284.0
2023-03-09 14:18:00,HBAN,13.875,13.875,13.885000228881836,13.869999885559082,13.885000228881836,73049.0
2023-03-09 14:18:00,HBNC,13.880000114440918,13.880000114440918,13.890000343322754,13.880000114440918,13.890000343322754,1392.0
2023-03-09 14:18:00,HFWA,24.639999389648438,24.639999389648438,24.670000076293945,24.639999389648438,24.670000076293945,1531.0
2023-03-09 14:18:00,HIFS,257.0450134277344,257.0450134277344,257.0450134277344,257.0450134277344,257.0450134277344,102.0
2023-03-09 14:18:00,HMST,22.440000534057617,22.440000534057617,22.440000534057617,22.440000534057617,22.440000534057617,100.0
2023-03-09 14:18:00,HONE,12.65999984741211,12.65999984741211,12.65999984741211,12.65999984741211,12.65999984741211,844.0
2023-03-09 14:18:00,HOPE,11.789999961853027,11.789999961853027,11.789999961853027,11.789999961853027,11.789999961853027,412.0
2023-03-09 14:18:00,HRZN,11.710000038146973,11.710000038146973,11.710000038146973,11.710000038146973,11.710000038146973,640.0
2023-03-09 14:18:00,HUT,1.31850004196167,1.31850004196167,1.31850004196167,1.31850004196167,1.31850004196167,100.0
2023-03-09 14:18:00,HWC,44.060001373291016,44.060001373291016,44.060001373291016,44.040000915527344,44.060001373291016,1219.0
2023-03-09 14:18:00,IBCP,20.68000030517578,20.68000030517578,20.68000030517578,20.68000030517578,20.68000030517578,103.0
2023-03-09 14:18:00,IBKR,87.31999969482422,87.31999969482422,87.31999969482422,87.31999969482422,87.31999969482422,546.0
2023-03-09 14:18:00,IBOC,45.130001068115234,45.130001068115234,45.130001068115234,45.130001068115234,45.130001068115234,335.0
2023-03-09 14:18:00,INDB,71.88999938964844,71.88999938964844,72.04499816894531,71.88999938964844,72.04499816894531,1501.0
2023-03-09 14:19:00,ACGL,69.33999633789062,69.33999633789062,69.33999633789062,69.31999969482422,69.33000183105469,968.0
2023-03-09 14:19:00,ACT,24.010000228881836,24.010000228881836,24.010000228881836,24.010000228881836,24.010000228881836,242.0
2023-03-09 14:19:00,AIHS,0.8849999904632568,0.8849999904632568,0.8999000191688538,0.8849999904632568,0.8998000025749207,1300.0
2023-03-09 14:19:00,AMRK,28.219999313354492,28.219999313354492,28.219999313354492,28.219999313354492,28.219999313354492,222.0
2023-03-09 14:19:00,ANZU,9.9399995803833,9.9399995803833,9.9399995803833,9.9399995803833,9.9399995803833,670.0
2023-03-09 14:19:00,APLD,2.0792999267578125,2.0792999267578125,2.0792999267578125,2.075000047683716,2.0785999298095703,974.0
2023-03-09 14:19:00,ARCC,18.69499969482422,18.69499969482422,18.69499969482422,18.68199920654297,18.68199920654297,9923.0
2023-03-09 14:19:00,AUB,36.70000076293945,36.70000076293945,36.709999084472656,36.66999816894531,36.66999816894531,3101.0
2023-03-09 14:19:00,AVACW,0.09059999883174896,0.09059999883174896,0.09059999883174896,0.09049999713897705,0.09052500128746033,1300.0
2023-03-09 14:19:00,BCML,19.40999984741211,19.40999984741211,19.40999984741211,19.40999984741211,19.40999984741211,115.0
2023-03-09 14:19:00,BGCP,5.0,5.0,5.0,4.993000030517578,4.993000030517578,1141.0
2023-03-09 14:19:00,BHF,52.584999084472656,52.584999084472656,52.584999084472656,52.584999084472656,52.584999084472656,419.0
2023-03-09 14:19:00,BITF,0.7335150241851807,0.7335150241851807,0.7416999936103821,0.7335000038146973,0.7416999936103821,25528.0
2023-03-09 14:19:00,BKSC,16.225000381469727,16.225000381469727,16.225000381469727,16.225000381469727,16.225000381469727,155.0
2023-03-09 14:19:00,BLFY,11.4399995803833,11.4399995803833,11.4399995803833,11.4399995803833,11.4399995803833,1291.0
2023-03-09 14:19:00,BPOP,62.689998626708984,62.689998626708984,62.689998626708984,62.65999984741211,62.65999984741211,945.0
2023-03-09 14:19:00,BRKL,11.625,11.625,11.625,11.619999885559082,11.619999885559082,541.0
2023-03-09 14:19:00,BRP,25.344999313354492,25.344999313354492,25.344999313354492,25.344999313354492,25.344999313354492,261.0
2023-03-09 14:19:00,BTBT,1.0708999633789062,1.0708999633789062,1.0708999633789062,1.0708999633789062,1.0708999633789062,1309.0
2023-03-09 14:19:00,BWB,13.449999809265137,13.449999809265137,13.449999809265137,13.449999809265137,13.449999809265137,100.0
2023-03-09 14:19:00,CASH,47.0099983215332,47.0099983215332,47.04999923706055,47.0,47.04999923706055,1286.0
2023-03-09 14:19:00,CATY,39.130001068115234,39.130001068115234,39.130001068115234,39.130001068115234,39.130001068115234,149.0
2023-03-09 14:19:00,CBAN,11.800000190734863,11.800000190734863,11.800000190734863,11.800000190734863,11.800000190734863,1122.0
2023-03-09 14:19:00,CBSH,62.099998474121094,62.099998474121094,62.099998474121094,62.06999969482422,62.06999969482422,1060.0
2023-03-09 14:19:00,CFFN,7.550000190734863,7.550000190734863,7.550000190734863,7.545000076293945,7.550000190734863,1127.0
2023-03-09 14:19:00,CG,33.70000076293945,33.70000076293945,33.709999084472656,33.65999984741211,33.68000030517578,4437.0
2023-03-09 14:19:00,CGBD,14.859999656677246,14.859999656677246,14.859999656677246,14.84000015258789,14.850000381469727,4187.0
2023-03-09 14:19:00,CHCO,91.93499755859375,91.93499755859375,91.93499755859375,91.93499755859375,91.93499755859375,152.0
2023-03-09 14:19:00,CHY,12.210000038146973,12.210000038146973,12.210000038146973,12.210000038146973,12.210000038146973,200.0
2023-03-09 14:19:00,CIFR,1.409999966621399,1.409999966621399,1.409999966621399,1.409999966621399,1.409999966621399,100.0
2023-03-09 14:19:00,CINF,116.26899719238281,116.26899719238281,116.26899719238281,116.19969940185547,116.19969940185547,311.0
2023-03-09 14:19:00,CME,178.49000549316406,178.49000549316406,178.49000549316406,178.36000061035156,178.44000244140625,4477.0
2023-03-09 14:19:00,CNOB,22.09000015258789,22.09000015258789,22.09000015258789,22.09000015258789,22.09000015258789,134.0
2023-03-09 14:19:00,COLB,25.30500030517578,25.30500030517578,25.309999465942383,25.28499984741211,25.290000915527344,7340.0
2023-03-09 14:19:00,CSQ,13.84000015258789,13.84000015258789,13.84000015258789,13.84000015258789,13.84000015258789,104.0
2023-03-09 14:19:00,CSTR,15.289999961853027,15.289999961853027,15.289999961853027,15.279999732971191,15.279999732971191,506.0
2023-03-09 14:19:00,CSWC,18.268699645996094,18.268699645996094,18.268699645996094,18.268699645996094,18.268699645996094,227.0
2023-03-09 14:19:00,CVBF,21.889999389648438,21.889999389648438,21.889999389648438,21.809999465942383,21.815000534057617,6510.0
2023-03-09 14:19:00,DWACW,3.0799999237060547,3.0799999237060547,3.0799999237060547,3.079900026321411,3.079900026321411,536.0
2023-03-09 14:19:00,EBC,14.569999694824219,14.569999694824219,14.574999809265137,14.5600004196167,14.569999694824219,1587.0
2023-03-09 14:19:00,EFSC,51.685001373291016,51.685001373291016,51.685001373291016,51.685001373291016,51.685001373291016,105.0
2023-03-09 14:19:00,EHTH,8.579999923706055,8.579999923706055,8.579999923706055,8.569999694824219,8.571999549865723,2762.0
2023-03-09 14:19:00,EQBK,28.219999313354492,28.219999313354492,28.219999313354492,28.219999313354492,28.219999313354492,1737.0
2023-03-09 14:19:00,ESGRO,23.98590087890625,23.98590087890625,23.98590087890625,23.98590087890625,23.98590087890625,640.0
2023-03-09 14:19:00,EWBC,67.94000244140625,67.94000244140625,68.0,67.94000244140625,67.97000122070312,2711.0
2023-03-09 14:19:00,FBNC,38.72999954223633,38.72999954223633,38.7400016784668,38.72999954223633,38.7400016784668,428.0
2023-03-09 14:19:00,FCBC,28.399999618530273,28.399999618530273,28.399999618530273,28.399999618530273,28.399999618530273,500.0
2023-03-09 14:19:00,FCNCA,641.72998046875,641.72998046875,641.72998046875,641.72998046875,641.72998046875,2658.0
2023-03-09 14:19:00,FCRD,4.599999904632568,4.599999904632568,4.599999904632568,4.599999904632568,4.599999904632568,200.0
2023-03-09 14:19:00,FFBC,22.424999237060547,22.424999237060547,22.424999237060547,22.424999237060547,22.424999237060547,100.0
2023-03-09 14:19:00,FFIC,17.34830093383789,17.34830093383789,17.34830093383789,17.34830093383789,17.34830093383789,231.0
2023-03-09 14:19:00,FFIN,33.7400016784668,33.7400016784668,33.7400016784668,33.720001220703125,33.720001220703125,389.0
2023-03-09 14:19:00,FFWM,12.949999809265137,12.949999809265137,12.949999809265137,12.949999809265137,12.949999809265137,407.0
2023-03-09 14:19:00,FHB,24.15999984741211,24.15999984741211,24.15999984741211,24.15999984741211,24.15999984741211,166.0
2023-03-09 14:19:00,FIBK,32.25,32.25,32.25,32.209999084472656,32.209999084472656,610.0
2023-03-09 14:19:00,FITB,32.099998474121094,32.099998474121094,32.1150016784668,32.09000015258789,32.09000015258789,15343.0
2023-03-09 14:19:00,FMAO,23.59000015258789,23.59000015258789,23.59000015258789,23.59000015258789,23.59000015258789,322.0
2023-03-09 14:19:00,FMIV,10.125200271606445,10.125200271606445,10.149999618530273,10.119999885559082,10.149999618530273,1200.0
2023-03-09 14:19:00,FOCS,51.625,51.625,51.630001068115234,51.625,51.625,3000.0
2023-03-09 14:19:00,FRST,10.770000457763672,10.770000457763672,10.770000457763672,10.770000457763672,10.770000457763672,190.0
2023-03-09 14:19:00,FSEA,9.90999984741211,9.90999984741211,9.90999984741211,9.90999984741211,9.90999984741211,223.0
2023-03-09 14:19:00,FULT,15.729999542236328,15.729999542236328,15.729999542236328,15.720000267028809,15.720000267028809,839.0
2023-03-09 14:19:00,FUND,8.481100082397461,8.481100082397461,8.481100082397461,8.481100082397461,8.481100082397461,142.0
2023-03-09 14:19:00,FUTU,46.32500076293945,46.32500076293945,46.334999084472656,46.31999969482422,46.31999969482422,1772.0
2023-03-09 14:19:00,GBDC,13.329999923706055,13.329999923706055,13.335000038146973,13.329999923706055,13.335000038146973,794.0
2023-03-09 14:19:00,GCMG,8.399999618530273,8.399999618530273,8.399999618530273,8.399999618530273,8.399999618530273,552.0
2023-03-09 14:19:00,GOCO,18.780000686645508,18.780000686645508,18.780000686645508,18.540000915527344,18.6299991607666,300.0
2023-03-09 14:19:00,GREE,0.41519999504089355,0.41519999504089355,0.41519999504089355,0.41519999504089355,0.41519999504089355,356.0
2023-03-09 14:19:00,HAFC,21.84000015258789,21.84000015258789,21.84000015258789,21.829999923706055,21.829999923706055,559.0
2023-03-09 14:19:00,HBAN,13.885000228881836,13.885000228881836,13.890000343322754,13.875,13.875,21901.0
2023-03-09 14:19:00,HBT,22.139999389648438,22.139999389648438,22.139999389648438,22.139999389648438,22.139999389648438,760.0
2023-03-09 14:19:00,HFWA,24.670000076293945,24.670000076293945,24.670000076293945,24.670000076293945,24.670000076293945,215.0
2023-03-09 14:19:00,HIVE,2.494999885559082,2.494999885559082,2.5083999633789062,2.490000009536743,2.5083999633789062,5487.0
2023-03-09 14:19:00,HMST,22.40999984741211,22.40999984741211,22.40999984741211,22.40999984741211,22.40999984741211,329.0
2023-03-09 14:19:00,HOPE,11.800000190734863,11.800000190734863,11.800000190734863,11.800000190734863,11.800000190734863,1137.0
2023-03-09 14:19:00,HUT,1.315000057220459,1.315000057220459,1.3200000524520874,1.3127000331878662,1.3127000331878662,6353.0
2023-03-09 14:19:00,IBCP,20.655000686645508,20.655000686645508,20.655000686645508,20.655000686645508,20.655000686645508,725.0
2023-03-09 14:19:00,IBKR,87.48500061035156,87.48500061035156,87.48500061035156,87.37999725341797,87.37999725341797,3917.0
2023-03-09 14:19:00,IBOC,45.16999816894531,45.16999816894531,45.16999816894531,45.16999816894531,45.16999816894531,113.0
2023-03-09 14:19:00,INDB,71.94499969482422,71.94499969482422,71.94999694824219,71.88999938964844,71.91999816894531,1997.0
2023-03-09 14:20:00,ACGL,69.31999969482422,69.31999969482422,69.33999633789062,69.31999969482422,69.33999633789062,3139.0
2023-03-09 14:20:00,AGBA,2.0999999046325684,2.0999999046325684,2.1500000953674316,2.0999999046325684,2.1500000953674316,1613.0
2023-03-09 14:20:00,AMRK,28.209999084472656,28.209999084472656,28.209999084472656,28.209999084472656,28.209999084472656,756.0
2023-03-09 14:20:00,ARCC,18.704999923706055,18.704999923706055,18.70840072631836,18.690000534057617,18.700000762939453,4876.0
2023-03-09 14:20:00,ATLO,23.469999313354492,23.469999313354492,23.469999313354492,23.469999313354492,23.469999313354492,201.0
2023-03-09 14:20:00,AUB,36.69499969482422,36.69499969482422,36.69499969482422,36.69499969482422,36.69499969482422,555.0
2023-03-09 14:20:00,BANR,57.880001068115234,57.880001068115234,57.880001068115234,57.880001068115234,57.880001068115234,259.0
2023-03-09 14:20:00,BFST,18.670000076293945,18.670000076293945,18.670000076293945,18.670000076293945,18.670000076293945,496.0
2023-03-09 14:20:00,BHF,52.560001373291016,52.560001373291016,52.58000183105469,52.560001373291016,52.58000183105469,1558.0
2023-03-09 14:20:00,BITF,0.7325000166893005,0.7325000166893005,0.7335000038146973,0.7325000166893005,0.7335000038146973,6815.0
2023-03-09 14:20:00,BKCC,3.6500000953674316,3.6500000953674316,3.650099992752075,3.6500000953674316,3.650099992752075,528.0
2023-03-09 14:20:00,BMRC,27.0,27.0,27.03499984741211,27.0,27.03499984741211,311.0
2023-03-09 14:20:00,BOKF,96.37999725341797,96.37999725341797,96.37999725341797,96.37999725341797,96.37999725341797,469.0
2023-03-09 14:20:00,BPOP,62.709999084472656,62.709999084472656,62.709999084472656,62.709999084472656,62.709999084472656,736.0
2023-03-09 14:20:00,BTBT,1.0743999481201172,1.0743999481201172,1.0743999481201172,1.0743999481201172,1.0743999481201172,210.0
2023-03-09 14:20:00,BWB,13.449999809265137,13.449999809265137,13.449999809265137,13.449999809265137,13.449999809265137,100.0
2023-03-09 14:20:00,CATY,39.150001525878906,39.150001525878906,39.150001525878906,39.13999938964844,39.13999938964844,509.0
2023-03-09 14:20:00,CBSH,62.130001068115234,62.130001068115234,62.150001525878906,62.11000061035156,62.150001525878906,1242.0
2023-03-09 14:20:00,CFFN,7.554999828338623,7.554999828338623,7.554999828338623,7.550000190734863,7.550000190734863,1668.0
2023-03-09 14:20:00,CG,33.68000030517578,33.68000030517578,33.709999084472656,33.68000030517578,33.70500183105469,2206.0
2023-03-09 14:20:00,CGBD,14.880000114440918,14.880000114440918,14.880000114440918,14.880000114440918,14.880000114440918,307.0
2023-03-09 14:20:00,CHMG,48.4900016784668,48.4900016784668,48.4900016784668,48.4900016784668,48.4900016784668,261.0
2023-03-09 14:20:00,CHY,12.210000038146973,12.210000038146973,12.210000038146973,12.210000038146973,12.210000038146973,200.0
2023-03-09 14:20:00,CIFR,1.409999966621399,1.409999966621399,1.409999966621399,1.409999966621399,1.409999966621399,200.0
2023-03-09 14:20:00,CINF,116.26000213623047,116.26000213623047,116.27999877929688,116.2300033569336,116.2699966430664,1187.0
2023-03-09 14:20:00,CME,178.3350067138672,178.3350067138672,178.47000122070312,178.2899932861328,178.4499969482422,2755.0
2023-03-09 14:20:00,CNOB,22.06999969482422,22.06999969482422,22.100000381469727,22.06999969482422,22.100000381469727,891.0
2023-03-09 14:20:00,COLB,25.309999465942383,25.309999465942383,25.325000762939453,25.295000076293945,25.309999465942383,15165.0
2023-03-09 14:20:00,CSQ,13.859999656677246,13.859999656677246,13.859999656677246,13.845199584960938,13.845199584960938,1202.0
2023-03-09 14:20:00,CSTR,15.319999694824219,15.319999694824219,15.319999694824219,15.319999694824219,15.319999694824219,899.0
2023-03-09 14:20:00,CVBF,21.920000076293945,21.920000076293945,21.920000076293945,21.90999984741211,21.90999984741211,296.0
2023-03-09 14:20:00,DGICA,15.130000114440918,15.130000114440918,15.130000114440918,15.130000114440918,15.130000114440918,373.0
2023-03-09 14:20:00,DNAD,10.199999809265137,10.199999809265137,10.199999809265137,10.199999809265137,10.199999809265137,101.0
2023-03-09 14:20:00,DWAC,14.050100326538086,14.050100326538086,14.055000305175781,14.050100326538086,14.055000305175781,436.0
2023-03-09 14:20:00,EBC,14.569999694824219,14.569999694824219,14.569999694824219,14.569999694824219,14.569999694824219,371.0
2023-03-09 14:20:00,ECPG,50.45000076293945,50.45000076293945,50.45000076293945,50.45000076293945,50.45000076293945,105.0
2023-03-09 14:20:00,EHTH,8.579999923706055,8.579999923706055,8.579999923706055,8.571000099182129,8.579999923706055,3828.0
2023-03-09 14:20:00,EWBC,67.94999694824219,67.94999694824219,67.94999694824219,67.94999694824219,67.94999694824219,248.0
2023-03-09 14:20:00,EZPW,8.805000305175781,8.805000305175781,8.805000305175781,8.805000305175781,8.805000305175781,200.0
2023-03-09 14:20:00,FBMS,28.940000534057617,28.940000534057617,28.940000534057617,28.940000534057617,28.940000534057617,498.0
2023-03-09 14:20:00,FBNC,38.744998931884766,38.744998931884766,38.744998931884766,38.72999954223633,38.72999954223633,542.0
2023-03-09 14:20:00,FCBC,28.40999984741211,28.40999984741211,28.40999984741211,28.40999984741211,28.40999984741211,217.0
2023-03-09 14:20:00,FCRD,4.599999904632568,4.599999904632568,4.599999904632568,4.599999904632568,4.599999904632568,100.0
2023-03-09 14:20:00,FFBC,22.440000534057617,22.440000534057617,22.440000534057617,22.424999237060547,22.424999237060547,229.0
2023-03-09 14:20:00,FFIN,33.720001220703125,33.720001220703125,33.72999954223633,33.720001220703125,33.72999954223633,555.0
2023-03-09 14:20:00,FFWM,12.949999809265137,12.949999809265137,12.949999809265137,12.949999809265137,12.949999809265137,466.0
2023-03-09 14:20:00,FIBK,32.2400016784668,32.2400016784668,32.2400016784668,32.2400016784668,32.2400016784668,524.0
2023-03-09 14:20:00,FITB,32.10499954223633,32.10499954223633,32.10749816894531,32.09189987182617,32.099998474121094,4665.0
2023-03-09 14:20:00,FMNB,13.239999771118164,13.239999771118164,13.239999771118164,13.239999771118164,13.239999771118164,102.0
2023-03-09 14:20:00,FOCS,51.625,51.625,51.625,51.619998931884766,51.619998931884766,800.0
2023-03-09 14:20:00,FRBK,1.7200000286102295,1.7200000286102295,1.725000023841858,1.7200000286102295,1.725000023841858,223.0
2023-03-09 14:20:00,FRME,37.61000061035156,37.61000061035156,37.61000061035156,37.61000061035156,37.61000061035156,249.0
2023-03-09 14:20:00,FRST,10.76609992980957,10.76609992980957,10.76609992980957,10.76609992980957,10.76609992980957,523.0
2023-03-09 14:20:00,FULT,15.729999542236328,15.729999542236328,15.729999542236328,15.729999542236328,15.729999542236328,1616.0
2023-03-09 14:20:00,FUND,8.482000350952148,8.482000350952148,8.482000350952148,8.482000350952148,8.482000350952148,200.0
2023-03-09 14:20:00,FUTU,46.41999816894531,46.41999816894531,46.43000030517578,46.349998474121094,46.369998931884766,4386.0
2023-03-09 14:20:00,GBDC,13.335000038146973,13.335000038146973,13.335000038146973,13.335000038146973,13.335000038146973,129.0
2023-03-09 14:20:00,GGAL,12.760000228881836,12.760000228881836,12.760000228881836,12.760000228881836,12.760000228881836,237.0
2023-03-09 14:20:00,GLRE,10.20009994506836,10.20009994506836,10.20009994506836,10.20009994506836,10.20009994506836,105.0
2023-03-09 14:20:00,HAFC,21.875,21.875,21.875,21.875,21.875,291.0
2023-03-09 14:20:00,HBAN,13.885000228881836,13.885000228881836,13.885000228881836,13.880000114440918,13.885000228881836,25242.0
2023-03-09 14:20:00,HFWA,24.65999984741211,24.65999984741211,24.65999984741211,24.65999984741211,24.65999984741211,235.0
2023-03-09 14:20:00,HHGC,10.53499984741211,10.53499984741211,10.53499984741211,10.53499984741211,10.53499984741211,0.0
2023-03-09 14:20:00,HIFS,257.0400085449219,257.0400085449219,257.0400085449219,257.0400085449219,257.0400085449219,223.0
2023-03-09 14:20:00,HTLFP,25.260099411010742,25.260099411010742,25.260099411010742,25.260099411010742,25.260099411010742,440.0
2023-03-09 14:20:00,HUT,1.3198000192642212,1.3198000192642212,1.3200000524520874,1.3180999755859375,1.3200000524520874,7514.0
2023-03-09 14:20:00,IBKR,87.5199966430664,87.5199966430664,87.52999877929688,87.4800033569336,87.4800033569336,720.0
2023-03-09 14:20:00,IBOC,45.15999984741211,45.15999984741211,45.15999984741211,45.15999984741211,45.15999984741211,155.0
2023-03-09 14:21:00,ACGL,69.31999969482422,69.31999969482422,69.3499984741211,69.31500244140625,69.33000183105469,4056.0
2023-03-09 14:21:00,APLD,2.075000047683716,2.075000047683716,2.075000047683716,2.075000047683716,2.075000047683716,351.0
2023-03-09 14:21:00,ARBK,1.4600000381469727,1.4600000381469727,1.4600000381469727,1.4600000381469727,1.4600000381469727,160.0
2023-03-09 14:21:00,ARCC,18.729000091552734,18.729000091552734,18.729000091552734,18.700000762939453,18.700000762939453,10302.0
2023-03-09 14:21:00,ATLC,28.899999618530273,28.899999618530273,28.899999618530273,28.899999618530273,28.899999618530273,448.0
2023-03-09 14:21:00,ATLO,23.479999542236328,23.479999542236328,23.479999542236328,23.479999542236328,23.479999542236328,320.0
2023-03-09 14:21:00,AUB,36.70000076293945,36.70000076293945,36.709999084472656,36.68000030517578,36.68000030517578,2305.0
2023-03-09 14:21:00,BCBP,15.795000076293945,15.795000076293945,15.795000076293945,15.795000076293945,15.795000076293945,150.0
2023-03-09 14:21:00,BFST,18.65999984741211,18.65999984741211,18.65999984741211,18.65999984741211,18.65999984741211,554.0
2023-03-09 14:21:00,BGCP,5.0,5.0,5.0,4.994999885559082,4.994999885559082,1401.0
2023-03-09 14:21:00,BHF,52.619998931884766,52.619998931884766,52.619998931884766,52.595001220703125,52.595001220703125,383.0
2023-03-09 14:21:00,BHFAO,24.406999588012695,24.406999588012695,24.406999588012695,24.406999588012695,24.406999588012695,1250.0
2023-03-09 14:21:00,BITF,0.7300999760627747,0.7300999760627747,0.7325009703636169,0.7300000190734863,0.7325009703636169,30881.0
2023-03-09 14:21:00,BMRC,27.0,27.0,27.0,27.0,27.0,111.0
2023-03-09 14:21:00,BOKF,96.2300033569336,96.2300033569336,96.32080078125,96.2300033569336,96.32080078125,1071.0
2023-03-09 14:21:00,BPOP,62.71500015258789,62.71500015258789,62.71500015258789,62.70000076293945,62.71500015258789,835.0
2023-03-09 14:21:00,BRP,25.329999923706055,25.329999923706055,25.329999923706055,25.329999923706055,25.329999923706055,520.0
2023-03-09 14:21:00,BSRR,19.28499984741211,19.28499984741211,19.28499984741211,19.28499984741211,19.28499984741211,433.0
2023-03-09 14:21:00,BTBT,1.0801000595092773,1.0801000595092773,1.0801000595092773,1.0750000476837158,1.079300045967102,14740.0
2023-03-09 14:21:00,BTCS,1.1957999467849731,1.1957999467849731,1.1957999467849731,1.1957999467849731,1.1957999467849731,561.0
2023-03-09 14:21:00,CATY,39.18000030517578,39.18000030517578,39.18000030517578,39.18000030517578,39.18000030517578,293.0
2023-03-09 14:21:00,CBSH,62.1349983215332,62.1349983215332,62.1349983215332,62.125,62.125,544.0
2023-03-09 14:21:00,CFFN,7.559999942779541,7.559999942779541,7.559999942779541,7.559999942779541,7.559999942779541,714.0
2023-03-09 14:21:00,CG,33.7400016784668,33.7400016784668,33.7400016784668,33.68000030517578,33.68000030517578,5362.0
2023-03-09 14:21:00,CGBD,14.880000114440918,14.880000114440918,14.880000114440918,14.880000114440918,14.880000114440918,169.0
2023-03-09 14:21:00,CHY,12.220399856567383,12.220399856567383,12.220399856567383,12.210000038146973,12.210000038146973,1106.0
2023-03-09 14:21:00,CIFR,1.4149999618530273,1.4149999618530273,1.4149999618530273,1.409999966621399,1.409999966621399,766.0
2023-03-09 14:21:00,CINF,116.23999786376953,116.23999786376953,116.23999786376953,116.23999786376953,116.23999786376953,466.0
2023-03-09 14:21:00,CME,178.2899932861328,178.2899932861328,178.3800048828125,178.22999572753906,178.3800048828125,7122.0
2023-03-09 14:21:00,COLB,25.329999923706055,25.329999923706055,25.3799991607666,25.309999465942383,25.309999465942383,38183.0
2023-03-09 14:21:00,COOP,43.869998931884766,43.869998931884766,43.869998931884766,43.8025016784668,43.8025016784668,1093.0
2023-03-09 14:21:00,CSWC,18.280000686645508,18.280000686645508,18.280000686645508,18.280000686645508,18.280000686645508,926.0
2023-03-09 14:21:00,CVBF,21.93000030517578,21.93000030517578,21.93000030517578,21.93000030517578,21.93000030517578,273.0
2023-03-09 14:21:00,CZWI,11.989999771118164,11.989999771118164,12.140000343322754,11.989999771118164,12.100000381469727,2554.0
2023-03-09 14:21:00,EBC,14.569999694824219,14.569999694824219,14.574999809265137,14.569999694824219,14.569999694824219,887.0
2023-03-09 14:21:00,ECPG,50.529998779296875,50.529998779296875,50.529998779296875,50.529998779296875,50.529998779296875,432.0
2023-03-09 14:21:00,EFSC,51.685001373291016,51.685001373291016,51.685001373291016,51.685001373291016,51.685001373291016,100.0
2023-03-09 14:21:00,EHTH,8.630000114440918,8.630000114440918,8.638099670410156,8.59000015258789,8.59000015258789,4231.0
2023-03-09 14:21:00,EWBC,67.97000122070312,67.97000122070312,68.0,67.97000122070312,68.0,366.0
2023-03-09 14:21:00,FBIZ,33.584999084472656,33.584999084472656,33.584999084472656,33.56999969482422,33.56999969482422,826.0
2023-03-09 14:21:00,FBMS,28.920000076293945,28.920000076293945,28.920000076293945,28.920000076293945,28.920000076293945,100.0
2023-03-09 14:21:00,FCRD,4.599999904632568,4.599999904632568,4.599999904632568,4.599999904632568,4.599999904632568,200.0
2023-03-09 14:21:00,FFBC,22.440000534057617,22.440000534057617,22.440000534057617,22.440000534057617,22.440000534057617,894.0
2023-03-09 14:21:00,FFIN,33.72999954223633,33.72999954223633,33.75,33.72999954223633,33.730098724365234,1337.0
2023-03-09 14:21:00,FFWM,12.96969985961914,12.96969985961914,12.96969985961914,12.96969985961914,12.96969985961914,136.0
2023-03-09 14:21:00,FHB,24.170000076293945,24.170000076293945,24.170000076293945,24.15999984741211,24.15999984741211,1456.0
2023-03-09 14:21:00,FITB,32.130001068115234,32.130001068115234,32.13999938964844,32.11000061035156,32.11000061035156,23819.0
2023-03-09 14:21:00,FMNB,13.234999656677246,13.234999656677246,13.234999656677246,13.234999656677246,13.234999656677246,526.0
2023-03-09 14:21:00,FOCS,51.630001068115234,51.630001068115234,51.630001068115234,51.625,51.630001068115234,2163.0
2023-03-09 14:21:00,FRBK,1.725000023841858,1.725000023841858,1.725000023841858,1.725000023841858,1.725000023841858,466.0
2023-03-09 14:21:00,FSBW,33.41999816894531,33.41999816894531,33.41999816894531,33.41999816894531,33.41999816894531,296.0
2023-03-09 14:21:00,FULT,15.729999542236328,15.729999542236328,15.729999542236328,15.720000267028809,15.729999542236328,1837.0
2023-03-09 14:21:00,FUND,8.5,8.5,8.5,8.489999771118164,8.489999771118164,2747.0
2023-03-09 14:21:00,FUTU,46.459999084472656,46.459999084472656,46.459999084472656,46.40999984741211,46.41999816894531,1213.0
2023-03-09 14:21:00,FXNC,18.8700008392334,18.8700008392334,18.8700008392334,18.5,18.520000457763672,1339.0
2023-03-09 14:21:00,GABC,36.060001373291016,36.060001373291016,36.060001373291016,36.060001373291016,36.060001373291016,100.0
2023-03-09 14:21:00,GAIN,13.569999694824219,13.569999694824219,13.569999694824219,13.5600004196167,13.5600004196167,931.0
2023-03-09 14:21:00,GBDC,13.34000015258789,13.34000015258789,13.34000015258789,13.335000038146973,13.34000015258789,1285.0
2023-03-09 14:21:00,GGAL,12.779999732971191,12.779999732971191,12.789999961853027,12.770000457763672,12.770000457763672,4685.0
2023-03-09 14:21:00,GLAD,9.84000015258789,9.84000015258789,9.84000015258789,9.84000015258789,9.84000015258789,100.0
2023-03-09 14:21:00,GLRE,10.199999809265137,10.199999809265137,10.199999809265137,10.199999809265137,10.199999809265137,304.0
2023-03-09 14:21:00,GOCO,18.649999618530273,18.649999618530273,18.649999618530273,18.579999923706055,18.579999923706055,320.0
2023-03-09 14:21:00,GREE,0.41510000824928284,0.41510000824928284,0.41519999504089355,0.4143489897251129,0.41510000824928284,2156.0
2023-03-09 14:21:00,GSBC,54.13999938964844,54.13999938964844,54.13999938964844,54.13999938964844,54.13999938964844,180.0
2023-03-09 14:21:00,HBAN,13.904999732971191,13.904999732971191,13.904999732971191,13.885000228881836,13.885000228881836,22689.0
2023-03-09 14:21:00,HFWA,24.700000762939453,24.700000762939453,24.700000762939453,24.700000762939453,24.700000762939453,447.0
2023-03-09 14:21:00,HIVE,2.490000009536743,2.490000009536743,2.494999885559082,2.490000009536743,2.494999885559082,995.0
2023-03-09 14:21:00,HMST,22.405000686645508,22.405000686645508,22.405000686645508,22.3799991607666,22.3799991607666,451.0
2023-03-09 14:21:00,HONE,12.670000076293945,12.670000076293945,12.670000076293945,12.670000076293945,12.670000076293945,244.0
2023-03-09 14:21:00,HOPE,11.800000190734863,11.800000190734863,11.800000190734863,11.795000076293945,11.795000076293945,662.0
2023-03-09 14:21:00,HUIZ,1.3899999856948853,1.3899999856948853,1.3899999856948853,1.3899999856948853,1.3899999856948853,100.0
2023-03-09 14:21:00,HUT,1.3194999694824219,1.3194999694824219,1.3199000358581543,1.3100999593734741,1.315000057220459,6652.0
2023-03-09 14:21:00,HWC,44.11000061035156,44.11000061035156,44.11000061035156,44.11000061035156,44.11000061035156,423.0
2023-03-09 14:21:00,IBKR,87.51000213623047,87.51000213623047,87.55500030517578,87.48999786376953,87.53710174560547,4656.0
2023-03-09 14:22:00,ABCB,42.75,42.75,42.779998779296875,42.75,42.779998779296875,1532.0
2023-03-09 14:22:00,ACGL,69.27999877929688,69.27999877929688,69.31999969482422,69.23999786376953,69.31999969482422,4837.0
2023-03-09 14:22:00,ACT,24.020000457763672,24.020000457763672,24.020000457763672,24.020000457763672,24.020000457763672,949.0
2023-03-09 14:22:00,ARCC,18.739999771118164,18.739999771118164,18.739999771118164,18.725000381469727,18.727100372314453,6414.0
2023-03-09 14:22:00,ATLCP,20.200000762939453,20.200000762939453,20.200000762939453,20.200000762939453,20.200000762939453,100.0
2023-03-09 14:22:00,ATLO,23.405000686645508,23.405000686645508,23.405000686645508,23.405000686645508,23.405000686645508,246.0
2023-03-09 14:22:00,AUB,36.654998779296875,36.654998779296875,36.709999084472656,36.654998779296875,36.70000076293945,5096.0
2023-03-09 14:22:00,BANR,57.70000076293945,57.70000076293945,57.779998779296875,57.70000076293945,57.779998779296875,1602.0
2023-03-09 14:22:00,BFIN,10.250100135803223,10.250100135803223,10.250100135803223,10.25,10.25,721.0
2023-03-09 14:22:00,BFST,18.639999389648438,18.639999389648438,18.639999389648438,18.639999389648438,18.639999389648438,217.0
2023-03-09 14:22:00,BGCP,5.0,5.0,5.0,4.994999885559082,5.0,1041.0
2023-03-09 14:22:00,BHF,52.59000015258789,52.59000015258789,52.619998931884766,52.54999923706055,52.619998931884766,3384.0
2023-03-09 14:22:00,BHFAO,24.550500869750977,24.550500869750977,24.550500869750977,24.550500869750977,24.550500869750977,508.0
2023-03-09 14:22:00,BHFAP,24.2450008392334,24.2450008392334,24.2450008392334,24.2450008392334,24.2450008392334,200.0
2023-03-09 14:22:00,BKCC,3.6500000953674316,3.6500000953674316,3.6500000953674316,3.6500000953674316,3.6500000953674316,126.0
2023-03-09 14:22:00,BMRC,27.017499923706055,27.017499923706055,27.017499923706055,27.017499923706055,27.017499923706055,278.0
2023-03-09 14:22:00,BOKF,96.05000305175781,96.05000305175781,96.1500015258789,96.05000305175781,96.1500015258789,2275.0
2023-03-09 14:22:00,BPOP,62.7400016784668,62.7400016784668,62.7400016784668,62.63999938964844,62.689998626708984,1666.0
2023-03-09 14:22:00,BPRN,33.779998779296875,33.779998779296875,33.779998779296875,33.779998779296875,33.779998779296875,1396.0
2023-03-09 14:22:00,BRKL,11.600000381469727,11.600000381469727,11.625,11.600000381469727,11.625,1923.0
2023-03-09 14:22:00,BTBT,1.0813000202178955,1.0813000202178955,1.0850000381469727,1.0800000429153442,1.0800000429153442,3010.0
2023-03-09 14:22:00,BUSE,22.670000076293945,22.670000076293945,22.69499969482422,22.670000076293945,22.69499969482422,838.0
2023-03-09 14:22:00,BWB,13.420000076293945,13.420000076293945,13.449999809265137,13.40999984741211,13.449999809265137,2395.0
2023-03-09 14:22:00,CALB,24.68000030517578,24.68000030517578,24.68000030517578,24.68000030517578,24.68000030517578,137.0
2023-03-09 14:22:00,CASH,46.96500015258789,46.96500015258789,47.02000045776367,46.959999084472656,47.02000045776367,1438.0
2023-03-09 14:22:00,CATC,70.80999755859375,70.80999755859375,70.80999755859375,70.76000213623047,70.76000213623047,342.0
2023-03-09 14:22:00,CATY,39.099998474121094,39.099998474121094,39.13999938964844,39.09000015258789,39.13999938964844,715.0
2023-03-09 14:22:00,CBAN,11.850000381469727,11.850000381469727,11.850000381469727,11.850000381469727,11.850000381469727,134.0
2023-03-09 14:22:00,CBSH,61.9900016784668,61.9900016784668,62.130001068115234,61.9900016784668,62.11000061035156,4438.0
2023-03-09 14:22:00,CCAP,14.899999618530273,14.899999618530273,14.90999984741211,14.894200325012207,14.90999984741211,827.0
2023-03-09 14:22:00,CCB,42.130001068115234,42.130001068115234,42.130001068115234,42.130001068115234,42.130001068115234,280.0
2023-03-09 14:22:00,CCBG,33.0,33.0,33.0,33.0,33.0,284.0
2023-03-09 14:22:00,CFB,12.369999885559082,12.369999885559082,12.369999885559082,12.369999885559082,12.369999885559082,289.0
2023-03-09 14:22:00,CFFN,7.550000190734863,7.550000190734863,7.559999942779541,7.545000076293945,7.559999942779541,11398.0
2023-03-09 14:22:00,CG,33.7400016784668,33.7400016784668,33.75,33.70000076293945,33.7400016784668,9105.0
2023-03-09 14:22:00,CGBD,14.890000343322754,14.890000343322754,14.890000343322754,14.880000114440918,14.880000114440918,1574.0
2023-03-09 14:22:00,CHCO,91.94999694824219,91.94999694824219,91.94999694824219,91.93000030517578,91.93000030517578,3564.0
2023-03-09 14:22:00,CHY,12.210000038146973,12.210000038146973,12.210000038146973,12.210000038146973,12.210000038146973,204.0
2023-03-09 14:22:00,CIFR,1.4199999570846558,1.4199999570846558,1.4199999570846558,1.409999966621399,1.409999966621399,391.0
2023-03-09 14:22:00,CINF,116.30000305175781,116.30000305175781,116.33999633789062,116.16999816894531,116.18000030517578,4129.0
2023-03-09 14:22:00,CLBK,19.75,19.75,19.75,19.75,19.75,910.0
2023-03-09 14:22:00,CME,178.3699951171875,178.3699951171875,178.3699951171875,178.25,178.3000030517578,4397.0
2023-03-09 14:22:00,CNOB,22.020000457763672,22.020000457763672,22.059999465942383,22.020000457763672,22.059999465942383,890.0
2023-03-09 14:22:00,COLB,25.270000457763672,25.270000457763672,25.31999969482422,25.239999771118164,25.31999969482422,26921.0
2023-03-09 14:22:00,CSWC,18.270000457763672,18.270000457763672,18.280000686645508,18.270000457763672,18.280000686645508,1261.0
2023-03-09 14:22:00,CVBF,21.860000610351562,21.860000610351562,21.90999984741211,21.84000015258789,21.90999984741211,4888.0
2023-03-09 14:22:00,DCOM,29.399999618530273,29.399999618530273,29.399999618530273,29.399999618530273,29.399999618530273,1065.0
2023-03-09 14:22:00,DGICA,15.103899955749512,15.103899955749512,15.103899955749512,15.103899955749512,15.103899955749512,320.0
2023-03-09 14:22:00,DWACW,3.0701000690460205,3.0701000690460205,3.0701000690460205,3.0701000690460205,3.0701000690460205,1019.0
2023-03-09 14:22:00,EBC,14.539999961853027,14.539999961853027,14.5600004196167,14.539999961853027,14.5600004196167,3900.0
2023-03-09 14:22:00,EBTC,34.189998626708984,34.189998626708984,34.189998626708984,34.189998626708984,34.189998626708984,313.0
2023-03-09 14:22:00,ECPG,50.57500076293945,50.57500076293945,50.599998474121094,50.52000045776367,50.52000045776367,1056.0
2023-03-09 14:22:00,EFSC,51.685001373291016,51.685001373291016,51.685001373291016,51.685001373291016,51.685001373291016,491.0
2023-03-09 14:22:00,EGBN,40.275001525878906,40.275001525878906,40.275001525878906,40.25,40.2599983215332,1138.0
2023-03-09 14:22:00,EHTH,8.649999618530273,8.649999618530273,8.649999618530273,8.630000114440918,8.630000114440918,1518.0
2023-03-09 14:22:00,EWBC,67.95999908447266,67.95999908447266,67.96499633789062,67.88999938964844,67.96499633789062,5224.0
2023-03-09 14:22:00,EZPW,8.805000305175781,8.805000305175781,8.805000305175781,8.805000305175781,8.805000305175781,404.0
2023-03-09 14:22:00,FBIZ,33.58570098876953,33.58570098876953,33.58570098876953,33.58570098876953,33.58570098876953,109.0
2023-03-09 14:22:00,FBMS,28.899999618530273,28.899999618530273,28.920000076293945,28.899999618530273,28.920000076293945,622.0
2023-03-09 14:22:00,FBNC,38.66400146484375,38.66400146484375,38.70000076293945,38.66400146484375,38.70000076293945,1255.0
2023-03-09 14:22:00,FCBC,28.450000762939453,28.450000762939453,28.450000762939453,28.450000762939453,28.450000762939453,399.0
2023-03-09 14:22:00,FCFS,88.6500015258789,88.6500015258789,88.6500015258789,88.5999984741211,88.5999984741211,538.0
2023-03-09 14:22:00,FCNCA,641.8599853515625,641.8599853515625,642.239990234375,640.72998046875,640.8400268554688,2088.0
2023-03-09 14:22:00,FCRD,4.599999904632568,4.599999904632568,4.610000133514404,4.599999904632568,4.610000133514404,995.0
2023-03-09 14:22:00,FDUS,20.200000762939453,20.200000762939453,20.209999084472656,20.200000762939453,20.206300735473633,2203.0
2023-03-09 14:22:00,FFBC,22.40999984741211,22.40999984741211,22.43000030517578,22.3799991607666,22.43000030517578,3555.0
2023-03-09 14:22:00,FFIC,17.31999969482422,17.31999969482422,17.34000015258789,17.309999465942383,17.34000015258789,2306.0
2023-03-09 14:22:00,FFIN,33.689998626708984,33.689998626708984,33.720001220703125,33.66999816894531,33.720001220703125,1270.0
2023-03-09 14:22:00,FFWM,12.899999618530273,12.899999618530273,12.949999809265137,12.899999618530273,12.949999809265137,1952.0
2023-03-09 14:22:00,FHB,24.1299991607666,24.1299991607666,24.139999389648438,24.1200008392334,24.139999389648438,1970.0
2023-03-09 14:22:00,FIBK,32.16999816894531,32.16999816894531,32.25,32.16999816894531,32.25,2951.0
2023-03-09 14:22:00,FITB,32.119998931884766,32.119998931884766,32.1349983215332,32.08000183105469,32.1349983215332,16208.0
2023-03-09 14:22:00,FMBH,28.309999465942383,28.309999465942383,28.309999465942383,28.309999465942383,28.309999465942383,238.0
2023-03-09 14:22:00,FMNB,13.239999771118164,13.239999771118164,13.239999771118164,13.220499992370605,13.229999542236328,2327.0
2023-03-09 14:22:00,FOCS,51.599998474121094,51.599998474121094,51.630001068115234,51.59000015258789,51.619998931884766,9091.0
2023-03-09 14:22:00,FRME,37.560001373291016,37.560001373291016,37.56999969482422,37.560001373291016,37.56999969482422,675.0
2023-03-09 14:22:00,FSBW,33.41999816894531,33.41999816894531,33.41999816894531,33.41999816894531,33.41999816894531,135.0
2023-03-09 14:22:00,FULT,15.710000038146973,15.710000038146973,15.729999542236328,15.710000038146973,15.729999542236328,3466.0
2023-03-09 14:22:00,FUTU,46.45000076293945,46.45000076293945,46.45000076293945,46.380001068115234,46.43000030517578,3105.0
2023-03-09 14:22:00,FVCB,13.279999732971191,13.279999732971191,13.279999732971191,13.279999732971191,13.279999732971191,256.0
2023-03-09 14:22:00,GBDC,13.335000038146973,13.335000038146973,13.345000267028809,13.335000038146973,13.345000267028809,736.0
2023-03-09 14:22:00,GCMG,8.380000114440918,8.380000114440918,8.390000343322754,8.380000114440918,8.390000343322754,740.0
2023-03-09 14:22:00,GGAL,12.760000228881836,12.760000228881836,12.779999732971191,12.760000228881836,12.779999732971191,2149.0
2023-03-09 14:22:00,GLAD,9.839099884033203,9.839099884033203,9.839099884033203,9.835000038146973,9.835000038146973,805.0
2023-03-09 14:22:00,GREE,0.41519999504089355,0.41519999504089355,0.41519999504089355,0.41519999504089355,0.41519999504089355,252.0
2023-03-09 14:22:00,GSHD,51.53499984741211,51.53499984741211,51.53499984741211,51.47999954223633,51.47999954223633,833.0
2023-03-09 14:22:00,HAFC,21.84000015258789,21.84000015258789,21.84000015258789,21.829999923706055,21.84000015258789,1674.0
2023-03-09 14:22:00,HBAN,13.890000343322754,13.890000343322754,13.899999618530273,13.869999885559082,13.899999618530273,60300.0
2023-03-09 14:22:00,HBNC,13.869999885559082,13.869999885559082,13.890000343322754,13.869999885559082,13.890000343322754,1961.0
2023-03-09 14:22:00,HFWA,24.649999618530273,24.649999618530273,24.665000915527344,24.649999618530273,24.65999984741211,840.0
2023-03-09 14:22:00,HIFS,257.32000732421875,257.32000732421875,257.32000732421875,257.32000732421875,257.32000732421875,396.0
2023-03-09 14:22:00,HIVE,2.5,2.5,2.509999990463257,2.490000009536743,2.494999885559082,18734.0
2023-03-09 14:22:00,HLNE,74.91999816894531,74.91999816894531,74.91999816894531,74.9000015258789,74.9000015258789,588.0
2023-03-09 14:22:00,HMST,22.3700008392334,22.3700008392334,22.3700008392334,22.3700008392334,22.3700008392334,363.0
2023-03-09 14:22:00,HONE,12.670000076293945,12.670000076293945,12.670000076293945,12.670000076293945,12.670000076293945,875.0
2023-03-09 14:22:00,HOPE,11.78499984741211,11.78499984741211,11.795000076293945,11.779999732971191,11.795000076293945,1604.0
2023-03-09 14:22:00,HRZN,11.720000267028809,11.720000267028809,11.720000267028809,11.71500015258789,11.720000267028809,671.0
2023-03-09 14:22:00,HTBI,27.670000076293945,27.670000076293945,27.700000762939453,27.670000076293945,27.700000762939453,1353.0
2023-03-09 14:22:00,HTBK,10.890000343322754,10.890000343322754,10.899999618530273,10.890000343322754,10.899999618530273,2541.0
2023-03-09 14:22:00,HTLF,45.619998931884766,45.619998931884766,45.619998931884766,45.54999923706055,45.61000061035156,1600.0
2023-03-09 14:22:00,HUT,1.315999984741211,1.315999984741211,1.3200000524520874,1.315999984741211,1.3180999755859375,1401.0
2023-03-09 14:22:00,HWC,44.040000915527344,44.040000915527344,44.06999969482422,44.029998779296875,44.060001373291016,2793.0
2023-03-09 14:22:00,HYW,5.320000171661377,5.320000171661377,5.329999923706055,5.309999942779541,5.309999942779541,600.0
2023-03-09 14:22:00,IBKR,87.62000274658203,87.62000274658203,87.62000274658203,87.47000122070312,87.48999786376953,2463.0
2023-03-09 14:22:00,IBOC,45.08000183105469,45.08000183105469,45.14699935913086,45.08000183105469,45.14699935913086,2256.0
2023-03-09 14:22:00,IBTX,52.9900016784668,52.9900016784668,52.9900016784668,52.97999954223633,52.9900016784668,1353.0
2023-03-09 14:22:00,INDB,71.79000091552734,71.79000091552734,71.9000015258789,71.76000213623047,71.9000015258789,2393.0
2023-03-09 14:23:00,ACGL,69.30000305175781,69.30000305175781,69.31999969482422,69.2750015258789,69.27999877929688,24394.0
2023-03-09 14:23:00,AMAL,21.15999984741211,21.15999984741211,21.15999984741211,21.15999984741211,21.15999984741211,124.0
2023-03-09 14:23:00,ARCC,18.7450008392334,18.7450008392334,18.748600006103516,18.739999771118164,18.7450008392334,9975.0
2023-03-09 14:23:00,ATLO,23.415000915527344,23.415000915527344,23.415000915527344,23.415000915527344,23.415000915527344,276.0
2023-03-09 14:23:00,AUB,36.689998626708984,36.689998626708984,36.709999084472656,36.66999816894531,36.68000030517578,2604.0
2023-03-09 14:23:00,BANR,57.79999923706055,57.79999923706055,57.79999923706055,57.79999923706055,57.79999923706055,547.0
2023-03-09 14:23:00,BCBP,15.764300346374512,15.764300346374512,15.779999732971191,15.764300346374512,15.779999732971191,2361.0
2023-03-09 14:23:00,BGCP,5.0,5.0,5.0,5.0,5.0,410.0
2023-03-09 14:23:00,BHF,52.56999969482422,52.56999969482422,52.56999969482422,52.53499984741211,52.560001373291016,1444.0
2023-03-09 14:23:00,BHFAP,24.110000610351562,24.110000610351562,24.128000259399414,24.110000610351562,24.1200008392334,700.0
2023-03-09 14:23:00,BITF,0.7303000092506409,0.7303000092506409,0.7304999828338623,0.7300999760627747,0.7300999760627747,7387.0
2023-03-09 14:23:00,BMRC,27.0,27.0,27.0,27.0,27.0,450.0
2023-03-09 14:23:00,BPOP,62.76499938964844,62.76499938964844,62.790000915527344,62.720001220703125,62.720001220703125,1916.0
2023-03-09 14:23:00,BRKL,11.625,11.625,11.625,11.609999656677246,11.609999656677246,1648.0
2023-03-09 14:23:00,BTBT,1.0850000381469727,1.0850000381469727,1.0850000381469727,1.0850000381469727,1.0850000381469727,1966.0
2023-03-09 14:23:00,BUSE,22.68000030517578,22.68000030517578,22.709999084472656,22.68000030517578,22.700000762939453,1032.0
2023-03-09 14:23:00,BWB,13.430000305175781,13.430000305175781,13.430000305175781,13.430000305175781,13.430000305175781,306.0
2023-03-09 14:23:00,CARE,16.3799991607666,16.3799991607666,16.3799991607666,16.350000381469727,16.350000381469727,1024.0
2023-03-09 14:23:00,CATC,70.73999786376953,70.73999786376953,70.73999786376953,70.73999786376953,70.73999786376953,196.0
2023-03-09 14:23:00,CATY,39.130001068115234,39.130001068115234,39.130001068115234,39.130001068115234,39.130001068115234,555.0
2023-03-09 14:23:00,CBNK,18.730100631713867,18.730100631713867,18.730100631713867,18.730100631713867,18.730100631713867,412.0
2023-03-09 14:23:00,CBSH,62.06999969482422,62.06999969482422,62.06999969482422,62.06999969482422,62.06999969482422,202.0
2023-03-09 14:23:00,CCAP,14.887399673461914,14.887399673461914,14.887399673461914,14.887399673461914,14.887399673461914,300.0
2023-03-09 14:23:00,CFB,12.359999656677246,12.359999656677246,12.359999656677246,12.359999656677246,12.359999656677246,795.0
2023-03-09 14:23:00,CFFN,7.554999828338623,7.554999828338623,7.554999828338623,7.545000076293945,7.545000076293945,1229.0
2023-03-09 14:23:00,CG,33.76499938964844,33.76499938964844,33.76499938964844,33.72999954223633,33.7400016784668,4859.0
2023-03-09 14:23:00,CHCO,92.0199966430664,92.0199966430664,92.0199966430664,91.91999816894531,91.91999816894531,382.0
2023-03-09 14:23:00,CHEAU,10.510000228881836,10.510000228881836,10.510000228881836,10.510000228881836,10.510000228881836,100.0
2023-03-09 14:23:00,CHW,6.000100135803223,6.000100135803223,6.010000228881836,6.0,6.005000114440918,5304.0
2023-03-09 14:23:00,CHY,12.210000038146973,12.210000038146973,12.210000038146973,12.210000038146973,12.210000038146973,200.0
2023-03-09 14:23:00,CINF,116.30000305175781,116.30000305175781,116.30000305175781,116.30000305175781,116.30000305175781,366.0
2023-03-09 14:23:00,CME,178.35000610351562,178.35000610351562,178.4199981689453,178.3300018310547,178.3699951171875,2055.0
2023-03-09 14:23:00,COLB,25.290000915527344,25.290000915527344,25.290000915527344,25.269899368286133,25.270000457763672,5506.0
2023-03-09 14:23:00,COOP,44.06999969482422,44.06999969482422,44.06999969482422,43.880001068115234,43.880001068115234,3373.0
2023-03-09 14:23:00,CSQ,13.859999656677246,13.859999656677246,13.859999656677246,13.859999656677246,13.859999656677246,2000.0
2023-03-09 14:23:00,CSWC,18.270000457763672,18.270000457763672,18.270000457763672,18.270000457763672,18.270000457763672,200.0
2023-03-09 14:23:00,CVBF,21.889999389648438,21.889999389648438,21.90999984741211,21.889999389648438,21.90999984741211,747.0
2023-03-09 14:23:00,DALS,10.125,10.125,10.125,10.125,10.125,401.0
2023-03-09 14:23:00,EBC,14.5600004196167,14.5600004196167,14.5600004196167,14.550000190734863,14.550000190734863,2044.0
2023-03-09 14:23:00,EGBN,40.310001373291016,40.310001373291016,40.310001373291016,40.310001373291016,40.310001373291016,690.0
2023-03-09 14:23:00,EHTH,8.65429973602295,8.65429973602295,8.65429973602295,8.649999618530273,8.649999618530273,1020.0
2023-03-09 14:23:00,ESQ,41.5,41.5,41.5,41.5,41.5,609.0
2023-03-09 14:23:00,EWBC,68.0,68.0,68.01000213623047,68.0,68.0,1527.0
2023-03-09 14:23:00,EZPW,8.8100004196167,8.8100004196167,8.8100004196167,8.8100004196167,8.8100004196167,417.0
2023-03-09 14:23:00,FCFS,88.66999816894531,88.66999816894531,88.69000244140625,88.66999816894531,88.69000244140625,1259.0
2023-03-09 14:23:00,FCNCA,641.5499877929688,641.5499877929688,641.7899780273438,641.5499877929688,641.7899780273438,653.0
2023-03-09 14:23:00,FCRD,4.570000171661377,4.570000171661377,4.570000171661377,4.570000171661377,4.570000171661377,100.0
2023-03-09 14:23:00,FDUS,20.194799423217773,20.194799423217773,20.200000762939453,20.194799423217773,20.200000762939453,200.0
2023-03-09 14:23:00,FFBC,22.43000030517578,22.43000030517578,22.43000030517578,22.40999984741211,22.40999984741211,715.0
2023-03-09 14:23:00,FFIC,17.309999465942383,17.309999465942383,17.309999465942383,17.299999237060547,17.309999465942383,959.0
2023-03-09 14:23:00,FFIN,33.73500061035156,33.73500061035156,33.73500061035156,33.709999084472656,33.709999084472656,581.0
2023-03-09 14:23:00,FFWM,12.920000076293945,12.920000076293945,12.930000305175781,12.920000076293945,12.930000305175781,2803.0
2023-03-09 14:23:00,FHB,24.15999984741211,24.15999984741211,24.15999984741211,24.1299991607666,24.1299991607666,1657.0
2023-03-09 14:23:00,FIBK,32.25,32.25,32.25,32.220001220703125,32.220001220703125,1141.0
2023-03-09 14:23:00,FITB,32.13999938964844,32.13999938964844,32.13999938964844,32.099998474121094,32.1150016784668,18127.0
2023-03-09 14:23:00,FITBP,24.100000381469727,24.100000381469727,24.100000381469727,24.100000381469727,24.100000381469727,300.0
2023-03-09 14:23:00,FMNB,13.25,13.25,13.25,13.25,13.25,361.0
2023-03-09 14:23:00,FOCS,51.6150016784668,51.6150016784668,51.6150016784668,51.61000061035156,51.61000061035156,620.0
2023-03-09 14:23:00,FRBK,1.725000023841858,1.725000023841858,1.7300000190734863,1.725000023841858,1.725000023841858,4944.0
2023-03-09 14:23:00,FRME,37.65599822998047,37.65599822998047,37.65599822998047,37.619998931884766,37.619998931884766,348.0
2023-03-09 14:23:00,FSEA,9.899999618530273,9.899999618530273,9.90999984741211,9.899999618530273,9.904999732971191,16743.0
2023-03-09 14:23:00,FULT,15.739999771118164,15.739999771118164,15.739999771118164,15.720000267028809,15.725000381469727,1896.0
2023-03-09 14:23:00,FUND,8.5,8.5,8.5,8.5,8.5,400.0
2023-03-09 14:23:00,FUTU,46.45000076293945,46.45000076293945,46.45000076293945,46.45000076293945,46.45000076293945,585.0
2023-03-09 14:23:00,GABC,35.98749923706055,35.98749923706055,35.98749923706055,35.98749923706055,35.98749923706055,191.0
2023-03-09 14:23:00,GAIN,13.600000381469727,13.600000381469727,13.600000381469727,13.579999923706055,13.579999923706055,731.0
2023-03-09 14:23:00,GBDC,13.345000267028809,13.345000267028809,13.350000381469727,13.335000038146973,13.335000038146973,1873.0
2023-03-09 14:23:00,GCMG,8.390000343322754,8.390000343322754,8.390000343322754,8.390000343322754,8.390000343322754,217.0
2023-03-09 14:23:00,GECC,9.5,9.5,9.5,9.5,9.5,192.0
2023-03-09 14:23:00,GGAL,12.789999961853027,12.789999961853027,12.789999961853027,12.779999732971191,12.779999732971191,1320.0
2023-03-09 14:23:00,GOCO,18.549999237060547,18.549999237060547,18.920000076293945,18.549999237060547,18.920000076293945,200.0
2023-03-09 14:23:00,HBAN,13.895000457763672,13.895000457763672,13.899999618530273,13.885000228881836,13.895000457763672,36831.0
2023-03-09 14:23:00,HBANP,19.0,19.0,19.0,19.0,19.0,115.0
2023-03-09 14:23:00,HIVE,2.509999990463257,2.509999990463257,2.509999990463257,2.505000114440918,2.509999990463257,1562.0
2023-03-09 14:23:00,HONE,12.670000076293945,12.670000076293945,12.670000076293945,12.670000076293945,12.670000076293945,716.0
2023-03-09 14:23:00,HOPE,11.789999961853027,11.789999961853027,11.795000076293945,11.789999961853027,11.789999961853027,659.0
2023-03-09 14:23:00,HTLF,45.650001525878906,45.650001525878906,45.650001525878906,45.650001525878906,45.650001525878906,771.0
2023-03-09 14:23:00,HUT,1.3200000524520874,1.3200000524520874,1.3200000524520874,1.311900019645691,1.3180999755859375,19670.0
2023-03-09 14:23:00,HWC,44.029998779296875,44.029998779296875,44.040000915527344,44.029998779296875,44.040000915527344,1149.0
2023-03-09 14:23:00,HYW,5.320000171661377,5.320000171661377,5.320000171661377,5.320000171661377,5.320000171661377,200.0
2023-03-09 14:23:00,IBKR,87.61000061035156,87.61000061035156,87.6500015258789,87.61000061035156,87.61499786376953,1430.0
2023-03-09 14:23:00,IBTX,53.0099983215332,53.0099983215332,53.0099983215332,53.0099983215332,53.0099983215332,277.0
2023-03-09 14:23:00,INDB,71.8499984741211,71.8499984741211,71.8499984741211,71.8499984741211,71.8499984741211,650.0
2023-03-09 14:24:00,ACAB,10.345000267028809,10.345000267028809,10.345000267028809,10.345000267028809,10.345000267028809,201.0
2023-03-09 14:24:00,ACGL,69.33999633789062,69.33999633789062,69.33999633789062,69.30500030517578,69.30500030517578,1513.0
2023-03-09 14:24:00,AMSF,51.58000183105469,51.58000183105469,51.58000183105469,51.56999969482422,51.56999969482422,382.0
2023-03-09 14:24:00,APLD,2.0799999237060547,2.0799999237060547,2.0799999237060547,2.0799999237060547,2.0799999237060547,2306.0
2023-03-09 14:24:00,ARCC,18.7450008392334,18.7450008392334,18.746999740600586,18.739999771118164,18.7460994720459,2183.0
2023-03-09 14:24:00,ATLO,23.420000076293945,23.420000076293945,23.420000076293945,23.415000915527344,23.415000915527344,375.0
2023-03-09 14:24:00,AUB,36.68000030517578,36.68000030517578,36.709999084472656,36.68000030517578,36.709999084472656,716.0
2023-03-09 14:24:00,BFIN,10.25,10.25,10.25,10.25,10.25,559.0
2023-03-09 14:24:00,BFST,18.68000030517578,18.68000030517578,18.690000534057617,18.649999618530273,18.649999618530273,688.0
2023-03-09 14:24:00,BGCP,5.0,5.0,5.0,5.0,5.0,471.0
2023-03-09 14:24:00,BHF,52.630001068115234,52.630001068115234,52.630001068115234,52.630001068115234,52.630001068115234,235.0
2023-03-09 14:24:00,BITF,0.7300999760627747,0.7300999760627747,0.7304999828338623,0.7300999760627747,0.7301999926567078,4016.0
2023-03-09 14:24:00,BKCC,3.6500000953674316,3.6500000953674316,3.6600000858306885,3.6500000953674316,3.6600000858306885,1028.0
2023-03-09 14:24:00,BMRC,27.0,27.0,27.0,27.0,27.0,213.0
2023-03-09 14:24:00,BOKF,96.16999816894531,96.16999816894531,96.16999816894531,96.16999816894531,96.16999816894531,434.0
2023-03-09 14:24:00,BPOP,62.90999984741211,62.90999984741211,62.90999984741211,62.83000183105469,62.83000183105469,770.0
2023-03-09 14:24:00,BRP,25.360000610351562,25.360000610351562,25.360000610351562,25.360000610351562,25.360000610351562,529.0
2023-03-09 14:24:00,BTBT,1.0850000381469727,1.0850000381469727,1.0850000381469727,1.0850000381469727,1.0850000381469727,410.0
2023-03-09 14:24:00,CASH,47.040000915527344,47.040000915527344,47.040000915527344,47.040000915527344,47.040000915527344,508.0
2023-03-09 14:24:00,CATC,70.69999694824219,70.69999694824219,70.69999694824219,70.69999694824219,70.69999694824219,100.0
2023-03-09 14:24:00,CATY,39.16999816894531,39.16999816894531,39.16999816894531,39.16999816894531,39.16999816894531,439.0
2023-03-09 14:24:00,CBSH,62.1150016784668,62.1150016784668,62.1150016784668,62.099998474121094,62.099998474121094,594.0
2023-03-09 14:24:00,CCAP,14.90999984741211,14.90999984741211,14.90999984741211,14.90999984741211,14.90999984741211,224.0
2023-03-09 14:24:00,CCD,22.959999084472656,22.959999084472656,22.959999084472656,22.959999084472656,22.959999084472656,606.0
2023-03-09 14:24:00,CFFN,7.559999942779541,7.559999942779541,7.559999942779541,7.559999942779541,7.559999942779541,1051.0
2023-03-09 14:24:00,CG,33.79999923706055,33.79999923706055,33.79999923706055,33.77000045776367,33.77000045776367,4049.0
2023-03-09 14:24:00,CGBD,14.920000076293945,14.920000076293945,14.920000076293945,14.890000343322754,14.890000343322754,5941.0
2023-03-09 14:24:00,CHCO,92.01000213623047,92.01000213623047,92.01000213623047,92.01000213623047,92.01000213623047,423.0
2023-03-09 14:24:00,CHI,11.850000381469727,11.850000381469727,11.850000381469727,11.850000381469727,11.850000381469727,588.0
2023-03-09 14:24:00,CHY,12.210000038146973,12.210000038146973,12.210000038146973,12.210000038146973,12.210000038146973,200.0
2023-03-09 14:24:00,CIFR,1.4199999570846558,1.4199999570846558,1.4199999570846558,1.4199999570846558,1.4199999570846558,300.0
2023-03-09 14:24:00,CINF,116.37000274658203,116.37000274658203,116.37000274658203,116.33999633789062,116.33999633789062,798.0
2023-03-09 14:24:00,CLBK,19.760000228881836,19.760000228881836,19.760000228881836,19.760000228881836,19.760000228881836,792.0
2023-03-09 14:24:00,CME,178.32000732421875,178.32000732421875,178.38999938964844,178.27000427246094,178.36000061035156,4564.0
2023-03-09 14:24:00,CNOB,22.06999969482422,22.06999969482422,22.06999969482422,22.06999969482422,22.06999969482422,1136.0
2023-03-09 14:24:00,COLB,25.309999465942383,25.309999465942383,25.309999465942383,25.280000686645508,25.290000915527344,7598.0
2023-03-09 14:24:00,COOP,44.02000045776367,44.02000045776367,44.16999816894531,44.02000045776367,44.130001068115234,8647.0
2023-03-09 14:24:00,CRVL,179.35499572753906,179.35499572753906,179.35499572753906,179.35499572753906,179.35499572753906,204.0
2023-03-09 14:24:00,CVBF,21.924999237060547,21.924999237060547,21.924999237060547,21.924999237060547,21.924999237060547,102.0
2023-03-09 14:24:00,DWAC,14.055000305175781,14.055000305175781,14.055000305175781,14.052300453186035,14.052300453186035,1749.0
2023-03-09 14:24:00,EBC,14.5649995803833,14.5649995803833,14.5649995803833,14.5649995803833,14.5649995803833,190.0
2023-03-09 14:24:00,ECPG,50.58000183105469,50.58000183105469,50.58000183105469,50.58000183105469,50.58000183105469,206.0
2023-03-09 14:24:00,EGBN,40.310001373291016,40.310001373291016,40.310001373291016,40.310001373291016,40.310001373291016,216.0
2023-03-09 14:24:00,ERIE,232.8300018310547,232.8300018310547,232.8300018310547,232.82000732421875,232.82000732421875,371.0
2023-03-09 14:24:00,ESQ,41.29999923706055,41.29999923706055,41.529998779296875,41.29999923706055,41.529998779296875,1190.0
2023-03-09 14:24:00,EWBC,68.06500244140625,68.06500244140625,68.06500244140625,68.0,68.0,9933.0
2023-03-09 14:24:00,FBMS,28.969999313354492,28.969999313354492,28.969999313354492,28.959999084472656,28.959999084472656,687.0
2023-03-09 14:24:00,FBNC,38.650001525878906,38.650001525878906,38.650001525878906,38.650001525878906,38.650001525878906,172.0
2023-03-09 14:24:00,FCFS,88.87000274658203,88.87000274658203,88.88999938964844,88.7699966430664,88.77999877929688,2373.0
2023-03-09 14:24:00,FCRD,4.570000171661377,4.570000171661377,4.570000171661377,4.570000171661377,4.570000171661377,100.0
2023-03-09 14:24:00,FDUS,20.18000030517578,20.18000030517578,20.200000762939453,20.18000030517578,20.200000762939453,1202.0
2023-03-09 14:24:00,FFBC,22.440000534057617,22.440000534057617,22.440000534057617,22.440000534057617,22.440000534057617,840.0
2023-03-09 14:24:00,FFIN,33.75,33.75,33.75,33.72999954223633,33.72999954223633,237.0
2023-03-09 14:24:00,FHB,24.18000030517578,24.18000030517578,24.18000030517578,24.15999984741211,24.15999984741211,988.0
2023-03-09 14:24:00,FIBK,32.2599983215332,32.2599983215332,32.27000045776367,32.2599983215332,32.27000045776367,1084.0
2023-03-09 14:24:00,FITB,32.16999816894531,32.16999816894531,32.16999816894531,32.13999938964844,32.13999938964844,3831.0
2023-03-09 14:24:00,FMNB,13.260000228881836,13.260000228881836,13.270000457763672,13.260000228881836,13.270000457763672,611.0
2023-03-09 14:24:00,FOCS,51.619998931884766,51.619998931884766,51.619998931884766,51.619998931884766,51.619998931884766,643.0
2023-03-09 14:24:00,FRBA,12.84000015258789,12.84000015258789,12.84000015258789,12.84000015258789,12.84000015258789,722.0
2023-03-09 14:24:00,FRME,37.63999938964844,37.63999938964844,37.63999938964844,37.63999938964844,37.63999938964844,121.0
2023-03-09 14:24:00,FULT,15.739999771118164,15.739999771118164,15.739999771118164,15.739999771118164,15.739999771118164,1216.0
2023-03-09 14:24:00,FUTU,46.4900016784668,46.4900016784668,46.4900016784668,46.459999084472656,46.459999084472656,740.0
2023-03-09 14:24:00,GAIN,13.579999923706055,13.579999923706055,13.579999923706055,13.579999923706055,13.579999923706055,427.0
2023-03-09 14:24:00,GBDC,13.350000381469727,13.350000381469727,13.350000381469727,13.345000267028809,13.345000267028809,511.0
2023-03-09 14:24:00,GGAL,12.817999839782715,12.817999839782715,12.817999839782715,12.817999839782715,12.817999839782715,200.0
2023-03-09 14:24:00,GLAD,9.854999542236328,9.854999542236328,9.854999542236328,9.84000015258789,9.84000015258789,2045.0
2023-03-09 14:24:00,GOCO,18.735000610351562,18.735000610351562,18.735000610351562,18.735000610351562,18.735000610351562,100.0
2023-03-09 14:24:00,GSHD,51.59000015258789,51.59000015258789,51.59000015258789,51.5,51.5,3086.0
2023-03-09 14:24:00,HBAN,13.914999961853027,13.914999961853027,13.914999961853027,13.899999618530273,13.899999618530273,17661.0
2023-03-09 14:24:00,HBNC,13.890000343322754,13.890000343322754,13.890000343322754,13.890000343322754,13.890000343322754,631.0
2023-03-09 14:24:00,HFWA,24.729999542236328,24.729999542236328,24.729999542236328,24.700000762939453,24.709999084472656,752.0
2023-03-09 14:24:00,HIVE,2.5113000869750977,2.5113000869750977,2.5113000869750977,2.509999990463257,2.509999990463257,800.0
2023-03-09 14:24:00,HMST,22.399999618530273,22.399999618530273,22.399999618530273,22.360000610351562,22.399999618530273,796.0
2023-03-09 14:24:00,HONE,12.670000076293945,12.670000076293945,12.670000076293945,12.670000076293945,12.670000076293945,475.0
2023-03-09 14:24:00,HRZN,11.729999542236328,11.729999542236328,11.729999542236328,11.729999542236328,11.729999542236328,145.0
2023-03-09 14:24:00,HTBK,10.90999984741211,10.90999984741211,10.90999984741211,10.90999984741211,10.90999984741211,435.0
2023-03-09 14:24:00,HUT,1.3100999593734741,1.3100999593734741,1.3164000511169434,1.3100999593734741,1.315000057220459,1125.0
2023-03-09 14:24:00,HWC,44.119998931884766,44.119998931884766,44.119998931884766,44.11000061035156,44.11000061035156,647.0
2023-03-09 14:24:00,HYW,5.340000152587891,5.340000152587891,5.340000152587891,5.21999979019165,5.21999979019165,9900.0
2023-03-09 14:24:00,IBKR,87.63999938964844,87.63999938964844,87.6449966430664,87.63999938964844,87.6449966430664,392.0
2023-03-09 14:24:00,IBTX,53.08000183105469,53.08000183105469,53.08000183105469,53.08000183105469,53.08000183105469,663.0
2023-03-09 14:24:00,ICMB,3.950000047683716,3.950000047683716,3.950000047683716,3.950000047683716,3.950000047683716,102.0
2023-03-09 14:24:00,INDB,71.88500213623047,71.88500213623047,71.88500213623047,71.88500213623047,71.88500213623047,275.0
2023-03-09 14:25:00,ABCB,42.849998474121094,42.849998474121094,42.849998474121094,42.849998474121094,42.849998474121094,335.0
2023-03-09 14:25:00,ACGL,69.41999816894531,69.41999816894531,69.41999816894531,69.33999633789062,69.33999633789062,3519.0
2023-03-09 14:25:00,ACGLN,18.709999084472656,18.709999084472656,18.739999771118164,18.709999084472656,18.739999771118164,389.0
2023-03-09 14:25:00,ACT,24.010000228881836,24.010000228881836,24.010000228881836,24.010000228881836,24.010000228881836,108.0
2023-03-09 14:25:00,AGBA,2.0999999046325684,2.0999999046325684,2.0999999046325684,2.0999999046325684,2.0999999046325684,347.0
2023-03-09 14:25:00,AMAL,21.166500091552734,21.166500091552734,21.166500091552734,21.166500091552734,21.166500091552734,250.0
2023-03-09 14:25:00,ANZU,9.9399995803833,9.9399995803833,9.9399995803833,9.9399995803833,9.9399995803833,305.0
2023-03-09 14:25:00,APLD,2.0999999046325684,2.0999999046325684,2.0999999046325684,2.0899999141693115,2.0899999141693115,1314.0
2023-03-09 14:25:00,APMI,10.199999809265137,10.199999809265137,10.199999809265137,10.199999809265137,10.199999809265137,989.0
2023-03-09 14:25:00,ARBK,1.4550000429153442,1.4550000429153442,1.4550000429153442,1.4550000429153442,1.4550000429153442,4984.0
2023-03-09 14:25:00,ARCC,18.729999542236328,18.729999542236328,18.74920082092285,18.729999542236328,18.74139976501465,8378.0
2023-03-09 14:25:00,AROW,28.675899505615234,28.675899505615234,28.675899505615234,28.675899505615234,28.675899505615234,197.0
2023-03-09 14:25:00,ATLO,23.459999084472656,23.459999084472656,23.459999084472656,23.3700008392334,23.3700008392334,424.0
2023-03-09 14:25:00,AUB,36.724998474121094,36.724998474121094,36.724998474121094,36.720001220703125,36.720001220703125,248.0
2023-03-09 14:25:00,BCML,19.40999984741211,19.40999984741211,19.40999984741211,19.40999984741211,19.40999984741211,255.0
2023-03-09 14:25:00,BGCP,5.0,5.0,5.0,4.99970006942749,5.0,1565.0
2023-03-09 14:25:00,BHF,52.66999816894531,52.66999816894531,52.66999816894531,52.630001068115234,52.630001068115234,236.0
2023-03-09 14:25:00,BHFAM,16.3700008392334,16.3700008392334,16.3700008392334,16.3700008392334,16.3700008392334,1968.0
2023-03-09 14:25:00,BHFAP,24.377300262451172,24.377300262451172,24.377300262451172,24.377300262451172,24.377300262451172,500.0
2023-03-09 14:25:00,BITF,0.7398999929428101,0.7398999929428101,0.7398999929428101,0.7350999712944031,0.7350999712944031,201.0
2023-03-09 14:25:00,BMRC,27.0,27.0,27.0,27.0,27.0,483.0
2023-03-09 14:25:00,BPOP,62.92499923706055,62.92499923706055,62.95000076293945,62.92499923706055,62.94499969482422,675.0
2023-03-09 14:25:00,BRP,25.420000076293945,25.420000076293945,25.420000076293945,25.399999618530273,25.399999618530273,3060.0
2023-03-09 14:25:00,BTBT,1.0850000381469727,1.0850000381469727,1.0850000381469727,1.0850000381469727,1.0850000381469727,106.0
2023-03-09 14:25:00,BWB,13.449999809265137,13.449999809265137,13.449999809265137,13.449999809265137,13.449999809265137,105.0
2023-03-09 14:25:00,CACC,436.0199890136719,436.0199890136719,436.0199890136719,436.0199890136719,436.0199890136719,531.0
2023-03-09 14:25:00,CALB,24.649999618530273,24.649999618530273,24.649999618530273,24.649999618530273,24.649999618530273,147.0
2023-03-09 14:25:00,CASH,46.994998931884766,46.994998931884766,47.04249954223633,46.994998931884766,47.04249954223633,586.0
2023-03-09 14:25:00,CBNK,18.797300338745117,18.797300338745117,18.797300338745117,18.797300338745117,18.797300338745117,1001.0
2023-03-09 14:25:00,CBSH,62.150001525878906,62.150001525878906,62.150001525878906,62.1150016784668,62.14860153198242,1266.0
2023-03-09 14:25:00,CCNE,22.670000076293945,22.670000076293945,22.670000076293945,22.670000076293945,22.670000076293945,680.0
2023-03-09 14:25:00,CFB,12.380000114440918,12.380000114440918,12.380000114440918,12.380000114440918,12.380000114440918,471.0
2023-03-09 14:25:00,CG,33.77000045776367,33.77000045776367,33.810001373291016,33.77000045776367,33.80500030517578,6895.0
2023-03-09 14:25:00,CHMG,48.48500061035156,48.48500061035156,48.48500061035156,48.48500061035156,48.48500061035156,110.0
2023-03-09 14:25:00,CHY,12.210000038146973,12.210000038146973,12.210000038146973,12.210000038146973,12.210000038146973,109.0
2023-03-09 14:25:00,CIFR,1.4174000024795532,1.4174000024795532,1.4174000024795532,1.4174000024795532,1.4174000024795532,502.0
2023-03-09 14:25:00,CME,178.42999267578125,178.42999267578125,178.42999267578125,178.3000030517578,178.3000030517578,3883.0
2023-03-09 14:25:00,COLB,25.299999237060547,25.299999237060547,25.30500030517578,25.280000686645508,25.30500030517578,9031.0
2023-03-09 14:25:00,COOP,43.9900016784668,43.9900016784668,44.0,43.9900016784668,44.0,330.0
2023-03-09 14:25:00,CRVL,179.39999389648438,179.39999389648438,179.39999389648438,179.39999389648438,179.39999389648438,732.0
2023-03-09 14:25:00,CSQ,13.890000343322754,13.890000343322754,13.890000343322754,13.869999885559082,13.869999885559082,532.0
2023-03-09 14:25:00,CSTR,15.279999732971191,15.279999732971191,15.319999694824219,15.279999732971191,15.300000190734863,1673.0
2023-03-09 14:25:00,CSWC,18.27910041809082,18.27910041809082,18.27910041809082,18.27910041809082,18.27910041809082,104.0
2023-03-09 14:25:00,CVBF,21.924999237060547,21.924999237060547,21.924999237060547,21.920000076293945,21.920000076293945,650.0
2023-03-09 14:25:00,CVCY,24.350000381469727,24.350000381469727,24.350000381469727,24.350000381469727,24.350000381469727,193.0
2023-03-09 14:25:00,DWAC,14.057900428771973,14.057900428771973,14.057900428771973,14.057900428771973,14.057900428771973,200.0
2023-03-09 14:25:00,EBC,14.569999694824219,14.569999694824219,14.576899528503418,14.5649995803833,14.5649995803833,1305.0
2023-03-09 14:25:00,ECPG,50.63999938964844,50.63999938964844,50.63999938964844,50.63999938964844,50.63999938964844,798.0
2023-03-09 14:25:00,EGBN,40.30500030517578,40.30500030517578,40.345001220703125,40.30500030517578,40.345001220703125,475.0
2023-03-09 14:25:00,EWBC,68.09500122070312,68.09500122070312,68.09500122070312,68.04000091552734,68.06500244140625,2717.0
2023-03-09 14:25:00,EZPW,8.8149995803833,8.8149995803833,8.8149995803833,8.8100004196167,8.8100004196167,4407.0
2023-03-09 14:25:00,FANH,8.1899995803833,8.1899995803833,8.1899995803833,8.1899995803833,8.1899995803833,165.0
2023-03-09 14:25:00,FBNC,38.76499938964844,38.76499938964844,38.76499938964844,38.72999954223633,38.72999954223633,1536.0
2023-03-09 14:25:00,FCFS,88.87000274658203,88.87000274658203,88.87000274658203,88.87000274658203,88.87000274658203,458.0
2023-03-09 14:25:00,FCRD,4.570000171661377,4.570000171661377,4.570000171661377,4.570000171661377,4.570000171661377,100.0
2023-03-09 14:25:00,FDUS,20.200000762939453,20.200000762939453,20.200000762939453,20.200000762939453,20.200000762939453,1071.0
2023-03-09 14:25:00,FFIN,33.779998779296875,33.779998779296875,33.779998779296875,33.779998779296875,33.779998779296875,155.0
2023-03-09 14:25:00,FFWM,12.936300277709961,12.936300277709961,12.936300277709961,12.930000305175781,12.930000305175781,494.0
2023-03-09 14:25:00,FITB,32.189998626708984,32.189998626708984,32.189998626708984,32.16999816894531,32.16999816894531,7417.0
2023-03-09 14:25:00,FITBI,25.149999618530273,25.149999618530273,25.149999618530273,25.149999618530273,25.149999618530273,335.0
2023-03-09 14:25:00,FITBO,22.129899978637695,22.129899978637695,22.129899978637695,22.129899978637695,22.129899978637695,122.0
2023-03-09 14:25:00,FOCS,51.619998931884766,51.619998931884766,51.619998931884766,51.619998931884766,51.619998931884766,600.0
2023-03-09 14:25:00,FRBK,1.725000023841858,1.725000023841858,1.7300000190734863,1.725000023841858,1.725000023841858,4589.0
2023-03-09 14:25:00,FUTU,46.564998626708984,46.564998626708984,46.564998626708984,46.529998779296875,46.529998779296875,561.0
2023-03-09 14:25:00,GBDC,13.345000267028809,13.345000267028809,13.345000267028809,13.345000267028809,13.345000267028809,122.0
2023-03-09 14:25:00,GGAL,12.789999961853027,12.789999961853027,12.8149995803833,12.739999771118164,12.805000305175781,22260.0
2023-03-09 14:25:00,GLAD,9.850000381469727,9.850000381469727,9.850000381469727,9.850000381469727,9.850000381469727,100.0
2023-03-09 14:25:00,GLRE,10.20009994506836,10.20009994506836,10.20009994506836,10.20009994506836,10.20009994506836,100.0
2023-03-09 14:25:00,GSHD,51.61000061035156,51.61000061035156,51.61000061035156,51.61000061035156,51.61000061035156,325.0
2023-03-09 14:25:00,HBAN,13.914999961853027,13.914999961853027,13.920000076293945,13.899999618530273,13.920000076293945,134846.0
2023-03-09 14:25:00,HBANP,19.027000427246094,19.027000427246094,19.027000427246094,19.027000427246094,19.027000427246094,160.0
2023-03-09 14:25:00,HOPE,11.800000190734863,11.800000190734863,11.800000190734863,11.800000190734863,11.800000190734863,1227.0
2023-03-09 14:25:00,HUT,1.3100999593734741,1.3100999593734741,1.3200000524520874,1.3100999593734741,1.3200000524520874,3248.0
2023-03-09 14:25:00,HWC,44.130001068115234,44.130001068115234,44.150001525878906,44.130001068115234,44.150001525878906,242.0
2023-03-09 14:25:00,IBKR,87.70999908447266,87.70999908447266,87.73999786376953,87.68000030517578,87.68000030517578,3714.0
2023-03-09 14:26:00,ABCB,42.880001068115234,42.880001068115234,42.880001068115234,42.849998474121094,42.849998474121094,936.0
2023-03-09 14:26:00,ACGL,69.33000183105469,69.33000183105469,69.4000015258789,69.33000183105469,69.4000015258789,1875.0
2023-03-09 14:26:00,ACT,24.020000457763672,24.020000457763672,24.020000457763672,24.020000457763672,24.020000457763672,256.0
2023-03-09 14:26:00,AMAL,21.200000762939453,21.200000762939453,21.200000762939453,21.200000762939453,21.200000762939453,489.0
2023-03-09 14:26:00,APLD,2.0850000381469727,2.0850000381469727,2.0999999046325684,2.0850000381469727,2.0999999046325684,2532.0
2023-03-09 14:26:00,ARCC,18.719999313354492,18.719999313354492,18.729999542236328,18.71500015258789,18.729999542236328,10070.0
2023-03-09 14:26:00,AUB,36.744998931884766,36.744998931884766,36.77000045776367,36.709999084472656,36.709999084472656,2563.0
2023-03-09 14:26:00,BCBP,15.779999732971191,15.779999732971191,15.779999732971191,15.779999732971191,15.779999732971191,172.0
2023-03-09 14:26:00,BFST,18.684999465942383,18.684999465942383,18.684999465942383,18.684999465942383,18.684999465942383,334.0
2023-03-09 14:26:00,BGCP,5.0,5.0,5.0,4.994999885559082,4.997000217437744,2029.0
2023-03-09 14:26:00,BHF,52.619998931884766,52.619998931884766,52.619998931884766,52.619998931884766,52.619998931884766,471.0
2023-03-09 14:26:00,BITF,0.7400000095367432,0.7400000095367432,0.7400000095367432,0.7374989986419678,0.7374989986419678,2113.0
2023-03-09 14:26:00,BKCC,3.6500000953674316,3.6500000953674316,3.6500000953674316,3.6500000953674316,3.6500000953674316,131.0
2023-03-09 14:26:00,BPOP,62.95000076293945,62.95000076293945,62.95000076293945,62.880001068115234,62.88999938964844,3440.0
2023-03-09 14:26:00,BRKL,11.630000114440918,11.630000114440918,11.630000114440918,11.625,11.625,662.0
2023-03-09 14:26:00,BRP,25.40999984741211,25.40999984741211,25.40999984741211,25.40999984741211,25.40999984741211,601.0
2023-03-09 14:26:00,BTBT,1.089900016784668,1.089900016784668,1.089900016784668,1.089900016784668,1.089900016784668,920.0
2023-03-09 14:26:00,BUSE,22.709999084472656,22.709999084472656,22.709999084472656,22.709999084472656,22.709999084472656,291.0
2023-03-09 14:26:00,BWB,13.449999809265137,13.449999809265137,13.449999809265137,13.449999809265137,13.449999809265137,636.0
2023-03-09 14:26:00,BYNOW,0.06129999831318855,0.06129999831318855,0.06129999831318855,0.056299999356269836,0.056299999356269836,599.0
2023-03-09 14:26:00,CASH,47.04499816894531,47.04499816894531,47.06999969482422,46.98500061035156,46.9900016784668,1977.0
2023-03-09 14:26:00,CATC,70.87000274658203,70.87000274658203,70.87999725341797,70.86000061035156,70.86000061035156,346.0
2023-03-09 14:26:00,CATY,39.20000076293945,39.20000076293945,39.20000076293945,39.20000076293945,39.20000076293945,216.0
2023-03-09 14:26:00,CBSH,62.150001525878906,62.150001525878906,62.150001525878906,62.150001525878906,62.150001525878906,748.0
2023-03-09 14:26:00,CCAP,14.9399995803833,14.9399995803833,14.9399995803833,14.9399995803833,14.9399995803833,456.0
2023-03-09 14:26:00,CFFN,7.559999942779541,7.559999942779541,7.559999942779541,7.559999942779541,7.559999942779541,1098.0
2023-03-09 14:26:00,CG,33.78499984741211,33.78499984741211,33.790000915527344,33.77000045776367,33.77000045776367,4573.0
2023-03-09 14:26:00,CGBD,14.920000076293945,14.920000076293945,14.920000076293945,14.90999984741211,14.90999984741211,1254.0
2023-03-09 14:26:00,CHY,12.210000038146973,12.210000038146973,12.210000038146973,12.210000038146973,12.210000038146973,300.0
2023-03-09 14:26:00,CIFR,1.4279999732971191,1.4279999732971191,1.4299999475479126,1.4149999618530273,1.4199999570846558,10271.0
2023-03-09 14:26:00,CINF,116.26000213623047,116.26000213623047,116.37000274658203,116.22000122070312,116.33000183105469,2365.0
2023-03-09 14:26:00,CME,178.49989318847656,178.49989318847656,178.5,178.3699951171875,178.41000366210938,5005.0
2023-03-09 14:26:00,CNOB,22.1299991607666,22.1299991607666,22.1299991607666,22.100000381469727,22.100000381469727,967.0
2023-03-09 14:26:00,COFS,28.110000610351562,28.110000610351562,28.110000610351562,28.110000610351562,28.110000610351562,299.0
2023-03-09 14:26:00,COLB,25.31999969482422,25.31999969482422,25.325000762939453,25.280000686645508,25.280000686645508,6328.0
2023-03-09 14:26:00,COOP,44.005001068115234,44.005001068115234,44.005001068115234,44.005001068115234,44.005001068115234,637.0
2023-03-09 14:26:00,CSWC,18.270000457763672,18.270000457763672,18.270000457763672,18.270000457763672,18.270000457763672,325.0
2023-03-09 14:26:00,CTBI,40.76499938964844,40.76499938964844,40.76499938964844,40.76499938964844,40.76499938964844,173.0
2023-03-09 14:26:00,CULL,11.770000457763672,11.770000457763672,11.770000457763672,11.770000457763672,11.770000457763672,302.0
2023-03-09 14:26:00,CVBF,21.920000076293945,21.920000076293945,21.920000076293945,21.889999389648438,21.90999984741211,1047.0
2023-03-09 14:26:00,DWAC,14.050100326538086,14.050100326538086,14.050100326538086,14.050100326538086,14.050100326538086,268.0
2023-03-09 14:26:00,EBC,14.579999923706055,14.579999923706055,14.579999923706055,14.569999694824219,14.569999694824219,1656.0
2023-03-09 14:26:00,EGBN,40.310001373291016,40.310001373291016,40.36000061035156,40.310001373291016,40.314998626708984,429.0
2023-03-09 14:26:00,EHTH,8.65999984741211,8.65999984741211,8.669899940490723,8.65999984741211,8.65999984741211,596.0
2023-03-09 14:26:00,ERIE,232.8699951171875,232.8699951171875,232.8699951171875,232.8000030517578,232.82000732421875,869.0
2023-03-09 14:26:00,EWBC,68.20999908447266,68.20999908447266,68.2300033569336,68.0999984741211,68.0999984741211,3879.0
2023-03-09 14:26:00,EZPW,8.8149995803833,8.8149995803833,8.8149995803833,8.8149995803833,8.8149995803833,246.0
2023-03-09 14:26:00,FANH,8.175000190734863,8.175000190734863,8.175000190734863,8.175000190734863,8.175000190734863,275.0
2023-03-09 14:26:00,FBIZ,33.58000183105469,33.58000183105469,33.58000183105469,33.58000183105469,33.58000183105469,192.0
2023-03-09 14:26:00,FBMS,28.940000534057617,28.940000534057617,28.940000534057617,28.940000534057617,28.940000534057617,377.0
2023-03-09 14:26:00,FCBC,28.510000228881836,28.510000228881836,28.510000228881836,28.510000228881836,28.510000228881836,269.0
2023-03-09 14:26:00,FCFS,88.87000274658203,88.87000274658203,88.87000274658203,88.87000274658203,88.87000274658203,106.0
2023-03-09 14:26:00,FCRD,4.590000152587891,4.590000152587891,4.619999885559082,4.590000152587891,4.619999885559082,780.0
2023-03-09 14:26:00,FDUS,20.190000534057617,20.190000534057617,20.209999084472656,20.190000534057617,20.200000762939453,520.0
2023-03-09 14:26:00,FFIC,17.34000015258789,17.34000015258789,17.34000015258789,17.329999923706055,17.329999923706055,998.0
2023-03-09 14:26:00,FFIN,33.7599983215332,33.7599983215332,33.7599983215332,33.7599983215332,33.7599983215332,1070.0
2023-03-09 14:26:00,FFWM,12.9399995803833,12.9399995803833,12.9399995803833,12.9399995803833,12.9399995803833,107.0
2023-03-09 14:26:00,FHB,24.200000762939453,24.200000762939453,24.200000762939453,24.200000762939453,24.200000762939453,757.0
2023-03-09 14:26:00,FIBK,32.31999969482422,32.31999969482422,32.31999969482422,32.29999923706055,32.29999923706055,5004.0
2023-03-09 14:26:00,FINW,9.119999885559082,9.119999885559082,9.119999885559082,9.119999885559082,9.119999885559082,235.0
2023-03-09 14:26:00,FITB,32.189998626708984,32.189998626708984,32.209999084472656,32.18000030517578,32.18000030517578,12088.0
2023-03-09 14:26:00,FLIC,16.239999771118164,16.239999771118164,16.239999771118164,16.229999542236328,16.229999542236328,562.0
2023-03-09 14:26:00,FOCS,51.619998931884766,51.619998931884766,51.619998931884766,51.61000061035156,51.619998931884766,945.0
2023-03-09 14:26:00,FRME,37.630001068115234,37.630001068115234,37.630001068115234,37.630001068115234,37.630001068115234,373.0
2023-03-09 14:26:00,FSBW,33.41999816894531,33.41999816894531,33.41999816894531,33.41999816894531,33.41999816894531,335.0
2023-03-09 14:26:00,FULT,15.770000457763672,15.770000457763672,15.770000457763672,15.75,15.75,1260.0
2023-03-09 14:26:00,FUTU,46.560001373291016,46.560001373291016,46.560001373291016,46.529998779296875,46.529998779296875,2100.0
2023-03-09 14:26:00,GAMC,10.145000457763672,10.145000457763672,10.149999618530273,10.145000457763672,10.149999618530273,11522.0
2023-03-09 14:26:00,GBDC,13.354999542236328,13.354999542236328,13.359999656677246,13.350000381469727,13.350000381469727,3970.0
2023-03-09 14:26:00,GGAL,12.819999694824219,12.819999694824219,12.859999656677246,12.800000190734863,12.800000190734863,37266.0
2023-03-09 14:26:00,GLAD,9.850000381469727,9.850000381469727,9.850000381469727,9.850000381469727,9.850000381469727,533.0
2023-03-09 14:26:00,GLRE,10.225000381469727,10.225000381469727,10.225000381469727,10.225000381469727,10.225000381469727,1360.0
2023-03-09 14:26:00,GOCO,18.832500457763672,18.832500457763672,18.832500457763672,18.832500457763672,18.832500457763672,104.0
2023-03-09 14:26:00,GSHD,51.58000183105469,51.58000183105469,51.630001068115234,51.55009841918945,51.55009841918945,868.0
2023-03-09 14:26:00,HBAN,13.904999732971191,13.904999732971191,13.925000190734863,13.899999618530273,13.914999961853027,291163.0
2023-03-09 14:26:00,HOPE,11.8100004196167,11.8100004196167,11.8100004196167,11.800000190734863,11.800700187683105,1873.0
2023-03-09 14:26:00,HTBK,10.914999961853027,10.914999961853027,10.914999961853027,10.90999984741211,10.90999984741211,519.0
2023-03-09 14:26:00,HTLFP,25.299999237060547,25.299999237060547,25.299999237060547,25.299999237060547,25.299999237060547,100.0
2023-03-09 14:26:00,HUT,1.3199000358581543,1.3199000358581543,1.3200000524520874,1.3179999589920044,1.3179999589920044,59318.0
2023-03-09 14:26:00,HWC,44.13999938964844,44.13999938964844,44.13999938964844,44.099998474121094,44.099998474121094,1358.0
2023-03-09 14:26:00,HYW,5.440000057220459,5.440000057220459,5.440000057220459,5.420000076293945,5.420000076293945,2200.0
2023-03-09 14:26:00,IBKR,87.68000030517578,87.68000030517578,87.69999694824219,87.63999938964844,87.68000030517578,3183.0
2023-03-09 14:26:00,IBTX,53.13999938964844,53.13999938964844,53.13999938964844,53.13999938964844,53.13999938964844,139.0
2023-03-09 14:27:00,ACGL,69.30000305175781,69.30000305175781,69.33000183105469,69.30000305175781,69.33000183105469,1658.0
2023-03-09 14:27:00,ACT,24.030000686645508,24.030000686645508,24.030000686645508,24.030000686645508,24.030000686645508,367.0
2023-03-09 14:27:00,APLD,2.089099884033203,2.089099884033203,2.089099884033203,2.089099884033203,2.089099884033203,252.0
2023-03-09 14:27:00,ARCC,18.719999313354492,18.719999313354492,18.729999542236328,18.71500015258789,18.71500015258789,22007.0
2023-03-09 14:27:00,AROW,28.6200008392334,28.6200008392334,28.6200008392334,28.510000228881836,28.510000228881836,396.0
2023-03-09 14:27:00,AUB,36.77000045776367,36.77000045776367,36.790000915527344,36.755001068115234,36.7599983215332,2163.0
2023-03-09 14:27:00,BANR,58.02000045776367,58.02000045776367,58.02000045776367,57.959999084472656,57.959999084472656,339.0
2023-03-09 14:27:00,BGCP,4.994999885559082,4.994999885559082,5.0,4.994999885559082,5.0,910.0
2023-03-09 14:27:00,BITF,0.7400000095367432,0.7400000095367432,0.7400000095367432,0.7350000143051147,0.7350000143051147,1401.0
2023-03-09 14:27:00,BPOP,63.0,63.0,63.0099983215332,62.9900016784668,63.0099983215332,1328.0
2023-03-09 14:27:00,BRKL,11.649999618530273,11.649999618530273,11.649999618530273,11.640000343322754,11.640000343322754,1364.0
2023-03-09 14:27:00,BTBT,1.0850000381469727,1.0850000381469727,1.0850000381469727,1.0800000429153442,1.0800000429153442,381.0
2023-03-09 14:27:00,BUSE,22.739999771118164,22.739999771118164,22.739999771118164,22.729999542236328,22.729999542236328,408.0
2023-03-09 14:27:00,BWB,13.460000038146973,13.460000038146973,13.5,13.460000038146973,13.5,259.0
2023-03-09 14:27:00,BYNOW,0.05999999865889549,0.05999999865889549,0.05999999865889549,0.05999999865889549,0.05999999865889549,2400.0
2023-03-09 14:27:00,CATC,70.87999725341797,70.87999725341797,70.87999725341797,70.87999725341797,70.87999725341797,1023.0
2023-03-09 14:27:00,CATY,39.23929977416992,39.23929977416992,39.23929977416992,39.23929977416992,39.23929977416992,815.0
2023-03-09 14:27:00,CBSH,62.20000076293945,62.20000076293945,62.20000076293945,62.20000076293945,62.20000076293945,644.0
2023-03-09 14:27:00,CCB,42.2599983215332,42.2599983215332,42.2599983215332,42.2599983215332,42.2599983215332,522.0
2023-03-09 14:27:00,CFFN,7.570000171661377,7.570000171661377,7.574999809265137,7.559999942779541,7.559999942779541,3590.0
2023-03-09 14:27:00,CG,33.779998779296875,33.779998779296875,33.78499984741211,33.77199935913086,33.779998779296875,2535.0
2023-03-09 14:27:00,CGBD,14.930000305175781,14.930000305175781,14.930000305175781,14.920000076293945,14.920000076293945,1150.0
2023-03-09 14:27:00,CHY,12.199999809265137,12.199999809265137,12.199999809265137,12.199999809265137,12.199999809265137,100.0
2023-03-09 14:27:00,CIFR,1.4199999570846558,1.4199999570846558,1.4199999570846558,1.4199999570846558,1.4199999570846558,4232.0
2023-03-09 14:27:00,CINF,116.27999877929688,116.27999877929688,116.27999877929688,116.27999877929688,116.27999877929688,120.0
2023-03-09 14:27:00,CME,178.4600067138672,178.4600067138672,178.4600067138672,178.4550018310547,178.4550018310547,430.0
2023-03-09 14:27:00,COFS,28.100000381469727,28.100000381469727,28.100000381469727,28.100000381469727,28.100000381469727,872.0
2023-03-09 14:27:00,COLB,25.329999923706055,25.329999923706055,25.350000381469727,25.31999969482422,25.325000762939453,6370.0
2023-03-09 14:27:00,COOP,44.119998931884766,44.119998931884766,44.119998931884766,44.0,44.0,1806.0
2023-03-09 14:27:00,CVBF,21.950000762939453,21.950000762939453,21.950000762939453,21.920000076293945,21.920000076293945,1751.0
2023-03-09 14:27:00,CZWI,12.09000015258789,12.09000015258789,12.09000015258789,12.09000015258789,12.09000015258789,1049.0
2023-03-09 14:27:00,DHHC,10.34000015258789,10.34000015258789,10.34000015258789,10.34000015258789,10.34000015258789,1477.0
2023-03-09 14:27:00,DWAC,14.0600004196167,14.0600004196167,14.079999923706055,14.055000305175781,14.055000305175781,5777.0
2023-03-09 14:27:00,EBC,14.574999809265137,14.574999809265137,14.579999923706055,14.574999809265137,14.579999923706055,610.0
2023-03-09 14:27:00,EFSC,51.75,51.75,51.75,51.75,51.75,213.0
2023-03-09 14:27:00,EGBN,40.345001220703125,40.345001220703125,40.369998931884766,40.345001220703125,40.349998474121094,1039.0
2023-03-09 14:27:00,EHTH,8.628399848937988,8.628399848937988,8.649999618530273,8.628399848937988,8.649999618530273,1052.0
2023-03-09 14:27:00,ESGR,230.72999572753906,230.72999572753906,230.72999572753906,230.72999572753906,230.72999572753906,219.0
2023-03-09 14:27:00,ESQ,41.59000015258789,41.59000015258789,41.59000015258789,41.59000015258789,41.59000015258789,102.0
2023-03-09 14:27:00,EWBC,68.18000030517578,68.18000030517578,68.20999908447266,68.16000366210938,68.19000244140625,3650.0
2023-03-09 14:27:00,FANH,8.25,8.25,8.25,8.25,8.25,539.0
2023-03-09 14:27:00,FCFS,89.02999877929688,89.02999877929688,89.06999969482422,88.80999755859375,88.87000274658203,9403.0
2023-03-09 14:27:00,FCNCA,646.7100219726562,646.7100219726562,646.7100219726562,644.9500122070312,644.9500122070312,631.0
2023-03-09 14:27:00,FCRD,4.590000152587891,4.590000152587891,4.590000152587891,4.590000152587891,4.590000152587891,100.0
2023-03-09 14:27:00,FFBW,12.369999885559082,12.369999885559082,12.369999885559082,12.369999885559082,12.369999885559082,200.0
2023-03-09 14:27:00,FFIN,33.81999969482422,33.81999969482422,33.84000015258789,33.81999969482422,33.84000015258789,1527.0
2023-03-09 14:27:00,FFWM,12.960000038146973,12.960000038146973,12.960000038146973,12.960000038146973,12.960000038146973,143.0
2023-03-09 14:27:00,FHB,24.200000762939453,24.200000762939453,24.200000762939453,24.200000762939453,24.200000762939453,630.0
2023-03-09 14:27:00,FIBK,32.349998474121094,32.349998474121094,32.36000061035156,32.33000183105469,32.36000061035156,3362.0
2023-03-09 14:27:00,FITB,32.18000030517578,32.18000030517578,32.20000076293945,32.18000030517578,32.189998626708984,4936.0
2023-03-09 14:27:00,FNCB,7.260000228881836,7.260000228881836,7.260000228881836,7.260000228881836,7.260000228881836,315.0
2023-03-09 14:27:00,FNWB,13.399999618530273,13.399999618530273,13.400199890136719,13.399999618530273,13.399999618530273,1345.0
2023-03-09 14:27:00,FOCS,51.619998931884766,51.619998931884766,51.619998931884766,51.619998931884766,51.619998931884766,459.0
2023-03-09 14:27:00,FRME,37.7400016784668,37.7400016784668,37.7400016784668,37.7400016784668,37.7400016784668,211.0
2023-03-09 14:27:00,FSBW,33.41999816894531,33.41999816894531,33.41999816894531,33.41999816894531,33.41999816894531,162.0
2023-03-09 14:27:00,FULT,15.760000228881836,15.760000228881836,15.770000457763672,15.760000228881836,15.765000343322754,2845.0
2023-03-09 14:27:00,FUTU,46.52000045776367,46.52000045776367,46.52000045776367,46.52000045776367,46.52000045776367,546.0
2023-03-09 14:27:00,FVCB,13.270000457763672,13.270000457763672,13.279999732971191,13.270000457763672,13.279999732971191,724.0
2023-03-09 14:27:00,GAIN,13.580100059509277,13.580100059509277,13.580100059509277,13.580100059509277,13.580100059509277,808.0
2023-03-09 14:27:00,GBDC,13.354999542236328,13.354999542236328,13.354999542236328,13.354999542236328,13.354999542236328,767.0
2023-03-09 14:27:00,GCMG,8.399999618530273,8.399999618530273,8.399999618530273,8.399999618530273,8.399999618530273,405.0
2023-03-09 14:27:00,GGAL,12.819999694824219,12.819999694824219,12.819999694824219,12.819999694824219,12.819999694824219,486.0
2023-03-09 14:27:00,GLRE,10.199999809265137,10.199999809265137,10.225000381469727,10.199999809265137,10.199999809265137,568.0
2023-03-09 14:27:00,HBAN,13.895000457763672,13.895000457763672,13.90999984741211,13.895000457763672,13.904999732971191,20466.0
2023-03-09 14:27:00,HBANP,19.0,19.0,19.0,19.0,19.0,200.0
2023-03-09 14:27:00,HBCP,36.349998474121094,36.349998474121094,36.349998474121094,36.349998474121094,36.349998474121094,148.0
2023-03-09 14:27:00,HIVE,2.509999990463257,2.509999990463257,2.509999990463257,2.509999990463257,2.509999990463257,852.0
2023-03-09 14:27:00,HMST,22.422000885009766,22.422000885009766,22.422000885009766,22.399999618530273,22.399999618530273,399.0
2023-03-09 14:27:00,HOPE,11.8100004196167,11.8100004196167,11.810099601745605,11.8100004196167,11.810099601745605,3769.0
2023-03-09 14:27:00,HRZN,11.739999771118164,11.739999771118164,11.739999771118164,11.739999771118164,11.739999771118164,520.0
2023-03-09 14:27:00,HTLFP,25.25,25.25,25.299999237060547,25.25,25.299999237060547,300.0
2023-03-09 14:27:00,HUT,1.3200000524520874,1.3200000524520874,1.3200000524520874,1.316100001335144,1.316100001335144,1235.0
2023-03-09 14:27:00,HWC,44.119998931884766,44.119998931884766,44.119998931884766,44.119998931884766,44.119998931884766,456.0
2023-03-09 14:27:00,HYW,5.449999809265137,5.449999809265137,5.449999809265137,5.440000057220459,5.440000057220459,1600.0
2023-03-09 14:27:00,IBKR,87.66999816894531,87.66999816894531,87.66999816894531,87.66999816894531,87.66999816894531,598.0
2023-03-09 14:27:00,IBTX,53.20000076293945,53.20000076293945,53.20000076293945,53.20000076293945,53.20000076293945,292.0
2023-03-09 14:27:00,INDB,71.95999908447266,71.95999908447266,71.95999908447266,71.95999908447266,71.95999908447266,419.0
2023-03-09 14:27:00,INTR,2.0313000679016113,2.0313000679016113,2.0313000679016113,2.0313000679016113,2.0313000679016113,354.0
2023-03-09 14:28:00,ABCB,42.88999938964844,42.88999938964844,42.88999938964844,42.88999938964844,42.88999938964844,271.0
2023-03-09 14:28:00,ACGL,69.25,69.25,69.30000305175781,69.23999786376953,69.30000305175781,4770.0
2023-03-09 14:28:00,AGBA,2.200000047683716,2.200000047683716,2.200000047683716,2.200000047683716,2.200000047683716,720.0
2023-03-09 14:28:00,AIHS,0.8924509882926941,0.8924509882926941,0.8924509882926941,0.8924509882926941,0.8924509882926941,100.0
2023-03-09 14:28:00,AMRK,28.219999313354492,28.219999313354492,28.219999313354492,28.219999313354492,28.219999313354492,688.0
2023-03-09 14:28:00,APLD,2.0850000381469727,2.0850000381469727,2.0850000381469727,2.0850000381469727,2.0850000381469727,700.0
2023-03-09 14:28:00,ARCC,18.71500015258789,18.71500015258789,18.719999313354492,18.709999084472656,18.719999313354492,4792.0
2023-03-09 14:28:00,ATLO,23.360000610351562,23.360000610351562,23.3700008392334,23.360000610351562,23.3700008392334,532.0
2023-03-09 14:28:00,AUB,36.79999923706055,36.79999923706055,36.79999923706055,36.779998779296875,36.79999923706055,1156.0
2023-03-09 14:28:00,BANF,86.25,86.25,86.25,86.25,86.25,100.0
2023-03-09 14:28:00,BGCP,5.0,5.0,5.0,4.994999885559082,5.0,700.0
2023-03-09 14:28:00,BKCC,3.6500000953674316,3.6500000953674316,3.6500000953674316,3.6500000953674316,3.6500000953674316,130.0
2023-03-09 14:28:00,BLFY,11.449999809265137,11.449999809265137,11.461000442504883,11.449999809265137,11.461000442504883,3114.0
2023-03-09 14:28:00,BPOP,62.83000183105469,62.83000183105469,62.967498779296875,62.83000183105469,62.91999816894531,1838.0
2023-03-09 14:28:00,BRKL,11.649999618530273,11.649999618530273,11.649999618530273,11.649999618530273,11.649999618530273,363.0
2023-03-09 14:28:00,BRP,25.34000015258789,25.34000015258789,25.3799991607666,25.34000015258789,25.3799991607666,1265.0
2023-03-09 14:28:00,BSVN,27.479999542236328,27.479999542236328,27.479999542236328,27.479999542236328,27.479999542236328,304.0
2023-03-09 14:28:00,BTBT,1.0800000429153442,1.0800000429153442,1.0800000429153442,1.0800000429153442,1.0800000429153442,100.0
2023-03-09 14:28:00,BUSE,22.739999771118164,22.739999771118164,22.739999771118164,22.739999771118164,22.739999771118164,338.0
2023-03-09 14:28:00,BWB,13.5,13.5,13.5,13.5,13.5,164.0
2023-03-09 14:28:00,BYNOW,0.057999998331069946,0.057999998331069946,0.05829999968409538,0.057999998331069946,0.05829999968409538,600.0
2023-03-09 14:28:00,CASH,47.09000015258789,47.09000015258789,47.09000015258789,47.09000015258789,47.09000015258789,295.0
2023-03-09 14:28:00,CATY,39.189998626708984,39.189998626708984,39.189998626708984,39.189998626708984,39.189998626708984,495.0
2023-03-09 14:28:00,CBSH,62.189998626708984,62.189998626708984,62.189998626708984,62.15999984741211,62.18000030517578,2325.0
2023-03-09 14:28:00,CCD,22.920000076293945,22.920000076293945,22.93000030517578,22.920000076293945,22.93000030517578,494.0
2023-03-09 14:28:00,CFFN,7.574999809265137,7.574999809265137,7.574999809265137,7.574999809265137,7.574999809265137,234.0
2023-03-09 14:28:00,CG,33.775001525878906,33.775001525878906,33.779998779296875,33.775001525878906,33.779998779296875,2284.0
2023-03-09 14:28:00,CGBD,14.920000076293945,14.920000076293945,14.930000305175781,14.920000076293945,14.920000076293945,1181.0
2023-03-09 14:28:00,CHI,11.840100288391113,11.840100288391113,11.850000381469727,11.829999923706055,11.850000381469727,1716.0
2023-03-09 14:28:00,CHW,6.006700038909912,6.006700038909912,6.006700038909912,6.006700038909912,6.006700038909912,5000.0
2023-03-09 14:28:00,CHY,12.199999809265137,12.199999809265137,12.199999809265137,12.199999809265137,12.199999809265137,200.0
2023-03-09 14:28:00,CIFR,1.4206000566482544,1.4206000566482544,1.4206000566482544,1.4206000566482544,1.4206000566482544,479.0
2023-03-09 14:28:00,CINF,116.18000030517578,116.18000030517578,116.33999633789062,116.18000030517578,116.29000091552734,2455.0
2023-03-09 14:28:00,CME,178.44700622558594,178.44700622558594,178.4600067138672,178.44700622558594,178.4600067138672,1242.0
2023-03-09 14:28:00,COLB,25.328800201416016,25.328800201416016,25.328800201416016,25.325000762939453,25.325000762939453,1326.0
2023-03-09 14:28:00,CSWC,18.274700164794922,18.274700164794922,18.274700164794922,18.274700164794922,18.274700164794922,208.0
2023-03-09 14:28:00,CVBF,21.889999389648438,21.889999389648438,21.940000534057617,21.889999389648438,21.940000534057617,1707.0
2023-03-09 14:28:00,CVLY,24.100000381469727,24.100000381469727,24.100000381469727,24.100000381469727,24.100000381469727,257.0
2023-03-09 14:28:00,DHHC,10.25,10.25,10.25,10.229999542236328,10.25,309.0
2023-03-09 14:28:00,DWAC,14.09000015258789,14.09000015258789,14.09000015258789,14.09000015258789,14.09000015258789,114.0
2023-03-09 14:28:00,EGBN,40.36000061035156,40.36000061035156,40.36000061035156,40.33000183105469,40.34000015258789,989.0
2023-03-09 14:28:00,EHTH,8.619999885559082,8.619999885559082,8.628800392150879,8.619999885559082,8.628800392150879,611.0
2023-03-09 14:28:00,ESGR,230.67999267578125,230.67999267578125,230.67999267578125,230.67999267578125,230.67999267578125,320.0
2023-03-09 14:28:00,ESGRP,23.149999618530273,23.149999618530273,23.28219985961914,23.149999618530273,23.229999542236328,1603.0
2023-03-09 14:28:00,ESQ,41.529998779296875,41.529998779296875,41.529998779296875,41.529998779296875,41.529998779296875,388.0
2023-03-09 14:28:00,EWBC,68.13999938964844,68.13999938964844,68.13999938964844,68.13999938964844,68.13999938964844,876.0
2023-03-09 14:28:00,EZPW,8.8016996383667,8.8016996383667,8.8100004196167,8.8016996383667,8.8100004196167,1639.0
2023-03-09 14:28:00,FBIZ,33.84000015258789,33.84000015258789,33.84000015258789,33.54800033569336,33.68000030517578,1944.0
2023-03-09 14:28:00,FBMS,28.950000762939453,28.950000762939453,28.950000762939453,28.950000762939453,28.950000762939453,484.0
2023-03-09 14:28:00,FCFS,88.86000061035156,88.86000061035156,89.06999969482422,88.86000061035156,89.06999969482422,902.0
2023-03-09 14:28:00,FCRD,4.590000152587891,4.590000152587891,4.590000152587891,4.590000152587891,4.590000152587891,100.0
2023-03-09 14:28:00,FDUS,20.200000762939453,20.200000762939453,20.200000762939453,20.200000762939453,20.200000762939453,227.0
2023-03-09 14:28:00,FFBC,22.450000762939453,22.450000762939453,22.450000762939453,22.450000762939453,22.450000762939453,880.0
2023-03-09 14:28:00,FFWM,12.949999809265137,12.949999809265137,12.949999809265137,12.949999809265137,12.949999809265137,234.0
2023-03-09 14:28:00,FHB,24.190000534057617,24.190000534057617,24.190000534057617,24.190000534057617,24.190000534057617,690.0
2023-03-09 14:28:00,FIBK,32.35499954223633,32.35499954223633,32.36000061035156,32.349998474121094,32.36000061035156,643.0
2023-03-09 14:28:00,FISI,23.25,23.25,23.25,23.25,23.25,984.0
2023-03-09 14:28:00,FITB,32.20000076293945,32.20000076293945,32.20000076293945,32.16999816894531,32.18000030517578,10651.0
2023-03-09 14:28:00,FNWD,35.600101470947266,35.600101470947266,35.600101470947266,35.600101470947266,35.600101470947266,388.0
2023-03-09 14:28:00,FOCS,51.625,51.625,51.625,51.61000061035156,51.61000061035156,2150.0
2023-03-09 14:28:00,FRST,10.770000457763672,10.770000457763672,10.770000457763672,10.770000457763672,10.770000457763672,927.0
2023-03-09 14:28:00,FUTU,46.561798095703125,46.561798095703125,46.561798095703125,46.540000915527344,46.540000915527344,601.0
2023-03-09 14:28:00,GAIN,13.579999923706055,13.579999923706055,13.579999923706055,13.579999923706055,13.579999923706055,144.0
2023-03-09 14:28:00,GBDC,13.350000381469727,13.350000381469727,13.350000381469727,13.350000381469727,13.350000381469727,319.0
2023-03-09 14:28:00,GLRE,10.219200134277344,10.219200134277344,10.219200134277344,10.219200134277344,10.219200134277344,100.0
2023-03-09 14:28:00,GROW,2.6649999618530273,2.6649999618530273,2.6649999618530273,2.6649999618530273,2.6649999618530273,156.0
2023-03-09 14:28:00,HAFC,21.8700008392334,21.8700008392334,21.8700008392334,21.8700008392334,21.8700008392334,375.0
2023-03-09 14:28:00,HBAN,13.90999984741211,13.90999984741211,13.90999984741211,13.890000343322754,13.895000457763672,20391.0
2023-03-09 14:28:00,HBANP,19.040000915527344,19.040000915527344,19.040000915527344,19.040000915527344,19.040000915527344,100.0
2023-03-09 14:28:00,HOPE,11.809900283813477,11.809900283813477,11.8100004196167,11.809900283813477,11.8100004196167,3032.0
2023-03-09 14:28:00,HUT,1.315000057220459,1.315000057220459,1.3200000524520874,1.309999942779541,1.3149000406265259,27211.0
2023-03-09 14:28:00,HWC,44.11000061035156,44.11000061035156,44.11000061035156,44.11000061035156,44.11000061035156,545.0
2023-03-09 14:28:00,HYW,5.440000057220459,5.440000057220459,5.449999809265137,5.440000057220459,5.440000057220459,2650.0
2023-03-09 14:28:00,IBKR,87.74500274658203,87.74500274658203,87.74500274658203,87.70999908447266,87.70999908447266,1119.0
2023-03-09 14:29:00,ABCB,42.86000061035156,42.86000061035156,42.86000061035156,42.86000061035156,42.86000061035156,469.0
2023-03-09 14:29:00,ACGL,69.16000366210938,69.16000366210938,69.24849700927734,69.16000366210938,69.23999786376953,2180.0
2023-03-09 14:29:00,AIHS,0.885001003742218,0.885001003742218,0.885001003742218,0.885001003742218,0.885001003742218,100.0
2023-03-09 14:29:00,APLD,2.0850000381469727,2.0850000381469727,2.0850000381469727,2.0850000381469727,2.0850000381469727,122.0
2023-03-09 14:29:00,ARCC,18.719999313354492,18.719999313354492,18.719999313354492,18.709999084472656,18.719999313354492,19865.0
2023-03-09 14:29:00,AUB,36.77000045776367,36.77000045776367,36.81999969482422,36.77000045776367,36.79999923706055,4543.0
2023-03-09 14:29:00,BANF,86.1500015258789,86.1500015258789,86.1500015258789,86.1500015258789,86.1500015258789,122.0
2023-03-09 14:29:00,BANR,57.900001525878906,57.900001525878906,57.939998626708984,57.900001525878906,57.939998626708984,1068.0
2023-03-09 14:29:00,BGCP,4.994999885559082,4.994999885559082,4.997499942779541,4.989999771118164,4.994999885559082,1232.0
2023-03-09 14:29:00,BHF,52.5,52.5,52.59000015258789,52.5,52.59000015258789,2803.0
2023-03-09 14:29:00,BHFAN,18.798799514770508,18.798799514770508,18.798799514770508,18.790000915527344,18.790000915527344,748.0
2023-03-09 14:29:00,BITF,0.7355999946594238,0.7355999946594238,0.7390000224113464,0.7329999804496765,0.7390000224113464,5693.0
2023-03-09 14:29:00,BLFY,11.449999809265137,11.449999809265137,11.449999809265137,11.449999809265137,11.449999809265137,1014.0
2023-03-09 14:29:00,BPOP,62.790000915527344,62.790000915527344,62.86000061035156,62.790000915527344,62.83000183105469,1138.0
2023-03-09 14:29:00,BRKL,11.649999618530273,11.649999618530273,11.649999618530273,11.649999618530273,11.649999618530273,333.0
2023-03-09 14:29:00,BRP,25.334999084472656,25.334999084472656,25.334999084472656,25.334999084472656,25.334999084472656,351.0
2023-03-09 14:29:00,BTBT,1.0800000429153442,1.0800000429153442,1.0800000429153442,1.0800000429153442,1.0800000429153442,100.0
2023-03-09 14:29:00,BTCS,1.1746000051498413,1.1746000051498413,1.1746000051498413,1.1746000051498413,1.1746000051498413,376.0
2023-03-09 14:29:00,BUSE,22.75,22.75,22.75,22.75,22.75,224.0
2023-03-09 14:29:00,BWB,13.5,13.5,13.5,13.5,13.5,141.0
2023-03-09 14:29:00,CARE,16.3700008392334,16.3700008392334,16.3700008392334,16.3700008392334,16.3700008392334,228.0
2023-03-09 14:29:00,CATY,39.209999084472656,39.209999084472656,39.209999084472656,39.209999084472656,39.209999084472656,710.0
2023-03-09 14:29:00,CBSH,62.189998626708984,62.189998626708984,62.19499969482422,62.189998626708984,62.19499969482422,679.0
2023-03-09 14:29:00,CFFN,7.570000171661377,7.570000171661377,7.570000171661377,7.570000171661377,7.570000171661377,2859.0
2023-03-09 14:29:00,CG,33.7400016784668,33.7400016784668,33.77000045776367,33.7400016784668,33.77000045776367,3486.0
2023-03-09 14:29:00,CGBD,14.928899765014648,14.928899765014648,14.928899765014648,14.928899765014648,14.928899765014648,100.0
2023-03-09 14:29:00,CHCO,92.26000213623047,92.26000213623047,92.26000213623047,92.26000213623047,92.26000213623047,100.0
2023-03-09 14:29:00,CHI,11.829999923706055,11.829999923706055,11.829999923706055,11.829999923706055,11.829999923706055,116.0
2023-03-09 14:29:00,CHMG,48.47999954223633,48.47999954223633,48.47999954223633,48.47999954223633,48.47999954223633,116.0
2023-03-09 14:29:00,CHW,6.008900165557861,6.008900165557861,6.008900165557861,6.008900165557861,6.008900165557861,411.0
2023-03-09 14:29:00,CHY,12.199999809265137,12.199999809265137,12.199999809265137,12.199999809265137,12.199999809265137,200.0
2023-03-09 14:29:00,CINF,116.10250091552734,116.10250091552734,116.18499755859375,116.08999633789062,116.18499755859375,1895.0
2023-03-09 14:29:00,CME,178.3000030517578,178.3000030517578,178.4499969482422,178.27999877929688,178.42999267578125,4212.0
2023-03-09 14:29:00,COLB,25.299999237060547,25.299999237060547,25.334999084472656,25.295000076293945,25.325000762939453,12304.0
2023-03-09 14:29:00,COOP,44.095001220703125,44.095001220703125,44.095001220703125,44.060001373291016,44.060001373291016,2227.0
2023-03-09 14:29:00,CSWC,18.260000228881836,18.260000228881836,18.260000228881836,18.260000228881836,18.260000228881836,216.0
2023-03-09 14:29:00,CVBF,21.920000076293945,21.920000076293945,21.920000076293945,21.920000076293945,21.920000076293945,165.0
2023-03-09 14:29:00,DGICA,15.140000343322754,15.140000343322754,15.140000343322754,15.140000343322754,15.140000343322754,192.0
2023-03-09 14:29:00,DWAC,14.089099884033203,14.089099884033203,14.089099884033203,14.089099884033203,14.089099884033203,686.0
2023-03-09 14:29:00,EBC,14.5600004196167,14.5600004196167,14.574999809265137,14.5600004196167,14.574999809265137,1631.0
2023-03-09 14:29:00,EGBN,40.33000183105469,40.33000183105469,40.349998474121094,40.33000183105469,40.349998474121094,1473.0
2023-03-09 14:29:00,EHTH,8.609999656677246,8.609999656677246,8.611900329589844,8.609999656677246,8.611900329589844,978.0
2023-03-09 14:29:00,EWBC,68.12000274658203,68.12000274658203,68.16999816894531,68.12000274658203,68.16999816894531,5243.0
2023-03-09 14:29:00,EZPW,8.805000305175781,8.805000305175781,8.805000305175781,8.805000305175781,8.805000305175781,425.0
2023-03-09 14:29:00,FBIZ,33.9900016784668,33.9900016784668,33.9900016784668,33.9900016784668,33.9900016784668,1454.0
2023-03-09 14:29:00,FBNC,38.77000045776367,38.77000045776367,38.79999923706055,38.77000045776367,38.79999923706055,487.0
2023-03-09 14:29:00,FCFS,88.83499908447266,88.83499908447266,88.83499908447266,88.83499908447266,88.83499908447266,355.0
2023-03-09 14:29:00,FCRD,4.590000152587891,4.590000152587891,4.590000152587891,4.590000152587891,4.590000152587891,100.0
2023-03-09 14:29:00,FFBC,22.454999923706055,22.454999923706055,22.454999923706055,22.454999923706055,22.454999923706055,289.0
2023-03-09 14:29:00,FFBW,12.369999885559082,12.369999885559082,12.369999885559082,12.367500305175781,12.367500305175781,525.0
2023-03-09 14:29:00,FFIC,17.334999084472656,17.334999084472656,17.334999084472656,17.334999084472656,17.334999084472656,298.0
2023-03-09 14:29:00,FFWM,12.930000305175781,12.930000305175781,12.9399995803833,12.930000305175781,12.9399995803833,754.0
2023-03-09 14:29:00,FHB,24.174999237060547,24.174999237060547,24.18000030517578,24.174999237060547,24.18000030517578,700.0
2023-03-09 14:29:00,FIBK,32.279998779296875,32.279998779296875,32.349998474121094,32.279998779296875,32.349998474121094,2484.0
2023-03-09 14:29:00,FITB,32.16999816894531,32.16999816894531,32.20000076293945,32.16999816894531,32.20000076293945,16013.0
2023-03-09 14:29:00,FMBH,28.329999923706055,28.329999923706055,28.329999923706055,28.329999923706055,28.329999923706055,121.0
2023-03-09 14:29:00,FMNB,13.260000228881836,13.260000228881836,13.260000228881836,13.260000228881836,13.260000228881836,338.0
2023-03-09 14:29:00,FOCS,51.619998931884766,51.619998931884766,51.630001068115234,51.619998931884766,51.625,6820.0
2023-03-09 14:29:00,FRME,37.66999816894531,37.66999816894531,37.68000030517578,37.66999816894531,37.68000030517578,404.0
2023-03-09 14:29:00,FULT,15.75,15.75,15.75,15.75,15.75,596.0
2023-03-09 14:29:00,FUTU,46.54999923706055,46.54999923706055,46.54999923706055,46.54999923706055,46.54999923706055,246.0
2023-03-09 14:29:00,GBDC,13.350000381469727,13.350000381469727,13.350000381469727,13.350000381469727,13.350000381469727,1150.0
2023-03-09 14:29:00,GCMG,8.40999984741211,8.40999984741211,8.40999984741211,8.40999984741211,8.40999984741211,201.0
2023-03-09 14:29:00,GGAL,12.779999732971191,12.779999732971191,12.800000190734863,12.779999732971191,12.800000190734863,674.0
2023-03-09 14:29:00,GLAD,9.84000015258789,9.84000015258789,9.84000015258789,9.84000015258789,9.84000015258789,622.0
2023-03-09 14:29:00,GLRE,10.229999542236328,10.229999542236328,10.229999542236328,10.229999542236328,10.229999542236328,203.0
2023-03-09 14:29:00,GREE,0.41519999504089355,0.41519999504089355,0.41519999504089355,0.41519999504089355,0.41519999504089355,721.0
2023-03-09 14:29:00,GSHD,51.61000061035156,51.61000061035156,51.61000061035156,51.540000915527344,51.540000915527344,437.0
2023-03-09 14:29:00,HBAN,13.899999618530273,13.899999618530273,13.90719985961914,13.899999618530273,13.904999732971191,6781.0
2023-03-09 14:29:00,HFWA,24.719999313354492,24.719999313354492,24.719999313354492,24.719999313354492,24.719999313354492,688.0
2023-03-09 14:29:00,HIFS,257.0,257.0,257.0,257.0,257.0,654.0
2023-03-09 14:29:00,HLNE,75.0,75.0,75.0,74.98999786376953,74.98999786376953,702.0
2023-03-09 14:29:00,HOPE,11.800000190734863,11.800000190734863,11.800000190734863,11.800000190734863,11.800000190734863,370.0
2023-03-09 14:29:00,HUIZ,1.3899999856948853,1.3899999856948853,1.3899999856948853,1.3899999856948853,1.3899999856948853,401.0
2023-03-09 14:29:00,HUT,1.3200000524520874,1.3200000524520874,1.3200000524520874,1.309999942779541,1.315000057220459,124032.0
2023-03-09 14:29:00,HWC,44.119998931884766,44.119998931884766,44.119998931884766,44.119998931884766,44.119998931884766,228.0
2023-03-09 14:29:00,HYW,5.449999809265137,5.449999809265137,5.449999809265137,5.440000057220459,5.446599960327148,1883.0
2023-03-09 14:29:00,IBKR,87.66000366210938,87.66000366210938,87.7300033569336,87.66000366210938,87.7300033569336,3261.0
2023-03-09 14:29:00,IBOC,45.21500015258789,45.21500015258789,45.21500015258789,45.21500015258789,45.21500015258789,101.0
2023-03-09 14:29:00,INDB,71.86000061035156,71.86000061035156,71.98500061035156,71.8499984741211,71.98500061035156,1217.0
2023-03-09 14:30:00,ABCB,42.83000183105469,42.83000183105469,42.83000183105469,42.83000183105469,42.83000183105469,120.0
2023-03-09 14:30:00,ACGL,69.12999725341797,69.12999725341797,69.1500015258789,69.125,69.1500015258789,5289.0
2023-03-09 14:30:00,ACGLN,18.739999771118164,18.739999771118164,18.739999771118164,18.739999771118164,18.739999771118164,200.0
2023-03-09 14:30:00,ACT,24.040000915527344,24.040000915527344,24.040000915527344,24.040000915527344,24.040000915527344,613.0
2023-03-09 14:30:00,AMAL,21.209999084472656,21.209999084472656,21.209999084472656,21.209999084472656,21.209999084472656,204.0
2023-03-09 14:30:00,AMRK,28.219999313354492,28.219999313354492,28.219999313354492,28.219999313354492,28.219999313354492,247.0
2023-03-09 14:30:00,AMSF,51.540000915527344,51.540000915527344,51.65999984741211,51.540000915527344,51.54999923706055,1209.0
2023-03-09 14:30:00,AMTB,25.350000381469727,25.350000381469727,25.3700008392334,25.350000381469727,25.3700008392334,730.0
2023-03-09 14:30:00,APLD,2.0850000381469727,2.0850000381469727,2.0850000381469727,2.0799999237060547,2.0850000381469727,502.0
2023-03-09 14:30:00,ARCC,18.71500015258789,18.71500015258789,18.719999313354492,18.709999084472656,18.71500015258789,6188.0
2023-03-09 14:30:00,ATLO,23.360000610351562,23.360000610351562,23.3700008392334,23.360000610351562,23.3700008392334,501.0
2023-03-09 14:30:00,AUB,36.7400016784668,36.7400016784668,36.77000045776367,36.73500061035156,36.77000045776367,2789.0
2023-03-09 14:30:00,BANF,86.06999969482422,86.06999969482422,86.0999984741211,86.06999969482422,86.0999984741211,437.0
2023-03-09 14:30:00,BFST,18.65999984741211,18.65999984741211,18.65999984741211,18.65999984741211,18.65999984741211,253.0
2023-03-09 14:30:00,BGCP,5.0,5.0,5.0,4.994999885559082,4.994999885559082,1220.0
2023-03-09 14:30:00,BHF,52.47999954223633,52.47999954223633,52.47999954223633,52.47999954223633,52.47999954223633,462.0
2023-03-09 14:30:00,BHFAN,18.790000915527344,18.790000915527344,18.795000076293945,18.790000915527344,18.795000076293945,317.0
2023-03-09 14:30:00,BITF,0.7329999804496765,0.7329999804496765,0.7368999719619751,0.7329999804496765,0.7368999719619751,10249.0
2023-03-09 14:30:00,BKCC,3.6500000953674316,3.6500000953674316,3.6500000953674316,3.6500000953674316,3.6500000953674316,126.0
2023-03-09 14:30:00,BLFY,11.449999809265137,11.449999809265137,11.449999809265137,11.449999809265137,11.449999809265137,100.0
2023-03-09 14:30:00,BMRC,27.030000686645508,27.030000686645508,27.030000686645508,27.020000457763672,27.020000457763672,447.0
2023-03-09 14:30:00,BOKF,96.11000061035156,96.11000061035156,96.12000274658203,96.11000061035156,96.12000274658203,592.0
2023-03-09 14:30:00,BPOP,62.75669860839844,62.75669860839844,62.790000915527344,62.72999954223633,62.779998779296875,2846.0
2023-03-09 14:30:00,BRKL,11.649999618530273,11.649999618530273,11.649999618530273,11.640000343322754,11.649999618530273,2304.0
2023-03-09 14:30:00,BRP,25.299999237060547,25.299999237060547,25.299999237060547,25.299999237060547,25.299999237060547,354.0
2023-03-09 14:30:00,BTBT,1.0800000429153442,1.0800000429153442,1.0850000381469727,1.0800000429153442,1.0801000595092773,8406.0
2023-03-09 14:30:00,BWB,13.5,13.5,13.5,13.5,13.5,101.0
2023-03-09 14:30:00,CACC,434.7799987792969,434.7799987792969,434.7799987792969,434.3699951171875,434.3699951171875,724.0
2023-03-09 14:30:00,CARE,16.375,16.375,16.375,16.360000610351562,16.360000610351562,304.0
2023-03-09 14:30:00,CASH,47.08300018310547,47.08300018310547,47.08300018310547,47.040000915527344,47.040000915527344,794.0
2023-03-09 14:30:00,CATY,39.1349983215332,39.1349983215332,39.18000030517578,39.1349983215332,39.18000030517578,1290.0
2023-03-09 14:30:00,CBSH,62.115501403808594,62.115501403808594,62.18000030517578,62.115501403808594,62.15999984741211,1826.0
2023-03-09 14:30:00,CCB,42.38999938964844,42.38999938964844,42.38999938964844,42.38999938964844,42.38999938964844,105.0
2023-03-09 14:30:00,CCNE,22.670000076293945,22.670000076293945,22.670000076293945,22.670000076293945,22.670000076293945,165.0
2023-03-09 14:30:00,CCTS,10.420000076293945,10.420000076293945,10.420000076293945,10.420000076293945,10.420000076293945,100.0
2023-03-09 14:30:00,CG,33.70500183105469,33.70500183105469,33.7400016784668,33.70500183105469,33.7400016784668,4112.0
2023-03-09 14:30:00,CGBD,14.90999984741211,14.90999984741211,14.920000076293945,14.90999984741211,14.920000076293945,332.0
2023-03-09 14:30:00,CHCO,92.05000305175781,92.05000305175781,92.05000305175781,92.05000305175781,92.05000305175781,638.0
2023-03-09 14:30:00,CHEAU,10.510000228881836,10.510000228881836,10.510000228881836,10.510000228881836,10.510000228881836,100.0
2023-03-09 14:30:00,CHMG,48.47999954223633,48.47999954223633,48.47999954223633,48.47999954223633,48.47999954223633,101.0
2023-03-09 14:30:00,CHY,12.199999809265137,12.199999809265137,12.199999809265137,12.199999809265137,12.199999809265137,121.0
2023-03-09 14:30:00,CIFR,1.4249999523162842,1.4249999523162842,1.4249999523162842,1.4249999523162842,1.4249999523162842,105.0
2023-03-09 14:30:00,CINF,115.94999694824219,115.94999694824219,116.05999755859375,115.94999694824219,116.05999755859375,1117.0
2023-03-09 14:30:00,CME,178.2899932861328,178.2899932861328,178.30999755859375,178.24000549316406,178.30999755859375,3441.0
2023-03-09 14:30:00,CNOB,22.09000015258789,22.09000015258789,22.100000381469727,22.079999923706055,22.100000381469727,698.0
2023-03-09 14:30:00,COLB,25.299999237060547,25.299999237060547,25.31999969482422,25.280000686645508,25.299999237060547,21432.0
2023-03-09 14:30:00,CSTR,15.25,15.25,15.279999732971191,15.25,15.279999732971191,1975.0
2023-03-09 14:30:00,CSWC,18.239999771118164,18.239999771118164,18.25830078125,18.239999771118164,18.25830078125,489.0
2023-03-09 14:30:00,CTBI,40.790000915527344,40.790000915527344,40.790000915527344,40.790000915527344,40.790000915527344,180.0
2023-03-09 14:30:00,CVBF,21.8799991607666,21.8799991607666,21.889999389648438,21.8700008392334,21.889999389648438,2035.0
2023-03-09 14:30:00,DGICA,15.145000457763672,15.145000457763672,15.145000457763672,15.140000343322754,15.140000343322754,497.0
2023-03-09 14:30:00,EBC,14.555000305175781,14.555000305175781,14.5600004196167,14.550000190734863,14.550000190734863,704.0
2023-03-09 14:30:00,EBTC,34.099998474121094,34.099998474121094,34.099998474121094,34.09000015258789,34.09000015258789,234.0
2023-03-09 14:30:00,EGBN,40.244998931884766,40.244998931884766,40.2599983215332,40.244998931884766,40.2599983215332,572.0
2023-03-09 14:30:00,EHTH,8.600000381469727,8.600000381469727,8.600000381469727,8.600000381469727,8.600000381469727,336.0
2023-03-09 14:30:00,ERIE,232.36000061035156,232.36000061035156,232.36000061035156,232.36000061035156,232.36000061035156,215.0
2023-03-09 14:30:00,EWBC,68.05249786376953,68.05249786376953,68.0999984741211,68.0199966430664,68.0999984741211,2290.0
2023-03-09 14:30:00,EZPW,8.78499984741211,8.78499984741211,8.800000190734863,8.78499984741211,8.800000190734863,1120.0
2023-03-09 14:30:00,FBNC,38.77000045776367,38.77000045776367,38.790000915527344,38.75,38.77000045776367,2270.0
2023-03-09 14:30:00,FCFS,88.73999786376953,88.73999786376953,88.73999786376953,88.73999786376953,88.73999786376953,104.0
2023-03-09 14:30:00,FCNCA,645.0599975585938,645.0599975585938,645.9000244140625,645.0599975585938,645.9000244140625,797.0
2023-03-09 14:30:00,FCRD,4.590000152587891,4.590000152587891,4.590000152587891,4.590000152587891,4.590000152587891,101.0
2023-03-09 14:30:00,FDUS,20.18790054321289,20.18790054321289,20.200000762939453,20.170000076293945,20.170000076293945,515.0
2023-03-09 14:30:00,FFBC,22.440000534057617,22.440000534057617,22.440000534057617,22.440000534057617,22.440000534057617,553.0
2023-03-09 14:30:00,FFIC,17.329999923706055,17.329999923706055,17.329999923706055,17.329999923706055,17.329999923706055,744.0
2023-03-09 14:30:00,FFIN,33.72999954223633,33.72999954223633,33.750999450683594,33.72999954223633,33.75,1426.0
2023-03-09 14:30:00,FHB,24.139999389648438,24.139999389648438,24.15999984741211,24.139999389648438,24.15999984741211,817.0
2023-03-09 14:30:00,FIBK,32.27000045776367,32.27000045776367,32.275001525878906,32.27000045776367,32.27000045776367,587.0
2023-03-09 14:30:00,FITB,32.15999984741211,32.15999984741211,32.17499923706055,32.150001525878906,32.16999816894531,17198.0
2023-03-09 14:30:00,FITBO,22.1200008392334,22.1200008392334,22.1200008392334,22.1200008392334,22.1200008392334,214.0
2023-03-09 14:30:00,FMBH,28.3700008392334,28.3700008392334,28.3700008392334,28.3700008392334,28.3700008392334,333.0
2023-03-09 14:30:00,FMNB,13.260000228881836,13.260000228881836,13.260000228881836,13.255000114440918,13.255000114440918,275.0
2023-03-09 14:30:00,FOCS,51.619998931884766,51.619998931884766,51.630001068115234,51.619998931884766,51.625,6222.0
2023-03-09 14:30:00,FRBK,1.725000023841858,1.725000023841858,1.725000023841858,1.725000023841858,1.725000023841858,400.0
2023-03-09 14:30:00,FRME,37.650001525878906,37.650001525878906,37.65999984741211,37.650001525878906,37.65999984741211,548.0
2023-03-09 14:30:00,FULT,15.729999542236328,15.729999542236328,15.739999771118164,15.729999542236328,15.739999771118164,983.0
2023-03-09 14:30:00,FUND,8.5,8.5,8.5,8.5,8.5,102.0
2023-03-09 14:30:00,FUTU,46.529998779296875,46.529998779296875,46.54999923706055,46.5,46.54999923706055,1769.0
2023-03-09 14:30:00,GABC,35.98500061035156,35.98500061035156,35.98500061035156,35.98500061035156,35.98500061035156,100.0
2023-03-09 14:30:00,GBDC,13.34000015258789,13.34000015258789,13.345000267028809,13.34000015258789,13.345000267028809,1484.0
2023-03-09 14:30:00,GGAL,12.779999732971191,12.779999732971191,12.779999732971191,12.770000457763672,12.770000457763672,655.0
2023-03-09 14:30:00,GOCO,18.770000457763672,18.770000457763672,18.770000457763672,18.770000457763672,18.770000457763672,101.0
2023-03-09 14:30:00,GSHD,51.5099983215332,51.5099983215332,51.5099983215332,51.5099983215332,51.5099983215332,1478.0
2023-03-09 14:30:00,HAFC,21.850000381469727,21.850000381469727,21.850000381469727,21.850000381469727,21.850000381469727,289.0
2023-03-09 14:30:00,HBAN,13.895000457763672,13.895000457763672,13.899999618530273,13.890000343322754,13.899999618530273,26321.0
2023-03-09 14:30:00,HBNC,13.880000114440918,13.880000114440918,13.890999794006348,13.880000114440918,13.890999794006348,1104.0
2023-03-09 14:30:00,HFWA,24.729999542236328,24.729999542236328,24.729999542236328,24.71500015258789,24.71500015258789,237.0
2023-03-09 14:30:00,HIVE,2.481100082397461,2.481100082397461,2.505000114440918,2.4800000190734863,2.505000114440918,3509.0
2023-03-09 14:30:00,HMST,22.3700008392334,22.3700008392334,22.389999389648438,22.3700008392334,22.389999389648438,601.0
2023-03-09 14:30:00,HONE,12.670999526977539,12.670999526977539,12.670999526977539,12.670999526977539,12.670999526977539,248.0
2023-03-09 14:30:00,HOPE,11.789999961853027,11.789999961853027,11.795000076293945,11.789999961853027,11.789999961853027,948.0
2023-03-09 14:30:00,HTBI,27.690000534057617,27.690000534057617,27.690000534057617,27.690000534057617,27.690000534057617,701.0
2023-03-09 14:30:00,HTBK,10.890000343322754,10.890000343322754,10.899999618530273,10.890000343322754,10.899999618530273,1639.0
2023-03-09 14:30:00,HTLF,45.650001525878906,45.650001525878906,45.65999984741211,45.650001525878906,45.65999984741211,256.0
2023-03-09 14:30:00,HUIZ,1.3899999856948853,1.3899999856948853,1.3899999856948853,1.3899999856948853,1.3899999856948853,901.0
2023-03-09 14:30:00,HUT,1.3049999475479126,1.3049999475479126,1.3178000450134277,1.2999999523162842,1.315000057220459,70347.0
2023-03-09 14:30:00,HWC,44.0099983215332,44.0099983215332,44.08000183105469,44.0099983215332,44.08000183105469,2239.0
2023-03-09 14:30:00,IBKR,87.56999969482422,87.56999969482422,87.66000366210938,87.56999969482422,87.66000366210938,1410.0
2023-03-09 14:30:00,IBOC,45.130001068115234,45.130001068115234,45.15999984741211,45.130001068115234,45.15999984741211,595.0
2023-03-09 14:30:00,IBTX,53.08000183105469,53.08000183105469,53.08000183105469,53.08000183105469,53.08000183105469,306.0
2023-03-09 14:30:00,INDB,71.88999938964844,71.88999938964844,71.88999938964844,71.87000274658203,71.88999938964844,1391.0
2023-03-09 14:31:00,ABCB,42.84000015258789,42.84000015258789,42.84000015258789,42.810001373291016,42.810001373291016,1364.0
2023-03-09 14:31:00,ACGL,69.13500213623047,69.13500213623047,69.13999938964844,69.12190246582031,69.12190246582031,1459.0
2023-03-09 14:31:00,ACGLN,18.739999771118164,18.739999771118164,18.739999771118164,18.739999771118164,18.739999771118164,922.0
2023-03-09 14:31:00,ACT,24.049999237060547,24.049999237060547,24.049999237060547,24.03499984741211,24.049999237060547,572.0
2023-03-09 14:31:00,AMRK,28.209999084472656,28.209999084472656,28.209999084472656,28.209999084472656,28.209999084472656,780.0
2023-03-09 14:31:00,APLD,2.077500104904175,2.077500104904175,2.0799999237060547,2.075000047683716,2.0799999237060547,620.0
2023-03-09 14:31:00,APMI,10.319999694824219,10.319999694824219,10.319999694824219,10.319999694824219,10.319999694824219,100.0
2023-03-09 14:31:00,ARBK,1.440000057220459,1.440000057220459,1.440000057220459,1.440000057220459,1.440000057220459,400.0
2023-03-09 14:31:00,ARCC,18.709999084472656,18.709999084472656,18.71500015258789,18.70009994506836,18.709999084472656,10532.0
2023-03-09 14:31:00,ATLO,23.459999084472656,23.459999084472656,23.459999084472656,23.459999084472656,23.459999084472656,205.0
2023-03-09 14:31:00,AUB,36.724998474121094,36.724998474121094,36.724998474121094,36.709999084472656,36.709999084472656,958.0
2023-03-09 14:31:00,BGCP,5.0,5.0,5.0,4.994999885559082,4.994999885559082,1154.0
2023-03-09 14:31:00,BHF,52.43000030517578,52.43000030517578,52.439998626708984,52.43000030517578,52.439998626708984,491.0
2023-03-09 14:31:00,BITF,0.7300000190734863,0.7300000190734863,0.7301999926567078,0.7300000190734863,0.7301999926567078,9726.0
2023-03-09 14:31:00,BKCC,3.6500000953674316,3.6500000953674316,3.650099992752075,3.6500000953674316,3.650099992752075,1290.0
2023-03-09 14:31:00,BOKF,96.06999969482422,96.06999969482422,96.06999969482422,96.06999969482422,96.06999969482422,279.0
2023-03-09 14:31:00,BPOP,62.72999954223633,62.72999954223633,62.7400016784668,62.72999954223633,62.7400016784668,796.0
2023-03-09 14:31:00,BRKL,11.649999618530273,11.649999618530273,11.649999618530273,11.649999618530273,11.649999618530273,663.0
2023-03-09 14:31:00,BRP,25.219999313354492,25.219999313354492,25.25,25.219999313354492,25.25,509.0
2023-03-09 14:31:00,BTBT,1.070099949836731,1.070099949836731,1.0800000429153442,1.070099949836731,1.0800000429153442,2201.0
2023-03-09 14:31:00,BUSE,22.709999084472656,22.709999084472656,22.709999084472656,22.709999084472656,22.709999084472656,429.0
2023-03-09 14:31:00,BWB,13.5,13.5,13.5,13.5,13.5,160.0
2023-03-09 14:31:00,CALB,24.514999389648438,24.514999389648438,24.514999389648438,24.514999389648438,24.514999389648438,150.0
2023-03-09 14:31:00,CARE,16.350000381469727,16.350000381469727,16.3700008392334,16.350000381469727,16.3700008392334,767.0
2023-03-09 14:31:00,CASH,47.060001373291016,47.060001373291016,47.060001373291016,47.04999923706055,47.060001373291016,928.0
2023-03-09 14:31:00,CBSH,62.150001525878906,62.150001525878906,62.150001525878906,62.1150016784668,62.1150016784668,1188.0
2023-03-09 14:31:00,CCAP,14.949999809265137,14.949999809265137,14.949999809265137,14.949999809265137,14.949999809265137,202.0
2023-03-09 14:31:00,CCB,42.400001525878906,42.400001525878906,42.400001525878906,42.400001525878906,42.400001525878906,126.0
2023-03-09 14:31:00,CCTS,10.420000076293945,10.420000076293945,10.420000076293945,10.420000076293945,10.420000076293945,1549.0
2023-03-09 14:31:00,CFFN,7.570000171661377,7.570000171661377,7.570000171661377,7.570000171661377,7.570000171661377,101.0
2023-03-09 14:31:00,CG,33.67499923706055,33.67499923706055,33.70000076293945,33.66999816894531,33.70000076293945,1233.0
2023-03-09 14:31:00,CGBD,14.90999984741211,14.90999984741211,14.920000076293945,14.90999984741211,14.90999984741211,1107.0
2023-03-09 14:31:00,CHI,11.829999923706055,11.829999923706055,11.829999923706055,11.829999923706055,11.829999923706055,175.0
2023-03-09 14:31:00,CHY,12.1899995803833,12.1899995803833,12.199999809265137,12.1899995803833,12.199999809265137,316.0
2023-03-09 14:31:00,CIFR,1.429900050163269,1.429900050163269,1.429900050163269,1.4185999631881714,1.4199999570846558,12063.0
2023-03-09 14:31:00,CINF,115.91500091552734,115.91500091552734,115.91500091552734,115.91500091552734,115.91500091552734,283.0
2023-03-09 14:31:00,CMCAW,0.11060000211000443,0.11060000211000443,0.11060000211000443,0.08510000258684158,0.08510000258684158,1900.0
2023-03-09 14:31:00,CME,178.2899932861328,178.2899932861328,178.2899932861328,178.2100067138672,178.23500061035156,3586.0
2023-03-09 14:31:00,COLB,25.28499984741211,25.28499984741211,25.290000915527344,25.280000686645508,25.290000915527344,7539.0
2023-03-09 14:31:00,COOP,44.02000045776367,44.02000045776367,44.04499816894531,44.02000045776367,44.040000915527344,7457.0
2023-03-09 14:31:00,CSQ,13.859999656677246,13.859999656677246,13.859999656677246,13.859999656677246,13.859999656677246,263.0
2023-03-09 14:31:00,CSWC,18.229999542236328,18.229999542236328,18.239999771118164,18.229999542236328,18.239999771118164,1905.0
2023-03-09 14:31:00,CVBF,21.8799991607666,21.8799991607666,21.889999389648438,21.8700008392334,21.8700008392334,812.0
2023-03-09 14:31:00,DWAC,14.079999923706055,14.079999923706055,14.079999923706055,14.079999923706055,14.079999923706055,504.0
2023-03-09 14:31:00,EBC,14.5600004196167,14.5600004196167,14.5600004196167,14.5600004196167,14.5600004196167,138.0
2023-03-09 14:31:00,EGBN,40.34000015258789,40.34000015258789,40.34000015258789,40.2599983215332,40.2599983215332,1260.0
2023-03-09 14:31:00,ESQ,41.290000915527344,41.290000915527344,41.31999969482422,41.290000915527344,41.31999969482422,342.0
2023-03-09 14:31:00,EWBC,68.0199966430664,68.0199966430664,68.0199966430664,67.97000122070312,68.0,3813.0
2023-03-09 14:31:00,FBMS,28.920000076293945,28.920000076293945,28.920000076293945,28.920000076293945,28.920000076293945,220.0
2023-03-09 14:31:00,FBNC,38.86000061035156,38.86000061035156,38.86000061035156,38.86000061035156,38.86000061035156,400.0
2023-03-09 14:31:00,FCNCA,644.780029296875,644.780029296875,644.780029296875,644.780029296875,644.780029296875,925.0
2023-03-09 14:31:00,FCNCO,21.59000015258789,21.59000015258789,21.59000015258789,21.59000015258789,21.59000015258789,184.0
2023-03-09 14:31:00,FCRD,4.590000152587891,4.590000152587891,4.590000152587891,4.590000152587891,4.590000152587891,200.0
2023-03-09 14:31:00,FDBC,47.529998779296875,47.529998779296875,47.529998779296875,47.529998779296875,47.529998779296875,161.0
2023-03-09 14:31:00,FFBC,22.440000534057617,22.440000534057617,22.440000534057617,22.43000030517578,22.43000030517578,970.0
2023-03-09 14:31:00,FFWM,12.90999984741211,12.90999984741211,12.920000076293945,12.890000343322754,12.920000076293945,3363.0
2023-03-09 14:31:00,FHB,24.155000686645508,24.155000686645508,24.15999984741211,24.1299991607666,24.1299991607666,1396.0
2023-03-09 14:31:00,FIBK,32.25,32.25,32.27000045776367,32.244998931884766,32.2599983215332,1645.0
2023-03-09 14:31:00,FITB,32.14500045776367,32.14500045776367,32.15999984741211,32.13999938964844,32.154998779296875,10034.0
2023-03-09 14:31:00,FITBP,24.079999923706055,24.079999923706055,24.079999923706055,24.079999923706055,24.079999923706055,1806.0
2023-03-09 14:31:00,FRBK,1.725000023841858,1.725000023841858,1.725000023841858,1.725000023841858,1.725000023841858,100.0
2023-03-09 14:31:00,FRME,37.59000015258789,37.59000015258789,37.59000015258789,37.59000015258789,37.59000015258789,481.0
2023-03-09 14:31:00,FSBW,33.27000045776367,33.27000045776367,33.27000045776367,33.27000045776367,33.27000045776367,100.0
2023-03-09 14:31:00,FULT,15.739999771118164,15.739999771118164,15.739999771118164,15.729999542236328,15.734999656677246,3006.0
2023-03-09 14:31:00,FUTU,46.525001525878906,46.525001525878906,46.525001525878906,46.525001525878906,46.525001525878906,122.0
2023-03-09 14:31:00,GAIN,13.579999923706055,13.579999923706055,13.579999923706055,13.579999923706055,13.579999923706055,395.0
2023-03-09 14:31:00,GBDC,13.324999809265137,13.324999809265137,13.324999809265137,13.324999809265137,13.324999809265137,543.0
2023-03-09 14:31:00,GGAL,12.765000343322754,12.765000343322754,12.765000343322754,12.765000343322754,12.765000343322754,234.0
2023-03-09 14:31:00,GOCO,18.65999984741211,18.65999984741211,18.65999984741211,18.65999984741211,18.65999984741211,253.0
2023-03-09 14:31:00,GROW,2.6600000858306885,2.6600000858306885,2.6600000858306885,2.6600000858306885,2.6600000858306885,250.0
2023-03-09 14:31:00,HAFC,21.829999923706055,21.829999923706055,21.829999923706055,21.829999923706055,21.829999923706055,1064.0
2023-03-09 14:31:00,HBAN,13.895000457763672,13.895000457763672,13.899999618530273,13.880000114440918,13.890000343322754,61068.0
2023-03-09 14:31:00,HBANP,19.040000915527344,19.040000915527344,19.040000915527344,19.040000915527344,19.040000915527344,340.0
2023-03-09 14:31:00,HBNC,13.890000343322754,13.890000343322754,13.890000343322754,13.880000114440918,13.880000114440918,848.0
2023-03-09 14:31:00,HFWA,24.709999084472656,24.709999084472656,24.709999084472656,24.68000030517578,24.700000762939453,1960.0
2023-03-09 14:31:00,HIVE,2.490000009536743,2.490000009536743,2.490000009536743,2.484999895095825,2.490000009536743,7694.0
2023-03-09 14:31:00,HLNE,75.0,75.0,75.0,75.0,75.0,167.0
2023-03-09 14:31:00,HOPE,11.78499984741211,11.78499984741211,11.789999961853027,11.779999732971191,11.779999732971191,1666.0
2023-03-09 14:31:00,HTBI,27.700000762939453,27.700000762939453,27.700000762939453,27.700000762939453,27.700000762939453,236.0
2023-03-09 14:31:00,HTBK,10.880000114440918,10.880000114440918,10.880000114440918,10.880000114440918,10.880000114440918,682.0
2023-03-09 14:31:00,HTLF,45.619998931884766,45.619998931884766,45.619998931884766,45.61000061035156,45.61000061035156,519.0
2023-03-09 14:31:00,HUT,1.3049999475479126,1.3049999475479126,1.309999942779541,1.3014999628067017,1.3049999475479126,26873.0
2023-03-09 14:31:00,HWC,44.0,44.0,44.029998779296875,43.9900016784668,44.029998779296875,1114.0
2023-03-09 14:31:00,IBKR,87.55500030517578,87.55500030517578,87.55500030517578,87.54000091552734,87.54000091552734,344.0
2023-03-09 14:31:00,IBOC,45.130001068115234,45.130001068115234,45.130001068115234,45.130001068115234,45.130001068115234,196.0
2023-03-09 14:31:00,INTR,2.0299999713897705,2.0299999713897705,2.0299999713897705,2.0299999713897705,2.0299999713897705,231.0
2023-03-09 14:32:00,ACGL,69.12999725341797,69.12999725341797,69.13999938964844,69.125,69.13999938964844,2436.0
2023-03-09 14:32:00,ARCC,18.705299377441406,18.705299377441406,18.719999313354492,18.700000762939453,18.709999084472656,15892.0
2023-03-09 14:32:00,ATLO,23.450000762939453,23.450000762939453,23.450000762939453,23.450000762939453,23.450000762939453,544.0
2023-03-09 14:32:00,AUB,36.724998474121094,36.724998474121094,36.724998474121094,36.724998474121094,36.724998474121094,572.0
2023-03-09 14:32:00,BGCP,5.0,5.0,5.0,4.989999771118164,4.989999771118164,2141.0
2023-03-09 14:32:00,BHF,52.44499969482422,52.44499969482422,52.44499969482422,52.44499969482422,52.44499969482422,732.0
2023-03-09 14:32:00,BITF,0.7300999760627747,0.7300999760627747,0.7300999760627747,0.7300999760627747,0.7300999760627747,250.0
2023-03-09 14:32:00,BKCC,3.6500000953674316,3.6500000953674316,3.6500000953674316,3.6500000953674316,3.6500000953674316,216.0
2023-03-09 14:32:00,BPOP,62.71500015258789,62.71500015258789,62.71500015258789,62.71500015258789,62.71500015258789,500.0
2023-03-09 14:32:00,BRKL,11.649999618530273,11.649999618530273,11.649999618530273,11.649999618530273,11.649999618530273,1074.0
2023-03-09 14:32:00,BWB,13.5,13.5,13.5,13.5,13.5,140.0
2023-03-09 14:32:00,CALB,24.68000030517578,24.68000030517578,24.68000030517578,24.68000030517578,24.68000030517578,447.0
2023-03-09 14:32:00,CARE,16.329999923706055,16.329999923706055,16.329999923706055,16.329999923706055,16.329999923706055,214.0
2023-03-09 14:32:00,CATY,39.09000015258789,39.09000015258789,39.09000015258789,39.09000015258789,39.09000015258789,166.0
2023-03-09 14:32:00,CBNK,18.829999923706055,18.829999923706055,18.829999923706055,18.829999923706055,18.829999923706055,233.0
2023-03-09 14:32:00,CBSH,62.18000030517578,62.18000030517578,62.18000030517578,62.18000030517578,62.18000030517578,564.0
2023-03-09 14:32:00,CCTS,10.420000076293945,10.420000076293945,10.420000076293945,10.420000076293945,10.420000076293945,2400.0
2023-03-09 14:32:00,CFFN,7.565000057220459,7.565000057220459,7.565000057220459,7.565000057220459,7.565000057220459,686.0
2023-03-09 14:32:00,CG,33.65999984741211,33.65999984741211,33.67499923706055,33.65999984741211,33.67499923706055,1219.0
2023-03-09 14:32:00,CHCO,92.05000305175781,92.05000305175781,92.05000305175781,92.05000305175781,92.05000305175781,534.0
2023-03-09 14:32:00,CHY,12.1899995803833,12.1899995803833,12.1899995803833,12.1899995803833,12.1899995803833,342.0
2023-03-09 14:32:00,CIFR,1.4200999736785889,1.4200999736785889,1.4200999736785889,1.4200999736785889,1.4200999736785889,779.0
2023-03-09 14:32:00,CINF,115.8499984741211,115.8499984741211,115.8499984741211,115.8499984741211,115.8499984741211,417.0
2023-03-09 14:32:00,CMCAW,0.1103999987244606,0.1103999987244606,0.1103999987244606,0.08309999853372574,0.08309999853372574,1433.0
2023-03-09 14:32:00,CME,178.30999755859375,178.30999755859375,178.30999755859375,178.27000427246094,178.2899932861328,942.0
2023-03-09 14:32:00,COLB,25.260000228881836,25.260000228881836,25.290000915527344,25.260000228881836,25.290000915527344,3443.0
2023-03-09 14:32:00,COOP,44.09000015258789,44.09000015258789,44.09000015258789,44.06999969482422,44.06999969482422,801.0
2023-03-09 14:32:00,CSWC,18.219999313354492,18.219999313354492,18.22010040283203,18.209999084472656,18.219999313354492,5458.0
2023-03-09 14:32:00,CVBF,21.8799991607666,21.8799991607666,21.899799346923828,21.8799991607666,21.899799346923828,539.0
2023-03-09 14:32:00,DWAC,14.069999694824219,14.069999694824219,14.069999694824219,14.069999694824219,14.069999694824219,150.0
2023-03-09 14:32:00,EBC,14.5600004196167,14.5600004196167,14.5600004196167,14.5600004196167,14.5600004196167,963.0
2023-03-09 14:32:00,EHTH,8.579999923706055,8.579999923706055,8.579999923706055,8.579999923706055,8.579999923706055,374.0
2023-03-09 14:32:00,ESSA,18.829999923706055,18.829999923706055,18.829999923706055,18.829999923706055,18.829999923706055,632.0
2023-03-09 14:32:00,EWBC,68.08000183105469,68.08000183105469,68.08000183105469,68.01000213623047,68.01000213623047,10960.0
2023-03-09 14:32:00,EZPW,8.779999732971191,8.779999732971191,8.789999961853027,8.779999732971191,8.789999961853027,1467.0
2023-03-09 14:32:00,FBMS,28.90999984741211,28.90999984741211,28.90999984741211,28.90999984741211,28.90999984741211,990.0
2023-03-09 14:32:00,FBNC,38.86000061035156,38.86000061035156,38.86000061035156,38.86000061035156,38.86000061035156,247.0
2023-03-09 14:32:00,FCFS,88.6500015258789,88.6500015258789,88.6500015258789,88.6500015258789,88.6500015258789,237.0
2023-03-09 14:32:00,FCNCA,645.3499755859375,645.3499755859375,645.3499755859375,645.3499755859375,645.3499755859375,446.0
2023-03-09 14:32:00,FCRD,4.590000152587891,4.590000152587891,4.590000152587891,4.590000152587891,4.590000152587891,100.0
2023-03-09 14:32:00,FHB,24.149999618530273,24.149999618530273,24.149999618530273,24.149999618530273,24.149999618530273,312.0
2023-03-09 14:32:00,FITB,32.130001068115234,32.130001068115234,32.14500045776367,32.121299743652344,32.13999938964844,9472.0
2023-03-09 14:32:00,FITBP,24.079999923706055,24.079999923706055,24.079999923706055,24.079999923706055,24.079999923706055,600.0
2023-03-09 14:32:00,FOCS,51.619998931884766,51.619998931884766,51.630001068115234,51.599998474121094,51.619998931884766,509981.0
2023-03-09 14:32:00,FRBK,1.725000023841858,1.725000023841858,1.725000023841858,1.725000023841858,1.725000023841858,330.0
2023-03-09 14:32:00,FSBW,33.41999816894531,33.41999816894531,33.41999816894531,33.41999816894531,33.41999816894531,100.0
2023-03-09 14:32:00,FULT,15.744999885559082,15.744999885559082,15.744999885559082,15.744999885559082,15.744999885559082,1052.0
2023-03-09 14:32:00,FUTU,46.529998779296875,46.529998779296875,46.529998779296875,46.529998779296875,46.529998779296875,349.0
2023-03-09 14:32:00,GCMG,8.40999984741211,8.40999984741211,8.40999984741211,8.40999984741211,8.40999984741211,112.0
2023-03-09 14:32:00,GECC,9.4399995803833,9.4399995803833,9.449999809265137,9.4399995803833,9.449999809265137,1509.0
2023-03-09 14:32:00,GGAL,12.789999961853027,12.789999961853027,12.789999961853027,12.729999542236328,12.739999771118164,6594.0
2023-03-09 14:32:00,GLRE,10.229999542236328,10.229999542236328,10.229999542236328,10.229999542236328,10.229999542236328,385.0
2023-03-09 14:32:00,GOCO,18.540000915527344,18.540000915527344,18.559999465942383,18.540000915527344,18.559999465942383,200.0
2023-03-09 14:32:00,GREE,0.41519999504089355,0.41519999504089355,0.41519999504089355,0.41519999504089355,0.41519999504089355,376.0
2023-03-09 14:32:00,HBAN,13.895000457763672,13.895000457763672,13.895000457763672,13.890000343322754,13.895000457763672,2828.0
2023-03-09 14:32:00,HBCP,36.34000015258789,36.34000015258789,36.34000015258789,36.34000015258789,36.34000015258789,625.0
2023-03-09 14:32:00,HFWA,24.729999542236328,24.729999542236328,24.729999542236328,24.729999542236328,24.729999542236328,108.0
2023-03-09 14:32:00,HIFS,257.3898010253906,257.3898010253906,257.3898010253906,257.19500732421875,257.19500732421875,388.0
2023-03-09 14:32:00,HIVE,2.473599910736084,2.473599910736084,2.484999895095825,2.473599910736084,2.484999895095825,8952.0
2023-03-09 14:32:00,HRZN,11.719900131225586,11.719900131225586,11.719900131225586,11.719900131225586,11.719900131225586,159.0
2023-03-09 14:32:00,HTBK,10.890000343322754,10.890000343322754,10.890000343322754,10.890000343322754,10.890000343322754,119.0
2023-03-09 14:32:00,HUT,1.309999942779541,1.309999942779541,1.309999942779541,1.3049999475479126,1.309999942779541,6721.0
2023-03-09 14:32:00,HWC,44.029998779296875,44.029998779296875,44.029998779296875,44.02000045776367,44.02000045776367,573.0
2023-03-09 14:32:00,HYW,5.489999771118164,5.489999771118164,5.489999771118164,5.489999771118164,5.489999771118164,133.0
2023-03-09 14:32:00,IBKR,87.59500122070312,87.59500122070312,87.59500122070312,87.58000183105469,87.58000183105469,1291.0
2023-03-09 14:32:00,INDB,71.96499633789062,71.96499633789062,71.96499633789062,71.96499633789062,71.96499633789062,355.0
2023-03-09 14:33:00,ABCB,42.790000915527344,42.790000915527344,42.790000915527344,42.790000915527344,42.790000915527344,796.0
2023-03-09 14:33:00,ACGL,69.0593032836914,69.0593032836914,69.12999725341797,69.0593032836914,69.12999725341797,1463.0
2023-03-09 14:33:00,ACGLO,22.399999618530273,22.399999618530273,22.399999618530273,22.399999618530273,22.399999618530273,226.0
2023-03-09 14:33:00,ACT,24.014999389648438,24.014999389648438,24.03499984741211,24.014999389648438,24.03499984741211,852.0
2023-03-09 14:33:00,AMTB,25.309999465942383,25.309999465942383,25.309999465942383,25.309999465942383,25.309999465942383,845.0
2023-03-09 14:33:00,APLD,2.075000047683716,2.075000047683716,2.075000047683716,2.075000047683716,2.075000047683716,168.0
2023-03-09 14:33:00,ARCC,18.67009925842285,18.67009925842285,18.709999084472656,18.67009925842285,18.709999084472656,7654.0
2023-03-09 14:33:00,AUB,36.70000076293945,36.70000076293945,36.709999084472656,36.70000076293945,36.709999084472656,2109.0
2023-03-09 14:33:00,BANF,85.91000366210938,85.91000366210938,86.0199966430664,85.91000366210938,86.0199966430664,819.0
2023-03-09 14:33:00,BFST,18.639999389648438,18.639999389648438,18.649999618530273,18.639999389648438,18.649999618530273,243.0
2023-03-09 14:33:00,BGCP,4.994999885559082,4.994999885559082,5.0,4.994999885559082,4.994999885559082,907.0
2023-03-09 14:33:00,BHF,52.435001373291016,52.435001373291016,52.435001373291016,52.435001373291016,52.435001373291016,100.0
2023-03-09 14:33:00,BITF,0.7300000190734863,0.7300000190734863,0.7300999760627747,0.7300000190734863,0.7300999760627747,33375.0
2023-03-09 14:33:00,BMRC,27.049999237060547,27.049999237060547,27.049999237060547,27.049999237060547,27.049999237060547,198.0
2023-03-09 14:33:00,BOKF,96.0199966430664,96.0199966430664,96.0199966430664,96.0199966430664,96.0199966430664,658.0
2023-03-09 14:33:00,BPOP,62.650001525878906,62.650001525878906,62.650001525878906,62.650001525878906,62.650001525878906,292.0
2023-03-09 14:33:00,BRKL,11.635000228881836,11.635000228881836,11.645000457763672,11.635000228881836,11.645000457763672,750.0
2023-03-09 14:33:00,BRP,25.209999084472656,25.209999084472656,25.209999084472656,25.209999084472656,25.209999084472656,307.0
2023-03-09 14:33:00,BTBT,1.0750000476837158,1.0750000476837158,1.0782999992370605,1.0750000476837158,1.0780999660491943,721.0
2023-03-09 14:33:00,BUSE,22.690000534057617,22.690000534057617,22.690000534057617,22.690000534057617,22.690000534057617,431.0
2023-03-09 14:33:00,BWB,13.5,13.5,13.5,13.5,13.5,176.0
2023-03-09 14:33:00,CASH,47.084999084472656,47.084999084472656,47.084999084472656,47.070701599121094,47.070701599121094,672.0
2023-03-09 14:33:00,CATY,39.09000015258789,39.09000015258789,39.09000015258789,39.09000015258789,39.09000015258789,258.0
2023-03-09 14:33:00,CBSH,62.084999084472656,62.084999084472656,62.185001373291016,62.08000183105469,62.18000030517578,2820.0
2023-03-09 14:33:00,CCBG,32.9900016784668,32.9900016784668,32.9900016784668,32.9900016784668,32.9900016784668,132.0
2023-03-09 14:33:00,CCNE,22.65999984741211,22.65999984741211,22.665000915527344,22.639999389648438,22.665000915527344,937.0
2023-03-09 14:33:00,CCTS,10.420000076293945,10.420000076293945,10.420000076293945,10.40999984741211,10.420000076293945,113017.0
2023-03-09 14:33:00,CFFN,7.559999942779541,7.559999942779541,7.559999942779541,7.559999942779541,7.559999942779541,2793.0
2023-03-09 14:33:00,CG,33.599998474121094,33.599998474121094,33.650001525878906,33.599998474121094,33.650001525878906,2650.0
2023-03-09 14:33:00,CGBD,14.890000343322754,14.890000343322754,14.899999618530273,14.890000343322754,14.899999618530273,909.0
2023-03-09 14:33:00,CHCO,92.04000091552734,92.04000091552734,92.04000091552734,92.04000091552734,92.04000091552734,146.0
2023-03-09 14:33:00,CHMG,48.47999954223633,48.47999954223633,48.47999954223633,48.47999954223633,48.47999954223633,307.0
2023-03-09 14:33:00,CHY,12.180000305175781,12.180000305175781,12.1899995803833,12.180000305175781,12.1899995803833,200.0
2023-03-09 14:33:00,CINF,115.80999755859375,115.80999755859375,115.80999755859375,115.77999877929688,115.77999877929688,732.0
2023-03-09 14:33:00,CME,178.2100067138672,178.2100067138672,178.32000732421875,178.2100067138672,178.32000732421875,2356.0
2023-03-09 14:33:00,CNOB,22.059999465942383,22.059999465942383,22.059999465942383,22.059999465942383,22.059999465942383,329.0
2023-03-09 14:33:00,COLB,25.229999542236328,25.229999542236328,25.270000457763672,25.229999542236328,25.260000228881836,6100.0
2023-03-09 14:33:00,CSWC,18.219999313354492,18.219999313354492,18.229999542236328,18.219999313354492,18.224199295043945,2104.0
2023-03-09 14:33:00,CVBF,21.84000015258789,21.84000015258789,21.8700008392334,21.84000015258789,21.8700008392334,2173.0
2023-03-09 14:33:00,DCOM,29.390899658203125,29.390899658203125,29.390899658203125,29.390899658203125,29.390899658203125,188.0
2023-03-09 14:33:00,EBC,14.5600004196167,14.5600004196167,14.5649995803833,14.5600004196167,14.5600004196167,3771.0
2023-03-09 14:33:00,ECBK,15.25,15.25,15.25,15.25,15.25,110.0
2023-03-09 14:33:00,ECPG,50.599998474121094,50.599998474121094,50.599998474121094,50.599998474121094,50.599998474121094,1234.0
2023-03-09 14:33:00,EFSC,51.724998474121094,51.724998474121094,51.724998474121094,51.65999984741211,51.65999984741211,488.0
2023-03-09 14:33:00,EGBN,40.29999923706055,40.29999923706055,40.29999923706055,40.29999923706055,40.29999923706055,122.0
2023-03-09 14:33:00,ESQ,41.290000915527344,41.290000915527344,41.290000915527344,41.150001525878906,41.185001373291016,837.0
2023-03-09 14:33:00,ESSA,18.829999923706055,18.829999923706055,18.829999923706055,18.829999923706055,18.829999923706055,236.0
2023-03-09 14:33:00,EWBC,67.88999938964844,67.88999938964844,68.05000305175781,67.88999938964844,68.05000305175781,1732.0
2023-03-09 14:33:00,FBIZ,33.660099029541016,33.660099029541016,33.660099029541016,33.660099029541016,33.660099029541016,118.0
2023-03-09 14:33:00,FBNC,38.83000183105469,38.83000183105469,38.88999938964844,38.83000183105469,38.88999938964844,564.0
2023-03-09 14:33:00,FCFS,88.69999694824219,88.69999694824219,88.69999694824219,88.57499694824219,88.57499694824219,658.0
2023-03-09 14:33:00,FCNCA,645.344970703125,645.344970703125,645.344970703125,645.344970703125,645.344970703125,384.0
2023-03-09 14:33:00,FCNCP,21.850000381469727,21.850000381469727,21.850000381469727,21.850000381469727,21.850000381469727,100.0
2023-03-09 14:33:00,FCRD,4.590000152587891,4.590000152587891,4.590000152587891,4.590000152587891,4.590000152587891,100.0
2023-03-09 14:33:00,FDUS,20.170000076293945,20.170000076293945,20.170000076293945,20.170000076293945,20.170000076293945,115.0
2023-03-09 14:33:00,FFBC,22.40999984741211,22.40999984741211,22.40999984741211,22.40999984741211,22.40999984741211,664.0
2023-03-09 14:33:00,FFIC,17.31999969482422,17.31999969482422,17.31999969482422,17.31999969482422,17.31999969482422,512.0
2023-03-09 14:33:00,FFIN,33.65719985961914,33.65719985961914,33.689998626708984,33.65719985961914,33.689998626708984,559.0
2023-03-09 14:33:00,FFWM,12.899999618530273,12.899999618530273,12.90999984741211,12.899999618530273,12.90999984741211,1262.0
2023-03-09 14:33:00,FHB,24.110000610351562,24.110000610351562,24.145000457763672,24.110000610351562,24.145000457763672,1382.0
2023-03-09 14:33:00,FIBK,32.220001220703125,32.220001220703125,32.220001220703125,32.220001220703125,32.220001220703125,206.0
2023-03-09 14:33:00,FITB,32.04999923706055,32.04999923706055,32.125,32.04999923706055,32.119998931884766,13546.0
2023-03-09 14:33:00,FITBI,25.1200008392334,25.1200008392334,25.1200008392334,25.1200008392334,25.1200008392334,104.0
2023-03-09 14:33:00,FITBP,24.079999923706055,24.079999923706055,24.079999923706055,24.079999923706055,24.079999923706055,1252.0
2023-03-09 14:33:00,FLIC,16.190000534057617,16.190000534057617,16.200000762939453,16.190000534057617,16.200000762939453,775.0
2023-03-09 14:33:00,FMNB,13.25,13.25,13.260000228881836,13.25,13.260000228881836,923.0
2023-03-09 14:33:00,FNLC,28.15999984741211,28.15999984741211,28.15999984741211,28.15999984741211,28.15999984741211,509.0
2023-03-09 14:33:00,FOCS,51.6150016784668,51.6150016784668,51.619998931884766,51.61000061035156,51.61000061035156,724.0
2023-03-09 14:33:00,FRBK,1.725000023841858,1.725000023841858,1.725000023841858,1.725000023841858,1.725000023841858,271.0
2023-03-09 14:33:00,FSBC,25.389999389648438,25.389999389648438,25.389999389648438,25.389999389648438,25.389999389648438,235.0
2023-03-09 14:33:00,FULT,15.729999542236328,15.729999542236328,15.739999771118164,15.729999542236328,15.739999771118164,1692.0
2023-03-09 14:33:00,FUND,8.489999771118164,8.489999771118164,8.489999771118164,8.489999771118164,8.489999771118164,100.0
2023-03-09 14:33:00,FUTU,46.54999923706055,46.54999923706055,46.54999923706055,46.470001220703125,46.494998931884766,3006.0
2023-03-09 14:33:00,GABC,35.98500061035156,35.98500061035156,35.98500061035156,35.98500061035156,35.98500061035156,272.0
2023-03-09 14:33:00,GBDC,13.319999694824219,13.319999694824219,13.319999694824219,13.319999694824219,13.319999694824219,3130.0
2023-03-09 14:33:00,GCMG,8.40999984741211,8.40999984741211,8.40999984741211,8.40999984741211,8.40999984741211,100.0
2023-03-09 14:33:00,GGAL,12.770000457763672,12.770000457763672,12.779999732971191,12.770000457763672,12.779999732971191,940.0
2023-03-09 14:33:00,GOCO,18.530000686645508,18.530000686645508,18.530000686645508,18.530000686645508,18.530000686645508,171.0
2023-03-09 14:33:00,GREE,0.41519999504089355,0.41519999504089355,0.41519999504089355,0.41510000824928284,0.41510000824928284,1666.0
2023-03-09 14:33:00,GSBC,54.09000015258789,54.09000015258789,54.09000015258789,54.09000015258789,54.09000015258789,475.0
2023-03-09 14:33:00,GSHD,51.09000015258789,51.09000015258789,51.165000915527344,51.09000015258789,51.11000061035156,948.0
2023-03-09 14:33:00,HBAN,13.869999885559082,13.869999885559082,13.895000457763672,13.869999885559082,13.890000343322754,46622.0
2023-03-09 14:33:00,HBANP,19.0,19.0,19.010000228881836,19.0,19.010000228881836,200.0
2023-03-09 14:33:00,HBNC,13.880000114440918,13.880000114440918,13.880000114440918,13.880000114440918,13.880000114440918,586.0
2023-03-09 14:33:00,HBT,22.149999618530273,22.149999618530273,22.149999618530273,22.149999618530273,22.149999618530273,432.0
2023-03-09 14:33:00,HFWA,24.68000030517578,24.68000030517578,24.68000030517578,24.68000030517578,24.68000030517578,131.0
2023-03-09 14:33:00,HIFS,257.0,257.0,257.0,257.0,257.0,346.0
2023-03-09 14:33:00,HIVE,2.4749999046325684,2.4749999046325684,2.4800000190734863,2.4749999046325684,2.4749999046325684,3036.0
2023-03-09 14:33:00,HLNE,75.0,75.0,75.0,74.91000366210938,75.0,1401.0
2023-03-09 14:33:00,HONE,12.670000076293945,12.670000076293945,12.670000076293945,12.670000076293945,12.670000076293945,750.0
2023-03-09 14:33:00,HOPE,11.781000137329102,11.781000137329102,11.78499984741211,11.781000137329102,11.78499984741211,371.0
2023-03-09 14:33:00,HRZN,11.704999923706055,11.704999923706055,11.710000038146973,11.699999809265137,11.710000038146973,2207.0
2023-03-09 14:33:00,HTBK,10.880000114440918,10.880000114440918,10.880000114440918,10.880000114440918,10.880000114440918,110.0
2023-03-09 14:33:00,HTLF,45.58000183105469,45.58000183105469,45.59000015258789,45.58000183105469,45.58000183105469,522.0
2023-03-09 14:33:00,HUT,1.3075000047683716,1.3075000047683716,1.309999942779541,1.2999999523162842,1.3056999444961548,36609.0
2023-03-09 14:33:00,HWC,43.97999954223633,43.97999954223633,44.0,43.970001220703125,43.9900016784668,795.0
2023-03-09 14:33:00,HYW,5.480000019073486,5.480000019073486,5.880000114440918,5.480000019073486,5.849999904632568,618.0
2023-03-09 14:33:00,IBKR,87.48999786376953,87.48999786376953,87.56999969482422,87.4800033569336,87.56999969482422,3655.0
2023-03-09 14:33:00,IBOC,45.119998931884766,45.119998931884766,45.119998931884766,45.119998931884766,45.119998931884766,330.0
2023-03-09 14:33:00,IBTX,53.0,53.0,53.0,52.970001220703125,53.0,884.0
2023-03-09 14:33:00,INDB,71.87000274658203,71.87000274658203,71.95999908447266,71.87000274658203,71.93000030517578,1229.0
2023-03-09 14:34:00,ACGL,68.98999786376953,68.98999786376953,69.05999755859375,68.98999786376953,69.05999755859375,5600.0
2023-03-09 14:34:00,ALRS,19.0,19.0,19.020000457763672,18.959999084472656,19.010000228881836,1240.0
2023-03-09 14:34:00,AMRK,28.21500015258789,28.21500015258789,28.21500015258789,28.21500015258789,28.21500015258789,553.0
2023-03-09 14:34:00,ARCC,18.68950080871582,18.68950080871582,18.690000534057617,18.674999237060547,18.674999237060547,11187.0
2023-03-09 14:34:00,AUB,36.689998626708984,36.689998626708984,36.709999084472656,36.689998626708984,36.709999084472656,2577.0
2023-03-09 14:34:00,BANF,85.80000305175781,85.80000305175781,85.80000305175781,85.80000305175781,85.80000305175781,194.0
2023-03-09 14:34:00,BCBP,15.760000228881836,15.760000228881836,15.760000228881836,15.760000228881836,15.760000228881836,106.0
2023-03-09 14:34:00,BGCP,5.0,5.0,5.0,4.994999885559082,4.994999885559082,466.0
2023-03-09 14:34:00,BHF,52.47999954223633,52.47999954223633,52.47999954223633,52.435001373291016,52.435001373291016,1018.0
2023-03-09 14:34:00,BITF,0.7300000190734863,0.7300000190734863,0.7300999760627747,0.7300000190734863,0.7300999760627747,283.0
2023-03-09 14:34:00,BKCC,3.6500000953674316,3.6500000953674316,3.6500000953674316,3.6500000953674316,3.6500000953674316,4718.0
2023-03-09 14:34:00,BPOP,62.70000076293945,62.70000076293945,62.70000076293945,62.64500045776367,62.65999984741211,2312.0
2023-03-09 14:34:00,BRP,25.190000534057617,25.190000534057617,25.190000534057617,25.190000534057617,25.190000534057617,245.0
2023-03-09 14:34:00,BTBT,1.0700000524520874,1.0700000524520874,1.079300045967102,1.0700000524520874,1.079300045967102,7751.0
2023-03-09 14:34:00,BWB,13.5,13.5,13.5,13.475000381469727,13.475000381469727,262.0
2023-03-09 14:34:00,CATC,70.72000122070312,70.72000122070312,70.73999786376953,70.72000122070312,70.72000122070312,919.0
2023-03-09 14:34:00,CATY,39.06999969482422,39.06999969482422,39.06999969482422,39.06999969482422,39.06999969482422,327.0
2023-03-09 14:34:00,CBSH,62.11000061035156,62.11000061035156,62.11000061035156,62.11000061035156,62.11000061035156,376.0
2023-03-09 14:34:00,CCAP,14.930000305175781,14.930000305175781,14.930000305175781,14.930000305175781,14.930000305175781,124.0
2023-03-09 14:34:00,CCD,22.94499969482422,22.94499969482422,22.94499969482422,22.94499969482422,22.94499969482422,460.0
2023-03-09 14:34:00,CCTS,10.420000076293945,10.420000076293945,10.420000076293945,10.420000076293945,10.420000076293945,1311.0
2023-03-09 14:34:00,CFFI,58.04999923706055,58.04999923706055,58.04999923706055,58.04999923706055,58.04999923706055,896.0
2023-03-09 14:34:00,CFFN,7.554999828338623,7.554999828338623,7.554999828338623,7.554999828338623,7.554999828338623,408.0
2023-03-09 14:34:00,CG,33.61000061035156,33.61000061035156,33.619998931884766,33.599998474121094,33.599998474121094,2951.0
2023-03-09 14:34:00,CGBD,14.895000457763672,14.895000457763672,14.895000457763672,14.895000457763672,14.895000457763672,204.0
2023-03-09 14:34:00,CHCO,92.07499694824219,92.07499694824219,92.07499694824219,92.0,92.01000213623047,895.0
2023-03-09 14:34:00,CHY,12.180000305175781,12.180000305175781,12.180000305175781,12.180000305175781,12.180000305175781,100.0
2023-03-09 14:34:00,CIFR,1.4299999475479126,1.4299999475479126,1.4299999475479126,1.4299999475479126,1.4299999475479126,1542.0
2023-03-09 14:34:00,CINF,115.83999633789062,115.83999633789062,115.87999725341797,115.83999633789062,115.87999725341797,1172.0
2023-03-09 14:34:00,CME,178.27999877929688,178.27999877929688,178.27999877929688,178.22500610351562,178.22500610351562,1609.0
2023-03-09 14:34:00,COLB,25.260000228881836,25.260000228881836,25.264999389648438,25.235000610351562,25.235000610351562,6247.0
2023-03-09 14:34:00,CSQ,13.849900245666504,13.849900245666504,13.849900245666504,13.833900451660156,13.833900451660156,909.0
2023-03-09 14:34:00,CVBF,21.850000381469727,21.850000381469727,21.850000381469727,21.829999923706055,21.829999923706055,743.0
2023-03-09 14:34:00,CVCY,24.34000015258789,24.34000015258789,24.34000015258789,24.34000015258789,24.34000015258789,626.0
2023-03-09 14:34:00,DCOM,29.3799991607666,29.3799991607666,29.3799991607666,29.3799991607666,29.3799991607666,284.0
2023-03-09 14:34:00,DWAC,14.070099830627441,14.070099830627441,14.070099830627441,14.070099830627441,14.070099830627441,503.0
2023-03-09 14:34:00,EBC,14.550000190734863,14.550000190734863,14.579999923706055,14.550000190734863,14.5649995803833,56155.0
2023-03-09 14:34:00,EGBN,40.28499984741211,40.28499984741211,40.28499984741211,40.28499984741211,40.28499984741211,202.0
2023-03-09 14:34:00,EHTH,8.569999694824219,8.569999694824219,8.569999694824219,8.569999694824219,8.569999694824219,921.0
2023-03-09 14:34:00,ERIE,232.11500549316406,232.11500549316406,232.11500549316406,232.11500549316406,232.11500549316406,134.0
2023-03-09 14:34:00,ESSA,18.829999923706055,18.829999923706055,18.829999923706055,18.829999923706055,18.829999923706055,2304.0
2023-03-09 14:34:00,EWBC,67.97000122070312,67.97000122070312,67.97000122070312,67.91000366210938,67.91000366210938,2342.0
2023-03-09 14:34:00,EZPW,8.779999732971191,8.779999732971191,8.779999732971191,8.779999732971191,8.779999732971191,124.0
2023-03-09 14:34:00,FBMS,28.920000076293945,28.920000076293945,28.920000076293945,28.899999618530273,28.899999618530273,1868.0
2023-03-09 14:34:00,FBNC,38.810001373291016,38.810001373291016,38.834999084472656,38.810001373291016,38.834999084472656,448.0
2023-03-09 14:34:00,FCRD,4.590000152587891,4.590000152587891,4.590000152587891,4.590000152587891,4.590000152587891,200.0
2023-03-09 14:34:00,FFIN,33.68000030517578,33.68000030517578,33.68000030517578,33.68000030517578,33.68000030517578,317.0
2023-03-09 14:34:00,FHB,24.1200008392334,24.1200008392334,24.1200008392334,24.110000610351562,24.110000610351562,779.0
2023-03-09 14:34:00,FIBK,32.2140007019043,32.2140007019043,32.2140007019043,32.209999084472656,32.209999084472656,299.0
2023-03-09 14:34:00,FITB,32.060001373291016,32.060001373291016,32.08000183105469,32.04999923706055,32.04999923706055,19815.0
2023-03-09 14:34:00,FLIC,16.19499969482422,16.19499969482422,16.200000762939453,16.19499969482422,16.200000762939453,208.0
2023-03-09 14:34:00,FMIV,10.120100021362305,10.120100021362305,10.126500129699707,10.120100021362305,10.120100021362305,500.0
2023-03-09 14:34:00,FMNB,13.260000228881836,13.260000228881836,13.260000228881836,13.260000228881836,13.260000228881836,522.0
2023-03-09 14:34:00,FOCS,51.59000015258789,51.59000015258789,51.630001068115234,51.59000015258789,51.619998931884766,31871.0
2023-03-09 14:34:00,FRBK,1.7300000190734863,1.7300000190734863,1.7300000190734863,1.7289999723434448,1.7289999723434448,1114.0
2023-03-09 14:34:00,FRHC,72.48999786376953,72.48999786376953,72.5199966430664,72.44000244140625,72.5199966430664,2254.0
2023-03-09 14:34:00,FRME,37.54999923706055,37.54999923706055,37.59000015258789,37.54999923706055,37.59000015258789,776.0
2023-03-09 14:34:00,FULT,15.729999542236328,15.729999542236328,15.729999542236328,15.729999542236328,15.729999542236328,503.0
2023-03-09 14:34:00,FUTU,46.54499816894531,46.54499816894531,46.56999969482422,46.54499816894531,46.56999969482422,987.0
2023-03-09 14:34:00,GAMC,10.149700164794922,10.149700164794922,10.149700164794922,10.149700164794922,10.149700164794922,700.0
2023-03-09 14:34:00,GBDC,13.321800231933594,13.321800231933594,13.321800231933594,13.321800231933594,13.321800231933594,413.0
2023-03-09 14:34:00,GGAL,12.770000457763672,12.770000457763672,12.770000457763672,12.770000457763672,12.770000457763672,762.0
2023-03-09 14:34:00,GLAD,9.829999923706055,9.829999923706055,9.829999923706055,9.824999809265137,9.824999809265137,424.0
2023-03-09 14:34:00,GLRE,10.210000038146973,10.210000038146973,10.210000038146973,10.210000038146973,10.210000038146973,245.0
2023-03-09 14:34:00,GSHD,51.06999969482422,51.06999969482422,51.08000183105469,51.06999969482422,51.08000183105469,1694.0
2023-03-09 14:34:00,HAFC,21.829999923706055,21.829999923706055,21.829999923706055,21.809999465942383,21.809999465942383,778.0
2023-03-09 14:34:00,HBAN,13.875,13.875,13.880000114440918,13.869999885559082,13.869999885559082,10291.0
2023-03-09 14:34:00,HBANP,19.0,19.0,19.0,19.0,19.0,148.0
2023-03-09 14:34:00,HBT,22.149999618530273,22.149999618530273,22.149999618530273,22.149999618530273,22.149999618530273,100.0
2023-03-09 14:34:00,HFWA,24.68000030517578,24.68000030517578,24.68000030517578,24.68000030517578,24.68000030517578,236.0
2023-03-09 14:34:00,HIFS,258.0093994140625,258.0093994140625,258.0093994140625,258.0093994140625,258.0093994140625,2942.0
2023-03-09 14:34:00,HIVE,2.4749999046325684,2.4749999046325684,2.4800000190734863,2.4749999046325684,2.4760000705718994,2301.0
2023-03-09 14:34:00,HMST,22.329999923706055,22.329999923706055,22.3799991607666,22.329999923706055,22.3799991607666,213.0
2023-03-09 14:34:00,HONE,12.670000076293945,12.670000076293945,12.670000076293945,12.65999984741211,12.65999984741211,1312.0
2023-03-09 14:34:00,HOPE,11.78499984741211,11.78499984741211,11.78499984741211,11.77299976348877,11.77299976348877,2169.0
2023-03-09 14:34:00,HTBK,10.874500274658203,10.874500274658203,10.874500274658203,10.874500274658203,10.874500274658203,2181.0
2023-03-09 14:34:00,HUT,1.309999942779541,1.309999942779541,1.309999942779541,1.3000999689102173,1.3099000453948975,4761.0
2023-03-09 14:34:00,HWC,44.0,44.0,44.02000045776367,43.970001220703125,43.970001220703125,1427.0
2023-03-09 14:34:00,HYW,5.480000019073486,5.480000019073486,5.764999866485596,5.480000019073486,5.521900177001953,5690.0
2023-03-09 14:34:00,IBCP,20.635000228881836,20.635000228881836,20.635000228881836,20.635000228881836,20.635000228881836,133.0
2023-03-09 14:34:00,IBKR,87.48999786376953,87.48999786376953,87.52999877929688,87.48999786376953,87.52999877929688,1539.0
2023-03-09 14:34:00,IBOC,45.06999969482422,45.06999969482422,45.09000015258789,45.06999969482422,45.09000015258789,279.0
2023-03-09 14:34:00,ICMB,3.9000000953674316,3.9000000953674316,3.930000066757202,3.9000000953674316,3.930000066757202,742.0
2023-03-09 14:35:00,ACGL,69.05500030517578,69.05500030517578,69.07499694824219,69.01000213623047,69.0199966430664,4065.0
2023-03-09 14:35:00,ACGLN,18.739999771118164,18.739999771118164,18.739999771118164,18.739999771118164,18.739999771118164,1461.0
2023-03-09 14:35:00,ARCC,18.690000534057617,18.690000534057617,18.699899673461914,18.68000030517578,18.684999465942383,16028.0
2023-03-09 14:35:00,AUB,36.70500183105469,36.70500183105469,36.709999084472656,36.689998626708984,36.689998626708984,2212.0
2023-03-09 14:35:00,BANF,85.80999755859375,85.80999755859375,85.80999755859375,85.80999755859375,85.80999755859375,316.0
2023-03-09 14:35:00,BFIN,10.25,10.25,10.25,10.25,10.25,106.0
2023-03-09 14:35:00,BFST,18.639999389648438,18.639999389648438,18.649999618530273,18.639999389648438,18.649999618530273,977.0
2023-03-09 14:35:00,BGCP,5.005000114440918,5.005000114440918,5.005000114440918,5.0,5.0,7581.0
2023-03-09 14:35:00,BHF,52.5,52.5,52.5,52.47999954223633,52.47999954223633,640.0
2023-03-09 14:35:00,BITF,0.7264999747276306,0.7264999747276306,0.7300000190734863,0.7253000140190125,0.7300000190734863,13581.0
2023-03-09 14:35:00,BKCC,3.640000104904175,3.640000104904175,3.6500000953674316,3.640000104904175,3.6500000953674316,9937.0
2023-03-09 14:35:00,BOKF,96.0250015258789,96.0250015258789,96.0250015258789,96.0199966430664,96.0199966430664,1129.0
2023-03-09 14:35:00,BPOP,62.83649826049805,62.83649826049805,62.86989974975586,62.7400016784668,62.7400016784668,1508.0
2023-03-09 14:35:00,BRKL,11.635000228881836,11.635000228881836,11.635000228881836,11.630000114440918,11.630000114440918,1269.0
2023-03-09 14:35:00,BRP,25.209999084472656,25.209999084472656,25.239999771118164,25.209999084472656,25.239999771118164,1364.0
2023-03-09 14:35:00,BTBT,1.0800000429153442,1.0800000429153442,1.0800000429153442,1.0800000429153442,1.0800000429153442,7339.0
2023-03-09 14:35:00,BUSE,22.690000534057617,22.690000534057617,22.690000534057617,22.690000534057617,22.690000534057617,351.0
2023-03-09 14:35:00,BWB,13.479999542236328,13.479999542236328,13.5600004196167,13.479999542236328,13.5,7674.0
2023-03-09 14:35:00,CARE,16.329999923706055,16.329999923706055,16.329999923706055,16.329999923706055,16.329999923706055,252.0
2023-03-09 14:35:00,CATC,70.77999877929688,70.77999877929688,70.83000183105469,70.77999877929688,70.83000183105469,353.0
2023-03-09 14:35:00,CATY,39.11000061035156,39.11000061035156,39.11000061035156,39.11000061035156,39.11000061035156,455.0
2023-03-09 14:35:00,CBSH,62.130001068115234,62.130001068115234,62.130001068115234,62.130001068115234,62.130001068115234,160.0
2023-03-09 14:35:00,CCAP,14.915800094604492,14.915800094604492,14.915800094604492,14.915800094604492,14.915800094604492,195.0
2023-03-09 14:35:00,CCD,22.899999618530273,22.899999618530273,22.90999984741211,22.899999618530273,22.90999984741211,1124.0
2023-03-09 14:35:00,CCTS,10.420000076293945,10.420000076293945,10.420000076293945,10.420000076293945,10.420000076293945,765.0
2023-03-09 14:35:00,CFB,12.390000343322754,12.390000343322754,12.390000343322754,12.390000343322754,12.390000343322754,100.0
2023-03-09 14:35:00,CFFN,7.554999828338623,7.554999828338623,7.559999942779541,7.554999828338623,7.559999942779541,790.0
2023-03-09 14:35:00,CG,33.654998779296875,33.654998779296875,33.65999984741211,33.61000061035156,33.61000061035156,4453.0
2023-03-09 14:35:00,CGBD,14.920000076293945,14.920000076293945,14.920000076293945,14.899900436401367,14.899900436401367,1362.0
2023-03-09 14:35:00,CHCO,92.01000213623047,92.01000213623047,92.01000213623047,92.01000213623047,92.01000213623047,1208.0
2023-03-09 14:35:00,CHY,12.180000305175781,12.180000305175781,12.1899995803833,12.180000305175781,12.1899995803833,225.0
2023-03-09 14:35:00,CINF,115.88999938964844,115.88999938964844,115.88999938964844,115.81500244140625,115.86000061035156,2166.0
2023-03-09 14:35:00,CLBK,19.78499984741211,19.78499984741211,19.78499984741211,19.78499984741211,19.78499984741211,118.0
2023-03-09 14:35:00,CME,178.30850219726562,178.30850219726562,178.36000061035156,178.27000427246094,178.27000427246094,2680.0
2023-03-09 14:35:00,CNOB,22.09000015258789,22.09000015258789,22.09000015258789,22.049999237060547,22.049999237060547,400.0
2023-03-09 14:35:00,COLB,25.264999389648438,25.264999389648438,25.270000457763672,25.260000228881836,25.260000228881836,2354.0
2023-03-09 14:35:00,COOP,44.11000061035156,44.11000061035156,44.11000061035156,44.08000183105469,44.08000183105469,1039.0
2023-03-09 14:35:00,CSQ,13.8503999710083,13.8503999710083,13.8503999710083,13.8503999710083,13.8503999710083,109.0
2023-03-09 14:35:00,CTBI,40.724998474121094,40.724998474121094,40.724998474121094,40.724998474121094,40.724998474121094,518.0
2023-03-09 14:35:00,CUBA,3.890000104904175,3.890000104904175,3.8949999809265137,3.890000104904175,3.8949999809265137,205.0
2023-03-09 14:35:00,CVBF,21.841999053955078,21.841999053955078,21.854999542236328,21.841999053955078,21.854999542236328,485.0
2023-03-09 14:35:00,DGICA,15.130000114440918,15.130000114440918,15.130000114440918,15.125,15.130000114440918,1069.0
2023-03-09 14:35:00,EBC,14.550000190734863,14.550000190734863,14.550000190734863,14.539999961853027,14.539999961853027,1680.0
2023-03-09 14:35:00,EGBN,40.28499984741211,40.28499984741211,40.28499984741211,40.28499984741211,40.28499984741211,200.0
2023-03-09 14:35:00,EHTH,8.592000007629395,8.592000007629395,8.600000381469727,8.579999923706055,8.579999923706055,2167.0
2023-03-09 14:35:00,EQBK,28.239999771118164,28.239999771118164,28.239999771118164,28.239999771118164,28.239999771118164,1056.0
2023-03-09 14:35:00,ERIE,232.11000061035156,232.11000061035156,232.11000061035156,232.11000061035156,232.11000061035156,235.0
2023-03-09 14:35:00,EWBC,67.9999008178711,67.9999008178711,68.01000213623047,67.95999908447266,67.95999908447266,1767.0
2023-03-09 14:35:00,EZPW,8.78499984741211,8.78499984741211,8.789999961853027,8.78499984741211,8.789999961853027,300.0
2023-03-09 14:35:00,FCBC,28.469999313354492,28.469999313354492,28.469999313354492,28.469999313354492,28.469999313354492,373.0
2023-03-09 14:35:00,FCNCA,645.5330200195312,645.5330200195312,645.5330200195312,645.5330200195312,645.5330200195312,1044.0
2023-03-09 14:35:00,FCRD,4.590000152587891,4.590000152587891,4.590000152587891,4.590000152587891,4.590000152587891,100.0
2023-03-09 14:35:00,FDBC,48.3849983215332,48.3849983215332,48.3849983215332,48.3849983215332,48.3849983215332,197.0
2023-03-09 14:35:00,FFBC,22.415000915527344,22.415000915527344,22.415000915527344,22.415000915527344,22.415000915527344,697.0
2023-03-09 14:35:00,FFIC,17.290000915527344,17.290000915527344,17.299999237060547,17.290000915527344,17.299999237060547,3223.0
2023-03-09 14:35:00,FFIN,33.68000030517578,33.68000030517578,33.68000030517578,33.68000030517578,33.68000030517578,487.0
2023-03-09 14:35:00,FFWM,12.890000343322754,12.890000343322754,12.890000343322754,12.890000343322754,12.890000343322754,326.0
2023-03-09 14:35:00,FHB,24.1299991607666,24.1299991607666,24.1299991607666,24.1299991607666,24.1299991607666,304.0
2023-03-09 14:35:00,FIBK,32.20000076293945,32.20000076293945,32.209999084472656,32.19499969482422,32.209999084472656,2700.0
2023-03-09 14:35:00,FITB,32.11000061035156,32.11000061035156,32.11000061035156,32.05500030517578,32.060001373291016,19160.0
2023-03-09 14:35:00,FITBI,25.13159942626953,25.13159942626953,25.13159942626953,25.13159942626953,25.13159942626953,104.0
2023-03-09 14:35:00,FLIC,16.200000762939453,16.200000762939453,16.204999923706055,16.200000762939453,16.204999923706055,207.0
2023-03-09 14:35:00,FMAO,23.59000015258789,23.59000015258789,23.59000015258789,23.59000015258789,23.59000015258789,436.0
2023-03-09 14:35:00,FOCS,51.595001220703125,51.595001220703125,51.599998474121094,51.59000015258789,51.599998474121094,528.0
2023-03-09 14:35:00,FRBK,1.725000023841858,1.725000023841858,1.725000023841858,1.725000023841858,1.725000023841858,130.0
2023-03-09 14:35:00,FSBW,33.380001068115234,33.380001068115234,33.380001068115234,33.380001068115234,33.380001068115234,117.0
2023-03-09 14:35:00,FULT,15.744999885559082,15.744999885559082,15.744999885559082,15.734999656677246,15.734999656677246,733.0
2023-03-09 14:35:00,FUND,8.489999771118164,8.489999771118164,8.489999771118164,8.489999771118164,8.489999771118164,100.0
2023-03-09 14:35:00,FUTU,46.58000183105469,46.58000183105469,46.599998474121094,46.54999923706055,46.54999923706055,2247.0
2023-03-09 14:35:00,GABC,36.029998779296875,36.029998779296875,36.029998779296875,36.02000045776367,36.02000045776367,560.0
2023-03-09 14:35:00,GBDC,13.324999809265137,13.324999809265137,13.324999809265137,13.324999809265137,13.324999809265137,106.0
2023-03-09 14:35:00,GCMG,8.40999984741211,8.40999984741211,8.40999984741211,8.40999984741211,8.40999984741211,256.0
2023-03-09 14:35:00,GGAL,12.779999732971191,12.779999732971191,12.779999732971191,12.779999732971191,12.779999732971191,116.0
2023-03-09 14:35:00,GLRE,10.220000267028809,10.220000267028809,10.249899864196777,10.220000267028809,10.228300094604492,416.0
2023-03-09 14:35:00,GSHD,51.119998931884766,51.119998931884766,51.15999984741211,51.099998474121094,51.099998474121094,1038.0
2023-03-09 14:35:00,HAFC,21.84000015258789,21.84000015258789,21.84000015258789,21.81999969482422,21.829999923706055,971.0
2023-03-09 14:35:00,HBAN,13.885000228881836,13.885000228881836,13.890000343322754,13.875,13.875,32075.0
2023-03-09 14:35:00,HBNC,13.890000343322754,13.890000343322754,13.890000343322754,13.880000114440918,13.880000114440918,799.0
2023-03-09 14:35:00,HBT,22.1299991607666,22.1299991607666,22.1299991607666,22.1299991607666,22.1299991607666,306.0
2023-03-09 14:35:00,HIVE,2.484999895095825,2.484999895095825,2.484999895095825,2.4800000190734863,2.4800000190734863,555.0
2023-03-09 14:35:00,HONE,12.680000305175781,12.680000305175781,12.680000305175781,12.680000305175781,12.680000305175781,166.0
2023-03-09 14:35:00,HOPE,11.800000190734863,11.800000190734863,11.800000190734863,11.789999961853027,11.789999961853027,1167.0
2023-03-09 14:35:00,HRZN,11.706500053405762,11.706500053405762,11.706500053405762,11.706500053405762,11.706500053405762,274.0
2023-03-09 14:35:00,HUT,1.3049999475479126,1.3049999475479126,1.309999942779541,1.2999999523162842,1.309999942779541,166331.0
2023-03-09 14:35:00,HWC,44.0099983215332,44.0099983215332,44.02000045776367,43.9900016784668,44.02000045776367,1345.0
2023-03-09 14:35:00,HYW,5.480000019073486,5.480000019073486,5.489999771118164,5.46999979019165,5.489999771118164,3514.0
2023-03-09 14:35:00,IBKR,87.5199966430664,87.5199966430664,87.56999969482422,87.5176010131836,87.5176010131836,961.0
2023-03-09 14:35:00,INDB,71.8550033569336,71.8550033569336,71.8550033569336,71.8550033569336,71.8550033569336,481.0
2023-03-09 14:36:00,ACGL,69.06500244140625,69.06500244140625,69.06500244140625,69.05999755859375,69.05999755859375,1196.0
2023-03-09 14:36:00,AFBI,15.550000190734863,15.550000190734863,15.550000190734863,15.550000190734863,15.550000190734863,267.0
2023-03-09 14:36:00,APLD,2.075000047683716,2.075000047683716,2.075000047683716,2.075000047683716,2.075000047683716,104.0
2023-03-09 14:36:00,ARCC,18.68950080871582,18.68950080871582,18.690000534057617,18.68000030517578,18.68000030517578,6759.0
2023-03-09 14:36:00,AUB,36.65999984741211,36.65999984741211,36.689998626708984,36.65999984741211,36.689998626708984,1588.0
2023-03-09 14:36:00,BANR,57.84000015258789,57.84000015258789,57.84000015258789,57.790000915527344,57.790000915527344,307.0
2023-03-09 14:36:00,BCBP,15.760000228881836,15.760000228881836,15.760000228881836,15.760000228881836,15.760000228881836,469.0
2023-03-09 14:36:00,BFST,18.6299991607666,18.6299991607666,18.649999618530273,18.6299991607666,18.649999618530273,305.0
2023-03-09 14:36:00,BGCP,5.010000228881836,5.010000228881836,5.010000228881836,5.005000114440918,5.010000228881836,847.0
2023-03-09 14:36:00,BHF,52.435001373291016,52.435001373291016,52.4900016784668,52.43000030517578,52.4900016784668,4853.0
2023-03-09 14:36:00,BHFAP,24.110000610351562,24.110000610351562,24.139999389648438,24.110000610351562,24.139999389648438,1000.0
2023-03-09 14:36:00,BITF,0.729898989200592,0.729898989200592,0.7300000190734863,0.7282000184059143,0.7299000024795532,8633.0
2023-03-09 14:36:00,BLFY,11.449999809265137,11.449999809265137,11.449999809265137,11.449999809265137,11.449999809265137,3184.0
2023-03-09 14:36:00,BOKF,96.0199966430664,96.0199966430664,96.0250015258789,96.0199966430664,96.0250015258789,453.0
2023-03-09 14:36:00,BPOP,62.779998779296875,62.779998779296875,62.869998931884766,62.779998779296875,62.869998931884766,2684.0
2023-03-09 14:36:00,BRKL,11.635000228881836,11.635000228881836,11.640000343322754,11.630000114440918,11.640000343322754,716.0
2023-03-09 14:36:00,BSVN,27.540000915527344,27.540000915527344,27.540000915527344,27.540000915527344,27.540000915527344,255.0
2023-03-09 14:36:00,BTBT,1.0800000429153442,1.0800000429153442,1.0850000381469727,1.0800000429153442,1.0850000381469727,395.0
2023-03-09 14:36:00,BUSE,22.68000030517578,22.68000030517578,22.690000534057617,22.68000030517578,22.690000534057617,738.0
2023-03-09 14:36:00,BWB,13.5,13.5,13.5,13.449999809265137,13.449999809265137,1490.0
2023-03-09 14:36:00,CARE,16.299999237060547,16.299999237060547,16.299999237060547,16.299999237060547,16.299999237060547,1108.0
2023-03-09 14:36:00,CASH,47.040000915527344,47.040000915527344,47.040000915527344,47.040000915527344,47.040000915527344,393.0
2023-03-09 14:36:00,CATC,70.80999755859375,70.80999755859375,70.80999755859375,70.79000091552734,70.79000091552734,965.0
2023-03-09 14:36:00,CATY,39.099998474121094,39.099998474121094,39.125,39.099998474121094,39.125,877.0
2023-03-09 14:36:00,CBSH,62.10499954223633,62.10499954223633,62.10499954223633,62.10499954223633,62.10499954223633,377.0
2023-03-09 14:36:00,CCAP,14.9399995803833,14.9399995803833,14.9399995803833,14.9399995803833,14.9399995803833,177.0
2023-03-09 14:36:00,CFB,12.404999732971191,12.404999732971191,12.404999732971191,12.404999732971191,12.404999732971191,102.0
2023-03-09 14:36:00,CFBK,20.239999771118164,20.239999771118164,20.239999771118164,20.239999771118164,20.239999771118164,238.0
2023-03-09 14:36:00,CG,33.65999984741211,33.65999984741211,33.65999984741211,33.654998779296875,33.65999984741211,2680.0
2023-03-09 14:36:00,CGO,9.734999656677246,9.734999656677246,9.734999656677246,9.734999656677246,9.734999656677246,100.0
2023-03-09 14:36:00,CHI,11.824999809265137,11.824999809265137,11.824999809265137,11.824999809265137,11.824999809265137,232.0
2023-03-09 14:36:00,CHY,12.180000305175781,12.180000305175781,12.180000305175781,12.180000305175781,12.180000305175781,201.0
2023-03-09 14:36:00,CIFR,1.434999942779541,1.434999942779541,1.434999942779541,1.434999942779541,1.434999942779541,233.0
2023-03-09 14:36:00,CINF,116.01000213623047,116.01000213623047,116.01000213623047,116.01000213623047,116.01000213623047,447.0
2023-03-09 14:36:00,CLBK,19.75,19.75,19.770000457763672,19.75,19.770000457763672,2981.0
2023-03-09 14:36:00,CMCAW,0.1006999984383583,0.1006999984383583,0.10249999910593033,0.1006999984383583,0.10249999910593033,1357.0
2023-03-09 14:36:00,CME,178.3000030517578,178.3000030517578,178.3300018310547,178.3000030517578,178.3300018310547,1318.0
2023-03-09 14:36:00,CNOB,22.030000686645508,22.030000686645508,22.059999465942383,22.030000686645508,22.059999465942383,1263.0
2023-03-09 14:36:00,COLB,25.260000228881836,25.260000228881836,25.264999389648438,25.260000228881836,25.260000228881836,4203.0
2023-03-09 14:36:00,COOP,44.09000015258789,44.09000015258789,44.150001525878906,44.09000015258789,44.150001525878906,1551.0
2023-03-09 14:36:00,CSQ,13.850000381469727,13.850000381469727,13.854999542236328,13.850000381469727,13.854999542236328,281.0
2023-03-09 14:36:00,CSWC,18.238500595092773,18.238500595092773,18.238500595092773,18.238500595092773,18.238500595092773,106.0
2023-03-09 14:36:00,CVBF,21.81999969482422,21.81999969482422,21.841999053955078,21.81999969482422,21.841999053955078,1603.0
2023-03-09 14:36:00,DGICA,15.100000381469727,15.100000381469727,15.109999656677246,15.100000381469727,15.109999656677246,955.0
2023-03-09 14:36:00,DWAC,14.086400032043457,14.086400032043457,14.086400032043457,14.086400032043457,14.086400032043457,484.0
2023-03-09 14:36:00,EBC,14.529999732971191,14.529999732971191,14.53499984741211,14.529999732971191,14.53499984741211,369.0
2023-03-09 14:36:00,EFSC,51.677398681640625,51.677398681640625,51.677398681640625,51.650001525878906,51.650001525878906,224.0
2023-03-09 14:36:00,EGBN,40.28499984741211,40.28499984741211,40.28499984741211,40.28499984741211,40.28499984741211,460.0
2023-03-09 14:36:00,EHTH,8.590200424194336,8.590200424194336,8.590200424194336,8.590200424194336,8.590200424194336,256.0
2023-03-09 14:36:00,ESQ,41.11000061035156,41.11000061035156,41.16999816894531,41.11000061035156,41.16999816894531,1185.0
2023-03-09 14:36:00,EWBC,67.93000030517578,67.93000030517578,67.94999694824219,67.93000030517578,67.94999694824219,1110.0
2023-03-09 14:36:00,EZPW,8.789999961853027,8.789999961853027,8.789999961853027,8.789999961853027,8.789999961853027,303.0
2023-03-09 14:36:00,FBMS,28.90999984741211,28.90999984741211,28.90999984741211,28.90999984741211,28.90999984741211,348.0
2023-03-09 14:36:00,FCRD,4.590000152587891,4.590000152587891,4.590000152587891,4.590000152587891,4.590000152587891,100.0
2023-03-09 14:36:00,FDUS,20.06999969482422,20.06999969482422,20.16010093688965,20.06999969482422,20.15999984741211,9119.0
2023-03-09 14:36:00,FFIC,17.290000915527344,17.290000915527344,17.290000915527344,17.290000915527344,17.290000915527344,353.0
2023-03-09 14:36:00,FFIN,33.67499923706055,33.67499923706055,33.67499923706055,33.67499923706055,33.67499923706055,665.0
2023-03-09 14:36:00,FGBIP,23.849700927734375,23.849700927734375,23.849700927734375,23.849700927734375,23.849700927734375,200.0
2023-03-09 14:36:00,FHB,24.1299991607666,24.1299991607666,24.1299991607666,24.1299991607666,24.1299991607666,558.0
2023-03-09 14:36:00,FIBK,32.16999816894531,32.16999816894531,32.189998626708984,32.16999816894531,32.189998626708984,427.0
2023-03-09 14:36:00,FITB,32.095001220703125,32.095001220703125,32.119998931884766,32.09000015258789,32.1150016784668,9833.0
2023-03-09 14:36:00,FITBI,25.1299991607666,25.1299991607666,25.1299991607666,25.1299991607666,25.1299991607666,100.0
2023-03-09 14:36:00,FLIC,16.1299991607666,16.1299991607666,16.18000030517578,16.1299991607666,16.18000030517578,1321.0
2023-03-09 14:36:00,FOCS,51.58000183105469,51.58000183105469,51.59000015258789,51.58000183105469,51.59000015258789,4230.0
2023-03-09 14:36:00,FULT,15.734999656677246,15.734999656677246,15.744999885559082,15.734999656677246,15.744999885559082,2925.0
2023-03-09 14:36:00,FUND,8.489999771118164,8.489999771118164,8.489999771118164,8.489999771118164,8.489999771118164,100.0
2023-03-09 14:36:00,FUTU,46.599998474121094,46.599998474121094,46.599998474121094,46.599998474121094,46.599998474121094,120.0
2023-03-09 14:36:00,GBDC,13.312100410461426,13.312100410461426,13.324999809265137,13.3100004196167,13.324999809265137,58342.0
2023-03-09 14:36:00,GGAL,12.765000343322754,12.765000343322754,12.765000343322754,12.765000343322754,12.765000343322754,100.0
2023-03-09 14:36:00,GLRE,10.289999961853027,10.289999961853027,10.300000190734863,10.25,10.25,6236.0
2023-03-09 14:36:00,GOCO,18.760000228881836,18.760000228881836,18.760000228881836,18.760000228881836,18.760000228881836,186.0
2023-03-09 14:36:00,GSHD,51.18000030517578,51.18000030517578,51.189998626708984,51.18000030517578,51.18000030517578,1046.0
2023-03-09 14:36:00,HAFC,21.844999313354492,21.844999313354492,21.844999313354492,21.844999313354492,21.844999313354492,100.0
2023-03-09 14:36:00,HBAN,13.880000114440918,13.880000114440918,13.890000343322754,13.880000114440918,13.885000228881836,15078.0
2023-03-09 14:36:00,HBANM,22.65999984741211,22.65999984741211,22.65999984741211,22.649999618530273,22.65999984741211,1500.0
2023-03-09 14:36:00,HBT,22.100000381469727,22.100000381469727,22.100000381469727,22.100000381469727,22.100000381469727,367.0
2023-03-09 14:36:00,HFWA,24.690000534057617,24.690000534057617,24.690000534057617,24.690000534057617,24.690000534057617,203.0
2023-03-09 14:36:00,HIVE,2.4800000190734863,2.4800000190734863,2.484999895095825,2.4800000190734863,2.484999895095825,2562.0
2023-03-09 14:36:00,HONE,12.670000076293945,12.670000076293945,12.670000076293945,12.670000076293945,12.670000076293945,414.0
2023-03-09 14:36:00,HOPE,11.800000190734863,11.800000190734863,11.805000305175781,11.800000190734863,11.800000190734863,797.0
2023-03-09 14:36:00,HTBK,10.869999885559082,10.869999885559082,10.880000114440918,10.869999885559082,10.880000114440918,849.0
2023-03-09 14:36:00,HTLF,45.58000183105469,45.58000183105469,45.58000183105469,45.58000183105469,45.58000183105469,369.0
2023-03-09 14:36:00,HUT,1.3049999475479126,1.3049999475479126,1.309999942779541,1.3049999475479126,1.3099000453948975,40934.0
2023-03-09 14:36:00,HWC,43.95000076293945,43.95000076293945,43.97999954223633,43.95000076293945,43.97999954223633,459.0
2023-03-09 14:36:00,IBKR,87.37999725341797,87.37999725341797,87.55999755859375,87.37999725341797,87.55999755859375,2020.0
2023-03-09 14:36:00,IBTX,52.959999084472656,52.959999084472656,52.959999084472656,52.959999084472656,52.959999084472656,434.0
2023-03-09 14:36:00,ICMB,3.9000000953674316,3.9000000953674316,3.9000000953674316,3.9000000953674316,3.9000000953674316,800.0
2023-03-09 14:36:00,INDB,71.83999633789062,71.83999633789062,71.83999633789062,71.83999633789062,71.83999633789062,100.0
2023-03-09 14:37:00,ABCB,42.78499984741211,42.78499984741211,42.78499984741211,42.78499984741211,42.78499984741211,213.0
2023-03-09 14:37:00,ACGL,68.98999786376953,68.98999786376953,69.05000305175781,68.97000122070312,69.05000305175781,1470.0
2023-03-09 14:37:00,ACT,24.024999618530273,24.024999618530273,24.024999618530273,24.0049991607666,24.024999618530273,2062.0
2023-03-09 14:37:00,AMAL,21.149999618530273,21.149999618530273,21.170000076293945,21.149999618530273,21.170000076293945,317.0
2023-03-09 14:37:00,ARCC,18.68000030517578,18.68000030517578,18.688600540161133,18.68000030517578,18.684999465942383,2029.0
2023-03-09 14:37:00,AROW,28.469999313354492,28.469999313354492,28.524999618530273,28.469999313354492,28.469999313354492,700.0
2023-03-09 14:37:00,AUB,36.630001068115234,36.630001068115234,36.665000915527344,36.630001068115234,36.65999984741211,3236.0
2023-03-09 14:37:00,BANR,57.75,57.75,57.7599983215332,57.75,57.755001068115234,1218.0
2023-03-09 14:37:00,BFST,18.6200008392334,18.6200008392334,18.6200008392334,18.6200008392334,18.6200008392334,258.0
2023-03-09 14:37:00,BGCP,5.005000114440918,5.005000114440918,5.005000114440918,5.005000114440918,5.005000114440918,388.0
2023-03-09 14:37:00,BHF,52.43000030517578,52.43000030517578,52.43000030517578,52.43000030517578,52.43000030517578,731.0
2023-03-09 14:37:00,BITF,0.7283999919891357,0.7283999919891357,0.7283999919891357,0.7283999919891357,0.7283999919891357,1143.0
2023-03-09 14:37:00,BKCC,3.634999990463257,3.634999990463257,3.640000104904175,3.630000114440918,3.640000104904175,3243.0
2023-03-09 14:37:00,BLFY,11.40999984741211,11.40999984741211,11.455699920654297,11.40999984741211,11.449999809265137,5779.0
2023-03-09 14:37:00,BMRC,27.030000686645508,27.030000686645508,27.059999465942383,27.030000686645508,27.030000686645508,830.0
2023-03-09 14:37:00,BOKF,95.95999908447266,95.95999908447266,95.97000122070312,95.95999908447266,95.97000122070312,1115.0
2023-03-09 14:37:00,BPOP,62.75,62.75,62.75,62.75,62.75,312.0
2023-03-09 14:37:00,BRKL,11.619999885559082,11.619999885559082,11.635000228881836,11.619999885559082,11.635000228881836,1431.0
2023-03-09 14:37:00,BTBT,1.0800000429153442,1.0800000429153442,1.0850000381469727,1.0800000429153442,1.0800000429153442,4215.0
2023-03-09 14:37:00,CATY,39.08000183105469,39.08000183105469,39.11000061035156,39.08000183105469,39.11000061035156,767.0
2023-03-09 14:37:00,CBSH,62.095001220703125,62.095001220703125,62.12269973754883,62.08000183105469,62.12269973754883,1530.0
2023-03-09 14:37:00,CG,33.650001525878906,33.650001525878906,33.665000915527344,33.6349983215332,33.654998779296875,3917.0
2023-03-09 14:37:00,CGBD,14.899999618530273,14.899999618530273,14.914999961853027,14.899999618530273,14.914999961853027,301.0
2023-03-09 14:37:00,CHY,12.180000305175781,12.180000305175781,12.180000305175781,12.180000305175781,12.180000305175781,200.0
2023-03-09 14:37:00,CIFR,1.4399000406265259,1.4399000406265259,1.4399000406265259,1.4399000406265259,1.4399000406265259,1394.0
2023-03-09 14:37:00,CINF,115.81999969482422,115.81999969482422,115.91000366210938,115.81999969482422,115.91000366210938,1268.0
2023-03-09 14:37:00,CME,178.29550170898438,178.29550170898438,178.3300018310547,178.22500610351562,178.3300018310547,3255.0
2023-03-09 14:37:00,CNOB,22.0,22.0,22.0,21.989999771118164,21.989999771118164,306.0
2023-03-09 14:37:00,COLB,25.25,25.25,25.260000228881836,25.239999771118164,25.260000228881836,12513.0
2023-03-09 14:37:00,COOP,44.06999969482422,44.06999969482422,44.06999969482422,44.06999969482422,44.06999969482422,339.0
2023-03-09 14:37:00,CRZN,10.210000038146973,10.210000038146973,10.210100173950195,10.210000038146973,10.210100173950195,0.0
2023-03-09 14:37:00,CSQ,13.819999694824219,13.819999694824219,13.830100059509277,13.819999694824219,13.829999923706055,2467.0
2023-03-09 14:37:00,CSWC,18.229999542236328,18.229999542236328,18.229999542236328,18.229999542236328,18.229999542236328,398.0
2023-03-09 14:37:00,CVBF,21.790000915527344,21.790000915527344,21.812000274658203,21.790000915527344,21.812000274658203,695.0
2023-03-09 14:37:00,DCOM,29.3799991607666,29.3799991607666,29.3799991607666,29.3799991607666,29.3799991607666,182.0
2023-03-09 14:37:00,DUNE,9.899999618530273,9.899999618530273,9.899999618530273,9.869999885559082,9.869999885559082,0.0
2023-03-09 14:37:00,EBC,14.515000343322754,14.515000343322754,14.524999618530273,14.510000228881836,14.524999618530273,2056.0
2023-03-09 14:37:00,EBMT,17.094999313354492,17.094999313354492,17.094999313354492,17.094999313354492,17.094999313354492,174.0
2023-03-09 14:37:00,EFSC,51.630001068115234,51.630001068115234,51.630001068115234,51.630001068115234,51.630001068115234,383.0
2023-03-09 14:37:00,EHTH,8.609999656677246,8.609999656677246,8.609999656677246,8.600000381469727,8.600000381469727,693.0
2023-03-09 14:37:00,ESQ,40.939998626708984,40.939998626708984,40.939998626708984,40.939998626708984,40.939998626708984,1274.0
2023-03-09 14:37:00,EWBC,67.87999725341797,67.87999725341797,67.91000366210938,67.87999725341797,67.91000366210938,1149.0
2023-03-09 14:37:00,FBMS,28.899999618530273,28.899999618530273,28.899999618530273,28.899999618530273,28.899999618530273,570.0
2023-03-09 14:37:00,FBNC,38.7400016784668,38.7400016784668,38.79999923706055,38.7400016784668,38.79999923706055,897.0
2023-03-09 14:37:00,FCFS,88.80999755859375,88.80999755859375,88.81999969482422,88.70999908447266,88.70999908447266,2854.0
2023-03-09 14:37:00,FCRD,4.590000152587891,4.590000152587891,4.590000152587891,4.590000152587891,4.590000152587891,100.0
2023-03-09 14:37:00,FDUS,20.030000686645508,20.030000686645508,20.075000762939453,20.030000686645508,20.075000762939453,2091.0
2023-03-09 14:37:00,FFBC,22.3799991607666,22.3799991607666,22.3799991607666,22.3799991607666,22.3799991607666,221.0
2023-03-09 14:37:00,FFIN,33.619998931884766,33.619998931884766,33.63999938964844,33.619998931884766,33.63999938964844,496.0
2023-03-09 14:37:00,FFWM,12.880000114440918,12.880000114440918,12.880000114440918,12.880000114440918,12.880000114440918,688.0
2023-03-09 14:37:00,FHB,24.1200008392334,24.1200008392334,24.1200008392334,24.1200008392334,24.1200008392334,682.0
2023-03-09 14:37:00,FIBK,32.15999984741211,32.15999984741211,32.20000076293945,32.15999984741211,32.172298431396484,4272.0
2023-03-09 14:37:00,FINW,9.119999885559082,9.119999885559082,9.119999885559082,9.119999885559082,9.119999885559082,100.0
2023-03-09 14:37:00,FITB,32.07500076293945,32.07500076293945,32.11000061035156,32.06999969482422,32.099998474121094,4958.0
2023-03-09 14:37:00,FLIC,16.1299991607666,16.1299991607666,16.139999389648438,16.1299991607666,16.139999389648438,226.0
2023-03-09 14:37:00,FOCS,51.584999084472656,51.584999084472656,51.584999084472656,51.58000183105469,51.58000183105469,1999.0
2023-03-09 14:37:00,FRBK,1.725000023841858,1.725000023841858,1.725000023841858,1.725000023841858,1.725000023841858,100.0
2023-03-09 14:37:00,FRME,37.5,37.5,37.5,37.5,37.5,231.0
2023-03-09 14:37:00,FRON,10.1899995803833,10.1899995803833,10.1899995803833,10.1899995803833,10.1899995803833,124.0
2023-03-09 14:37:00,FSBW,33.380001068115234,33.380001068115234,33.380001068115234,33.380001068115234,33.380001068115234,163.0
2023-03-09 14:37:00,FULT,15.729999542236328,15.729999542236328,15.739999771118164,15.729999542236328,15.739999771118164,4287.0
2023-03-09 14:37:00,FUTU,46.584999084472656,46.584999084472656,46.584999084472656,46.540000915527344,46.540000915527344,388.0
2023-03-09 14:37:00,GBDC,13.289999961853027,13.289999961853027,13.3149995803833,13.289999961853027,13.3149995803833,8792.0
2023-03-09 14:37:00,GCMG,8.40999984741211,8.40999984741211,8.40999984741211,8.40999984741211,8.40999984741211,202.0
2023-03-09 14:37:00,GGAL,12.779999732971191,12.779999732971191,12.779999732971191,12.765000343322754,12.765000343322754,977.0
2023-03-09 14:37:00,GLRE,10.300000190734863,10.300000190734863,10.300000190734863,10.28499984741211,10.28499984741211,941.0
2023-03-09 14:37:00,GMFI,10.350000381469727,10.350000381469727,10.350000381469727,10.346400260925293,10.350000381469727,0.0
2023-03-09 14:37:00,HAFC,21.81999969482422,21.81999969482422,21.829999923706055,21.809999465942383,21.829999923706055,676.0
2023-03-09 14:37:00,HBAN,13.879300117492676,13.879300117492676,13.890000343322754,13.869999885559082,13.890000343322754,15400.0
2023-03-09 14:37:00,HONE,12.664999961853027,12.664999961853027,12.670000076293945,12.664999961853027,12.670000076293945,320.0
2023-03-09 14:37:00,HOPE,11.789999961853027,11.789999961853027,11.789999961853027,11.789999961853027,11.789999961853027,453.0
2023-03-09 14:37:00,HRZN,11.708499908447266,11.708499908447266,11.70989990234375,11.708499908447266,11.70989990234375,1229.0
2023-03-09 14:37:00,HTBI,27.65999984741211,27.65999984741211,27.65999984741211,27.65999984741211,27.65999984741211,1117.0
2023-03-09 14:37:00,HTLFP,25.299999237060547,25.299999237060547,25.299999237060547,25.299999237060547,25.299999237060547,223.0
2023-03-09 14:37:00,HUT,1.309999942779541,1.309999942779541,1.309999942779541,1.2999999523162842,1.309999942779541,25147.0
2023-03-09 14:37:00,HWC,43.900001525878906,43.900001525878906,43.91999816894531,43.900001525878906,43.91999816894531,635.0
2023-03-09 14:37:00,IBCP,20.600000381469727,20.600000381469727,20.600000381469727,20.600000381469727,20.600000381469727,233.0
2023-03-09 14:37:00,IBKR,87.31009674072266,87.31009674072266,87.37000274658203,87.31009674072266,87.37000274658203,1134.0
2023-03-09 14:37:00,IBOC,45.060001373291016,45.060001373291016,45.06999969482422,45.060001373291016,45.06999969482422,613.0
2023-03-09 14:37:00,IBTX,52.959999084472656,52.959999084472656,52.959999084472656,52.959999084472656,52.959999084472656,410.0
2023-03-09 14:37:00,INDB,71.83000183105469,71.83000183105469,71.83000183105469,71.83000183105469,71.83000183105469,517.0
2023-03-09 14:38:00,ABCB,42.689998626708984,42.689998626708984,42.7400016784668,42.689998626708984,42.7400016784668,3980.0
2023-03-09 14:38:00,ACGL,68.94999694824219,68.94999694824219,69.01000213623047,68.94000244140625,69.01000213623047,3715.0
2023-03-09 14:38:00,ALRS,19.020000457763672,19.020000457763672,19.040000915527344,19.020000457763672,19.040000915527344,320.0
2023-03-09 14:38:00,AMAL,21.1200008392334,21.1200008392334,21.1200008392334,21.1200008392334,21.1200008392334,218.0
2023-03-09 14:38:00,APLD,2.0708999633789062,2.0708999633789062,2.0708999633789062,2.0708999633789062,2.0708999633789062,104.0
2023-03-09 14:38:00,ARCC,18.68000030517578,18.68000030517578,18.690000534057617,18.68000030517578,18.68000030517578,4829.0
2023-03-09 14:38:00,AROW,28.399999618530273,28.399999618530273,28.399999618530273,28.31999969482422,28.31999969482422,397.0
2023-03-09 14:38:00,AUB,36.630001068115234,36.630001068115234,36.630001068115234,36.630001068115234,36.630001068115234,377.0
2023-03-09 14:38:00,BCML,19.329999923706055,19.329999923706055,19.329999923706055,19.329999923706055,19.329999923706055,303.0
2023-03-09 14:38:00,BGCP,5.0,5.0,5.010000228881836,5.0,5.010000228881836,278.0
2023-03-09 14:38:00,BHF,52.439998626708984,52.439998626708984,52.459999084472656,52.439998626708984,52.459999084472656,1148.0
2023-03-09 14:38:00,BHFAP,24.1299991607666,24.1299991607666,24.1299991607666,24.1299991607666,24.1299991607666,560.0
2023-03-09 14:38:00,BITF,0.7283999919891357,0.7283999919891357,0.7287999987602234,0.7283999919891357,0.7287999987602234,602.0
2023-03-09 14:38:00,BKCC,3.630000114440918,3.630000114440918,3.630000114440918,3.630000114440918,3.630000114440918,381.0
2023-03-09 14:38:00,BLFY,11.414999961853027,11.414999961853027,11.414999961853027,11.414999961853027,11.414999961853027,300.0
2023-03-09 14:38:00,BOKF,95.91999816894531,95.91999816894531,95.93000030517578,95.91999816894531,95.93000030517578,214.0
2023-03-09 14:38:00,BPOP,62.720001220703125,62.720001220703125,62.75,62.720001220703125,62.75,758.0
2023-03-09 14:38:00,BRKL,11.614999771118164,11.614999771118164,11.614999771118164,11.614999771118164,11.614999771118164,901.0
2023-03-09 14:38:00,BTBT,1.0800000429153442,1.0800000429153442,1.0800000429153442,1.0800000429153442,1.0800000429153442,455.0
2023-03-09 14:38:00,BWB,13.5,13.5,13.53499984741211,13.5,13.53499984741211,537.0
2023-03-09 14:38:00,CBSH,62.08000183105469,62.08000183105469,62.08000183105469,62.07500076293945,62.08000183105469,733.0
2023-03-09 14:38:00,CG,33.650001525878906,33.650001525878906,33.665000915527344,33.64500045776367,33.654998779296875,5093.0
2023-03-09 14:38:00,CGBD,14.9399995803833,14.9399995803833,14.9399995803833,14.914999961853027,14.920000076293945,6704.0
2023-03-09 14:38:00,CHW,6.002999782562256,6.002999782562256,6.002999782562256,6.001399993896484,6.001399993896484,970.0
2023-03-09 14:38:00,CHY,12.180000305175781,12.180000305175781,12.180000305175781,12.180000305175781,12.180000305175781,212.0
2023-03-09 14:38:00,CIFR,1.440000057220459,1.440000057220459,1.440000057220459,1.440000057220459,1.440000057220459,1900.0
2023-03-09 14:38:00,CINF,115.86000061035156,115.86000061035156,115.88999938964844,115.86000061035156,115.88999938964844,887.0
2023-03-09 14:38:00,CME,178.25999450683594,178.25999450683594,178.34500122070312,178.25999450683594,178.29490661621094,1418.0
2023-03-09 14:38:00,CNOB,22.0,22.0,22.0,22.0,22.0,193.0
2023-03-09 14:38:00,COLB,25.200000762939453,25.200000762939453,25.2549991607666,25.200000762939453,25.25,10978.0
2023-03-09 14:38:00,COOP,44.07500076293945,44.07500076293945,44.07500076293945,44.07500076293945,44.07500076293945,275.0
2023-03-09 14:38:00,CRZN,10.210000038146973,10.210000038146973,10.210100173950195,10.210000038146973,10.210100173950195,1000.0
2023-03-09 14:38:00,CVBF,21.815000534057617,21.815000534057617,21.815000534057617,21.79199981689453,21.79199981689453,2369.0
2023-03-09 14:38:00,EBC,14.510000228881836,14.510000228881836,14.520000457763672,14.510000228881836,14.520000457763672,855.0
2023-03-09 14:38:00,EFSC,51.689998626708984,51.689998626708984,51.689998626708984,51.689998626708984,51.689998626708984,264.0
2023-03-09 14:38:00,EGBN,40.2400016784668,40.2400016784668,40.2400016784668,40.2400016784668,40.2400016784668,238.0
2023-03-09 14:38:00,ERIE,231.91000366210938,231.91000366210938,231.91000366210938,231.86000061035156,231.86000061035156,457.0
2023-03-09 14:38:00,ESGRP,23.243499755859375,23.243499755859375,23.243499755859375,23.243499755859375,23.243499755859375,589.0
2023-03-09 14:38:00,EWBC,67.87999725341797,67.87999725341797,67.91999816894531,67.87999725341797,67.9000015258789,1510.0
2023-03-09 14:38:00,FCNCP,21.799999237060547,21.799999237060547,21.799999237060547,21.799999237060547,21.799999237060547,167.0
2023-03-09 14:38:00,FCRD,4.590000152587891,4.590000152587891,4.590000152587891,4.590000152587891,4.590000152587891,200.0
2023-03-09 14:38:00,FDUS,20.0,20.0,20.030000686645508,20.0,20.020099639892578,7650.0
2023-03-09 14:38:00,FFBC,22.389999389648438,22.389999389648438,22.389999389648438,22.389999389648438,22.389999389648438,608.0
2023-03-09 14:38:00,FFWM,12.880000114440918,12.880000114440918,12.880000114440918,12.880000114440918,12.880000114440918,200.0
2023-03-09 14:38:00,FGBIP,23.850000381469727,23.850000381469727,23.850000381469727,23.850000381469727,23.850000381469727,200.0
2023-03-09 14:38:00,FIBK,32.15999984741211,32.15999984741211,32.16999816894531,32.15999984741211,32.15999984741211,551.0
2023-03-09 14:38:00,FINW,9.029999732971191,9.029999732971191,9.109999656677246,9.029999732971191,9.109999656677246,825.0
2023-03-09 14:38:00,FITB,32.064998626708984,32.064998626708984,32.09000015258789,32.064998626708984,32.06999969482422,11036.0
2023-03-09 14:38:00,FITBI,25.149999618530273,25.149999618530273,25.149999618530273,25.149999618530273,25.149999618530273,1070.0
2023-03-09 14:38:00,FLIC,16.133800506591797,16.133800506591797,16.133800506591797,16.133800506591797,16.133800506591797,100.0
2023-03-09 14:38:00,FMNB,13.265000343322754,13.265000343322754,13.270000457763672,13.265000343322754,13.270000457763672,1040.0
2023-03-09 14:38:00,FOCS,51.599998474121094,51.599998474121094,51.599998474121094,51.584999084472656,51.59000015258789,32070.0
2023-03-09 14:38:00,FRBK,1.715000033378601,1.715000033378601,1.725000023841858,1.7100000381469727,1.725000023841858,5385.0
2023-03-09 14:38:00,FRME,37.47999954223633,37.47999954223633,37.47999954223633,37.47999954223633,37.47999954223633,114.0
2023-03-09 14:38:00,FRST,10.788599967956543,10.788599967956543,10.788599967956543,10.788599967956543,10.788599967956543,200.0
2023-03-09 14:38:00,FSEA,9.899999618530273,9.899999618530273,9.899999618530273,9.899999618530273,9.899999618530273,136.0
2023-03-09 14:38:00,FULT,15.729999542236328,15.729999542236328,15.729999542236328,15.720000267028809,15.729999542236328,957.0
2023-03-09 14:38:00,FUTU,46.540000915527344,46.540000915527344,46.584999084472656,46.540000915527344,46.584999084472656,1056.0
2023-03-09 14:38:00,GAIN,13.569999694824219,13.569999694824219,13.588199615478516,13.569999694824219,13.588199615478516,502.0
2023-03-09 14:38:00,GCBC,54.29999923706055,54.29999923706055,54.29999923706055,53.904998779296875,53.904998779296875,663.0
2023-03-09 14:38:00,GGAL,12.8100004196167,12.8100004196167,12.8100004196167,12.8100004196167,12.8100004196167,210.0
2023-03-09 14:38:00,GLAD,9.829999923706055,9.829999923706055,9.829999923706055,9.829999923706055,9.829999923706055,1014.0
2023-03-09 14:38:00,GLRE,10.300000190734863,10.300000190734863,10.3100004196167,10.300000190734863,10.3100004196167,302.0
2023-03-09 14:38:00,GREE,0.41519999504089355,0.41519999504089355,0.41519999504089355,0.41519999504089355,0.41519999504089355,124.0
2023-03-09 14:38:00,GSHD,51.14500045776367,51.14500045776367,51.14500045776367,51.130001068115234,51.130001068115234,543.0
2023-03-09 14:38:00,HBAN,13.885000228881836,13.885000228881836,13.890000343322754,13.870100021362305,13.870100021362305,10271.0
2023-03-09 14:38:00,HMST,22.280000686645508,22.280000686645508,22.299999237060547,22.280000686645508,22.299999237060547,644.0
2023-03-09 14:38:00,HONE,12.670000076293945,12.670000076293945,12.670000076293945,12.65999984741211,12.65999984741211,1854.0
2023-03-09 14:38:00,HOPE,11.78499984741211,11.78499984741211,11.78499984741211,11.78499984741211,11.78499984741211,310.0
2023-03-09 14:38:00,HUT,1.3100999593734741,1.3100999593734741,1.31850004196167,1.3056999444961548,1.3097000122070312,70894.0
2023-03-09 14:38:00,HWC,43.92499923706055,43.92499923706055,43.95000076293945,43.92499923706055,43.95000076293945,443.0
2023-03-09 14:38:00,HYW,5.949999809265137,5.949999809265137,5.949999809265137,5.949999809265137,5.949999809265137,210.0
2023-03-09 14:38:00,IBKR,87.37000274658203,87.37000274658203,87.37000274658203,87.37000274658203,87.37000274658203,814.0
2023-03-09 14:38:00,INDB,71.80500030517578,71.80500030517578,71.80500030517578,71.80500030517578,71.80500030517578,151.0
2023-03-09 14:39:00,ABCB,42.52000045776367,42.52000045776367,42.70000076293945,42.52000045776367,42.70000076293945,3287.0
2023-03-09 14:39:00,ACGL,68.91000366210938,68.91000366210938,68.94999694824219,68.91000366210938,68.94999694824219,2744.0
2023-03-09 14:39:00,ACT,23.989999771118164,23.989999771118164,24.024999618530273,23.989999771118164,24.024999618530273,1112.0
2023-03-09 14:39:00,APLD,2.075000047683716,2.075000047683716,2.075000047683716,2.075000047683716,2.075000047683716,176.0
2023-03-09 14:39:00,ARCC,18.680099487304688,18.680099487304688,18.690000534057617,18.68000030517578,18.690000534057617,3442.0
2023-03-09 14:39:00,ATLO,23.459999084472656,23.459999084472656,23.459999084472656,23.459999084472656,23.459999084472656,107.0
2023-03-09 14:39:00,AUB,36.58000183105469,36.58000183105469,36.599998474121094,36.54999923706055,36.599998474121094,3877.0
2023-03-09 14:39:00,BANF,85.66000366210938,85.66000366210938,85.66999816894531,85.66000366210938,85.66999816894531,1414.0
2023-03-09 14:39:00,BANR,57.5,57.5,57.5,57.5,57.5,664.0
2023-03-09 14:39:00,BCBP,15.739999771118164,15.739999771118164,15.739999771118164,15.739999771118164,15.739999771118164,441.0
2023-03-09 14:39:00,BFST,18.579999923706055,18.579999923706055,18.579999923706055,18.565000534057617,18.579999923706055,982.0
2023-03-09 14:39:00,BGCP,5.010000228881836,5.010000228881836,5.010000228881836,5.005000114440918,5.005000114440918,634.0
2023-03-09 14:39:00,BHF,52.40999984741211,52.40999984741211,52.43000030517578,52.400001525878906,52.43000030517578,1534.0
2023-03-09 14:39:00,BHFAP,24.139999389648438,24.139999389648438,24.139999389648438,24.139999389648438,24.139999389648438,100.0
2023-03-09 14:39:00,BITF,0.7290999889373779,0.7290999889373779,0.7290999889373779,0.7284010052680969,0.7284010052680969,2112.0
2023-03-09 14:39:00,BOKF,95.7699966430664,95.7699966430664,95.88999938964844,95.7699966430664,95.88999938964844,2211.0
2023-03-09 14:39:00,BPOP,62.56999969482422,62.56999969482422,62.689998626708984,62.56999969482422,62.689998626708984,2531.0
2023-03-09 14:39:00,BRKL,11.579999923706055,11.579999923706055,11.609999656677246,11.579999923706055,11.609999656677246,1695.0
2023-03-09 14:39:00,BRP,25.25,25.25,25.25,25.200000762939453,25.200000762939453,1311.0
2023-03-09 14:39:00,BUSE,22.6200008392334,22.6200008392334,22.65999984741211,22.6200008392334,22.65999984741211,1359.0
2023-03-09 14:39:00,BWB,13.5,13.5,13.5,13.470000267028809,13.470000267028809,642.0
2023-03-09 14:39:00,CAC,39.0099983215332,39.0099983215332,39.0099983215332,39.0099983215332,39.0099983215332,260.0
2023-03-09 14:39:00,CARE,16.2450008392334,16.2450008392334,16.2450008392334,16.2450008392334,16.2450008392334,126.0
2023-03-09 14:39:00,CASH,47.0099983215332,47.0099983215332,47.03499984741211,47.0099983215332,47.03499984741211,2765.0
2023-03-09 14:39:00,CATC,70.5999984741211,70.5999984741211,70.5999984741211,70.5999984741211,70.5999984741211,808.0
2023-03-09 14:39:00,CATY,38.959999084472656,38.959999084472656,39.060001373291016,38.959999084472656,39.060001373291016,1803.0
2023-03-09 14:39:00,CBSH,61.900001525878906,61.900001525878906,62.04999923706055,61.900001525878906,62.04999923706055,1880.0
2023-03-09 14:39:00,CCAP,14.920000076293945,14.920000076293945,14.920000076293945,14.920000076293945,14.920000076293945,462.0
2023-03-09 14:39:00,CCB,42.16999816894531,42.16999816894531,42.16999816894531,42.16999816894531,42.16999816894531,175.0
2023-03-09 14:39:00,CCD,22.88960075378418,22.88960075378418,22.899999618530273,22.88960075378418,22.899999618530273,1182.0
2023-03-09 14:39:00,CCNE,22.6200008392334,22.6200008392334,22.625,22.6200008392334,22.625,438.0
2023-03-09 14:39:00,CFB,12.34000015258789,12.34000015258789,12.380000114440918,12.34000015258789,12.380000114440918,1381.0
2023-03-09 14:39:00,CFFN,7.539999961853027,7.539999961853027,7.554999828338623,7.539999961853027,7.550000190734863,5280.0
2023-03-09 14:39:00,CG,33.63999938964844,33.63999938964844,33.65999984741211,33.63999938964844,33.650001525878906,3553.0
2023-03-09 14:39:00,CGBD,14.920000076293945,14.920000076293945,14.9399995803833,14.920000076293945,14.9399995803833,771.0
2023-03-09 14:39:00,CHCO,91.97000122070312,91.97000122070312,91.97000122070312,91.97000122070312,91.97000122070312,543.0
2023-03-09 14:39:00,CHMG,48.4900016784668,48.4900016784668,48.4900016784668,48.4900016784668,48.4900016784668,210.0
2023-03-09 14:39:00,CHY,12.180000305175781,12.180000305175781,12.180000305175781,12.180000305175781,12.180000305175781,300.0
2023-03-09 14:39:00,CIFR,1.4493000507354736,1.4493000507354736,1.4493000507354736,1.4407000541687012,1.4436999559402466,1939.0
2023-03-09 14:39:00,CLBK,19.700000762939453,19.700000762939453,19.739999771118164,19.700000762939453,19.739999771118164,1298.0
2023-03-09 14:39:00,CME,178.25,178.25,178.30999755859375,178.25,178.3000030517578,2133.0
2023-03-09 14:39:00,CNOB,21.989999771118164,21.989999771118164,22.0,21.989999771118164,22.0,903.0
2023-03-09 14:39:00,COLB,25.114999771118164,25.114999771118164,25.204999923706055,25.104999542236328,25.204999923706055,15317.0
2023-03-09 14:39:00,CRVL,178.47000122070312,178.47000122070312,178.9949951171875,178.47000122070312,178.9949951171875,557.0
2023-03-09 14:39:00,CSQ,13.844200134277344,13.844200134277344,13.844200134277344,13.844200134277344,13.844200134277344,202.0
2023-03-09 14:39:00,CSTR,15.15999984741211,15.15999984741211,15.199999809265137,15.15999984741211,15.199999809265137,670.0
2023-03-09 14:39:00,CTBI,40.61000061035156,40.61000061035156,40.65999984741211,40.61000061035156,40.65999984741211,1640.0
2023-03-09 14:39:00,CVBF,21.760000228881836,21.760000228881836,21.799999237060547,21.760000228881836,21.799999237060547,4425.0
2023-03-09 14:39:00,DCOM,29.309999465942383,29.309999465942383,29.309999465942383,29.309999465942383,29.309999465942383,209.0
2023-03-09 14:39:00,EBC,14.479999542236328,14.479999542236328,14.510000228881836,14.479999542236328,14.510000228881836,2447.0
2023-03-09 14:39:00,EFSC,51.56999969482422,51.56999969482422,51.56999969482422,51.54999923706055,51.54999923706055,615.0
2023-03-09 14:39:00,EGBN,40.07500076293945,40.07500076293945,40.220001220703125,40.07500076293945,40.220001220703125,754.0
2023-03-09 14:39:00,EHTH,8.569999694824219,8.569999694824219,8.600000381469727,8.569999694824219,8.600000381469727,1722.0
2023-03-09 14:39:00,EQBK,28.149999618530273,28.149999618530273,28.149999618530273,28.149999618530273,28.149999618530273,435.0
2023-03-09 14:39:00,ESQ,41.13999938964844,41.13999938964844,41.13999938964844,41.119998931884766,41.119998931884766,336.0
2023-03-09 14:39:00,EWBC,67.73999786376953,67.73999786376953,67.87000274658203,67.7300033569336,67.87000274658203,3026.0
2023-03-09 14:39:00,EZPW,8.774999618530273,8.774999618530273,8.78499984741211,8.770000457763672,8.779999732971191,975.0
2023-03-09 14:39:00,FBIZ,33.665000915527344,33.665000915527344,33.665000915527344,33.665000915527344,33.665000915527344,119.0
2023-03-09 14:39:00,FBMS,28.920000076293945,28.920000076293945,28.93000030517578,28.892499923706055,28.899999618530273,4623.0
2023-03-09 14:39:00,FBNC,38.56999969482422,38.56999969482422,38.689998626708984,38.56999969482422,38.689998626708984,1309.0
2023-03-09 14:39:00,FCFS,88.86000061035156,88.86000061035156,88.86000061035156,88.80999755859375,88.80999755859375,660.0
2023-03-09 14:39:00,FCRD,4.590000152587891,4.590000152587891,4.590000152587891,4.590000152587891,4.590000152587891,100.0
2023-03-09 14:39:00,FDUS,20.024999618530273,20.024999618530273,20.024999618530273,20.024999618530273,20.024999618530273,100.0
2023-03-09 14:39:00,FFBC,22.329999923706055,22.329999923706055,22.3700008392334,22.329999923706055,22.3700008392334,1736.0
2023-03-09 14:39:00,FFIC,17.270000457763672,17.270000457763672,17.270000457763672,17.270000457763672,17.270000457763672,315.0
2023-03-09 14:39:00,FFIN,33.56999969482422,33.56999969482422,33.630001068115234,33.56999969482422,33.630001068115234,2020.0
2023-03-09 14:39:00,FFWM,12.850000381469727,12.850000381469727,12.869999885559082,12.850000381469727,12.869999885559082,1505.0
2023-03-09 14:39:00,FHB,24.040000915527344,24.040000915527344,24.1200008392334,24.040000915527344,24.1200008392334,2119.0
2023-03-09 14:39:00,FIBK,32.08000183105469,32.08000183105469,32.16999816894531,32.08000183105469,32.13999938964844,2462.0
2023-03-09 14:39:00,FITB,31.989999771118164,31.989999771118164,32.08000183105469,31.979999542236328,32.08000183105469,21981.0
2023-03-09 14:39:00,FLIC,16.1200008392334,16.1200008392334,16.1200008392334,16.1200008392334,16.1200008392334,261.0
2023-03-09 14:39:00,FNCB,7.300000190734863,7.300000190734863,7.300000190734863,7.300000190734863,7.300000190734863,126.0
2023-03-09 14:39:00,FOCS,51.599998474121094,51.599998474121094,51.60499954223633,51.599998474121094,51.599998474121094,2488.0
2023-03-09 14:39:00,FRBK,1.7100000381469727,1.7100000381469727,1.7100000381469727,1.7100000381469727,1.7100000381469727,1450.0
2023-03-09 14:39:00,FRME,37.47999954223633,37.47999954223633,37.47999954223633,37.47999954223633,37.47999954223633,735.0
2023-03-09 14:39:00,FULT,15.680000305175781,15.680000305175781,15.729999542236328,15.680000305175781,15.729999542236328,2415.0
2023-03-09 14:39:00,FUTU,46.52000045776367,46.52000045776367,46.540000915527344,46.494598388671875,46.540000915527344,12079.0
2023-03-09 14:39:00,GBDC,13.289999961853027,13.289999961853027,13.295000076293945,13.289999961853027,13.295000076293945,1282.0
2023-03-09 14:39:00,GCMG,8.420000076293945,8.420000076293945,8.420000076293945,8.420000076293945,8.420000076293945,235.0
2023-03-09 14:39:00,GGAL,12.8100004196167,12.8100004196167,12.8100004196167,12.781999588012695,12.8100004196167,660.0
2023-03-09 14:39:00,GREE,0.41510000824928284,0.41510000824928284,0.41510000824928284,0.41510000824928284,0.41510000824928284,1212.0
2023-03-09 14:39:00,HAFC,21.799999237060547,21.799999237060547,21.809999465942383,21.799999237060547,21.809999465942383,1010.0
2023-03-09 14:39:00,HBAN,13.859999656677246,13.859999656677246,13.885000228881836,13.850000381469727,13.885000228881836,29830.0
2023-03-09 14:39:00,HBNC,13.859999656677246,13.859999656677246,13.869999885559082,13.859999656677246,13.869999885559082,1080.0
2023-03-09 14:39:00,HFWA,24.59000015258789,24.59000015258789,24.639999389648438,24.579999923706055,24.639999389648438,1550.0
2023-03-09 14:39:00,HIVE,2.484999895095825,2.484999895095825,2.490000009536743,2.4749999046325684,2.4749999046325684,14495.0
2023-03-09 14:39:00,HMST,22.309999465942383,22.309999465942383,22.309999465942383,22.270000457763672,22.270000457763672,897.0
2023-03-09 14:39:00,HONE,12.670000076293945,12.670000076293945,12.670000076293945,12.670000076293945,12.670000076293945,682.0
2023-03-09 14:39:00,HOPE,11.75,11.75,11.779999732971191,11.739999771118164,11.779999732971191,4170.0
2023-03-09 14:39:00,HTBK,10.84000015258789,10.84000015258789,10.859999656677246,10.84000015258789,10.859999656677246,1312.0
2023-03-09 14:39:00,HTLF,45.459999084472656,45.459999084472656,45.540000915527344,45.459999084472656,45.540000915527344,673.0
2023-03-09 14:39:00,HUT,1.315000057220459,1.315000057220459,1.315000057220459,1.309999942779541,1.309999942779541,10845.0
2023-03-09 14:39:00,HWC,43.7599983215332,43.7599983215332,43.900001525878906,43.7599983215332,43.900001525878906,1867.0
2023-03-09 14:39:00,IBCP,20.579999923706055,20.579999923706055,20.579999923706055,20.579999923706055,20.579999923706055,275.0
2023-03-09 14:39:00,IBKR,87.29000091552734,87.29000091552734,87.33999633789062,87.29000091552734,87.33999633789062,1174.0
2023-03-09 14:39:00,IBOC,44.97999954223633,44.97999954223633,45.02000045776367,44.97999954223633,45.02000045776367,843.0
2023-03-09 14:39:00,IBTX,52.869998931884766,52.869998931884766,52.97999954223633,52.869998931884766,52.88999938964844,967.0
2023-03-09 14:39:00,INDB,71.61000061035156,71.61000061035156,71.73999786376953,71.61000061035156,71.73999786376953,681.0
2023-03-09 14:40:00,ABCB,42.63999938964844,42.63999938964844,42.63999938964844,42.599998474121094,42.599998474121094,1844.0
2023-03-09 14:40:00,ACGL,68.94000244140625,68.94000244140625,68.94000244140625,68.8949966430664,68.8949966430664,3893.0
2023-03-09 14:40:00,AGBA,2.109999895095825,2.109999895095825,2.109999895095825,2.109999895095825,2.109999895095825,100.0
2023-03-09 14:40:00,ALRS,18.989999771118164,18.989999771118164,18.989999771118164,18.989999771118164,18.989999771118164,380.0
2023-03-09 14:40:00,ARCC,18.684999465942383,18.684999465942383,18.690000534057617,18.68000030517578,18.68000030517578,7089.0
2023-03-09 14:40:00,ATLO,23.459999084472656,23.459999084472656,23.459999084472656,23.360000610351562,23.360000610351562,582.0
2023-03-09 14:40:00,AUB,36.59000015258789,36.59000015258789,36.599998474121094,36.56999969482422,36.56999969482422,4046.0
2023-03-09 14:40:00,BFST,18.6200008392334,18.6200008392334,18.6200008392334,18.59000015258789,18.59000015258789,548.0
2023-03-09 14:40:00,BGCP,5.010000228881836,5.010000228881836,5.010000228881836,5.005000114440918,5.005000114440918,1891.0
2023-03-09 14:40:00,BHF,52.470001220703125,52.470001220703125,52.470001220703125,52.43000030517578,52.439998626708984,1405.0
2023-03-09 14:40:00,BITF,0.7300000190734863,0.7300000190734863,0.73580002784729,0.7283999919891357,0.7285000085830688,5040.0
2023-03-09 14:40:00,BOKF,95.79499816894531,95.79499816894531,95.81999969482422,95.79499816894531,95.80000305175781,843.0
2023-03-09 14:40:00,BPOP,62.650001525878906,62.650001525878906,62.70000076293945,62.56999969482422,62.56999969482422,2605.0
2023-03-09 14:40:00,BRKL,11.619999885559082,11.619999885559082,11.619999885559082,11.59000015258789,11.59000015258789,1941.0
2023-03-09 14:40:00,BRP,25.25,25.25,25.25,25.25,25.25,915.0
2023-03-09 14:40:00,BTBT,1.0800000429153442,1.0800000429153442,1.0800000429153442,1.0800000429153442,1.0800000429153442,125.0
2023-03-09 14:40:00,BUSE,22.649999618530273,22.649999618530273,22.649999618530273,22.649999618530273,22.649999618530273,304.0
2023-03-09 14:40:00,BWB,13.5,13.5,13.5,13.5,13.5,148.0
2023-03-09 14:40:00,CACC,434.95001220703125,434.95001220703125,434.95001220703125,434.75,434.75,685.0
2023-03-09 14:40:00,CASH,47.06999969482422,47.06999969482422,47.06999969482422,47.029998779296875,47.029998779296875,1225.0
2023-03-09 14:40:00,CATC,70.75,70.75,70.75,70.75,70.75,115.0
2023-03-09 14:40:00,CATY,39.02000045776367,39.02000045776367,39.02000045776367,38.970001220703125,38.970001220703125,2357.0
2023-03-09 14:40:00,CBAN,11.779999732971191,11.779999732971191,11.779999732971191,11.779999732971191,11.779999732971191,304.0
2023-03-09 14:40:00,CBSH,61.939998626708984,61.939998626708984,61.95000076293945,61.939998626708984,61.95000076293945,756.0
2023-03-09 14:40:00,CCBG,32.86000061035156,32.86000061035156,32.86000061035156,32.849998474121094,32.849998474121094,216.0
2023-03-09 14:40:00,CCD,22.899999618530273,22.899999618530273,22.899999618530273,22.899999618530273,22.899999618530273,265.0
2023-03-09 14:40:00,CFB,12.329999923706055,12.329999923706055,12.329999923706055,12.3149995803833,12.3149995803833,918.0
2023-03-09 14:40:00,CFFN,7.545000076293945,7.545000076293945,7.550000190734863,7.545000076293945,7.550000190734863,1456.0
2023-03-09 14:40:00,CG,33.68000030517578,33.68000030517578,33.68000030517578,33.654998779296875,33.654998779296875,5628.0
2023-03-09 14:40:00,CGBD,14.914999961853027,14.914999961853027,14.914999961853027,14.914999961853027,14.914999961853027,117.0
2023-03-09 14:40:00,CGO,9.739999771118164,9.739999771118164,9.739999771118164,9.739999771118164,9.739999771118164,100.0
2023-03-09 14:40:00,CHY,12.170000076293945,12.170000076293945,12.170000076293945,12.170000076293945,12.170000076293945,109.0
2023-03-09 14:40:00,CIFR,1.4500000476837158,1.4500000476837158,1.4500000476837158,1.4500000476837158,1.4500000476837158,357.0
2023-03-09 14:40:00,CINF,115.91000366210938,115.91000366210938,115.91000366210938,115.86000061035156,115.90850067138672,1484.0
2023-03-09 14:40:00,CIVB,20.774999618530273,20.774999618530273,20.774999618530273,20.774999618530273,20.774999618530273,120.0
2023-03-09 14:40:00,CME,178.32000732421875,178.32000732421875,178.39500427246094,178.2899932861328,178.2899932861328,2958.0
2023-03-09 14:40:00,CNOB,22.010000228881836,22.010000228881836,22.010000228881836,21.969999313354492,21.969999313354492,1618.0
2023-03-09 14:40:00,COLB,25.094999313354492,25.094999313354492,25.110000610351562,25.09000015258789,25.110000610351562,33215.0
2023-03-09 14:40:00,COOP,44.09000015258789,44.09000015258789,44.11000061035156,44.09000015258789,44.11000061035156,953.0
2023-03-09 14:40:00,CSWC,18.219999313354492,18.219999313354492,18.219999313354492,18.219999313354492,18.219999313354492,100.0
2023-03-09 14:40:00,CUBA,3.9000000953674316,3.9000000953674316,3.9000000953674316,3.9000000953674316,3.9000000953674316,400.0
2023-03-09 14:40:00,CVBF,21.743999481201172,21.743999481201172,21.743999481201172,21.739999771118164,21.743999481201172,691.0
2023-03-09 14:40:00,DCOM,29.280000686645508,29.280000686645508,29.280000686645508,29.280000686645508,29.280000686645508,577.0
2023-03-09 14:40:00,EBC,14.5,14.5,14.5,14.489999771118164,14.489999771118164,10268.0
2023-03-09 14:40:00,EFSC,51.56999969482422,51.56999969482422,51.56999969482422,51.560001373291016,51.560001373291016,961.0
2023-03-09 14:40:00,EHTH,8.600000381469727,8.600000381469727,8.600000381469727,8.589900016784668,8.589900016784668,461.0
2023-03-09 14:40:00,ESGR,230.6999969482422,230.6999969482422,230.6999969482422,230.6999969482422,230.6999969482422,915.0
2023-03-09 14:40:00,EWBC,67.76000213623047,67.76000213623047,67.76000213623047,67.76000213623047,67.76000213623047,2213.0
2023-03-09 14:40:00,EZPW,8.774999618530273,8.774999618530273,8.774999618530273,8.774999618530273,8.774999618530273,591.0
2023-03-09 14:40:00,FBNC,38.525001525878906,38.525001525878906,38.525001525878906,38.525001525878906,38.525001525878906,187.0
2023-03-09 14:40:00,FCBC,28.399999618530273,28.399999618530273,28.399999618530273,28.399999618530273,28.399999618530273,700.0
2023-03-09 14:40:00,FCRD,4.590000152587891,4.590000152587891,4.590000152587891,4.590000152587891,4.590000152587891,100.0
2023-03-09 14:40:00,FDUS,20.03499984741211,20.03499984741211,20.03499984741211,20.03499984741211,20.03499984741211,301.0
2023-03-09 14:40:00,FFIC,17.260000228881836,17.260000228881836,17.260000228881836,17.260000228881836,17.260000228881836,603.0
2023-03-09 14:40:00,FFIN,33.56999969482422,33.56999969482422,33.56999969482422,33.54999923706055,33.560001373291016,799.0
2023-03-09 14:40:00,FFWM,12.859999656677246,12.859999656677246,12.869999885559082,12.859999656677246,12.859999656677246,1833.0
2023-03-09 14:40:00,FHB,24.059999465942383,24.059999465942383,24.059999465942383,24.049999237060547,24.049999237060547,1109.0
2023-03-09 14:40:00,FIBK,32.119998931884766,32.119998931884766,32.128700256347656,32.07500076293945,32.07500076293945,2203.0
2023-03-09 14:40:00,FINW,9.029999732971191,9.029999732971191,9.029999732971191,9.029999732971191,9.029999732971191,301.0
2023-03-09 14:40:00,FITB,32.03499984741211,32.03499984741211,32.040000915527344,32.0,32.0,12842.0
2023-03-09 14:40:00,FMNB,13.25,13.25,13.265000343322754,13.25,13.265000343322754,1140.0
2023-03-09 14:40:00,FOCS,51.599998474121094,51.599998474121094,51.599998474121094,51.599998474121094,51.599998474121094,1101.0
2023-03-09 14:40:00,FRHC,72.5,72.5,72.5,72.5,72.5,147.0
2023-03-09 14:40:00,FRST,10.781000137329102,10.781000137329102,10.781000137329102,10.781000137329102,10.781000137329102,218.0
2023-03-09 14:40:00,FULT,15.704999923706055,15.704999923706055,15.704999923706055,15.6850004196167,15.6899995803833,919.0
2023-03-09 14:40:00,FUTU,46.5099983215332,46.5099983215332,46.52000045776367,46.5099983215332,46.52000045776367,1648.0
2023-03-09 14:40:00,GAIN,13.569999694824219,13.569999694824219,13.569999694824219,13.569999694824219,13.569999694824219,104.0
2023-03-09 14:40:00,GBDC,13.289999961853027,13.289999961853027,13.289999961853027,13.289999961853027,13.289999961853027,657.0
2023-03-09 14:40:00,GCMG,8.420000076293945,8.420000076293945,8.420000076293945,8.420000076293945,8.420000076293945,212.0
2023-03-09 14:40:00,GGAL,12.8100004196167,12.8100004196167,12.8100004196167,12.8100004196167,12.8100004196167,240.0
2023-03-09 14:40:00,GLRE,10.369999885559082,10.369999885559082,10.369999885559082,10.369999885559082,10.369999885559082,100.0
2023-03-09 14:40:00,GSHD,51.224998474121094,51.224998474121094,51.2400016784668,51.15999984741211,51.18000030517578,2855.0
2023-03-09 14:40:00,HAFC,21.790000915527344,21.790000915527344,21.790000915527344,21.790000915527344,21.790000915527344,317.0
2023-03-09 14:40:00,HBAN,13.875,13.875,13.880000114440918,13.854999542236328,13.854999542236328,30286.0
2023-03-09 14:40:00,HBNC,13.835000038146973,13.835000038146973,13.84000015258789,13.835000038146973,13.84000015258789,1169.0
2023-03-09 14:40:00,HIVE,2.484999895095825,2.484999895095825,2.484999895095825,2.48009991645813,2.48009991645813,2437.0
2023-03-09 14:40:00,HLNE,75.29000091552734,75.29000091552734,75.29000091552734,75.29000091552734,75.29000091552734,241.0
2023-03-09 14:40:00,HONE,12.675000190734863,12.675000190734863,12.675000190734863,12.675000190734863,12.675000190734863,207.0
2023-03-09 14:40:00,HOPE,11.760000228881836,11.760000228881836,11.760000228881836,11.760000228881836,11.760000228881836,429.0
2023-03-09 14:40:00,HTBK,10.84000015258789,10.84000015258789,10.84000015258789,10.829999923706055,10.829999923706055,474.0
2023-03-09 14:40:00,HUT,1.315000057220459,1.315000057220459,1.3200000524520874,1.311900019645691,1.316100001335144,10676.0
2023-03-09 14:40:00,HWC,43.79999923706055,43.79999923706055,43.810001373291016,43.79999923706055,43.810001373291016,2229.0
2023-03-09 14:40:00,IBOC,44.9900016784668,44.9900016784668,44.9900016784668,44.9900016784668,44.9900016784668,212.0
2023-03-09 14:40:00,ICMB,3.9000000953674316,3.9000000953674316,3.9000000953674316,3.9000000953674316,3.9000000953674316,1000.0
2023-03-09 14:40:00,INDB,71.68000030517578,71.68000030517578,71.69000244140625,71.63999938964844,71.63999938964844,750.0
2023-03-09 14:40:00,INTR,2.0350000858306885,2.0350000858306885,2.0350000858306885,2.0350000858306885,2.0350000858306885,288.0
2023-03-09 14:41:00,ABCB,42.61000061035156,42.61000061035156,42.619998931884766,42.61000061035156,42.619998931884766,550.0
2023-03-09 14:41:00,ACGL,68.94999694824219,68.94999694824219,68.94999694824219,68.92500305175781,68.94000244140625,2673.0
2023-03-09 14:41:00,ARCC,18.690000534057617,18.690000534057617,18.696399688720703,18.68000030517578,18.684999465942383,17351.0
2023-03-09 14:41:00,AUB,36.59000015258789,36.59000015258789,36.59000015258789,36.59000015258789,36.59000015258789,408.0
2023-03-09 14:41:00,BGCP,5.010000228881836,5.010000228881836,5.010000228881836,5.010000228881836,5.010000228881836,431.0
2023-03-09 14:41:00,BHF,52.5099983215332,52.5099983215332,52.5099983215332,52.5099983215332,52.5099983215332,115.0
2023-03-09 14:41:00,BITF,0.7293000221252441,0.7293000221252441,0.7300000190734863,0.728600025177002,0.729200005531311,8128.0
2023-03-09 14:41:00,BKCC,3.619999885559082,3.619999885559082,3.630000114440918,3.619999885559082,3.630000114440918,1418.0
2023-03-09 14:41:00,BMRC,26.889999389648438,26.889999389648438,27.0,26.889999389648438,27.0,1385.0
2023-03-09 14:41:00,BOKF,95.80000305175781,95.80000305175781,95.80000305175781,95.80000305175781,95.80000305175781,450.0
2023-03-09 14:41:00,BPOP,62.59000015258789,62.59000015258789,62.63999938964844,62.59000015258789,62.63999938964844,1645.0
2023-03-09 14:41:00,BRKL,11.614999771118164,11.614999771118164,11.619999885559082,11.614999771118164,11.619999885559082,507.0
2023-03-09 14:41:00,BTBT,1.086899995803833,1.086899995803833,1.086899995803833,1.086899995803833,1.086899995803833,198.0
2023-03-09 14:41:00,CATC,70.6449966430664,70.6449966430664,70.73999786376953,70.6449966430664,70.73999786376953,212.0
2023-03-09 14:41:00,CBAN,11.829999923706055,11.829999923706055,11.829999923706055,11.829999923706055,11.829999923706055,333.0
2023-03-09 14:41:00,CBSH,61.959999084472656,61.959999084472656,61.97999954223633,61.935001373291016,61.935001373291016,1668.0
2023-03-09 14:41:00,CCNE,22.610000610351562,22.610000610351562,22.610000610351562,22.610000610351562,22.610000610351562,438.0
2023-03-09 14:41:00,CFFN,7.545000076293945,7.545000076293945,7.545000076293945,7.545000076293945,7.545000076293945,332.0
2023-03-09 14:41:00,CG,33.689998626708984,33.689998626708984,33.69499969482422,33.665000915527344,33.68000030517578,5201.0
2023-03-09 14:41:00,CGBD,14.90999984741211,14.90999984741211,14.90999984741211,14.90999984741211,14.90999984741211,100.0
2023-03-09 14:41:00,CGO,9.734999656677246,9.734999656677246,9.734999656677246,9.734999656677246,9.734999656677246,110.0
2023-03-09 14:41:00,CHCO,91.86000061035156,91.86000061035156,91.86000061035156,91.86000061035156,91.86000061035156,296.0
2023-03-09 14:41:00,CHY,12.180000305175781,12.180000305175781,12.180000305175781,12.180000305175781,12.180000305175781,200.0
2023-03-09 14:41:00,CIFR,1.440000057220459,1.440000057220459,1.440000057220459,1.440000057220459,1.440000057220459,661.0
2023-03-09 14:41:00,CINF,115.83000183105469,115.83000183105469,115.83000183105469,115.83000183105469,115.83000183105469,426.0
2023-03-09 14:41:00,CME,178.44500732421875,178.44500732421875,178.44500732421875,178.32000732421875,178.32000732421875,4534.0
2023-03-09 14:41:00,CNOB,22.0,22.0,22.0,22.0,22.0,208.0
2023-03-09 14:41:00,COLB,25.030000686645508,25.030000686645508,25.09000015258789,25.030000686645508,25.09000015258789,34876.0
2023-03-09 14:41:00,COOP,44.060001373291016,44.060001373291016,44.099998474121094,44.060001373291016,44.084999084472656,962.0
2023-03-09 14:41:00,CSWC,18.229900360107422,18.229900360107422,18.229900360107422,18.225000381469727,18.225000381469727,566.0
2023-03-09 14:41:00,CVBF,21.770000457763672,21.770000457763672,21.770000457763672,21.75,21.75,1035.0
2023-03-09 14:41:00,EBC,14.484999656677246,14.484999656677246,14.489999771118164,14.479999542236328,14.489999771118164,892.0
2023-03-09 14:41:00,ECPG,50.54999923706055,50.54999923706055,50.63999938964844,50.54999923706055,50.63999938964844,987.0
2023-03-09 14:41:00,EGBN,40.119998931884766,40.119998931884766,40.119998931884766,40.119998931884766,40.119998931884766,145.0
2023-03-09 14:41:00,EHTH,8.601900100708008,8.601900100708008,8.601900100708008,8.601900100708008,8.601900100708008,1000.0
2023-03-09 14:41:00,EWBC,67.73999786376953,67.73999786376953,67.76000213623047,67.73999786376953,67.76000213623047,2208.0
2023-03-09 14:41:00,EZPW,8.779999732971191,8.779999732971191,8.779999732971191,8.765000343322754,8.770000457763672,2674.0
2023-03-09 14:41:00,FBMS,28.920000076293945,28.920000076293945,28.920000076293945,28.920000076293945,28.920000076293945,136.0
2023-03-09 14:41:00,FCBC,28.309999465942383,28.309999465942383,28.399999618530273,28.309999465942383,28.399999618530273,772.0
2023-03-09 14:41:00,FCRD,4.590000152587891,4.590000152587891,4.590000152587891,4.590000152587891,4.590000152587891,100.0
2023-03-09 14:41:00,FFIN,33.56999969482422,33.56999969482422,33.56999969482422,33.56999969482422,33.56999969482422,412.0
2023-03-09 14:41:00,FFWM,12.859999656677246,12.859999656677246,12.859999656677246,12.859999656677246,12.859999656677246,424.0
2023-03-09 14:41:00,FHB,24.06999969482422,24.06999969482422,24.06999969482422,24.059999465942383,24.06999969482422,545.0
2023-03-09 14:41:00,FIBK,32.11000061035156,32.11000061035156,32.11000061035156,32.11000061035156,32.11000061035156,424.0
2023-03-09 14:41:00,FITB,32.0,32.0,32.029998779296875,31.979999542236328,32.029998779296875,30466.0
2023-03-09 14:41:00,FITBI,25.149999618530273,25.149999618530273,25.149999618530273,25.149999618530273,25.149999618530273,726.0
2023-03-09 14:41:00,FOCS,51.599998474121094,51.599998474121094,51.599998474121094,51.58000183105469,51.59000015258789,51011.0
2023-03-09 14:41:00,FRBK,1.7100000381469727,1.7100000381469727,1.7100000381469727,1.7100000381469727,1.7100000381469727,577.0
2023-03-09 14:41:00,FSBW,33.27000045776367,33.27000045776367,33.290000915527344,33.27000045776367,33.290000915527344,315.0
2023-03-09 14:41:00,FULT,15.704999923706055,15.704999923706055,15.704999923706055,15.699999809265137,15.699999809265137,1400.0
2023-03-09 14:41:00,FUTU,46.56999969482422,46.56999969482422,46.56999969482422,46.45000076293945,46.470001220703125,3954.0
2023-03-09 14:41:00,GAIN,13.520000457763672,13.520000457763672,13.5600004196167,13.520000457763672,13.5600004196167,18829.0
2023-03-09 14:41:00,GBDC,13.289999961853027,13.289999961853027,13.298399925231934,13.289999961853027,13.289999961853027,579.0
2023-03-09 14:41:00,GGAL,12.800000190734863,12.800000190734863,12.829999923706055,12.789999961853027,12.829999923706055,1088.0
2023-03-09 14:41:00,GOCO,18.75,18.75,18.75,18.75,18.75,112.0
2023-03-09 14:41:00,GROW,2.6649999618530273,2.6649999618530273,2.6649999618530273,2.6649999618530273,2.6649999618530273,300.0
2023-03-09 14:41:00,HBAN,13.8725004196167,13.8725004196167,13.875,13.864999771118164,13.869999885559082,23500.0
2023-03-09 14:41:00,HBNC,13.829999923706055,13.829999923706055,13.829999923706055,13.829999923706055,13.829999923706055,335.0
2023-03-09 14:41:00,HONE,12.65999984741211,12.65999984741211,12.670000076293945,12.65999984741211,12.670000076293945,1643.0
2023-03-09 14:41:00,HOPE,11.765000343322754,11.765000343322754,11.765000343322754,11.7524995803833,11.760000228881836,1285.0
2023-03-09 14:41:00,HRZN,11.708499908447266,11.708499908447266,11.708499908447266,11.708499908447266,11.708499908447266,408.0
2023-03-09 14:41:00,HTLF,45.46500015258789,45.46500015258789,45.46500015258789,45.46500015258789,45.46500015258789,161.0
2023-03-09 14:41:00,HUT,1.3100999593734741,1.3100999593734741,1.315000057220459,1.309999942779541,1.309999942779541,21095.0
2023-03-09 14:41:00,HWC,43.79499816894531,43.79499816894531,43.79499816894531,43.79499816894531,43.79499816894531,208.0
2023-03-09 14:41:00,IBCP,20.549999237060547,20.549999237060547,20.549999237060547,20.549999237060547,20.549999237060547,120.0
2023-03-09 14:41:00,IBKR,87.41000366210938,87.41000366210938,87.41999816894531,87.38999938964844,87.38999938964844,2119.0
2023-03-09 14:41:00,ICMB,3.9000000953674316,3.9000000953674316,3.9000000953674316,3.9000000953674316,3.9000000953674316,400.0
2023-03-09 14:41:00,INDB,71.75499725341797,71.75499725341797,71.75499725341797,71.75499725341797,71.75499725341797,271.0
2023-03-09 14:42:00,ABCB,42.599998474121094,42.599998474121094,42.599998474121094,42.599998474121094,42.599998474121094,980.0
2023-03-09 14:42:00,ACGL,68.91000366210938,68.91000366210938,68.97000122070312,68.91000366210938,68.97000122070312,2802.0
2023-03-09 14:42:00,AMAL,21.079999923706055,21.079999923706055,21.079999923706055,21.079999923706055,21.079999923706055,160.0
2023-03-09 14:42:00,ARCC,18.700000762939453,18.700000762939453,18.704999923706055,18.684999465942383,18.690000534057617,30028.0
2023-03-09 14:42:00,AUB,36.54999923706055,36.54999923706055,36.599998474121094,36.54999923706055,36.599998474121094,3005.0
2023-03-09 14:42:00,BANF,85.6500015258789,85.6500015258789,85.6500015258789,85.6500015258789,85.6500015258789,203.0
2023-03-09 14:42:00,BGCP,5.010000228881836,5.010000228881836,5.010000228881836,5.010000228881836,5.010000228881836,6082.0
2023-03-09 14:42:00,BHF,52.45000076293945,52.45000076293945,52.45000076293945,52.45000076293945,52.45000076293945,1207.0
2023-03-09 14:42:00,BITF,0.7293499708175659,0.7293499708175659,0.7300000190734863,0.7289999723434448,0.7300000190734863,5326.0
2023-03-09 14:42:00,BKCC,3.619999885559082,3.619999885559082,3.625,3.619999885559082,3.625,601.0
2023-03-09 14:42:00,BMRC,26.899999618530273,26.899999618530273,26.899999618530273,26.899999618530273,26.899999618530273,188.0
2023-03-09 14:42:00,BOKF,95.73999786376953,95.73999786376953,95.83000183105469,95.73999786376953,95.83000183105469,564.0
2023-03-09 14:42:00,BPOP,62.47999954223633,62.47999954223633,62.540000915527344,62.470001220703125,62.540000915527344,1100.0
2023-03-09 14:42:00,BRKL,11.59000015258789,11.59000015258789,11.609999656677246,11.59000015258789,11.609999656677246,833.0
2023-03-09 14:42:00,BTBT,1.0891000032424927,1.0891000032424927,1.0891000032424927,1.0891000032424927,1.0891000032424927,1950.0
2023-03-09 14:42:00,BUSE,22.639999389648438,22.639999389648438,22.639999389648438,22.639999389648438,22.639999389648438,733.0
2023-03-09 14:42:00,CARE,16.260000228881836,16.260000228881836,16.260000228881836,16.25,16.25,1255.0
2023-03-09 14:42:00,CASH,46.974998474121094,46.974998474121094,47.025001525878906,46.974998474121094,47.0099983215332,2562.0
2023-03-09 14:42:00,CATC,70.69999694824219,70.69999694824219,70.70999908447266,70.69999694824219,70.70999908447266,348.0
2023-03-09 14:42:00,CATY,38.9900016784668,38.9900016784668,38.9900016784668,38.9900016784668,38.9900016784668,497.0
2023-03-09 14:42:00,CBSH,61.93000030517578,61.93000030517578,61.95000076293945,61.900001525878906,61.95000076293945,2639.0
2023-03-09 14:42:00,CCBG,32.849998474121094,32.849998474121094,32.849998474121094,32.849998474121094,32.849998474121094,382.0
2023-03-09 14:42:00,CCNE,22.600000381469727,22.600000381469727,22.600000381469727,22.600000381469727,22.600000381469727,100.0
2023-03-09 14:42:00,CFFN,7.539999961853027,7.539999961853027,7.539999961853027,7.539999961853027,7.539999961853027,2030.0
2023-03-09 14:42:00,CG,33.65999984741211,33.65999984741211,33.689998626708984,33.65999984741211,33.689998626708984,3728.0
2023-03-09 14:42:00,CGBD,14.930000305175781,14.930000305175781,14.9399995803833,14.90999984741211,14.90999984741211,1769.0
2023-03-09 14:42:00,CHY,12.180000305175781,12.180000305175781,12.180000305175781,12.180000305175781,12.180000305175781,100.0
2023-03-09 14:42:00,CINF,115.75,115.75,115.83000183105469,115.75,115.83000183105469,1560.0
2023-03-09 14:42:00,CLBK,19.690000534057617,19.690000534057617,19.700000762939453,19.690000534057617,19.700000762939453,644.0
2023-03-09 14:42:00,CME,178.35000610351562,178.35000610351562,178.47000122070312,178.3300018310547,178.44500732421875,2667.0
2023-03-09 14:42:00,CNOB,22.0,22.0,22.0,21.979999542236328,22.0,657.0
2023-03-09 14:42:00,COLB,25.049999237060547,25.049999237060547,25.06999969482422,25.010000228881836,25.013999938964844,38353.0
2023-03-09 14:42:00,CSTR,15.170000076293945,15.170000076293945,15.170000076293945,15.170000076293945,15.170000076293945,306.0
2023-03-09 14:42:00,CVBF,21.729999542236328,21.729999542236328,21.760000228881836,21.729999542236328,21.760000228881836,2242.0
2023-03-09 14:42:00,CVLY,23.852500915527344,23.852500915527344,23.852500915527344,23.852500915527344,23.852500915527344,150.0
2023-03-09 14:42:00,DALS,10.130000114440918,10.130000114440918,10.130000114440918,10.125,10.130000114440918,500.0
2023-03-09 14:42:00,EBC,14.460000038146973,14.460000038146973,14.479999542236328,14.460000038146973,14.470000267028809,3164.0
2023-03-09 14:42:00,ECPG,50.54999923706055,50.54999923706055,50.560001373291016,50.54999923706055,50.560001373291016,1448.0
2023-03-09 14:42:00,EGBN,40.16999816894531,40.16999816894531,40.16999816894531,40.119998931884766,40.119998931884766,305.0
2023-03-09 14:42:00,EHTH,8.609999656677246,8.609999656677246,8.609999656677246,8.605400085449219,8.605400085449219,2351.0
2023-03-09 14:42:00,EWBC,67.73999786376953,67.73999786376953,67.75,67.7300033569336,67.73999786376953,2644.0
2023-03-09 14:42:00,EZPW,8.770000457763672,8.770000457763672,8.770000457763672,8.770000457763672,8.770000457763672,111.0
2023-03-09 14:42:00,FBMS,28.93000030517578,28.93000030517578,28.93000030517578,28.899999618530273,28.899999618530273,1071.0
2023-03-09 14:42:00,FBNC,38.470001220703125,38.470001220703125,38.470001220703125,38.470001220703125,38.470001220703125,495.0
2023-03-09 14:42:00,FCNCA,643.4600219726562,643.4600219726562,643.4650268554688,643.4600219726562,643.4650268554688,771.0
2023-03-09 14:42:00,FCRD,4.590000152587891,4.590000152587891,4.590000152587891,4.590000152587891,4.590000152587891,100.0
2023-03-09 14:42:00,FFBC,22.309999465942383,22.309999465942383,22.309999465942383,22.309999465942383,22.309999465942383,328.0
2023-03-09 14:42:00,FFIC,17.239999771118164,17.239999771118164,17.239999771118164,17.239999771118164,17.239999771118164,404.0
2023-03-09 14:42:00,FFIN,33.56999969482422,33.56999969482422,33.56999969482422,33.56999969482422,33.56999969482422,339.0
2023-03-09 14:42:00,FFWM,12.850000381469727,12.850000381469727,12.859999656677246,12.850000381469727,12.859999656677246,1305.0
2023-03-09 14:42:00,FHB,24.020000457763672,24.020000457763672,24.049999237060547,24.020000457763672,24.049999237060547,1034.0
2023-03-09 14:42:00,FIBK,32.05500030517578,32.05500030517578,32.06999969482422,32.05500030517578,32.06999969482422,375.0
2023-03-09 14:42:00,FITB,31.9950008392334,31.9950008392334,32.01499938964844,31.989999771118164,32.0,12826.0
2023-03-09 14:42:00,FITBI,25.149999618530273,25.149999618530273,25.149999618530273,25.149999618530273,25.149999618530273,201.0
2023-03-09 14:42:00,FNWD,35.849998474121094,35.849998474121094,35.849998474121094,35.849998474121094,35.849998474121094,284.0
2023-03-09 14:42:00,FOCS,51.59000015258789,51.59000015258789,51.59000015258789,51.56999969482422,51.584999084472656,5015.0
2023-03-09 14:42:00,FRME,37.40999984741211,37.40999984741211,37.40999984741211,37.40999984741211,37.40999984741211,673.0
2023-03-09 14:42:00,FSBW,33.415000915527344,33.415000915527344,33.415000915527344,33.415000915527344,33.415000915527344,122.0
2023-03-09 14:42:00,FULT,15.680000305175781,15.680000305175781,15.699999809265137,15.680000305175781,15.699999809265137,1974.0
2023-03-09 14:42:00,GBDC,13.295000076293945,13.295000076293945,13.295000076293945,13.295000076293945,13.295000076293945,1779.0
2023-03-09 14:42:00,GGAL,12.78499984741211,12.78499984741211,12.78499984741211,12.78499984741211,12.78499984741211,120.0
2023-03-09 14:42:00,GLRE,10.375,10.375,10.375,10.375,10.375,2100.0
2023-03-09 14:42:00,GREE,0.41510000824928284,0.41510000824928284,0.41510000824928284,0.41510000824928284,0.41510000824928284,182.0
2023-03-09 14:42:00,GSHD,51.27000045776367,51.27000045776367,51.29999923706055,51.27000045776367,51.29999923706055,398.0
2023-03-09 14:42:00,HBAN,13.864999771118164,13.864999771118164,13.869999885559082,13.859999656677246,13.869999885559082,27822.0
2023-03-09 14:42:00,HBANP,19.014999389648438,19.014999389648438,19.014999389648438,19.014999389648438,19.014999389648438,100.0
2023-03-09 14:42:00,HCMA,10.420000076293945,10.420000076293945,10.420000076293945,10.420000076293945,10.420000076293945,164449.0
2023-03-09 14:42:00,HFWA,24.56999969482422,24.56999969482422,24.56999969482422,24.56999969482422,24.56999969482422,346.0
2023-03-09 14:42:00,HIVE,2.4800000190734863,2.4800000190734863,2.4800000190734863,2.4800000190734863,2.4800000190734863,2769.0
2023-03-09 14:42:00,HLNE,75.44000244140625,75.44000244140625,75.44000244140625,75.44000244140625,75.44000244140625,177.0
2023-03-09 14:42:00,HONE,12.664999961853027,12.664999961853027,12.664999961853027,12.664999961853027,12.664999961853027,246.0
2023-03-09 14:42:00,HOPE,11.755000114440918,11.755000114440918,11.765000343322754,11.75,11.765000343322754,2551.0
2023-03-09 14:42:00,HTBK,10.829999923706055,10.829999923706055,10.84000015258789,10.829999923706055,10.84000015258789,922.0
2023-03-09 14:42:00,HTLF,45.43000030517578,45.43000030517578,45.43000030517578,45.43000030517578,45.43000030517578,372.0
2023-03-09 14:42:00,HUT,1.315000057220459,1.315000057220459,1.3200000524520874,1.3100999593734741,1.3174999952316284,3444.0
2023-03-09 14:42:00,HWC,43.75,43.75,43.79499816894531,43.75,43.75,961.0
2023-03-09 14:42:00,IBCP,20.549999237060547,20.549999237060547,20.549999237060547,20.549999237060547,20.549999237060547,336.0
2023-03-09 14:42:00,IBKR,87.38500213623047,87.38500213623047,87.43000030517578,87.37000274658203,87.43000030517578,2301.0
2023-03-09 14:42:00,IBOC,44.939998626708984,44.939998626708984,44.939998626708984,44.939998626708984,44.939998626708984,1158.0
2023-03-09 14:42:00,IBTX,53.099998474121094,53.099998474121094,53.099998474121094,52.81999969482422,52.81999969482422,10121.0
2023-03-09 14:42:00,ICMB,3.9000000953674316,3.9000000953674316,3.9000000953674316,3.9000000953674316,3.9000000953674316,400.0
2023-03-09 14:42:00,INDB,71.74500274658203,71.74500274658203,71.74500274658203,71.74500274658203,71.74500274658203,682.0
2023-03-09 14:43:00,ABCB,42.540000915527344,42.540000915527344,42.60499954223633,42.540000915527344,42.60499954223633,302.0
2023-03-09 14:43:00,ACGL,68.87000274658203,68.87000274658203,68.88999938964844,68.83999633789062,68.88999938964844,5041.0
2023-03-09 14:43:00,ARCC,18.704999923706055,18.704999923706055,18.704999923706055,18.700000762939453,18.704999923706055,3552.0
2023-03-09 14:43:00,AUB,36.56999969482422,36.56999969482422,36.56999969482422,36.54999923706055,36.54999923706055,3118.0
2023-03-09 14:43:00,BANF,85.70999908447266,85.70999908447266,85.70999908447266,85.70999908447266,85.70999908447266,187.0
2023-03-09 14:43:00,BCBP,15.721199989318848,15.721199989318848,15.721199989318848,15.721199989318848,15.721199989318848,167.0
2023-03-09 14:43:00,BFC,76.88999938964844,76.88999938964844,76.88999938964844,76.88999938964844,76.88999938964844,317.0
2023-03-09 14:43:00,BFST,18.59000015258789,18.59000015258789,18.59000015258789,18.584999084472656,18.59000015258789,594.0
2023-03-09 14:43:00,BGCP,5.010000228881836,5.010000228881836,5.010000228881836,5.002799987792969,5.010000228881836,3479.0
2023-03-09 14:43:00,BHF,52.4900016784668,52.4900016784668,52.5,52.470001220703125,52.470001220703125,1346.0
2023-03-09 14:43:00,BITF,0.7300000190734863,0.7300000190734863,0.7300000190734863,0.7293000221252441,0.7300000190734863,936.0
2023-03-09 14:43:00,BKCC,3.630000114440918,3.630000114440918,3.634999990463257,3.630000114440918,3.630000114440918,1242.0
2023-03-09 14:43:00,BMRC,26.860000610351562,26.860000610351562,26.905000686645508,26.860000610351562,26.899999618530273,444.0
2023-03-09 14:43:00,BOKF,95.70999908447266,95.70999908447266,95.70999908447266,95.70999908447266,95.70999908447266,714.0
2023-03-09 14:43:00,BPOP,62.44499969482422,62.44499969482422,62.47999954223633,62.44499969482422,62.47999954223633,625.0
2023-03-09 14:43:00,BRKL,11.600000381469727,11.600000381469727,11.600000381469727,11.595000267028809,11.595000267028809,1411.0
2023-03-09 14:43:00,BSRR,19.280000686645508,19.280000686645508,19.280000686645508,19.280000686645508,19.280000686645508,369.0
2023-03-09 14:43:00,BTBT,1.0850000381469727,1.0850000381469727,1.0850000381469727,1.0850000381469727,1.0850000381469727,154.0
2023-03-09 14:43:00,BUSE,22.610000610351562,22.610000610351562,22.610000610351562,22.610000610351562,22.610000610351562,384.0
2023-03-09 14:43:00,CASH,46.97999954223633,46.97999954223633,46.97999954223633,46.97999954223633,46.97999954223633,709.0
2023-03-09 14:43:00,CATC,70.58000183105469,70.58000183105469,70.5999984741211,70.5,70.5999984741211,331.0
2023-03-09 14:43:00,CATY,38.95000076293945,38.95000076293945,38.95000076293945,38.95000076293945,38.95000076293945,159.0
2023-03-09 14:43:00,CBSH,61.94499969482422,61.94499969482422,61.94499969482422,61.94499969482422,61.94499969482422,270.0
2023-03-09 14:43:00,CCB,42.13999938964844,42.13999938964844,42.13999938964844,42.09000015258789,42.11000061035156,642.0
2023-03-09 14:43:00,CCD,22.860000610351562,22.860000610351562,22.860000610351562,22.860000610351562,22.860000610351562,562.0
2023-03-09 14:43:00,CCNE,22.600000381469727,22.600000381469727,22.600000381469727,22.600000381469727,22.600000381469727,628.0
2023-03-09 14:43:00,CFFN,7.539999961853027,7.539999961853027,7.539999961853027,7.534999847412109,7.539999961853027,7590.0
2023-03-09 14:43:00,CG,33.64500045776367,33.64500045776367,33.665000915527344,33.6349983215332,33.654998779296875,3013.0
2023-03-09 14:43:00,CGBD,14.930000305175781,14.930000305175781,14.930000305175781,14.930000305175781,14.930000305175781,427.0
2023-03-09 14:43:00,CHCO,91.76000213623047,91.76000213623047,91.76000213623047,91.76000213623047,91.76000213623047,223.0
2023-03-09 14:43:00,CHY,12.180000305175781,12.180000305175781,12.180000305175781,12.180000305175781,12.180000305175781,200.0
2023-03-09 14:43:00,CIFR,1.440000057220459,1.440000057220459,1.440000057220459,1.440000057220459,1.440000057220459,300.0
2023-03-09 14:43:00,CINF,115.76499938964844,115.76499938964844,115.76499938964844,115.76499938964844,115.76499938964844,310.0
2023-03-09 14:43:00,CME,178.32000732421875,178.32000732421875,178.36500549316406,178.32000732421875,178.35499572753906,2354.0
2023-03-09 14:43:00,CNOB,22.030000686645508,22.030000686645508,22.030000686645508,22.020000457763672,22.020000457763672,720.0
2023-03-09 14:43:00,COLB,25.030000686645508,25.030000686645508,25.079999923706055,25.030000686645508,25.065000534057617,7420.0
2023-03-09 14:43:00,COOP,44.05500030517578,44.05500030517578,44.05500030517578,44.02000045776367,44.02000045776367,251.0
2023-03-09 14:43:00,CSQ,13.850000381469727,13.850000381469727,13.850000381469727,13.850000381469727,13.850000381469727,3000.0
2023-03-09 14:43:00,CSWC,18.209999084472656,18.209999084472656,18.209999084472656,18.209999084472656,18.209999084472656,312.0
2023-03-09 14:43:00,CVBF,21.719999313354492,21.719999313354492,21.722000122070312,21.719999313354492,21.722000122070312,720.0
2023-03-09 14:43:00,CVLY,24.100000381469727,24.100000381469727,24.100000381469727,24.100000381469727,24.100000381469727,201.0
2023-03-09 14:43:00,DCOM,29.25,29.25,29.25,29.25,29.25,154.0
2023-03-09 14:43:00,DGICA,15.020000457763672,15.020000457763672,15.045000076293945,15.020000457763672,15.045000076293945,240.0
2023-03-09 14:43:00,DNAD,10.199999809265137,10.199999809265137,10.199999809265137,10.199999809265137,10.199999809265137,100.0
2023-03-09 14:43:00,EBC,14.449999809265137,14.449999809265137,14.470000267028809,14.449999809265137,14.460000038146973,1260.0
2023-03-09 14:43:00,ECPG,50.63999938964844,50.63999938964844,50.63999938964844,50.58000183105469,50.58000183105469,1915.0
2023-03-09 14:43:00,EGBN,40.119998931884766,40.119998931884766,40.119998931884766,40.119998931884766,40.119998931884766,526.0
2023-03-09 14:43:00,EHTH,8.629899978637695,8.629899978637695,8.629899978637695,8.619999885559082,8.619999885559082,793.0
2023-03-09 14:43:00,ESQ,40.96500015258789,40.96500015258789,40.96500015258789,40.96500015258789,40.96500015258789,1087.0
2023-03-09 14:43:00,EWBC,67.7300033569336,67.7300033569336,67.7699966430664,67.7300033569336,67.75,2223.0
2023-03-09 14:43:00,EZPW,8.770000457763672,8.770000457763672,8.770000457763672,8.770000457763672,8.770000457763672,311.0
2023-03-09 14:43:00,FBMS,28.920000076293945,28.920000076293945,28.920000076293945,28.920000076293945,28.920000076293945,131.0
2023-03-09 14:43:00,FBNC,38.470001220703125,38.470001220703125,38.470001220703125,38.43000030517578,38.43000030517578,1253.0
2023-03-09 14:43:00,FCFS,89.0999984741211,89.0999984741211,89.0999984741211,88.91999816894531,88.91999816894531,5458.0
2023-03-09 14:43:00,FCRD,4.590000152587891,4.590000152587891,4.590000152587891,4.590000152587891,4.590000152587891,200.0
2023-03-09 14:43:00,FDUS,20.06999969482422,20.06999969482422,20.06999969482422,20.03499984741211,20.03499984741211,200.0
2023-03-09 14:43:00,FFBC,22.280000686645508,22.280000686645508,22.30500030517578,22.280000686645508,22.290000915527344,512.0
2023-03-09 14:43:00,FFIC,17.2450008392334,17.2450008392334,17.2450008392334,17.2450008392334,17.2450008392334,337.0
2023-03-09 14:43:00,FFIN,33.529998779296875,33.529998779296875,33.529998779296875,33.529998779296875,33.529998779296875,1203.0
2023-03-09 14:43:00,FHB,24.040000915527344,24.040000915527344,24.040000915527344,24.010000228881836,24.011600494384766,1499.0
2023-03-09 14:43:00,FIBK,32.08000183105469,32.08000183105469,32.08000183105469,32.08000183105469,32.08000183105469,595.0
2023-03-09 14:43:00,FITB,32.0,32.0,32.0099983215332,31.9950008392334,32.00559997558594,4842.0
2023-03-09 14:43:00,FNCB,7.277699947357178,7.277699947357178,7.277699947357178,7.277699947357178,7.277699947357178,253.0
2023-03-09 14:43:00,FOCS,51.57500076293945,51.57500076293945,51.59000015258789,51.56999969482422,51.59000015258789,10142.0
2023-03-09 14:43:00,FRBK,1.7100000381469727,1.7100000381469727,1.7100000381469727,1.7100000381469727,1.7100000381469727,780.0
2023-03-09 14:43:00,FRST,10.779999732971191,10.779999732971191,10.779999732971191,10.779999732971191,10.779999732971191,128.0
2023-03-09 14:43:00,FULT,15.680000305175781,15.680000305175781,15.680000305175781,15.680000305175781,15.680000305175781,1017.0
2023-03-09 14:43:00,FUND,8.489999771118164,8.489999771118164,8.489999771118164,8.489999771118164,8.489999771118164,200.0
2023-03-09 14:43:00,FUTU,46.56999969482422,46.56999969482422,46.56999969482422,46.54999923706055,46.56999969482422,311.0
2023-03-09 14:43:00,GABC,35.869998931884766,35.869998931884766,35.869998931884766,35.869998931884766,35.869998931884766,343.0
2023-03-09 14:43:00,GAIN,13.549699783325195,13.549699783325195,13.550000190734863,13.548199653625488,13.550000190734863,1067.0
2023-03-09 14:43:00,GBDC,13.289999961853027,13.289999961853027,13.289999961853027,13.289999961853027,13.289999961853027,282.0
2023-03-09 14:43:00,GCMG,8.420000076293945,8.420000076293945,8.420000076293945,8.414999961853027,8.414999961853027,402.0
2023-03-09 14:43:00,GGAL,12.789999961853027,12.789999961853027,12.819999694824219,12.779999732971191,12.800000190734863,1759.0
2023-03-09 14:43:00,GLAD,9.84000015258789,9.84000015258789,9.84000015258789,9.84000015258789,9.84000015258789,321.0
2023-03-09 14:43:00,GLRE,10.375,10.375,10.375,10.375,10.375,2205.0
2023-03-09 14:43:00,GNTY,29.190000534057617,29.190000534057617,29.190000534057617,29.190000534057617,29.190000534057617,427.0
2023-03-09 14:43:00,GREE,0.41119998693466187,0.41119998693466187,0.41119998693466187,0.41119998693466187,0.41119998693466187,112.0
2023-03-09 14:43:00,GROW,2.6649999618530273,2.6649999618530273,2.6698999404907227,2.6649999618530273,2.6698999404907227,676.0
2023-03-09 14:43:00,HBAN,13.864999771118164,13.864999771118164,13.869999885559082,13.859999656677246,13.864999771118164,8149.0
2023-03-09 14:43:00,HBANP,19.03019905090332,19.03019905090332,19.03019905090332,19.03019905090332,19.03019905090332,105.0
2023-03-09 14:43:00,HBT,22.0,22.0,22.0,22.0,22.0,256.0
2023-03-09 14:43:00,HFWA,24.59000015258789,24.59000015258789,24.59000015258789,24.59000015258789,24.59000015258789,131.0
2023-03-09 14:43:00,HIVE,2.4800000190734863,2.4800000190734863,2.4800000190734863,2.4749999046325684,2.4749999046325684,1974.0
2023-03-09 14:43:00,HMST,22.25,22.25,22.25,22.19499969482422,22.229999542236328,384.0
2023-03-09 14:43:00,HOPE,11.760000228881836,11.760000228881836,11.76990032196045,11.760000228881836,11.760000228881836,1743.0
2023-03-09 14:43:00,HTBK,10.819999694824219,10.819999694824219,10.819999694824219,10.819999694824219,10.819999694824219,1127.0
2023-03-09 14:43:00,HUT,1.3174999952316284,1.3174999952316284,1.319000005722046,1.315000057220459,1.315000057220459,2012.0
2023-03-09 14:43:00,HWC,43.77000045776367,43.77000045776367,43.810001373291016,43.77000045776367,43.810001373291016,1432.0
2023-03-09 14:43:00,IBCP,20.575000762939453,20.575000762939453,20.575000762939453,20.575000762939453,20.575000762939453,314.0
2023-03-09 14:43:00,IBKR,87.43000030517578,87.43000030517578,87.43000030517578,87.43000030517578,87.43000030517578,751.0
2023-03-09 14:44:00,ABCB,42.56999969482422,42.56999969482422,42.56999969482422,42.56999969482422,42.56999969482422,668.0
2023-03-09 14:44:00,ACGL,68.88999938964844,68.88999938964844,68.9000015258789,68.87000274658203,68.87000274658203,5208.0
2023-03-09 14:44:00,AMNB,31.469999313354492,31.469999313354492,31.469999313354492,31.469999313354492,31.469999313354492,246.0
2023-03-09 14:44:00,APLD,2.075000047683716,2.075000047683716,2.0799999237060547,2.075000047683716,2.079900026321411,2801.0
2023-03-09 14:44:00,ARBK,1.4500000476837158,1.4500000476837158,1.4500000476837158,1.4500000476837158,1.4500000476837158,110.0
2023-03-09 14:44:00,ARCC,18.70989990234375,18.70989990234375,18.70989990234375,18.700000762939453,18.70989990234375,1392.0
2023-03-09 14:44:00,ASRV,3.940000057220459,3.940000057220459,3.940000057220459,3.940000057220459,3.940000057220459,304.0
2023-03-09 14:44:00,AUB,36.560001373291016,36.560001373291016,36.560001373291016,36.560001373291016,36.560001373291016,1526.0
2023-03-09 14:44:00,BANF,85.7300033569336,85.7300033569336,85.7300033569336,85.6500015258789,85.6500015258789,1117.0
2023-03-09 14:44:00,BANR,57.41999816894531,57.41999816894531,57.43000030517578,57.41999816894531,57.43000030517578,605.0
2023-03-09 14:44:00,BFST,18.600000381469727,18.600000381469727,18.600000381469727,18.600000381469727,18.600000381469727,100.0
2023-03-09 14:44:00,BGCP,5.010000228881836,5.010000228881836,5.010000228881836,5.010000228881836,5.010000228881836,477.0
2023-03-09 14:44:00,BHF,52.5099983215332,52.5099983215332,52.5099983215332,52.47999954223633,52.48500061035156,1044.0
2023-03-09 14:44:00,BITF,0.7289000153541565,0.7289000153541565,0.7289010286331177,0.7287999987602234,0.7289010286331177,4325.0
2023-03-09 14:44:00,BKCC,3.634999990463257,3.634999990463257,3.634999990463257,3.634999990463257,3.634999990463257,133.0
2023-03-09 14:44:00,BKSC,16.299999237060547,16.299999237060547,16.299999237060547,16.299999237060547,16.299999237060547,343.0
2023-03-09 14:44:00,BPOP,62.375,62.375,62.46500015258789,62.349998474121094,62.41999816894531,883.0
2023-03-09 14:44:00,BRKL,11.600000381469727,11.600000381469727,11.604999542236328,11.600000381469727,11.604999542236328,854.0
2023-03-09 14:44:00,BTBT,1.0801000595092773,1.0801000595092773,1.089900016784668,1.0801000595092773,1.089900016784668,600.0
2023-03-09 14:44:00,BUSE,22.612300872802734,22.612300872802734,22.612300872802734,22.612300872802734,22.612300872802734,573.0
2023-03-09 14:44:00,BWB,13.5,13.5,13.5,13.479999542236328,13.5,1766.0
2023-03-09 14:44:00,CATC,70.58999633789062,70.58999633789062,70.58999633789062,70.58999633789062,70.58999633789062,127.0
2023-03-09 14:44:00,CATY,38.93000030517578,38.93000030517578,38.95500183105469,38.93000030517578,38.95500183105469,685.0
2023-03-09 14:44:00,CBSH,61.900001525878906,61.900001525878906,61.94499969482422,61.88999938964844,61.91999816894531,2649.0
2023-03-09 14:44:00,CCD,22.850000381469727,22.850000381469727,22.860000610351562,22.850000381469727,22.860000610351562,1886.0
2023-03-09 14:44:00,CFB,12.3100004196167,12.3100004196167,12.3100004196167,12.3100004196167,12.3100004196167,100.0
2023-03-09 14:44:00,CFFN,7.539999961853027,7.539999961853027,7.539999961853027,7.534999847412109,7.539999961853027,2702.0
2023-03-09 14:44:00,CG,33.650001525878906,33.650001525878906,33.650001525878906,33.650001525878906,33.650001525878906,763.0
2023-03-09 14:44:00,CHY,12.180000305175781,12.180000305175781,12.180000305175781,12.180000305175781,12.180000305175781,300.0
2023-03-09 14:44:00,CIFR,1.434999942779541,1.434999942779541,1.440000057220459,1.434999942779541,1.440000057220459,1956.0
2023-03-09 14:44:00,CINF,115.75499725341797,115.75499725341797,115.75499725341797,115.7300033569336,115.7300033569336,279.0
2023-03-09 14:44:00,CLBK,19.65999984741211,19.65999984741211,19.670000076293945,19.65999984741211,19.670000076293945,1706.0
2023-03-09 14:44:00,CME,178.36500549316406,178.36500549316406,178.36500549316406,178.36500549316406,178.36500549316406,701.0
2023-03-09 14:44:00,CNOBP,20.799999237060547,20.799999237060547,20.799999237060547,20.799999237060547,20.799999237060547,170.0
2023-03-09 14:44:00,COLB,24.940000534057617,24.940000534057617,25.040000915527344,24.937999725341797,25.014999389648438,39684.0
2023-03-09 14:44:00,COOP,44.095001220703125,44.095001220703125,44.099998474121094,44.040000915527344,44.040000915527344,1944.0
2023-03-09 14:44:00,CSWC,18.209999084472656,18.209999084472656,18.209999084472656,18.209999084472656,18.209999084472656,314.0
2023-03-09 14:44:00,CVBF,21.719999313354492,21.719999313354492,21.722000122070312,21.719999313354492,21.722000122070312,831.0
2023-03-09 14:44:00,DCOM,29.25,29.25,29.25,29.239999771118164,29.239999771118164,680.0
2023-03-09 14:44:00,EBC,14.4399995803833,14.4399995803833,14.456899642944336,14.4399995803833,14.456899642944336,2913.0
2023-03-09 14:44:00,ECPG,50.619998931884766,50.619998931884766,50.619998931884766,50.619998931884766,50.619998931884766,182.0
2023-03-09 14:44:00,EGBN,40.13999938964844,40.13999938964844,40.18000030517578,40.13999938964844,40.18000030517578,811.0
2023-03-09 14:44:00,ESQ,41.150001525878906,41.150001525878906,41.150001525878906,41.02000045776367,41.02000045776367,805.0
2023-03-09 14:44:00,ESSA,18.802499771118164,18.802499771118164,18.802499771118164,18.802499771118164,18.802499771118164,664.0
2023-03-09 14:44:00,EWBC,67.66000366210938,67.66000366210938,67.73999786376953,67.66000366210938,67.7249984741211,2260.0
2023-03-09 14:44:00,FBMS,28.920000076293945,28.920000076293945,28.920000076293945,28.895000457763672,28.895000457763672,632.0
2023-03-09 14:44:00,FBNC,38.560001373291016,38.560001373291016,38.560001373291016,38.560001373291016,38.560001373291016,345.0
2023-03-09 14:44:00,FCBC,28.5,28.5,28.5,28.44499969482422,28.44499969482422,2125.0
2023-03-09 14:44:00,FCFS,89.08999633789062,89.08999633789062,89.11000061035156,89.02999877929688,89.09750366210938,4719.0
2023-03-09 14:44:00,FCNCA,643.4450073242188,643.4450073242188,643.4450073242188,643.4450073242188,643.4450073242188,138.0
2023-03-09 14:44:00,FCRD,4.590000152587891,4.590000152587891,4.590000152587891,4.590000152587891,4.590000152587891,100.0
2023-03-09 14:44:00,FFBC,22.280000686645508,22.280000686645508,22.280000686645508,22.280000686645508,22.280000686645508,223.0
2023-03-09 14:44:00,FFWM,12.829999923706055,12.829999923706055,12.84000015258789,12.829999923706055,12.84000015258789,616.0
2023-03-09 14:44:00,FHB,24.030000686645508,24.030000686645508,24.030000686645508,24.024999618530273,24.024999618530273,1383.0
2023-03-09 14:44:00,FIBK,32.040000915527344,32.040000915527344,32.040000915527344,32.040000915527344,32.040000915527344,504.0
2023-03-09 14:44:00,FITB,31.980100631713867,31.980100631713867,31.9950008392334,31.975000381469727,31.989999771118164,8349.0
2023-03-09 14:44:00,FNCB,7.300000190734863,7.300000190734863,7.300000190734863,7.300000190734863,7.300000190734863,127.0
2023-03-09 14:44:00,FOCS,51.57500076293945,51.57500076293945,51.57500076293945,51.57500076293945,51.57500076293945,100.0
2023-03-09 14:44:00,FRBK,1.7100000381469727,1.7100000381469727,1.7100000381469727,1.7100000381469727,1.7100000381469727,608.0
2023-03-09 14:44:00,FRHC,72.5,72.5,72.5,72.5,72.5,452.0
2023-03-09 14:44:00,FULT,15.664999961853027,15.664999961853027,15.680000305175781,15.664999961853027,15.670000076293945,4133.0
2023-03-09 14:44:00,FUTU,46.54999923706055,46.54999923706055,46.55009841918945,46.54999923706055,46.55009841918945,966.0
2023-03-09 14:44:00,GBDC,13.289999961853027,13.289999961853027,13.289999961853027,13.289999961853027,13.289999961853027,777.0
2023-03-09 14:44:00,GCMG,8.425000190734863,8.425000190734863,8.425000190734863,8.420000076293945,8.420000076293945,306.0
2023-03-09 14:44:00,GGAL,12.819999694824219,12.819999694824219,12.819999694824219,12.8100004196167,12.8100004196167,731.0
2023-03-09 14:44:00,GLAD,9.844499588012695,9.844499588012695,9.844499588012695,9.844499588012695,9.844499588012695,101.0
2023-03-09 14:44:00,GLRE,10.380000114440918,10.380000114440918,10.380000114440918,10.375,10.375,1902.0
2023-03-09 14:44:00,GREE,0.41269999742507935,0.41269999742507935,0.41499999165534973,0.41269999742507935,0.41499999165534973,1624.0
2023-03-09 14:44:00,GSHD,51.28499984741211,51.28499984741211,51.28499984741211,51.28499984741211,51.28499984741211,344.0
2023-03-09 14:44:00,HAFC,21.75,21.75,21.774999618530273,21.75,21.774999618530273,763.0
2023-03-09 14:44:00,HBAN,13.864999771118164,13.864999771118164,13.869999885559082,13.859999656677246,13.864999771118164,15202.0
2023-03-09 14:44:00,HBANM,22.65999984741211,22.65999984741211,22.707500457763672,22.639999389648438,22.639999389648438,1535.0
2023-03-09 14:44:00,HBNC,13.8100004196167,13.8100004196167,13.8100004196167,13.8100004196167,13.8100004196167,144.0
2023-03-09 14:44:00,HBT,21.979999542236328,21.979999542236328,22.0,21.979999542236328,22.0,505.0
2023-03-09 14:44:00,HFWA,24.514999389648438,24.514999389648438,24.530000686645508,24.514999389648438,24.530000686645508,1045.0
2023-03-09 14:44:00,HIVE,2.4798998832702637,2.4798998832702637,2.4798998832702637,2.4798998832702637,2.4798998832702637,324.0
2023-03-09 14:44:00,HMPT,2.0,2.0,2.0,2.0,2.0,338.0
2023-03-09 14:44:00,HMST,22.229999542236328,22.229999542236328,22.229999542236328,22.219999313354492,22.219999313354492,897.0
2023-03-09 14:44:00,HONE,12.649999618530273,12.649999618530273,12.649999618530273,12.649999618530273,12.649999618530273,157.0
2023-03-09 14:44:00,HOPE,11.75,11.75,11.75,11.75,11.75,200.0
2023-03-09 14:44:00,HTLF,45.435001373291016,45.435001373291016,45.435001373291016,45.435001373291016,45.435001373291016,410.0
2023-03-09 14:44:00,HUT,1.315000057220459,1.315000057220459,1.3200000524520874,1.3100999593734741,1.315000057220459,7517.0
2023-03-09 14:44:00,HWC,43.75,43.75,43.75,43.7400016784668,43.7400016784668,1017.0
2023-03-09 14:44:00,IBKR,87.43499755859375,87.43499755859375,87.47000122070312,87.43499755859375,87.47000122070312,2250.0
2023-03-09 14:44:00,INDB,71.5999984741211,71.5999984741211,71.62000274658203,71.5999984741211,71.62000274658203,352.0
2023-03-09 14:45:00,ACGL,68.95999908447266,68.95999908447266,68.95999908447266,68.88999938964844,68.88999938964844,4507.0
2023-03-09 14:45:00,AMAL,21.059999465942383,21.059999465942383,21.059999465942383,21.059999465942383,21.059999465942383,102.0
2023-03-09 14:45:00,AMNB,31.459999084472656,31.459999084472656,31.459999084472656,31.459999084472656,31.459999084472656,260.0
2023-03-09 14:45:00,AMRK,28.190000534057617,28.190000534057617,28.190000534057617,28.190000534057617,28.190000534057617,126.0
2023-03-09 14:45:00,AMSF,51.41999816894531,51.41999816894531,51.41999816894531,51.41999816894531,51.41999816894531,401.0
2023-03-09 14:45:00,APLD,2.075000047683716,2.075000047683716,2.075000047683716,2.075000047683716,2.075000047683716,100.0
2023-03-09 14:45:00,ARCC,18.704999923706055,18.704999923706055,18.709299087524414,18.700000762939453,18.704999923706055,4538.0
2023-03-09 14:45:00,AUB,36.58000183105469,36.58000183105469,36.58000183105469,36.54999923706055,36.54999923706055,3150.0
2023-03-09 14:45:00,BANF,85.83000183105469,85.83000183105469,85.83999633789062,85.81999969482422,85.83999633789062,615.0
2023-03-09 14:45:00,BANR,57.540000915527344,57.540000915527344,57.56999969482422,57.540000915527344,57.56999969482422,300.0
2023-03-09 14:45:00,BFIN,10.25,10.25,10.250100135803223,10.25,10.250100135803223,1984.0
2023-03-09 14:45:00,BFST,18.600000381469727,18.600000381469727,18.600000381469727,18.600000381469727,18.600000381469727,907.0
2023-03-09 14:45:00,BGCP,5.005000114440918,5.005000114440918,5.010000228881836,5.005000114440918,5.010000228881836,1673.0
2023-03-09 14:45:00,BHF,52.529998779296875,52.529998779296875,52.529998779296875,52.51499938964844,52.51499938964844,1449.0
2023-03-09 14:45:00,BITF,0.7294999957084656,0.7294999957084656,0.7294999957084656,0.7289000153541565,0.7289000153541565,2706.0
2023-03-09 14:45:00,BKCC,3.630000114440918,3.630000114440918,3.635999917984009,3.630000114440918,3.635999917984009,647.0
2023-03-09 14:45:00,BLFY,11.40999984741211,11.40999984741211,11.40999984741211,11.40999984741211,11.40999984741211,1042.0
2023-03-09 14:45:00,BMRC,26.899999618530273,26.899999618530273,26.899999618530273,26.899999618530273,26.899999618530273,380.0
2023-03-09 14:45:00,BOKF,95.63500213623047,95.63500213623047,95.66999816894531,95.63500213623047,95.66999816894531,633.0
2023-03-09 14:45:00,BPOP,62.52000045776367,62.52000045776367,62.52000045776367,62.349998474121094,62.349998474121094,3977.0
2023-03-09 14:45:00,BRKL,11.600000381469727,11.600000381469727,11.604999542236328,11.600000381469727,11.600000381469727,2080.0
2023-03-09 14:45:00,BSRR,19.280000686645508,19.280000686645508,19.280000686645508,19.280000686645508,19.280000686645508,201.0
2023-03-09 14:45:00,BTBT,1.0886000394821167,1.0886000394821167,1.0886000394821167,1.0886000394821167,1.0886000394821167,104.0
2023-03-09 14:45:00,BUSE,22.6200008392334,22.6200008392334,22.6200008392334,22.6200008392334,22.6200008392334,779.0
2023-03-09 14:45:00,CASH,47.0,47.0,47.0,47.0,47.0,462.0
2023-03-09 14:45:00,CATC,70.44000244140625,70.44000244140625,70.48999786376953,70.44000244140625,70.48999786376953,690.0
2023-03-09 14:45:00,CATY,38.93000030517578,38.93000030517578,38.93000030517578,38.93000030517578,38.93000030517578,440.0
2023-03-09 14:45:00,CBSH,62.0,62.0,62.0,61.95000076293945,61.95000076293945,930.0
2023-03-09 14:45:00,CCD,22.860000610351562,22.860000610351562,22.860000610351562,22.850000381469727,22.850000381469727,752.0
2023-03-09 14:45:00,CFFN,7.539999961853027,7.539999961853027,7.539999961853027,7.534999847412109,7.539999961853027,1884.0
2023-03-09 14:45:00,CG,33.66999816894531,33.66999816894531,33.66999816894531,33.64500045776367,33.650001525878906,2499.0
2023-03-09 14:45:00,CHEAU,10.510000228881836,10.510000228881836,10.510000228881836,10.510000228881836,10.510000228881836,100.0
2023-03-09 14:45:00,CHI,11.822999954223633,11.822999954223633,11.822999954223633,11.822999954223633,11.822999954223633,968.0
2023-03-09 14:45:00,CHY,12.170000076293945,12.170000076293945,12.170000076293945,12.170000076293945,12.170000076293945,100.0
2023-03-09 14:45:00,CINF,115.83999633789062,115.83999633789062,115.83999633789062,115.80000305175781,115.80899810791016,2038.0
2023-03-09 14:45:00,CIVB,20.790000915527344,20.790000915527344,20.790000915527344,20.790000915527344,20.790000915527344,124.0
2023-03-09 14:45:00,CME,178.52499389648438,178.52499389648438,178.52499389648438,178.36000061035156,178.36000061035156,7827.0
2023-03-09 14:45:00,CNOB,22.040000915527344,22.040000915527344,22.040000915527344,22.040000915527344,22.040000915527344,506.0
2023-03-09 14:45:00,COFS,28.31999969482422,28.31999969482422,28.31999969482422,28.31999969482422,28.31999969482422,193.0
2023-03-09 14:45:00,COLB,24.959999084472656,24.959999084472656,24.983999252319336,24.930099487304688,24.934999465942383,28787.0
2023-03-09 14:45:00,COOP,44.13999938964844,44.13999938964844,44.13999938964844,44.11000061035156,44.11000061035156,672.0
2023-03-09 14:45:00,CVBF,21.739999771118164,21.739999771118164,21.739999771118164,21.719999313354492,21.729999542236328,1074.0
2023-03-09 14:45:00,CZFS,79.0,79.0,79.0,79.0,79.0,1815.0
2023-03-09 14:45:00,DTOC,10.1899995803833,10.1899995803833,10.1899995803833,10.1899995803833,10.1899995803833,1348.0
2023-03-09 14:45:00,EBC,14.449999809265137,14.449999809265137,14.449999809265137,14.430000305175781,14.430000305175781,3401.0
2023-03-09 14:45:00,ECPG,50.59000015258789,50.59000015258789,50.59000015258789,50.59000015258789,50.59000015258789,506.0
2023-03-09 14:45:00,EGBN,40.150001525878906,40.150001525878906,40.150001525878906,40.150001525878906,40.150001525878906,100.0
2023-03-09 14:45:00,EHTH,8.579999923706055,8.579999923706055,8.619999885559082,8.579999923706055,8.619999885559082,1314.0
2023-03-09 14:45:00,ERIE,231.42999267578125,231.42999267578125,231.42999267578125,231.42999267578125,231.42999267578125,205.0
2023-03-09 14:45:00,ESGRP,23.150100708007812,23.150100708007812,23.150100708007812,23.150100708007812,23.150100708007812,332.0
2023-03-09 14:45:00,EWBC,67.72000122070312,67.72000122070312,67.72000122070312,67.61000061035156,67.61000061035156,3108.0
2023-03-09 14:45:00,EZPW,8.765000343322754,8.765000343322754,8.765000343322754,8.765000343322754,8.765000343322754,293.0
2023-03-09 14:45:00,FBIZ,33.665000915527344,33.665000915527344,33.665000915527344,33.665000915527344,33.665000915527344,251.0
2023-03-09 14:45:00,FBNC,38.55500030517578,38.55500030517578,38.56999969482422,38.55500030517578,38.560001373291016,1009.0
2023-03-09 14:45:00,FCBC,28.44499969482422,28.44499969482422,28.44499969482422,28.44499969482422,28.44499969482422,211.0
2023-03-09 14:45:00,FCFS,89.19499969482422,89.19499969482422,89.19499969482422,89.05999755859375,89.0999984741211,10132.0
2023-03-09 14:45:00,FCNCA,643.5250244140625,643.5250244140625,643.5250244140625,643.5250244140625,643.5250244140625,139.0
2023-03-09 14:45:00,FCRD,4.590000152587891,4.590000152587891,4.590000152587891,4.590000152587891,4.590000152587891,100.0
2023-03-09 14:45:00,FFBC,22.299999237060547,22.299999237060547,22.299999237060547,22.299999237060547,22.299999237060547,256.0
2023-03-09 14:45:00,FFIC,17.24049949645996,17.24049949645996,17.24049949645996,17.24049949645996,17.24049949645996,545.0
2023-03-09 14:45:00,FFIN,33.54999923706055,33.54999923706055,33.54999923706055,33.540000915527344,33.540000915527344,808.0
2023-03-09 14:45:00,FFWM,12.829999923706055,12.829999923706055,12.829999923706055,12.829999923706055,12.829999923706055,110.0
2023-03-09 14:45:00,FHB,24.09000015258789,24.09000015258789,24.100000381469727,24.049999237060547,24.049999237060547,3416.0
2023-03-09 14:45:00,FIBK,32.04999923706055,32.04999923706055,32.060001373291016,32.040000915527344,32.040000915527344,1159.0
2023-03-09 14:45:00,FITB,32.01259994506836,32.01259994506836,32.02000045776367,31.969999313354492,31.98040008544922,16606.0
2023-03-09 14:45:00,FITBI,25.145000457763672,25.145000457763672,25.145000457763672,25.145000457763672,25.145000457763672,300.0
2023-03-09 14:45:00,FMNB,13.199999809265137,13.199999809265137,13.199999809265137,13.1899995803833,13.1899995803833,330.0
2023-03-09 14:45:00,FOCS,51.57500076293945,51.57500076293945,51.58000183105469,51.57500076293945,51.58000183105469,420.0
2023-03-09 14:45:00,FRBK,1.7050000429153442,1.7050000429153442,1.7050000429153442,1.7050000429153442,1.7050000429153442,279.0
2023-03-09 14:45:00,FRME,37.400001525878906,37.400001525878906,37.400001525878906,37.34000015258789,37.34000015258789,1080.0
2023-03-09 14:45:00,FULT,15.6899995803833,15.6899995803833,15.6899995803833,15.670000076293945,15.670000076293945,2500.0
2023-03-09 14:45:00,FUND,8.489999771118164,8.489999771118164,8.489999771118164,8.489999771118164,8.489999771118164,100.0
2023-03-09 14:45:00,FUTU,46.51499938964844,46.51499938964844,46.540000915527344,46.51499938964844,46.540000915527344,828.0
2023-03-09 14:45:00,GBDC,13.289999961853027,13.289999961853027,13.29889965057373,13.289999961853027,13.29889965057373,890.0
2023-03-09 14:45:00,GGAL,12.84000015258789,12.84000015258789,12.84000015258789,12.819999694824219,12.819999694824219,762.0
2023-03-09 14:45:00,GOCO,18.854999542236328,18.854999542236328,18.854999542236328,18.854999542236328,18.854999542236328,100.0
2023-03-09 14:45:00,HBAN,13.869999885559082,13.869999885559082,13.875,13.854999542236328,13.864999771118164,64220.0
2023-03-09 14:45:00,HBANP,19.020000457763672,19.020000457763672,19.020000457763672,19.020000457763672,19.020000457763672,310.0
2023-03-09 14:45:00,HIVE,2.470099925994873,2.470099925994873,2.470099925994873,2.470099925994873,2.470099925994873,1600.0
2023-03-09 14:45:00,HMST,22.217100143432617,22.217100143432617,22.217100143432617,22.217100143432617,22.217100143432617,100.0
2023-03-09 14:45:00,HOPE,11.75,11.75,11.75,11.75,11.75,1160.0
2023-03-09 14:45:00,HRZN,11.718600273132324,11.718600273132324,11.718600273132324,11.710000038146973,11.710000038146973,866.0
2023-03-09 14:45:00,HTBI,27.655000686645508,27.655000686645508,27.655000686645508,27.655000686645508,27.655000686645508,140.0
2023-03-09 14:45:00,HTBK,10.84000015258789,10.84000015258789,10.84000015258789,10.819999694824219,10.819999694824219,371.0
2023-03-09 14:45:00,HTLF,45.40999984741211,45.40999984741211,45.40999984741211,45.40999984741211,45.40999984741211,365.0
2023-03-09 14:45:00,HUT,1.315000057220459,1.315000057220459,1.3199000358581543,1.315000057220459,1.315000057220459,2697.0
2023-03-09 14:45:00,HWC,43.81999969482422,43.81999969482422,43.81999969482422,43.709999084472656,43.709999084472656,2595.0
2023-03-09 14:45:00,IBKR,87.44999694824219,87.44999694824219,87.44999694824219,87.41000366210938,87.41000366210938,944.0
2023-03-09 14:45:00,ICMB,3.8499999046325684,3.8499999046325684,3.9000000953674316,3.8499999046325684,3.9000000953674316,1498.0
2023-03-09 14:45:00,INDB,71.62000274658203,71.62000274658203,71.62000274658203,71.62000274658203,71.62000274658203,327.0
2023-03-09 14:46:00,ACGL,68.97000122070312,68.97000122070312,68.97000122070312,68.95999908447266,68.95999908447266,1401.0
2023-03-09 14:46:00,AMAL,21.040000915527344,21.040000915527344,21.059999465942383,21.040000915527344,21.059999465942383,312.0
2023-03-09 14:46:00,APLD,2.075000047683716,2.075000047683716,2.075000047683716,2.075000047683716,2.075000047683716,200.0
2023-03-09 14:46:00,ARBK,1.4323999881744385,1.4323999881744385,1.4323999881744385,1.4323999881744385,1.4323999881744385,416.0
2023-03-09 14:46:00,ARCC,18.701000213623047,18.701000213623047,18.70800018310547,18.701000213623047,18.70800018310547,5544.0
2023-03-09 14:46:00,AURC,10.210000038146973,10.210000038146973,10.21500015258789,10.210000038146973,10.21500015258789,2357.0
2023-03-09 14:46:00,BANR,57.4900016784668,57.4900016784668,57.4900016784668,57.4900016784668,57.4900016784668,176.0
2023-03-09 14:46:00,BGCP,5.010000228881836,5.010000228881836,5.010000228881836,5.005000114440918,5.010000228881836,1657.0
2023-03-09 14:46:00,BHFAO,24.714599609375,24.714599609375,24.714599609375,24.714599609375,24.714599609375,350.0
2023-03-09 14:46:00,BITF,0.7290989756584167,0.7290989756584167,0.7299000024795532,0.7290989756584167,0.7299000024795532,5721.0
2023-03-09 14:46:00,BPOP,62.470001220703125,62.470001220703125,62.470001220703125,62.470001220703125,62.470001220703125,256.0
2023-03-09 14:46:00,BTBT,1.0843000411987305,1.0843000411987305,1.0852999687194824,1.0843000411987305,1.0852999687194824,506.0
2023-03-09 14:46:00,CATC,70.62000274658203,70.62000274658203,70.62000274658203,70.3499984741211,70.3499984741211,1615.0
2023-03-09 14:46:00,CBSH,61.97999954223633,61.97999954223633,62.0,61.97999954223633,61.9900016784668,442.0
2023-03-09 14:46:00,CCAP,14.9399995803833,14.9399995803833,14.9399995803833,14.9399995803833,14.9399995803833,195.0
2023-03-09 14:46:00,CFFN,7.545000076293945,7.545000076293945,7.545000076293945,7.545000076293945,7.545000076293945,149.0
2023-03-09 14:46:00,CG,33.68000030517578,33.68000030517578,33.68000030517578,33.67499923706055,33.67499923706055,2548.0
2023-03-09 14:46:00,CGBD,14.9350004196167,14.9350004196167,14.9350004196167,14.9350004196167,14.9350004196167,533.0
2023-03-09 14:46:00,CHCO,91.7300033569336,91.7300033569336,91.7300033569336,91.70999908447266,91.70999908447266,531.0
2023-03-09 14:46:00,CHY,12.170000076293945,12.170000076293945,12.170000076293945,12.170000076293945,12.170000076293945,100.0
2023-03-09 14:46:00,CME,178.4600067138672,178.4600067138672,178.5070037841797,178.42999267578125,178.47000122070312,8377.0
2023-03-09 14:46:00,COLB,24.950000762939453,24.950000762939453,24.969999313354492,24.94499969482422,24.959999084472656,6462.0
2023-03-09 14:46:00,COOP,44.11000061035156,44.11000061035156,44.13999938964844,44.11000061035156,44.13999938964844,1485.0
2023-03-09 14:46:00,CTBI,40.46500015258789,40.46500015258789,40.46500015258789,40.46500015258789,40.46500015258789,134.0
2023-03-09 14:46:00,CVBF,21.739999771118164,21.739999771118164,21.739999771118164,21.732999801635742,21.732999801635742,336.0
2023-03-09 14:46:00,DCOM,29.280000686645508,29.280000686645508,29.280000686645508,29.270000457763672,29.270000457763672,315.0
2023-03-09 14:46:00,DWAC,14.099900245666504,14.099900245666504,14.100000381469727,14.099900245666504,14.100000381469727,1058.0
2023-03-09 14:46:00,EBC,14.449999809265137,14.449999809265137,14.449999809265137,14.449999809265137,14.449999809265137,1493.0
2023-03-09 14:46:00,EGBN,40.154998779296875,40.154998779296875,40.154998779296875,40.154998779296875,40.154998779296875,728.0
2023-03-09 14:46:00,ERIE,231.6199951171875,231.6199951171875,231.72000122070312,231.6199951171875,231.72000122070312,1121.0
2023-03-09 14:46:00,EWBC,67.69999694824219,67.69999694824219,67.70999908447266,67.69999694824219,67.70999908447266,1326.0
2023-03-09 14:46:00,FCBC,28.549999237060547,28.549999237060547,28.549999237060547,28.5,28.5,548.0
2023-03-09 14:46:00,FCFS,89.0999984741211,89.0999984741211,89.16000366210938,89.05999755859375,89.16000366210938,3016.0
2023-03-09 14:46:00,FCNCA,643.7349853515625,643.7349853515625,643.7349853515625,643.7349853515625,643.7349853515625,252.0
2023-03-09 14:46:00,FCNCP,21.799999237060547,21.799999237060547,21.799999237060547,21.799999237060547,21.799999237060547,200.0
2023-03-09 14:46:00,FCRD,4.590000152587891,4.590000152587891,4.590000152587891,4.590000152587891,4.590000152587891,100.0
2023-03-09 14:46:00,FDUS,20.06999969482422,20.06999969482422,20.06999969482422,20.05500030517578,20.05500030517578,350.0
2023-03-09 14:46:00,FFIN,33.55500030517578,33.55500030517578,33.55500030517578,33.55500030517578,33.55500030517578,125.0
2023-03-09 14:46:00,FHB,24.06999969482422,24.06999969482422,24.09000015258789,24.06999969482422,24.09000015258789,1798.0
2023-03-09 14:46:00,FIBK,32.029998779296875,32.029998779296875,32.029998779296875,32.029998779296875,32.029998779296875,139.0
2023-03-09 14:46:00,FITB,32.0,32.0,32.0099983215332,32.0,32.0099983215332,6596.0
2023-03-09 14:46:00,FITBI,25.139999389648438,25.139999389648438,25.139999389648438,25.139999389648438,25.139999389648438,100.0
2023-03-09 14:46:00,FMNB,13.239999771118164,13.239999771118164,13.239999771118164,13.220000267028809,13.220000267028809,3185.0
2023-03-09 14:46:00,FOCS,51.58000183105469,51.58000183105469,51.58000183105469,51.56999969482422,51.57500076293945,2600.0
2023-03-09 14:46:00,FRME,37.41999816894531,37.41999816894531,37.41999816894531,37.41999816894531,37.41999816894531,222.0
2023-03-09 14:46:00,FULT,15.6899995803833,15.6899995803833,15.6899995803833,15.6899995803833,15.6899995803833,2733.0
2023-03-09 14:46:00,FUTU,46.47999954223633,46.47999954223633,46.5099983215332,46.47999954223633,46.5099983215332,264.0
2023-03-09 14:46:00,GAIN,13.545000076293945,13.545000076293945,13.545000076293945,13.545000076293945,13.545000076293945,285.0
2023-03-09 14:46:00,GBDC,13.289999961853027,13.289999961853027,13.289999961853027,13.289999961853027,13.289999961853027,858.0
2023-03-09 14:46:00,GCMG,8.4350004196167,8.4350004196167,8.4350004196167,8.430000305175781,8.430000305175781,1042.0
2023-03-09 14:46:00,GGAL,12.824999809265137,12.824999809265137,12.84000015258789,12.824999809265137,12.824999809265137,883.0
2023-03-09 14:46:00,GOCO,18.739999771118164,18.739999771118164,18.739999771118164,18.739999771118164,18.739999771118164,233.0
2023-03-09 14:46:00,GSHD,51.24250030517578,51.24250030517578,51.24250030517578,51.220001220703125,51.220001220703125,712.0
2023-03-09 14:46:00,HBAN,13.869999885559082,13.869999885559082,13.876099586486816,13.869999885559082,13.869999885559082,9040.0
2023-03-09 14:46:00,HBANM,22.594999313354492,22.594999313354492,22.594999313354492,22.594999313354492,22.594999313354492,199.0
2023-03-09 14:46:00,HIVE,2.4600000381469727,2.4600000381469727,2.470099925994873,2.4600000381469727,2.4700000286102295,20124.0
2023-03-09 14:46:00,HLNE,75.375,75.375,75.375,75.375,75.375,390.0
2023-03-09 14:46:00,HOPE,11.755000114440918,11.755000114440918,11.755000114440918,11.755000114440918,11.755000114440918,357.0
2023-03-09 14:46:00,HRZN,11.710000038146973,11.710000038146973,11.710000038146973,11.710000038146973,11.710000038146973,103.0
2023-03-09 14:46:00,HTBK,10.833999633789062,10.833999633789062,10.833999633789062,10.833999633789062,10.833999633789062,625.0
2023-03-09 14:46:00,HTLF,45.45500183105469,45.45500183105469,45.45500183105469,45.45500183105469,45.45500183105469,285.0
2023-03-09 14:46:00,HUT,1.3107999563217163,1.3107999563217163,1.3184000253677368,1.309999942779541,1.3100999593734741,15058.0
2023-03-09 14:46:00,HWC,43.779998779296875,43.779998779296875,43.779998779296875,43.779998779296875,43.779998779296875,173.0
2023-03-09 14:46:00,IBCP,20.549999237060547,20.549999237060547,20.549999237060547,20.549999237060547,20.549999237060547,924.0
2023-03-09 14:46:00,IBTX,53.04499816894531,53.04499816894531,53.06999969482422,53.04499816894531,53.06999969482422,1333.0
2023-03-09 14:47:00,ABCB,42.61000061035156,42.61000061035156,42.61000061035156,42.61000061035156,42.61000061035156,1080.0
2023-03-09 14:47:00,ACGL,69.0,69.0,69.01000213623047,68.95999908447266,68.95999908447266,5114.0
2023-03-09 14:47:00,AMAO,10.254500389099121,10.254500389099121,10.254500389099121,10.25,10.25,200.0
2023-03-09 14:47:00,AMNB,31.469999313354492,31.469999313354492,31.469999313354492,31.469999313354492,31.469999313354492,250.0
2023-03-09 14:47:00,ARCC,18.700000762939453,18.700000762939453,18.704999923706055,18.700000762939453,18.704999923706055,6980.0
2023-03-09 14:47:00,AUB,36.58000183105469,36.58000183105469,36.58000183105469,36.56999969482422,36.58000183105469,792.0
2023-03-09 14:47:00,BGCP,5.005000114440918,5.005000114440918,5.014999866485596,5.005000114440918,5.010000228881836,15820.0
2023-03-09 14:47:00,BITF,0.7289999723434448,0.7289999723434448,0.7289999723434448,0.7289999723434448,0.7289999723434448,100.0
2023-03-09 14:47:00,BKCC,3.619999885559082,3.619999885559082,3.630000114440918,3.619999885559082,3.630000114440918,2653.0
2023-03-09 14:47:00,BPOP,62.5,62.5,62.53499984741211,62.470001220703125,62.53499984741211,459.0
2023-03-09 14:47:00,BRKL,11.595000267028809,11.595000267028809,11.595000267028809,11.595000267028809,11.595000267028809,278.0
2023-03-09 14:47:00,BRP,25.25,25.25,25.260000228881836,25.25,25.260000228881836,565.0
2023-03-09 14:47:00,BSVN,27.520000457763672,27.520000457763672,27.520000457763672,27.520000457763672,27.520000457763672,127.0
2023-03-09 14:47:00,BUSE,22.6299991607666,22.6299991607666,22.646699905395508,22.6200008392334,22.639999389648438,2542.0
2023-03-09 14:47:00,BWB,13.5,13.5,13.5,13.5,13.5,535.0
2023-03-09 14:47:00,CASH,47.0099983215332,47.0099983215332,47.0099983215332,47.0,47.0,777.0
2023-03-09 14:47:00,CATY,38.974998474121094,38.974998474121094,38.974998474121094,38.959999084472656,38.959999084472656,253.0
2023-03-09 14:47:00,CBSH,62.0,62.0,62.0099983215332,61.9900016784668,62.0,2200.0
2023-03-09 14:47:00,CCAP,14.925000190734863,14.925000190734863,14.925000190734863,14.925000190734863,14.925000190734863,672.0
2023-03-09 14:47:00,CCD,22.84000015258789,22.84000015258789,22.84000015258789,22.84000015258789,22.84000015258789,620.0
2023-03-09 14:47:00,CFB,12.319999694824219,12.319999694824219,12.319999694824219,12.319999694824219,12.319999694824219,236.0
2023-03-09 14:47:00,CG,33.654998779296875,33.654998779296875,33.67499923706055,33.654998779296875,33.67499923706055,2432.0
2023-03-09 14:47:00,CGBD,14.9399995803833,14.9399995803833,14.949999809265137,14.930000305175781,14.9350004196167,5903.0
2023-03-09 14:47:00,CHI,11.82759952545166,11.82759952545166,11.82759952545166,11.82759952545166,11.82759952545166,220.0
2023-03-09 14:47:00,CHY,12.170000076293945,12.170000076293945,12.199999809265137,12.170000076293945,12.170000076293945,513.0
2023-03-09 14:47:00,CIFR,1.440000057220459,1.440000057220459,1.440000057220459,1.440000057220459,1.440000057220459,106.0
2023-03-09 14:47:00,CME,178.55999755859375,178.55999755859375,178.61500549316406,178.47999572753906,178.49920654296875,4444.0
2023-03-09 14:47:00,CNOB,22.030000686645508,22.030000686645508,22.030000686645508,22.030000686645508,22.030000686645508,366.0
2023-03-09 14:47:00,COLB,24.979999542236328,24.979999542236328,24.985000610351562,24.950000762939453,24.950000762939453,18700.0
2023-03-09 14:47:00,COOP,44.08000183105469,44.08000183105469,44.08000183105469,44.08000183105469,44.08000183105469,390.0
2023-03-09 14:47:00,CSQ,13.8100004196167,13.8100004196167,13.84000015258789,13.8100004196167,13.84000015258789,4111.0
2023-03-09 14:47:00,CSWC,18.209999084472656,18.209999084472656,18.209999084472656,18.209999084472656,18.209999084472656,244.0
2023-03-09 14:47:00,CVBF,21.729999542236328,21.729999542236328,21.729999542236328,21.729999542236328,21.729999542236328,197.0
2023-03-09 14:47:00,DCOMP,19.20009994506836,19.20009994506836,19.20009994506836,19.20009994506836,19.20009994506836,300.0
2023-03-09 14:47:00,DGICA,15.039999961853027,15.039999961853027,15.039999961853027,15.039999961853027,15.039999961853027,100.0
2023-03-09 14:47:00,DWAC,14.100000381469727,14.100000381469727,14.100000381469727,14.100000381469727,14.100000381469727,443.0
2023-03-09 14:47:00,DWACW,3.0299999713897705,3.0299999713897705,3.069999933242798,3.0299999713897705,3.069999933242798,2519.0
2023-03-09 14:47:00,EBC,14.4399995803833,14.4399995803833,14.444999694824219,14.4399995803833,14.444999694824219,511.0
2023-03-09 14:47:00,EFSC,51.45500183105469,51.45500183105469,51.45500183105469,51.45500183105469,51.45500183105469,312.0
2023-03-09 14:47:00,EGBN,40.130001068115234,40.130001068115234,40.130001068115234,40.130001068115234,40.130001068115234,515.0
2023-03-09 14:47:00,ESQ,41.0,41.0,41.04999923706055,40.86000061035156,41.04999923706055,1470.0
2023-03-09 14:47:00,EWBC,67.66000366210938,67.66000366210938,67.66000366210938,67.6500015258789,67.66000366210938,813.0
2023-03-09 14:47:00,EZPW,8.765000343322754,8.765000343322754,8.765000343322754,8.765000343322754,8.765000343322754,100.0
2023-03-09 14:47:00,FBMS,28.950000762939453,28.950000762939453,28.950000762939453,28.90999984741211,28.90999984741211,948.0
2023-03-09 14:47:00,FBNC,38.529998779296875,38.529998779296875,38.529998779296875,38.52000045776367,38.529998779296875,1348.0
2023-03-09 14:47:00,FCFS,89.11000061035156,89.11000061035156,89.11000061035156,89.11000061035156,89.11000061035156,270.0
2023-03-09 14:47:00,FCRD,4.590000152587891,4.590000152587891,4.590000152587891,4.590000152587891,4.590000152587891,220.0
2023-03-09 14:47:00,FFBC,22.280000686645508,22.280000686645508,22.299999237060547,22.280000686645508,22.299999237060547,533.0
2023-03-09 14:47:00,FFIN,33.54999923706055,33.54999923706055,33.569801330566406,33.52000045776367,33.560001373291016,4322.0
2023-03-09 14:47:00,FFWM,12.829999923706055,12.829999923706055,12.835000038146973,12.829999923706055,12.835000038146973,718.0
2023-03-09 14:47:00,FIBK,32.02000045776367,32.02000045776367,32.040000915527344,32.02000045776367,32.040000915527344,346.0
2023-03-09 14:47:00,FITB,31.979999542236328,31.979999542236328,32.0099983215332,31.979999542236328,31.9950008392334,7958.0
2023-03-09 14:47:00,FITBI,25.139999389648438,25.139999389648438,25.139999389648438,25.139999389648438,25.139999389648438,100.0
2023-03-09 14:47:00,FITBP,24.09000015258789,24.09000015258789,24.09000015258789,24.09000015258789,24.09000015258789,200.0
2023-03-09 14:47:00,FMNB,13.239999771118164,13.239999771118164,13.239999771118164,13.239999771118164,13.239999771118164,101.0
2023-03-09 14:47:00,FOCS,51.58000183105469,51.58000183105469,51.58000183105469,51.56999969482422,51.57500076293945,6372.0
2023-03-09 14:47:00,FRBK,1.7000000476837158,1.7000000476837158,1.7000999450683594,1.7000000476837158,1.7000999450683594,7081.0
2023-03-09 14:47:00,FRME,37.40999984741211,37.40999984741211,37.40999984741211,37.40999984741211,37.40999984741211,251.0
2023-03-09 14:47:00,FUTU,46.529998779296875,46.529998779296875,46.54999923706055,46.5099983215332,46.54999923706055,951.0
2023-03-09 14:47:00,GAIN,13.529999732971191,13.529999732971191,13.545000076293945,13.529999732971191,13.545000076293945,251.0
2023-03-09 14:47:00,GBDC,13.289999961853027,13.289999961853027,13.289999961853027,13.289999961853027,13.289999961853027,447.0
2023-03-09 14:47:00,GFGDW,0.08009999990463257,0.08009999990463257,0.08030000329017639,0.08009999990463257,0.08030000329017639,5700.0
2023-03-09 14:47:00,GGAL,12.824999809265137,12.824999809265137,12.84000015258789,12.819999694824219,12.819999694824219,8448.0
2023-03-09 14:47:00,GLAD,9.84000015258789,9.84000015258789,9.84000015258789,9.84000015258789,9.84000015258789,1114.0
2023-03-09 14:47:00,GSHD,51.209999084472656,51.209999084472656,51.224998474121094,51.18000030517578,51.224998474121094,430.0
2023-03-09 14:47:00,HAFC,21.770000457763672,21.770000457763672,21.770000457763672,21.770000457763672,21.770000457763672,737.0
2023-03-09 14:47:00,HBAN,13.864999771118164,13.864999771118164,13.880000114440918,13.864999771118164,13.869999885559082,28130.0
2023-03-09 14:47:00,HIVE,2.450000047683716,2.450000047683716,2.4600000381469727,2.450000047683716,2.4600000381469727,1277.0
2023-03-09 14:47:00,HMST,22.239999771118164,22.239999771118164,22.239999771118164,22.239999771118164,22.239999771118164,111.0
2023-03-09 14:47:00,HOPE,11.75,11.75,11.755000114440918,11.744999885559082,11.755000114440918,1509.0
2023-03-09 14:47:00,HRZN,11.722900390625,11.722900390625,11.722900390625,11.720000267028809,11.720000267028809,1236.0
2023-03-09 14:47:00,HTBI,27.639999389648438,27.639999389648438,27.639999389648438,27.639999389648438,27.639999389648438,104.0
2023-03-09 14:47:00,HUT,1.3111000061035156,1.3111000061035156,1.3200000524520874,1.3111000061035156,1.3200000524520874,1141.0
2023-03-09 14:47:00,HWC,43.79999923706055,43.79999923706055,43.79999923706055,43.79999923706055,43.79999923706055,506.0
2023-03-09 14:47:00,IBKR,87.33999633789062,87.33999633789062,87.41000366210938,87.33000183105469,87.41000366210938,3719.0
2023-03-09 14:48:00,ABCB,42.650001525878906,42.650001525878906,42.68000030517578,42.61000061035156,42.61000061035156,2796.0
2023-03-09 14:48:00,ACGL,68.95999908447266,68.95999908447266,68.98999786376953,68.95999908447266,68.98999786376953,5528.0
2023-03-09 14:48:00,ACT,23.9950008392334,23.9950008392334,23.9950008392334,23.9950008392334,23.9950008392334,623.0
2023-03-09 14:48:00,AMAL,21.08799934387207,21.08799934387207,21.08799934387207,21.08799934387207,21.08799934387207,182.0
2023-03-09 14:48:00,AMNB,31.469999313354492,31.469999313354492,31.469999313354492,31.469999313354492,31.469999313354492,438.0
2023-03-09 14:48:00,AMRK,28.170000076293945,28.170000076293945,28.19540023803711,28.15999984741211,28.19540023803711,616.0
2023-03-09 14:48:00,AMTB,25.290000915527344,25.290000915527344,25.290000915527344,25.270000457763672,25.290000915527344,464.0
2023-03-09 14:48:00,APLD,2.065000057220459,2.065000057220459,2.069999933242798,2.0450000762939453,2.069999933242798,6274.0
2023-03-09 14:48:00,ARCC,18.679899215698242,18.679899215698242,18.690000534057617,18.674999237060547,18.690000534057617,25869.0
2023-03-09 14:48:00,AROW,28.290000915527344,28.290000915527344,28.290000915527344,28.290000915527344,28.290000915527344,108.0
2023-03-09 14:48:00,ATLCP,20.000099182128906,20.000099182128906,20.000099182128906,20.000099182128906,20.000099182128906,270.0
2023-03-09 14:48:00,ATLO,23.459999084472656,23.459999084472656,23.459999084472656,23.459999084472656,23.459999084472656,585.0
2023-03-09 14:48:00,AUB,36.540000915527344,36.540000915527344,36.56999969482422,36.540000915527344,36.56999969482422,5701.0
2023-03-09 14:48:00,BANR,57.43000030517578,57.43000030517578,57.43000030517578,57.43000030517578,57.43000030517578,741.0
2023-03-09 14:48:00,BCBP,15.711999893188477,15.711999893188477,15.711999893188477,15.711999893188477,15.711999893188477,102.0
2023-03-09 14:48:00,BFST,18.59000015258789,18.59000015258789,18.59000015258789,18.59000015258789,18.59000015258789,376.0
2023-03-09 14:48:00,BGCP,5.005000114440918,5.005000114440918,5.010000228881836,5.005000114440918,5.010000228881836,900.0
2023-03-09 14:48:00,BHF,52.369998931884766,52.369998931884766,52.52000045776367,52.369998931884766,52.52000045776367,4580.0
2023-03-09 14:48:00,BHFAP,24.140499114990234,24.140499114990234,24.140499114990234,24.140499114990234,24.140499114990234,600.0
2023-03-09 14:48:00,BITF,0.7286999821662903,0.7286999821662903,0.7289999723434448,0.7286999821662903,0.7289999723434448,3842.0
2023-03-09 14:48:00,BKCC,3.619999885559082,3.619999885559082,3.626699924468994,3.619999885559082,3.626699924468994,2136.0
2023-03-09 14:48:00,BLFY,11.390000343322754,11.390000343322754,11.390000343322754,11.390000343322754,11.390000343322754,176.0
2023-03-09 14:48:00,BPOP,62.41999816894531,62.41999816894531,62.5,62.41999816894531,62.5,2902.0
2023-03-09 14:48:00,BRKL,11.59000015258789,11.59000015258789,11.595000267028809,11.585000038146973,11.595000267028809,2845.0
2023-03-09 14:48:00,BRP,25.18000030517578,25.18000030517578,25.25,25.18000030517578,25.25,1690.0
2023-03-09 14:48:00,BSRR,19.280000686645508,19.280000686645508,19.280000686645508,19.280000686645508,19.280000686645508,317.0
2023-03-09 14:48:00,BTBT,1.0850000381469727,1.0850000381469727,1.0850000381469727,1.0800000429153442,1.0800000429153442,600.0
2023-03-09 14:48:00,BUSE,22.610000610351562,22.610000610351562,22.6299991607666,22.610000610351562,22.6299991607666,1185.0
2023-03-09 14:48:00,BWB,13.5,13.5,13.5,13.494999885559082,13.5,859.0
2023-03-09 14:48:00,CAC,38.88999938964844,38.88999938964844,38.900001525878906,38.88999938964844,38.900001525878906,865.0
2023-03-09 14:48:00,CACC,433.5899963378906,433.5899963378906,434.0950012207031,433.5899963378906,433.92999267578125,675.0
2023-03-09 14:48:00,CARE,16.25,16.25,16.25,16.204999923706055,16.209999084472656,2258.0
2023-03-09 14:48:00,CASH,47.0,47.0,47.0,46.9900016784668,47.0,1089.0
2023-03-09 14:48:00,CATY,38.91999816894531,38.91999816894531,38.91999816894531,38.90999984741211,38.90999984741211,716.0
2023-03-09 14:48:00,CBSH,61.974998474121094,61.974998474121094,61.974998474121094,61.974998474121094,61.974998474121094,755.0
2023-03-09 14:48:00,CCD,22.83049964904785,22.83049964904785,22.850000381469727,22.83049964904785,22.84000015258789,2090.0
2023-03-09 14:48:00,CCNE,22.584999084472656,22.584999084472656,22.584999084472656,22.584999084472656,22.584999084472656,322.0
2023-03-09 14:48:00,CFB,12.300000190734863,12.300000190734863,12.300000190734863,12.300000190734863,12.300000190734863,441.0
2023-03-09 14:48:00,CFFN,7.53000020980835,7.53000020980835,7.539999961853027,7.53000020980835,7.539999961853027,2521.0
2023-03-09 14:48:00,CG,33.619998931884766,33.619998931884766,33.650001525878906,33.619998931884766,33.650001525878906,5360.0
2023-03-09 14:48:00,CGBD,14.9399995803833,14.9399995803833,14.9399995803833,14.930000305175781,14.9399995803833,1406.0
2023-03-09 14:48:00,CHI,11.819999694824219,11.819999694824219,11.819999694824219,11.819999694824219,11.819999694824219,100.0
2023-03-09 14:48:00,CHW,6.009099960327148,6.009099960327148,6.009099960327148,6.009099960327148,6.009099960327148,785.0
2023-03-09 14:48:00,CHY,12.170000076293945,12.170000076293945,12.170000076293945,12.170000076293945,12.170000076293945,300.0
2023-03-09 14:48:00,CIFR,1.4299999475479126,1.4299999475479126,1.4299999475479126,1.4299999475479126,1.4299999475479126,1217.0
2023-03-09 14:48:00,CINF,115.5999984741211,115.5999984741211,115.73999786376953,115.5999984741211,115.73999786376953,2081.0
2023-03-09 14:48:00,CLBK,19.649999618530273,19.649999618530273,19.649999618530273,19.649999618530273,19.649999618530273,753.0
2023-03-09 14:48:00,CME,178.48500061035156,178.48500061035156,178.57000732421875,178.48500061035156,178.55999755859375,1912.0
2023-03-09 14:48:00,CNOB,22.0,22.0,22.010000228881836,21.989999771118164,22.010000228881836,1046.0
2023-03-09 14:48:00,COFS,28.0,28.0,28.0,28.0,28.0,478.0
2023-03-09 14:48:00,COLB,24.939899444580078,24.939899444580078,24.979999542236328,24.939899444580078,24.979999542236328,8975.0
2023-03-09 14:48:00,COOP,44.02000045776367,44.02000045776367,44.04999923706055,44.02000045776367,44.04499816894531,5139.0
2023-03-09 14:48:00,CRVL,178.42999267578125,178.42999267578125,178.42999267578125,178.42999267578125,178.42999267578125,1896.0
2023-03-09 14:48:00,CSQ,13.800000190734863,13.800000190734863,13.800000190734863,13.800000190734863,13.800000190734863,1011.0
2023-03-09 14:48:00,CSWC,18.21500015258789,18.21500015258789,18.21500015258789,18.21500015258789,18.21500015258789,425.0
2023-03-09 14:48:00,CTBI,40.579898834228516,40.579898834228516,40.579898834228516,40.380001068115234,40.560001373291016,2012.0
2023-03-09 14:48:00,CVBF,21.719999313354492,21.719999313354492,21.739999771118164,21.719999313354492,21.729999542236328,2978.0
2023-03-09 14:48:00,CVLY,24.084999084472656,24.084999084472656,24.084999084472656,24.084999084472656,24.084999084472656,214.0
2023-03-09 14:48:00,DCOM,29.25,29.25,29.260000228881836,29.2450008392334,29.260000228881836,1104.0
2023-03-09 14:48:00,DNAB,10.194999694824219,10.194999694824219,10.199999809265137,10.194999694824219,10.199999809265137,9707.0
2023-03-09 14:48:00,DWAC,14.100000381469727,14.100000381469727,14.100000381469727,14.080300331115723,14.095000267028809,529.0
2023-03-09 14:48:00,EBC,14.40999984741211,14.40999984741211,14.430000305175781,14.40999984741211,14.430000305175781,2747.0
2023-03-09 14:48:00,EFSC,51.52000045776367,51.52000045776367,51.52000045776367,51.375,51.375,414.0
2023-03-09 14:48:00,EHTH,8.5,8.5,8.574999809265137,8.5,8.574999809265137,7782.0
2023-03-09 14:48:00,ESGR,230.41000366210938,230.41000366210938,230.41000366210938,230.41000366210938,230.41000366210938,311.0
2023-03-09 14:48:00,EWBC,67.66000366210938,67.66000366210938,67.66999816894531,67.63999938964844,67.66000366210938,2290.0
2023-03-09 14:48:00,EZPW,8.770000457763672,8.770000457763672,8.770000457763672,8.75,8.760000228881836,4463.0
2023-03-09 14:48:00,FBMS,28.93000030517578,28.93000030517578,28.93000030517578,28.93000030517578,28.93000030517578,457.0
2023-03-09 14:48:00,FBNC,38.459999084472656,38.459999084472656,38.47999954223633,38.459999084472656,38.47999954223633,306.0
2023-03-09 14:48:00,FCBC,28.709999084472656,28.709999084472656,28.719999313354492,28.5,28.549999237060547,3903.0
2023-03-09 14:48:00,FCFS,89.0999984741211,89.0999984741211,89.125,89.05999755859375,89.08000183105469,3611.0
2023-03-09 14:48:00,FCNCA,642.2899780273438,642.2899780273438,642.2899780273438,642.2899780273438,642.2899780273438,667.0
2023-03-09 14:48:00,FCRD,4.590000152587891,4.590000152587891,4.590000152587891,4.590000152587891,4.590000152587891,100.0
2023-03-09 14:48:00,FDUS,20.075000762939453,20.075000762939453,20.09000015258789,20.075000762939453,20.09000015258789,697.0
2023-03-09 14:48:00,FFBC,22.280000686645508,22.280000686645508,22.290000915527344,22.280000686645508,22.280000686645508,1389.0
2023-03-09 14:48:00,FFIN,33.47999954223633,33.47999954223633,33.52000045776367,33.47999954223633,33.52000045776367,1368.0
2023-03-09 14:48:00,FFWM,12.8100004196167,12.8100004196167,12.829999923706055,12.8100004196167,12.829999923706055,1146.0
2023-03-09 14:48:00,FHB,24.024900436401367,24.024900436401367,24.040000915527344,24.024900436401367,24.040000915527344,1509.0
2023-03-09 14:48:00,FIBK,32.0,32.0,32.029998779296875,32.0,32.0099983215332,2324.0
2023-03-09 14:48:00,FITB,31.950000762939453,31.950000762939453,31.985000610351562,31.950000762939453,31.975000381469727,9347.0
2023-03-09 14:48:00,FITBI,25.1299991607666,25.1299991607666,25.1299991607666,25.1299991607666,25.1299991607666,452.0
2023-03-09 14:48:00,FITBP,24.09000015258789,24.09000015258789,24.09000015258789,24.09000015258789,24.09000015258789,1000.0
2023-03-09 14:48:00,FMNB,13.239999771118164,13.239999771118164,13.239999771118164,13.239999771118164,13.239999771118164,719.0
2023-03-09 14:48:00,FOCS,51.56999969482422,51.56999969482422,51.58000183105469,51.56999969482422,51.56999969482422,926.0
2023-03-09 14:48:00,FRBK,1.7000000476837158,1.7000000476837158,1.7000000476837158,1.7000000476837158,1.7000000476837158,2542.0
2023-03-09 14:48:00,FRME,37.33000183105469,37.33000183105469,37.36000061035156,37.33000183105469,37.36000061035156,847.0
2023-03-09 14:48:00,FSBW,33.407501220703125,33.407501220703125,33.407501220703125,33.407501220703125,33.407501220703125,143.0
2023-03-09 14:48:00,FULT,15.664999961853027,15.664999961853027,15.680000305175781,15.664999961853027,15.680000305175781,1337.0
2023-03-09 14:48:00,FUTU,46.45500183105469,46.45500183105469,46.4900016784668,46.45500183105469,46.4900016784668,1637.0
2023-03-09 14:48:00,FVCB,13.25,13.25,13.25,13.25,13.25,220.0
2023-03-09 14:48:00,GABC,35.849998474121094,35.849998474121094,35.869998931884766,35.84000015258789,35.869998931884766,508.0
2023-03-09 14:48:00,GBDC,13.28499984741211,13.28499984741211,13.295000076293945,13.28499984741211,13.289999961853027,1221.0
2023-03-09 14:48:00,GCMG,8.395000457763672,8.395000457763672,8.430000305175781,8.390000343322754,8.430000305175781,3703.0
2023-03-09 14:48:00,GFGDW,0.08009999990463257,0.08009999990463257,0.08009999990463257,0.08009999990463257,0.08009999990463257,402.0
2023-03-09 14:48:00,GGAA,10.850000381469727,10.850000381469727,10.850000381469727,10.84000015258789,10.84000015258789,298.0
2023-03-09 14:48:00,GGAL,12.84000015258789,12.84000015258789,12.84000015258789,12.84000015258789,12.84000015258789,110.0
2023-03-09 14:48:00,GLRE,10.380000114440918,10.380000114440918,10.380000114440918,10.329999923706055,10.329999923706055,725.0
2023-03-09 14:48:00,GREE,0.41510000824928284,0.41510000824928284,0.41510000824928284,0.41510000824928284,0.41510000824928284,300.0
2023-03-09 14:48:00,GROW,2.660099983215332,2.660099983215332,2.660099983215332,2.660099983215332,2.660099983215332,179.0
2023-03-09 14:48:00,GSHD,51.125,51.125,51.16999816894531,51.125,51.16999816894531,749.0
2023-03-09 14:48:00,HAFC,21.75,21.75,21.75,21.75,21.75,232.0
2023-03-09 14:48:00,HBAN,13.845000267028809,13.845000267028809,13.864999771118164,13.845000267028809,13.859999656677246,37297.0
2023-03-09 14:48:00,HBANP,19.039899826049805,19.039899826049805,19.039899826049805,19.039899826049805,19.039899826049805,310.0
2023-03-09 14:48:00,HBNC,13.779999732971191,13.779999732971191,13.789999961853027,13.779999732971191,13.789999961853027,1034.0
2023-03-09 14:48:00,HIVE,2.450000047683716,2.450000047683716,2.450000047683716,2.444999933242798,2.450000047683716,6663.0
2023-03-09 14:48:00,HLNE,75.08000183105469,75.08000183105469,75.20999908447266,75.08000183105469,75.19000244140625,662.0
2023-03-09 14:48:00,HMST,22.209999084472656,22.209999084472656,22.209999084472656,22.18000030517578,22.209999084472656,842.0
2023-03-09 14:48:00,HONE,12.649999618530273,12.649999618530273,12.649999618530273,12.649999618530273,12.649999618530273,228.0
2023-03-09 14:48:00,HOPE,11.734999656677246,11.734999656677246,11.744999885559082,11.729999542236328,11.744999885559082,5688.0
2023-03-09 14:48:00,HRZN,11.720000267028809,11.720000267028809,11.720000267028809,11.720000267028809,11.720000267028809,148.0
2023-03-09 14:48:00,HTBI,27.579999923706055,27.579999923706055,27.6299991607666,27.579999923706055,27.6299991607666,1079.0
2023-03-09 14:48:00,HTBK,10.829999923706055,10.829999923706055,10.829999923706055,10.829999923706055,10.829999923706055,156.0
2023-03-09 14:48:00,HTLF,45.369998931884766,45.369998931884766,45.400001525878906,45.369998931884766,45.400001525878906,378.0
2023-03-09 14:48:00,HUT,1.3158999681472778,1.3158999681472778,1.3174999952316284,1.309999942779541,1.309999942779541,1635.0
2023-03-09 14:48:00,HWC,43.70000076293945,43.70000076293945,43.7599983215332,43.70000076293945,43.7599983215332,2111.0
2023-03-09 14:48:00,IBKR,87.19999694824219,87.19999694824219,87.30999755859375,87.19999694824219,87.30999755859375,1767.0
2023-03-09 14:48:00,IBOC,44.79999923706055,44.79999923706055,44.880001068115234,44.79999923706055,44.880001068115234,967.0
2023-03-09 14:48:00,IBTX,52.790000915527344,52.790000915527344,52.810001373291016,52.790000915527344,52.810001373291016,1202.0
2023-03-09 14:48:00,ICMB,3.8499999046325684,3.8499999046325684,3.869999885559082,3.8499999046325684,3.869999885559082,900.0
2023-03-09 14:48:00,INDB,71.62999725341797,71.62999725341797,71.75,71.62999725341797,71.66999816894531,4114.0
2023-03-09 14:48:00,INKA,10.4399995803833,10.4399995803833,10.4399995803833,10.4399995803833,10.4399995803833,3080.0
2023-03-09 14:49:00,ABCB,42.630001068115234,42.630001068115234,42.66999816894531,42.630001068115234,42.66999816894531,1877.0
2023-03-09 14:49:00,ACGL,68.9000015258789,68.9000015258789,68.95999908447266,68.88999938964844,68.95999908447266,4181.0
2023-03-09 14:49:00,ACT,23.9950008392334,23.9950008392334,23.9950008392334,23.9950008392334,23.9950008392334,105.0
2023-03-09 14:49:00,AMNB,31.496400833129883,31.496400833129883,31.496400833129883,31.496400833129883,31.496400833129883,360.0
2023-03-09 14:49:00,AMRK,28.155000686645508,28.155000686645508,28.155000686645508,28.155000686645508,28.155000686645508,357.0
2023-03-09 14:49:00,APLD,2.055000066757202,2.055000066757202,2.059999942779541,2.049999952316284,2.059999942779541,3842.0
2023-03-09 14:49:00,ARCC,18.690000534057617,18.690000534057617,18.695899963378906,18.674999237060547,18.679399490356445,24301.0
2023-03-09 14:49:00,AUB,36.560001373291016,36.560001373291016,36.560001373291016,36.540000915527344,36.540000915527344,762.0
2023-03-09 14:49:00,BANR,57.426998138427734,57.426998138427734,57.439998626708984,57.426998138427734,57.439998626708984,930.0
2023-03-09 14:49:00,BFC,76.9000015258789,76.9000015258789,76.9000015258789,76.9000015258789,76.9000015258789,677.0
2023-03-09 14:49:00,BFST,18.579999923706055,18.579999923706055,18.579999923706055,18.579999923706055,18.579999923706055,277.0
2023-03-09 14:49:00,BGCP,5.005000114440918,5.005000114440918,5.010000228881836,5.005000114440918,5.005000114440918,2002.0
2023-03-09 14:49:00,BHF,52.400001525878906,52.400001525878906,52.40999984741211,52.400001525878906,52.40999984741211,691.0
2023-03-09 14:49:00,BITF,0.7282000184059143,0.7282000184059143,0.728600025177002,0.7282000184059143,0.728600025177002,2810.0
2023-03-09 14:49:00,BPOP,62.4900016784668,62.4900016784668,62.5,62.45000076293945,62.45000076293945,1855.0
2023-03-09 14:49:00,BRKL,11.600000381469727,11.600000381469727,11.604999542236328,11.600000381469727,11.600000381469727,4479.0
2023-03-09 14:49:00,BRP,25.15999984741211,25.15999984741211,25.15999984741211,25.15999984741211,25.15999984741211,118.0
2023-03-09 14:49:00,BTBT,1.080399990081787,1.080399990081787,1.080399990081787,1.0800000429153442,1.0800000429153442,7237.0
2023-03-09 14:49:00,BWB,13.5,13.5,13.5,13.479999542236328,13.479999542236328,304.0
2023-03-09 14:49:00,CARE,16.264999389648438,16.264999389648438,16.264999389648438,16.264999389648438,16.264999389648438,176.0
2023-03-09 14:49:00,CASH,46.970001220703125,46.970001220703125,46.970001220703125,46.970001220703125,46.970001220703125,115.0
2023-03-09 14:49:00,CBSH,61.93000030517578,61.93000030517578,61.93000030517578,61.93000030517578,61.93000030517578,592.0
2023-03-09 14:49:00,CCNEP,25.489999771118164,25.489999771118164,25.489999771118164,25.459999084472656,25.489999771118164,500.0
2023-03-09 14:49:00,CFFN,7.53000020980835,7.53000020980835,7.53000020980835,7.525000095367432,7.525000095367432,1968.0
2023-03-09 14:49:00,CFFS,10.300000190734863,10.300000190734863,10.300000190734863,10.300000190734863,10.300000190734863,0.0
2023-03-09 14:49:00,CG,33.619998931884766,33.619998931884766,33.619998931884766,33.599998474121094,33.6150016784668,2054.0
2023-03-09 14:49:00,CGBD,14.930000305175781,14.930000305175781,14.930000305175781,14.930000305175781,14.930000305175781,155.0
2023-03-09 14:49:00,CHMG,48.47999954223633,48.47999954223633,48.47999954223633,48.47999954223633,48.47999954223633,1123.0
2023-03-09 14:49:00,CHY,12.15999984741211,12.15999984741211,12.15999984741211,12.15999984741211,12.15999984741211,100.0
2023-03-09 14:49:00,CINF,115.63999938964844,115.63999938964844,115.6500015258789,115.58000183105469,115.6500015258789,1269.0
2023-03-09 14:49:00,CME,178.5800018310547,178.5800018310547,178.60000610351562,178.52999877929688,178.52999877929688,3080.0
2023-03-09 14:49:00,COLB,24.959999084472656,24.959999084472656,24.969900131225586,24.924999237060547,24.92930030822754,8832.0
2023-03-09 14:49:00,COOP,44.04999923706055,44.04999923706055,44.04999923706055,44.02000045776367,44.029998779296875,2470.0
2023-03-09 14:49:00,CSWC,18.200000762939453,18.200000762939453,18.200000762939453,18.200000762939453,18.200000762939453,1535.0
2023-03-09 14:49:00,CVBF,21.719999313354492,21.719999313354492,21.739999771118164,21.719999313354492,21.729999542236328,2186.0
2023-03-09 14:49:00,DGICA,15.069999694824219,15.069999694824219,15.069999694824219,15.069999694824219,15.069999694824219,202.0
2023-03-09 14:49:00,DHIL,171.673095703125,171.673095703125,171.673095703125,171.673095703125,171.673095703125,303.0
2023-03-09 14:49:00,DWAC,14.100000381469727,14.100000381469727,14.100000381469727,14.100000381469727,14.100000381469727,206.0
2023-03-09 14:49:00,EBC,14.420000076293945,14.420000076293945,14.420000076293945,14.40999984741211,14.40999984741211,3172.0
2023-03-09 14:49:00,ECPG,50.59000015258789,50.59000015258789,50.59000015258789,50.59000015258789,50.59000015258789,338.0
2023-03-09 14:49:00,EGBN,40.095001220703125,40.095001220703125,40.095001220703125,40.07500076293945,40.07500076293945,345.0
2023-03-09 14:49:00,EHTH,8.489999771118164,8.489999771118164,8.489999771118164,8.470000267028809,8.470000267028809,302.0
2023-03-09 14:49:00,ERIE,231.4199981689453,231.4199981689453,231.4199981689453,231.4199981689453,231.4199981689453,211.0
2023-03-09 14:49:00,EWBC,67.68000030517578,67.68000030517578,67.69000244140625,67.63999938964844,67.63999938964844,2190.0
2023-03-09 14:49:00,EZPW,8.760000228881836,8.760000228881836,8.760000228881836,8.760000228881836,8.760000228881836,1053.0
2023-03-09 14:49:00,FBMS,28.950000762939453,28.950000762939453,28.950000762939453,28.93000030517578,28.93000030517578,934.0
2023-03-09 14:49:00,FBNC,38.43000030517578,38.43000030517578,38.4900016784668,38.43000030517578,38.47999954223633,631.0
2023-03-09 14:49:00,FCFS,89.0999984741211,89.0999984741211,89.11000061035156,89.08000183105469,89.11000061035156,2065.0
2023-03-09 14:49:00,FCRD,4.590000152587891,4.590000152587891,4.590000152587891,4.590000152587891,4.590000152587891,100.0
2023-03-09 14:49:00,FFBC,22.290000915527344,22.290000915527344,22.290000915527344,22.290000915527344,22.290000915527344,667.0
2023-03-09 14:49:00,FFIC,17.239999771118164,17.239999771118164,17.239999771118164,17.239999771118164,17.239999771118164,352.0
2023-03-09 14:49:00,FFIN,33.470001220703125,33.470001220703125,33.470001220703125,33.470001220703125,33.470001220703125,403.0
2023-03-09 14:49:00,FHB,24.010000228881836,24.010000228881836,24.010000228881836,24.0,24.0,623.0
2023-03-09 14:49:00,FIBK,31.989999771118164,31.989999771118164,32.005001068115234,31.989999771118164,32.0,578.0
2023-03-09 14:49:00,FITB,31.985000610351562,31.985000610351562,31.985000610351562,31.934999465942383,31.959999084472656,15919.0
2023-03-09 14:49:00,FMNB,13.210000038146973,13.210000038146973,13.210000038146973,13.210000038146973,13.210000038146973,528.0
2023-03-09 14:49:00,FNCB,7.300000190734863,7.300000190734863,7.300000190734863,7.28380012512207,7.28380012512207,216.0
2023-03-09 14:49:00,FOCS,51.57500076293945,51.57500076293945,51.57500076293945,51.56999969482422,51.56999969482422,500.0
2023-03-09 14:49:00,FRBA,12.800000190734863,12.800000190734863,12.800000190734863,12.800000190734863,12.800000190734863,804.0
2023-03-09 14:49:00,FRBK,1.6950000524520874,1.6950000524520874,1.7000000476837158,1.6950000524520874,1.7000000476837158,503.0
2023-03-09 14:49:00,FULT,15.670000076293945,15.670000076293945,15.670000076293945,15.65999984741211,15.670000076293945,2271.0
2023-03-09 14:49:00,FUTU,46.400001525878906,46.400001525878906,46.41999816894531,46.400001525878906,46.41999816894531,372.0
2023-03-09 14:49:00,GABC,35.900001525878906,35.900001525878906,35.900001525878906,35.869998931884766,35.869998931884766,226.0
2023-03-09 14:49:00,GAIN,13.539999961853027,13.539999961853027,13.539999961853027,13.53499984741211,13.53499984741211,554.0
2023-03-09 14:49:00,GBDC,13.279999732971191,13.279999732971191,13.28499984741211,13.279999732971191,13.28499984741211,1274.0
2023-03-09 14:49:00,GFGDW,0.08009999990463257,0.08009999990463257,0.08009999990463257,0.08009999990463257,0.08009999990463257,301.0
2023-03-09 14:49:00,GGAL,12.829999923706055,12.829999923706055,12.84000015258789,12.829999923706055,12.84000015258789,638.0
2023-03-09 14:49:00,GMFI,10.359999656677246,10.359999656677246,10.359999656677246,10.354999542236328,10.359999656677246,6027.0
2023-03-09 14:49:00,GROW,2.690000057220459,2.690000057220459,2.690000057220459,2.6700000762939453,2.6700000762939453,600.0
2023-03-09 14:49:00,GSBC,53.66999816894531,53.66999816894531,53.66999816894531,53.66999816894531,53.66999816894531,589.0
2023-03-09 14:49:00,GSHD,51.04999923706055,51.04999923706055,51.08000183105469,51.04999923706055,51.08000183105469,831.0
2023-03-09 14:49:00,HAFC,21.7450008392334,21.7450008392334,21.7450008392334,21.7450008392334,21.7450008392334,843.0
2023-03-09 14:49:00,HBAN,13.859999656677246,13.859999656677246,13.859999656677246,13.84000015258789,13.845000267028809,23818.0
2023-03-09 14:49:00,HBANM,22.549999237060547,22.549999237060547,22.56999969482422,22.549999237060547,22.56999969482422,1083.0
2023-03-09 14:49:00,HIVE,2.444999933242798,2.444999933242798,2.450000047683716,2.440000057220459,2.4428000450134277,2480.0
2023-03-09 14:49:00,HLNE,75.2699966430664,75.2699966430664,75.2699966430664,75.2699966430664,75.2699966430664,1271.0
2023-03-09 14:49:00,HMST,22.149999618530273,22.149999618530273,22.149999618530273,22.149999618530273,22.149999618530273,160.0
2023-03-09 14:49:00,HONE,12.630800247192383,12.630800247192383,12.649999618530273,12.619999885559082,12.649999618530273,3713.0
2023-03-09 14:49:00,HOPE,11.739999771118164,11.739999771118164,11.739999771118164,11.734999656677246,11.739999771118164,6347.0
2023-03-09 14:49:00,HTBI,27.610000610351562,27.610000610351562,27.610000610351562,27.610000610351562,27.610000610351562,555.0
2023-03-09 14:49:00,HUT,1.315000057220459,1.315000057220459,1.315000057220459,1.3100999593734741,1.3100999593734741,6442.0
2023-03-09 14:49:00,HWC,43.720001220703125,43.720001220703125,43.72999954223633,43.709999084472656,43.709999084472656,2499.0
2023-03-09 14:49:00,IBKR,87.18000030517578,87.18000030517578,87.18000030517578,87.16000366210938,87.16000366210938,327.0
2023-03-09 14:49:00,IBOC,44.88999938964844,44.88999938964844,44.88999938964844,44.86000061035156,44.86000061035156,747.0
2023-03-09 14:49:00,INBK,23.399999618530273,23.399999618530273,23.43000030517578,23.399999618530273,23.43000030517578,758.0
2023-03-09 14:49:00,INDB,71.66000366210938,71.66000366210938,71.66000366210938,71.5999984741211,71.5999984741211,1219.0
2023-03-09 14:50:00,ACGL,68.79000091552734,68.79000091552734,68.8949966430664,68.79000091552734,68.8949966430664,5655.0
2023-03-09 14:50:00,ACGLN,18.7549991607666,18.7549991607666,18.7549991607666,18.7549991607666,18.7549991607666,215.0
2023-03-09 14:50:00,ACT,23.979999542236328,23.979999542236328,23.9950008392334,23.969999313354492,23.9950008392334,1530.0
2023-03-09 14:50:00,APLD,2.055000066757202,2.055000066757202,2.059999942779541,2.055000066757202,2.055000066757202,1767.0
2023-03-09 14:50:00,ARBK,1.3700000047683716,1.3700000047683716,1.4299999475479126,1.3700000047683716,1.4199999570846558,24598.0
2023-03-09 14:50:00,ARCC,18.68000030517578,18.68000030517578,18.69499969482422,18.674999237060547,18.69230079650879,4032.0
2023-03-09 14:50:00,AUB,36.529998779296875,36.529998779296875,36.54999923706055,36.529998779296875,36.54999923706055,1587.0
2023-03-09 14:50:00,BCBP,15.6899995803833,15.6899995803833,15.710000038146973,15.673999786376953,15.710000038146973,1666.0
2023-03-09 14:50:00,BCML,19.329999923706055,19.329999923706055,19.329999923706055,19.329999923706055,19.329999923706055,117.0
2023-03-09 14:50:00,BGCP,5.005000114440918,5.005000114440918,5.005000114440918,5.005000114440918,5.005000114440918,1187.0
2023-03-09 14:50:00,BHF,52.29999923706055,52.29999923706055,52.36000061035156,52.29999923706055,52.36000061035156,677.0
2023-03-09 14:50:00,BHFAO,24.670000076293945,24.670000076293945,24.670000076293945,24.670000076293945,24.670000076293945,247.0
2023-03-09 14:50:00,BHFAP,24.079999923706055,24.079999923706055,24.100000381469727,24.079999923706055,24.100000381469727,310.0
2023-03-09 14:50:00,BITF,0.7253999710083008,0.7253999710083008,0.7254999876022339,0.7253999710083008,0.7254999876022339,1053.0
2023-03-09 14:50:00,BLFY,11.380000114440918,11.380000114440918,11.380000114440918,11.380000114440918,11.380000114440918,385.0
2023-03-09 14:50:00,BOKF,95.58000183105469,95.58000183105469,95.58000183105469,95.58000183105469,95.58000183105469,391.0
2023-03-09 14:50:00,BPOP,62.46500015258789,62.46500015258789,62.470001220703125,62.439998626708984,62.459999084472656,1458.0
2023-03-09 14:50:00,BRKL,11.600000381469727,11.600000381469727,11.600000381469727,11.600000381469727,11.600000381469727,173.0
2023-03-09 14:50:00,BTBT,1.0716999769210815,1.0716999769210815,1.0800000429153442,1.0716999769210815,1.0800000429153442,2249.0
2023-03-09 14:50:00,CACC,434.82000732421875,434.82000732421875,434.82000732421875,434.4800109863281,434.5,1442.0
2023-03-09 14:50:00,CARE,16.2549991607666,16.2549991607666,16.2549991607666,16.2549991607666,16.2549991607666,414.0
2023-03-09 14:50:00,CASH,46.970001220703125,46.970001220703125,46.970001220703125,46.970001220703125,46.970001220703125,242.0
2023-03-09 14:50:00,CATY,38.869998931884766,38.869998931884766,38.88999938964844,38.869998931884766,38.88999938964844,2707.0
2023-03-09 14:50:00,CBSH,61.91999816894531,61.91999816894531,61.939998626708984,61.91999816894531,61.939998626708984,870.0
2023-03-09 14:50:00,CCB,42.02000045776367,42.02000045776367,42.02000045776367,42.02000045776367,42.02000045776367,100.0
2023-03-09 14:50:00,CCBG,32.689998626708984,32.689998626708984,32.689998626708984,32.689998626708984,32.689998626708984,239.0
2023-03-09 14:50:00,CCNEP,25.5,25.5,25.5,25.459999084472656,25.489999771118164,1142.0
2023-03-09 14:50:00,CG,33.59000015258789,33.59000015258789,33.625,33.59000015258789,33.625,1800.0
2023-03-09 14:50:00,CHCO,91.69000244140625,91.69000244140625,91.69000244140625,91.69000244140625,91.69000244140625,311.0
2023-03-09 14:50:00,CHY,12.15999984741211,12.15999984741211,12.15999984741211,12.15999984741211,12.15999984741211,225.0
2023-03-09 14:50:00,CINF,115.55999755859375,115.55999755859375,115.62000274658203,115.55999755859375,115.62000274658203,583.0
2023-03-09 14:50:00,CME,178.4250030517578,178.4250030517578,178.60000610351562,178.4250030517578,178.55999755859375,5182.0
2023-03-09 14:50:00,CNOB,22.0,22.0,22.0,21.979999542236328,21.979999542236328,268.0
2023-03-09 14:50:00,COLB,24.989999771118164,24.989999771118164,25.0049991607666,24.954999923706055,24.954999923706055,15642.0
2023-03-09 14:50:00,COOP,44.0099983215332,44.0099983215332,44.02000045776367,44.0,44.02000045776367,1807.0
2023-03-09 14:50:00,CSQ,13.783100128173828,13.783100128173828,13.783100128173828,13.76930046081543,13.76930046081543,3428.0
2023-03-09 14:50:00,CSWC,18.190000534057617,18.190000534057617,18.195999145507812,18.190000534057617,18.195999145507812,763.0
2023-03-09 14:50:00,CVBF,21.709999084472656,21.709999084472656,21.719999313354492,21.709999084472656,21.719999313354492,1542.0
2023-03-09 14:50:00,DCOM,29.260000228881836,29.260000228881836,29.299999237060547,29.260000228881836,29.280000686645508,5364.0
2023-03-09 14:50:00,EBC,14.40999984741211,14.40999984741211,14.414999961853027,14.40999984741211,14.414999961853027,1437.0
2023-03-09 14:50:00,ECPG,50.58000183105469,50.58000183105469,50.58000183105469,50.58000183105469,50.58000183105469,394.0
2023-03-09 14:50:00,EGBN,40.06999969482422,40.06999969482422,40.099998474121094,40.06999969482422,40.099998474121094,339.0
2023-03-09 14:50:00,EHTH,8.470000267028809,8.470000267028809,8.470000267028809,8.470000267028809,8.470000267028809,366.0
2023-03-09 14:50:00,ERIE,231.27000427246094,231.27000427246094,231.3800048828125,231.27000427246094,231.3800048828125,973.0
2023-03-09 14:50:00,EWBC,67.62999725341797,67.62999725341797,67.67500305175781,67.62999725341797,67.67500305175781,1572.0
2023-03-09 14:50:00,EZPW,8.760000228881836,8.760000228881836,8.760000228881836,8.755000114440918,8.755000114440918,624.0
2023-03-09 14:50:00,FBMS,28.950000762939453,28.950000762939453,28.950000762939453,28.950000762939453,28.950000762939453,100.0
2023-03-09 14:50:00,FCFS,88.79000091552734,88.79000091552734,89.0999984741211,88.77999877929688,89.0999984741211,2314.0
2023-03-09 14:50:00,FCRD,4.590000152587891,4.590000152587891,4.590000152587891,4.590000152587891,4.590000152587891,200.0
2023-03-09 14:50:00,FFIC,17.239999771118164,17.239999771118164,17.239999771118164,17.239999771118164,17.239999771118164,253.0
2023-03-09 14:50:00,FFIN,33.470001220703125,33.470001220703125,33.47999954223633,33.470001220703125,33.47999954223633,686.0
2023-03-09 14:50:00,FFWM,12.800000190734863,12.800000190734863,12.800000190734863,12.79170036315918,12.79170036315918,1176.0
2023-03-09 14:50:00,FHB,24.020000457763672,24.020000457763672,24.020000457763672,24.020000457763672,24.020000457763672,542.0
2023-03-09 14:50:00,FIBK,31.989999771118164,31.989999771118164,32.005001068115234,31.989999771118164,32.005001068115234,1157.0
2023-03-09 14:50:00,FINW,9.039999961853027,9.039999961853027,9.039999961853027,9.039999961853027,9.039999961853027,102.0
2023-03-09 14:50:00,FITB,31.95400047302246,31.95400047302246,31.979999542236328,31.950700759887695,31.979999542236328,10633.0
2023-03-09 14:50:00,FITBP,24.079999923706055,24.079999923706055,24.079999923706055,24.079999923706055,24.079999923706055,410.0
2023-03-09 14:50:00,FLIC,16.100000381469727,16.100000381469727,16.100000381469727,16.100000381469727,16.100000381469727,110.0
2023-03-09 14:50:00,FMBH,28.306900024414062,28.306900024414062,28.306900024414062,28.306900024414062,28.306900024414062,582.0
2023-03-09 14:50:00,FMNB,13.210000038146973,13.210000038146973,13.210000038146973,13.210000038146973,13.210000038146973,783.0
2023-03-09 14:50:00,FOCS,51.59000015258789,51.59000015258789,51.59000015258789,51.56999969482422,51.56999969482422,13578.0
2023-03-09 14:50:00,FRBK,1.6950000524520874,1.6950000524520874,1.6950000524520874,1.6950000524520874,1.6950000524520874,462.0
2023-03-09 14:50:00,FRST,10.760000228881836,10.760000228881836,10.760000228881836,10.760000228881836,10.760000228881836,131.0
2023-03-09 14:50:00,FULT,15.65999984741211,15.65999984741211,15.670000076293945,15.65999984741211,15.670000076293945,1152.0
2023-03-09 14:50:00,FUND,8.489999771118164,8.489999771118164,8.489999771118164,8.489999771118164,8.489999771118164,100.0
2023-03-09 14:50:00,FUTU,46.400001525878906,46.400001525878906,46.400001525878906,46.400001525878906,46.400001525878906,309.0
2023-03-09 14:50:00,GAIN,13.538999557495117,13.538999557495117,13.538999557495117,13.53499984741211,13.53499984741211,532.0
2023-03-09 14:50:00,GBDC,13.289999961853027,13.289999961853027,13.289999961853027,13.279999732971191,13.288700103759766,63101.0
2023-03-09 14:50:00,GCMG,8.385000228881836,8.385000228881836,8.385000228881836,8.385000228881836,8.385000228881836,101.0
2023-03-09 14:50:00,GFGDW,0.08009999990463257,0.08009999990463257,0.08009999990463257,0.08009999990463257,0.08009999990463257,301.0
2023-03-09 14:50:00,GGAL,12.800000190734863,12.800000190734863,12.829999923706055,12.789999961853027,12.829999923706055,10315.0
2023-03-09 14:50:00,GLAD,9.829999923706055,9.829999923706055,9.829999923706055,9.829999923706055,9.829999923706055,297.0
2023-03-09 14:50:00,GLRE,10.279999732971191,10.279999732971191,10.380000114440918,10.279999732971191,10.34000015258789,3979.0
2023-03-09 14:50:00,GSHD,51.060001373291016,51.060001373291016,51.06010055541992,51.040000915527344,51.06010055541992,2417.0
2023-03-09 14:50:00,HBAN,13.845000267028809,13.845000267028809,13.8572998046875,13.84000015258789,13.854999542236328,45138.0
2023-03-09 14:50:00,HBANM,22.584999084472656,22.584999084472656,22.584999084472656,22.559999465942383,22.559999465942383,1238.0
2023-03-09 14:50:00,HBANP,18.9906005859375,18.9906005859375,18.9906005859375,18.9906005859375,18.9906005859375,194.0
2023-03-09 14:50:00,HIVE,2.444999933242798,2.444999933242798,2.444999933242798,2.444999933242798,2.444999933242798,2342.0
2023-03-09 14:50:00,HMST,22.149999618530273,22.149999618530273,22.149999618530273,22.149999618530273,22.149999618530273,119.0
2023-03-09 14:50:00,HOPE,11.729999542236328,11.729999542236328,11.739999771118164,11.729999542236328,11.739999771118164,1454.0
2023-03-09 14:50:00,HUT,1.309999942779541,1.309999942779541,1.316499948501587,1.309999942779541,1.309999942779541,36992.0
2023-03-09 14:50:00,HWC,43.70000076293945,43.70000076293945,43.7400016784668,43.70000076293945,43.720001220703125,1889.0
2023-03-09 14:50:00,IBKR,87.08000183105469,87.08000183105469,87.12999725341797,87.05000305175781,87.12999725341797,1042.0
2023-03-09 14:50:00,IBOC,44.849998474121094,44.849998474121094,44.849998474121094,44.849998474121094,44.849998474121094,647.0
2023-03-09 14:50:00,ICMB,3.819999933242798,3.819999933242798,3.8499999046325684,3.819999933242798,3.8499999046325684,411.0
2023-03-09 14:51:00,ABCB,42.59000015258789,42.59000015258789,42.61000061035156,42.59000015258789,42.61000061035156,773.0
2023-03-09 14:51:00,ACGL,68.80999755859375,68.80999755859375,68.80999755859375,68.80999755859375,68.80999755859375,1210.0
2023-03-09 14:51:00,ACGLN,18.739999771118164,18.739999771118164,18.739999771118164,18.739999771118164,18.739999771118164,253.0
2023-03-09 14:51:00,ACT,23.969999313354492,23.969999313354492,23.969999313354492,23.959999084472656,23.969999313354492,640.0
2023-03-09 14:51:00,ALPAU,10.140000343322754,10.140000343322754,10.140000343322754,10.140000343322754,10.140000343322754,205.0
2023-03-09 14:51:00,AMRK,28.149999618530273,28.149999618530273,28.149999618530273,28.1299991607666,28.139999389648438,1481.0
2023-03-09 14:51:00,AMTB,25.290000915527344,25.290000915527344,25.290000915527344,25.280000686645508,25.280000686645508,556.0
2023-03-09 14:51:00,APLD,2.065000057220459,2.065000057220459,2.065000057220459,2.055000066757202,2.055000066757202,2281.0
2023-03-09 14:51:00,APMI,10.149999618530273,10.149999618530273,10.25,10.149999618530273,10.25,1100.0
2023-03-09 14:51:00,ARBK,1.399999976158142,1.399999976158142,1.399999976158142,1.399999976158142,1.399999976158142,620.0
2023-03-09 14:51:00,ARCC,18.674999237060547,18.674999237060547,18.68000030517578,18.674999237060547,18.678699493408203,6611.0
2023-03-09 14:51:00,ASRV,3.940000057220459,3.940000057220459,3.940000057220459,3.940000057220459,3.940000057220459,287.0
2023-03-09 14:51:00,AUB,36.529998779296875,36.529998779296875,36.54999923706055,36.529998779296875,36.54999923706055,1191.0
2023-03-09 14:51:00,BFST,18.579999923706055,18.579999923706055,18.579999923706055,18.579999923706055,18.579999923706055,208.0
2023-03-09 14:51:00,BGCP,4.994999885559082,4.994999885559082,5.005000114440918,4.989999771118164,5.005000114440918,19134.0
2023-03-09 14:51:00,BHF,52.30500030517578,52.30500030517578,52.30500030517578,52.30500030517578,52.30500030517578,553.0
2023-03-09 14:51:00,BITF,0.7253999710083008,0.7253999710083008,0.7253999710083008,0.7253999710083008,0.7253999710083008,261.0
2023-03-09 14:51:00,BOKF,95.56999969482422,95.56999969482422,95.62999725341797,95.56999969482422,95.58999633789062,1896.0
2023-03-09 14:51:00,BPOP,62.42499923706055,62.42499923706055,62.42499923706055,62.40999984741211,62.40999984741211,973.0
2023-03-09 14:51:00,BRIV,10.119999885559082,10.119999885559082,10.119999885559082,10.119999885559082,10.119999885559082,100.0
2023-03-09 14:51:00,BSVN,27.520000457763672,27.520000457763672,27.520000457763672,27.520000457763672,27.520000457763672,368.0
2023-03-09 14:51:00,BTBT,1.0740000009536743,1.0740000009536743,1.0750000476837158,1.0700000524520874,1.0700000524520874,300.0
2023-03-09 14:51:00,CARE,16.270000457763672,16.270000457763672,16.270000457763672,16.25,16.25,1083.0
2023-03-09 14:51:00,CARV,4.480199813842773,4.480199813842773,4.480199813842773,4.480199813842773,4.480199813842773,200.0
2023-03-09 14:51:00,CASH,46.994998931884766,46.994998931884766,46.994998931884766,46.97999954223633,46.97999954223633,239.0
2023-03-09 14:51:00,CATY,38.900001525878906,38.900001525878906,38.900001525878906,38.880001068115234,38.880001068115234,789.0
2023-03-09 14:51:00,CBSH,61.970001220703125,61.970001220703125,61.970001220703125,61.95000076293945,61.95000076293945,761.0
2023-03-09 14:51:00,CCAP,14.899999618530273,14.899999618530273,14.899999618530273,14.899999618530273,14.899999618530273,1365.0
2023-03-09 14:51:00,CCB,42.02000045776367,42.02000045776367,42.02000045776367,41.959999084472656,41.959999084472656,210.0
2023-03-09 14:51:00,CCNEP,25.450000762939453,25.450000762939453,25.450000762939453,25.450000762939453,25.450000762939453,318.0
2023-03-09 14:51:00,CFB,12.305000305175781,12.305000305175781,12.305000305175781,12.305000305175781,12.305000305175781,474.0
2023-03-09 14:51:00,CG,33.58000183105469,33.58000183105469,33.599998474121094,33.58000183105469,33.595001220703125,5506.0
2023-03-09 14:51:00,CGBD,14.925000190734863,14.925000190734863,14.925000190734863,14.925000190734863,14.925000190734863,122.0
2023-03-09 14:51:00,CHEAU,10.510000228881836,10.510000228881836,10.510000228881836,10.510000228881836,10.510000228881836,100.0
2023-03-09 14:51:00,CHY,12.15999984741211,12.15999984741211,12.15999984741211,12.15999984741211,12.15999984741211,100.0
2023-03-09 14:51:00,CIFR,1.4208999872207642,1.4208999872207642,1.4208999872207642,1.4208999872207642,1.4208999872207642,241.0
2023-03-09 14:51:00,CINF,115.58000183105469,115.58000183105469,115.5999984741211,115.36000061035156,115.5199966430664,19134.0
2023-03-09 14:51:00,CIVB,20.739999771118164,20.739999771118164,20.75,20.739999771118164,20.75,330.0
2023-03-09 14:51:00,CME,178.55999755859375,178.55999755859375,178.55999755859375,178.4499969482422,178.4600067138672,4091.0
2023-03-09 14:51:00,COLB,25.010000228881836,25.010000228881836,25.010000228881836,24.989999771118164,24.989999771118164,6915.0
2023-03-09 14:51:00,COOP,44.04999923706055,44.04999923706055,44.04999923706055,43.994998931884766,44.0,2639.0
2023-03-09 14:51:00,CSQ,13.800000190734863,13.800000190734863,13.800000190734863,13.800000190734863,13.800000190734863,227.0
2023-03-09 14:51:00,CSWC,18.200000762939453,18.200000762939453,18.200000762939453,18.200000762939453,18.200000762939453,319.0
2023-03-09 14:51:00,CTBI,40.47999954223633,40.47999954223633,40.47999954223633,40.400001525878906,40.400001525878906,261.0
2023-03-09 14:51:00,CVBF,21.719999313354492,21.719999313354492,21.739999771118164,21.719999313354492,21.729999542236328,1743.0
2023-03-09 14:51:00,CVLY,23.852500915527344,23.852500915527344,23.852500915527344,23.852500915527344,23.852500915527344,186.0
2023-03-09 14:51:00,DWAC,14.095000267028809,14.095000267028809,14.095000267028809,14.095000267028809,14.095000267028809,372.0
2023-03-09 14:51:00,EBC,14.40999984741211,14.40999984741211,14.40999984741211,14.40999984741211,14.40999984741211,840.0
2023-03-09 14:51:00,EGBN,40.130001068115234,40.130001068115234,40.150001525878906,40.11000061035156,40.11000061035156,3931.0
2023-03-09 14:51:00,EHTH,8.5,8.5,8.5,8.494999885559082,8.494999885559082,519.0
2023-03-09 14:51:00,ESQ,40.81999969482422,40.81999969482422,40.81999969482422,40.81999969482422,40.81999969482422,100.0
2023-03-09 14:51:00,EWBC,67.6500015258789,67.6500015258789,67.69999694824219,67.63999938964844,67.63999938964844,1771.0
2023-03-09 14:51:00,EZPW,8.755000114440918,8.755000114440918,8.755000114440918,8.755000114440918,8.755000114440918,200.0
2023-03-09 14:51:00,FBMS,28.959999084472656,28.959999084472656,28.959999084472656,28.959999084472656,28.959999084472656,133.0
2023-03-09 14:51:00,FBNC,38.46500015258789,38.46500015258789,38.46500015258789,38.46500015258789,38.46500015258789,450.0
2023-03-09 14:51:00,FCFS,88.75,88.75,88.75,88.67500305175781,88.7249984741211,1240.0
2023-03-09 14:51:00,FCRD,4.610000133514404,4.610000133514404,4.610000133514404,4.610000133514404,4.610000133514404,509.0
2023-03-09 14:51:00,FDUS,20.100000381469727,20.100000381469727,20.100000381469727,20.079999923706055,20.079999923706055,234.0
2023-03-09 14:51:00,FFBC,22.280000686645508,22.280000686645508,22.280000686645508,22.280000686645508,22.280000686645508,113.0
2023-03-09 14:51:00,FFIN,33.474998474121094,33.474998474121094,33.4900016784668,33.459999084472656,33.4900016784668,1154.0
2023-03-09 14:51:00,FFWM,12.800000190734863,12.800000190734863,12.800000190734863,12.800000190734863,12.800000190734863,100.0
2023-03-09 14:51:00,FGBI,18.0,18.0,18.0,18.0,18.0,284.0
2023-03-09 14:51:00,FHB,24.0049991607666,24.0049991607666,24.0049991607666,24.0049991607666,24.0049991607666,275.0
2023-03-09 14:51:00,FIBK,32.029998779296875,32.029998779296875,32.029998779296875,32.0,32.0,1126.0
2023-03-09 14:51:00,FITB,31.9606990814209,31.9606990814209,31.969999313354492,31.95009994506836,31.95009994506836,9163.0
2023-03-09 14:51:00,FNCB,7.300000190734863,7.300000190734863,7.300000190734863,7.285399913787842,7.300000190734863,430.0
2023-03-09 14:51:00,FOCS,51.59000015258789,51.59000015258789,51.59000015258789,51.58000183105469,51.59000015258789,4332.0
2023-03-09 14:51:00,FRBA,12.800000190734863,12.800000190734863,12.800000190734863,12.800000190734863,12.800000190734863,588.0
2023-03-09 14:51:00,FSBW,33.279998779296875,33.279998779296875,33.279998779296875,33.279998779296875,33.279998779296875,112.0
2023-03-09 14:51:00,FSEA,9.890000343322754,9.890000343322754,9.890000343322754,9.890000343322754,9.890000343322754,432.0
2023-03-09 14:51:00,FULT,15.65999984741211,15.65999984741211,15.664999961853027,15.65999984741211,15.65999984741211,1420.0
2023-03-09 14:51:00,FUTU,46.369998931884766,46.369998931884766,46.38999938964844,46.36000061035156,46.36000061035156,718.0
2023-03-09 14:51:00,GABC,35.845001220703125,35.845001220703125,35.845001220703125,35.82600021362305,35.82600021362305,392.0
2023-03-09 14:51:00,GBDC,13.28499984741211,13.28499984741211,13.289999961853027,13.279999732971191,13.28499984741211,7379.0
2023-03-09 14:51:00,GGAL,12.8100004196167,12.8100004196167,12.8100004196167,12.789999961853027,12.805000305175781,1745.0
2023-03-09 14:51:00,GLAD,9.829999923706055,9.829999923706055,9.829999923706055,9.819999694824219,9.819999694824219,1669.0
2023-03-09 14:51:00,GLRE,10.300000190734863,10.300000190734863,10.300000190734863,10.279999732971191,10.289999961853027,10205.0
2023-03-09 14:51:00,GSHD,51.11000061035156,51.11000061035156,51.11000061035156,51.02000045776367,51.02000045776367,1972.0
2023-03-09 14:51:00,HBAN,13.845000267028809,13.845000267028809,13.850000381469727,13.84000015258789,13.845000267028809,28943.0
2023-03-09 14:51:00,HIVE,2.4409000873565674,2.4409000873565674,2.4409000873565674,2.4409000873565674,2.4409000873565674,1101.0
2023-03-09 14:51:00,HLNE,75.06999969482422,75.06999969482422,75.06999969482422,75.06999969482422,75.06999969482422,368.0
2023-03-09 14:51:00,HOPE,11.729999542236328,11.729999542236328,11.734999656677246,11.728899955749512,11.729999542236328,6270.0
2023-03-09 14:51:00,HRZN,11.710000038146973,11.710000038146973,11.711000442504883,11.699999809265137,11.710000038146973,1618.0
2023-03-09 14:51:00,HTBK,10.829999923706055,10.829999923706055,10.829999923706055,10.829999923706055,10.829999923706055,118.0
2023-03-09 14:51:00,HTLF,45.380001068115234,45.380001068115234,45.380001068115234,45.375,45.375,613.0
2023-03-09 14:51:00,HUT,1.3049999475479126,1.3049999475479126,1.315000057220459,1.3049999475479126,1.315000057220459,14487.0
2023-03-09 14:51:00,HVBC,30.75,30.75,30.899999618530273,30.75,30.899999618530273,1335.0
2023-03-09 14:51:00,HWC,43.7599983215332,43.7599983215332,43.7599983215332,43.709999084472656,43.709999084472656,1549.0
2023-03-09 14:51:00,IBKR,87.11499786376953,87.11499786376953,87.1500015258789,87.0999984741211,87.0999984741211,3687.0
2023-03-09 14:51:00,IBTX,52.630001068115234,52.630001068115234,52.630001068115234,52.630001068115234,52.630001068115234,139.0
2023-03-09 14:51:00,IGTA,10.300000190734863,10.300000190734863,10.300000190734863,10.300000190734863,10.300000190734863,100.0
2023-03-09 14:52:00,ABCB,42.540000915527344,42.540000915527344,42.599998474121094,42.540000915527344,42.599998474121094,1248.0
2023-03-09 14:52:00,ACGL,68.84210205078125,68.84210205078125,68.86000061035156,68.80000305175781,68.80999755859375,5168.0
2023-03-09 14:52:00,ACT,23.969999313354492,23.969999313354492,23.969999313354492,23.969999313354492,23.969999313354492,306.0
2023-03-09 14:52:00,AMAL,21.030000686645508,21.030000686645508,21.030000686645508,21.030000686645508,21.030000686645508,639.0
2023-03-09 14:52:00,APLD,2.059999942779541,2.059999942779541,2.059999942779541,2.059999942779541,2.059999942779541,100.0
2023-03-09 14:52:00,ARBK,1.3985999822616577,1.3985999822616577,1.3985999822616577,1.3985999822616577,1.3985999822616577,100.0
2023-03-09 14:52:00,ARCC,18.674999237060547,18.674999237060547,18.679899215698242,18.670000076293945,18.674999237060547,12372.0
2023-03-09 14:52:00,AUB,36.52000045776367,36.52000045776367,36.529998779296875,36.52000045776367,36.529998779296875,2580.0
2023-03-09 14:52:00,BANF,85.66000366210938,85.66000366210938,85.66000366210938,85.66000366210938,85.66000366210938,537.0
2023-03-09 14:52:00,BANR,57.36000061035156,57.36000061035156,57.36000061035156,57.36000061035156,57.36000061035156,139.0
2023-03-09 14:52:00,BCBP,15.670000076293945,15.670000076293945,15.670000076293945,15.670000076293945,15.670000076293945,400.0
2023-03-09 14:52:00,BFST,18.540000915527344,18.540000915527344,18.559999465942383,18.540000915527344,18.559999465942383,531.0
2023-03-09 14:52:00,BGCP,4.994999885559082,4.994999885559082,4.994999885559082,4.994999885559082,4.994999885559082,1341.0
2023-03-09 14:52:00,BHF,52.27000045776367,52.27000045776367,52.279998779296875,52.27000045776367,52.279998779296875,1003.0
2023-03-09 14:52:00,BITF,0.7253000140190125,0.7253000140190125,0.7253999710083008,0.7253000140190125,0.7253999710083008,9416.0
2023-03-09 14:52:00,BKCC,3.619999885559082,3.619999885559082,3.630000114440918,3.619999885559082,3.630000114440918,2031.0
2023-03-09 14:52:00,BMRC,26.65999984741211,26.65999984741211,26.81999969482422,26.65999984741211,26.81999969482422,901.0
2023-03-09 14:52:00,BOKF,95.5,95.5,95.54000091552734,95.5,95.54000091552734,770.0
2023-03-09 14:52:00,BPOP,62.380001068115234,62.380001068115234,62.41999816894531,62.380001068115234,62.41999816894531,653.0
2023-03-09 14:52:00,BRKL,11.595000267028809,11.595000267028809,11.595000267028809,11.59000015258789,11.59000015258789,8322.0
2023-03-09 14:52:00,BRP,25.09000015258789,25.09000015258789,25.09000015258789,25.09000015258789,25.09000015258789,472.0
2023-03-09 14:52:00,BTBT,1.0700000524520874,1.0700000524520874,1.0700000524520874,1.0700000524520874,1.0700000524520874,1236.0
2023-03-09 14:52:00,BWB,13.5,13.5,13.5,13.479999542236328,13.494999885559082,631.0
2023-03-09 14:52:00,BWFG,27.8700008392334,27.8700008392334,27.8700008392334,27.8700008392334,27.8700008392334,101.0
2023-03-09 14:52:00,CARV,4.480000019073486,4.480000019073486,4.480000019073486,4.480000019073486,4.480000019073486,986.0
2023-03-09 14:52:00,CASH,46.9900016784668,46.9900016784668,47.0,46.970001220703125,47.0,1519.0
2023-03-09 14:52:00,CATY,38.84000015258789,38.84000015258789,38.849998474121094,38.84000015258789,38.849998474121094,649.0
2023-03-09 14:52:00,CBSH,61.93000030517578,61.93000030517578,61.96500015258789,61.93000030517578,61.95000076293945,948.0
2023-03-09 14:52:00,CCNE,22.559999465942383,22.559999465942383,22.584999084472656,22.559999465942383,22.584999084472656,1062.0
2023-03-09 14:52:00,CFFN,7.534999847412109,7.534999847412109,7.534999847412109,7.53000020980835,7.53000020980835,766.0
2023-03-09 14:52:00,CG,33.529998779296875,33.529998779296875,33.58000183105469,33.52000045776367,33.58000183105469,6356.0
2023-03-09 14:52:00,CGBD,14.904999732971191,14.904999732971191,14.90999984741211,14.904999732971191,14.90999984741211,425.0
2023-03-09 14:52:00,CHI,11.819999694824219,11.819999694824219,11.819999694824219,11.819999694824219,11.819999694824219,900.0
2023-03-09 14:52:00,CHY,12.15999984741211,12.15999984741211,12.15999984741211,12.15999984741211,12.15999984741211,200.0
2023-03-09 14:52:00,CINF,115.5,115.5,115.58000183105469,115.5,115.58000183105469,566.0
2023-03-09 14:52:00,CME,178.41000366210938,178.41000366210938,178.5500030517578,178.41000366210938,178.5500030517578,2230.0
2023-03-09 14:52:00,CNOB,21.979999542236328,21.979999542236328,22.0,21.979999542236328,21.979999542236328,762.0
2023-03-09 14:52:00,COLB,24.934999465942383,24.934999465942383,25.010000228881836,24.93000030517578,25.010000228881836,19375.0
2023-03-09 14:52:00,COOP,44.0099983215332,44.0099983215332,44.0099983215332,44.0099983215332,44.0099983215332,610.0
2023-03-09 14:52:00,CSTR,15.170000076293945,15.170000076293945,15.170000076293945,15.170000076293945,15.170000076293945,640.0
2023-03-09 14:52:00,CSWC,18.190000534057617,18.190000534057617,18.190000534057617,18.190000534057617,18.190000534057617,1209.0
2023-03-09 14:52:00,CVBF,21.700000762939453,21.700000762939453,21.724000930786133,21.700000762939453,21.724000930786133,3718.0
2023-03-09 14:52:00,DCOM,29.25,29.25,29.25,29.2450008392334,29.2450008392334,647.0
2023-03-09 14:52:00,DHIL,172.22500610351562,172.22500610351562,172.22500610351562,172.14999389648438,172.14999389648438,901.0
2023-03-09 14:52:00,DNAD,10.199999809265137,10.199999809265137,10.199999809265137,10.199999809265137,10.199999809265137,338300.0
2023-03-09 14:52:00,EBC,14.399999618530273,14.399999618530273,14.420000076293945,14.399999618530273,14.420000076293945,5525.0
2023-03-09 14:52:00,EBTC,33.93000030517578,33.93000030517578,33.93000030517578,33.93000030517578,33.93000030517578,103.0
2023-03-09 14:52:00,EFSC,51.380001068115234,51.380001068115234,51.380001068115234,51.380001068115234,51.380001068115234,489.0
2023-03-09 14:52:00,EGBN,40.064998626708984,40.064998626708984,40.09000015258789,40.064998626708984,40.09000015258789,227.0
2023-03-09 14:52:00,EQBK,28.09000015258789,28.09000015258789,28.139999389648438,28.079999923706055,28.1299991607666,1090.0
2023-03-09 14:52:00,ESGR,230.9149932861328,230.9149932861328,230.9499969482422,230.9149932861328,230.9499969482422,221.0
2023-03-09 14:52:00,ESQ,40.81999969482422,40.81999969482422,40.869998931884766,40.81999969482422,40.869998931884766,200.0
2023-03-09 14:52:00,EWBC,67.52999877929688,67.52999877929688,67.64990234375,67.52999877929688,67.63999938964844,3870.0
2023-03-09 14:52:00,EZPW,8.75,8.75,8.755000114440918,8.744999885559082,8.755000114440918,3168.0
2023-03-09 14:52:00,FBMS,28.940000534057617,28.940000534057617,28.959999084472656,28.920000076293945,28.950000762939453,1730.0
2023-03-09 14:52:00,FBNC,38.38999938964844,38.38999938964844,38.43000030517578,38.38999938964844,38.43000030517578,929.0
2023-03-09 14:52:00,FDUS,20.020099639892578,20.020099639892578,20.020099639892578,20.020099639892578,20.020099639892578,8570.0
2023-03-09 14:52:00,FFBC,22.270000457763672,22.270000457763672,22.280000686645508,22.260000228881836,22.280000686645508,954.0
2023-03-09 14:52:00,FFIC,17.219999313354492,17.219999313354492,17.229999542236328,17.219999313354492,17.229999542236328,437.0
2023-03-09 14:52:00,FFIN,33.44499969482422,33.44499969482422,33.45000076293945,33.439998626708984,33.45000076293945,1009.0
2023-03-09 14:52:00,FFWM,12.800000190734863,12.800000190734863,12.800000190734863,12.789999961853027,12.789999961853027,5675.0
2023-03-09 14:52:00,FHB,24.0,24.0,24.0,24.0,24.0,412.0
2023-03-09 14:52:00,FIBK,31.989999771118164,31.989999771118164,32.0,31.989999771118164,32.0,330.0
2023-03-09 14:52:00,FITB,31.90999984741211,31.90999984741211,31.959999084472656,31.90999984741211,31.959999084472656,10128.0
2023-03-09 14:52:00,FITBP,24.079999923706055,24.079999923706055,24.079999923706055,24.079999923706055,24.079999923706055,210.0
2023-03-09 14:52:00,FLIC,16.09000015258789,16.09000015258789,16.100000381469727,16.09000015258789,16.100000381469727,509.0
2023-03-09 14:52:00,FMNB,13.210000038146973,13.210000038146973,13.210000038146973,13.210000038146973,13.210000038146973,517.0
2023-03-09 14:52:00,FOCS,51.595001220703125,51.595001220703125,51.595001220703125,51.5890007019043,51.59000015258789,2483.0
2023-03-09 14:52:00,FRBK,1.6950000524520874,1.6950000524520874,1.6950000524520874,1.6950000524520874,1.6950000524520874,480.0
2023-03-09 14:52:00,FRME,37.31999969482422,37.31999969482422,37.34000015258789,37.31999969482422,37.34000015258789,737.0
2023-03-09 14:52:00,FULT,15.645000457763672,15.645000457763672,15.65999984741211,15.645000457763672,15.65999984741211,1795.0
2023-03-09 14:52:00,FUND,8.489999771118164,8.489999771118164,8.489999771118164,8.489999771118164,8.489999771118164,100.0
2023-03-09 14:52:00,FUTU,46.36000061035156,46.36000061035156,46.38999938964844,46.36000061035156,46.38999938964844,543.0
2023-03-09 14:52:00,GBDC,13.270000457763672,13.270000457763672,13.279999732971191,13.270000457763672,13.279999732971191,641.0
2023-03-09 14:52:00,GFGDW,0.08009999990463257,0.08009999990463257,0.08009999990463257,0.08009999990463257,0.08009999990463257,702.0
2023-03-09 14:52:00,GGAL,12.800000190734863,12.800000190734863,12.8100004196167,12.789999961853027,12.8100004196167,1303.0
2023-03-09 14:52:00,GLAD,9.800000190734863,9.800000190734863,9.824999809265137,9.800000190734863,9.819999694824219,8528.0
2023-03-09 14:52:00,GMFI,10.359999656677246,10.359999656677246,10.359999656677246,10.359999656677246,10.359999656677246,200.0
2023-03-09 14:52:00,GSHD,51.040000915527344,51.040000915527344,51.040000915527344,51.040000915527344,51.040000915527344,418.0
2023-03-09 14:52:00,HBAN,13.819999694824219,13.819999694824219,13.845000267028809,13.8149995803833,13.84000015258789,58119.0
2023-03-09 14:52:00,HBNC,13.770000457763672,13.770000457763672,13.770000457763672,13.770000457763672,13.770000457763672,177.0
2023-03-09 14:52:00,HFWA,24.440000534057617,24.440000534057617,24.479999542236328,24.440000534057617,24.47010040283203,4068.0
2023-03-09 14:52:00,HGBL,2.4800000190734863,2.4800000190734863,2.4800000190734863,2.4800000190734863,2.4800000190734863,122.0
2023-03-09 14:52:00,HIVE,2.440000057220459,2.440000057220459,2.440000057220459,2.440000057220459,2.440000057220459,6092.0
2023-03-09 14:52:00,HLNE,75.01000213623047,75.01000213623047,75.05999755859375,74.98999786376953,75.02999877929688,1330.0
2023-03-09 14:52:00,HMST,22.114999771118164,22.114999771118164,22.114999771118164,22.114999771118164,22.114999771118164,1773.0
2023-03-09 14:52:00,HONE,12.619999885559082,12.619999885559082,12.619999885559082,12.619999885559082,12.619999885559082,676.0
2023-03-09 14:52:00,HOPE,11.734999656677246,11.734999656677246,11.734999656677246,11.729999542236328,11.734999656677246,2627.0
2023-03-09 14:52:00,HTBK,10.8149995803833,10.8149995803833,10.819999694824219,10.8149995803833,10.819999694824219,890.0
2023-03-09 14:52:00,HUT,1.3049999475479126,1.3049999475479126,1.309999942779541,1.301900029182434,1.301900029182434,4268.0
2023-03-09 14:52:00,HVBC,30.75,30.75,30.75,30.75,30.75,464.0
2023-03-09 14:52:00,HWC,43.68000030517578,43.68000030517578,43.73500061035156,43.68000030517578,43.72999954223633,1550.0
2023-03-09 14:52:00,IBKR,87.0199966430664,87.0199966430664,87.05000305175781,87.0199966430664,87.05000305175781,483.0
2023-03-09 14:52:00,IBOC,44.83000183105469,44.83000183105469,44.83000183105469,44.83000183105469,44.83000183105469,509.0
2023-03-09 14:52:00,IBTX,52.63999938964844,52.63999938964844,52.63999938964844,52.63999938964844,52.63999938964844,290.0
2023-03-09 14:52:00,INDB,71.5199966430664,71.5199966430664,71.62000274658203,71.47000122070312,71.62000274658203,8619.0
2023-03-09 14:53:00,ACGL,68.80999755859375,68.80999755859375,68.8499984741211,68.80000305175781,68.8499984741211,3863.0
2023-03-09 14:53:00,ACT,23.969999313354492,23.969999313354492,23.969999313354492,23.969999313354492,23.969999313354492,716.0
2023-03-09 14:53:00,AIHS,0.8759999871253967,0.8759999871253967,0.8849999904632568,0.8759999871253967,0.8849999904632568,1800.0
2023-03-09 14:53:00,AMRK,28.12529945373535,28.12529945373535,28.139999389648438,28.12529945373535,28.139999389648438,673.0
2023-03-09 14:53:00,APLD,2.055000066757202,2.055000066757202,2.059999942779541,2.055000066757202,2.059999942779541,2014.0
2023-03-09 14:53:00,ARBK,1.388800024986267,1.388800024986267,1.388800024986267,1.388800024986267,1.388800024986267,313.0
2023-03-09 14:53:00,ARCC,18.665000915527344,18.665000915527344,18.670000076293945,18.65999984741211,18.670000076293945,4801.0
2023-03-09 14:53:00,AROW,28.280000686645508,28.280000686645508,28.280000686645508,28.280000686645508,28.280000686645508,253.0
2023-03-09 14:53:00,ATLC,28.587200164794922,28.587200164794922,28.587200164794922,28.587200164794922,28.587200164794922,267.0
2023-03-09 14:53:00,AUB,36.5,36.5,36.5,36.459999084472656,36.459999084472656,2041.0
2023-03-09 14:53:00,BANF,85.6500015258789,85.6500015258789,85.6500015258789,85.6500015258789,85.6500015258789,575.0
2023-03-09 14:53:00,BANR,57.45000076293945,57.45000076293945,57.45000076293945,57.34000015258789,57.34000015258789,847.0
2023-03-09 14:53:00,BGCP,5.0,5.0,5.005000114440918,4.994999885559082,4.994999885559082,12717.0
2023-03-09 14:53:00,BHF,52.31999969482422,52.31999969482422,52.31999969482422,52.22999954223633,52.22999954223633,3515.0
2023-03-09 14:53:00,BITF,0.7251999974250793,0.7251999974250793,0.7251999974250793,0.7251999974250793,0.7251999974250793,4912.0
2023-03-09 14:53:00,BLFY,11.34000015258789,11.34000015258789,11.34000015258789,11.329999923706055,11.329999923706055,210.0
2023-03-09 14:53:00,BOKF,95.52999877929688,95.52999877929688,95.52999877929688,95.4800033569336,95.52999877929688,542.0
2023-03-09 14:53:00,BPOP,62.459999084472656,62.459999084472656,62.459999084472656,62.31999969482422,62.36000061035156,3078.0
2023-03-09 14:53:00,BRKL,11.600000381469727,11.600000381469727,11.600000381469727,11.59000015258789,11.59000015258789,2537.0
2023-03-09 14:53:00,BSRR,19.270000457763672,19.270000457763672,19.270000457763672,19.270000457763672,19.270000457763672,383.0
2023-03-09 14:53:00,BTBT,1.0750000476837158,1.0750000476837158,1.0800000429153442,1.0750000476837158,1.0750000476837158,670.0
2023-03-09 14:53:00,BWB,13.489999771118164,13.489999771118164,13.489999771118164,13.489999771118164,13.489999771118164,511.0
2023-03-09 14:53:00,BWFG,27.8700008392334,27.8700008392334,27.8700008392334,27.8700008392334,27.8700008392334,317.0
2023-03-09 14:53:00,CARE,16.28499984741211,16.28499984741211,16.290000915527344,16.274999618530273,16.274999618530273,757.0
2023-03-09 14:53:00,CASH,47.060001373291016,47.060001373291016,47.060001373291016,47.02000045776367,47.02000045776367,480.0
2023-03-09 14:53:00,CATY,38.88999938964844,38.88999938964844,38.88999938964844,38.849998474121094,38.849998474121094,493.0
2023-03-09 14:53:00,CBNK,18.829999923706055,18.829999923706055,18.829999923706055,18.809999465942383,18.825000762939453,964.0
2023-03-09 14:53:00,CBSH,61.900001525878906,61.900001525878906,61.915000915527344,61.900001525878906,61.900001525878906,3196.0
2023-03-09 14:53:00,CFB,12.300000190734863,12.300000190734863,12.300000190734863,12.300000190734863,12.300000190734863,462.0
2023-03-09 14:53:00,CFFN,7.53000020980835,7.53000020980835,7.53000020980835,7.53000020980835,7.53000020980835,133.0
2023-03-09 14:53:00,CG,33.54999923706055,33.54999923706055,33.54999923706055,33.52000045776367,33.529998779296875,38362.0
2023-03-09 14:53:00,CGBD,14.890000343322754,14.890000343322754,14.899999618530273,14.890000343322754,14.899999618530273,712.0
2023-03-09 14:53:00,CHCO,91.73999786376953,91.73999786376953,91.73999786376953,91.5719985961914,91.66000366210938,3039.0
2023-03-09 14:53:00,CHY,12.15999984741211,12.15999984741211,12.15999984741211,12.15999984741211,12.15999984741211,200.0
2023-03-09 14:53:00,CINF,115.38999938964844,115.38999938964844,115.5250015258789,115.38999938964844,115.5250015258789,2399.0
2023-03-09 14:53:00,CIVB,20.739999771118164,20.739999771118164,20.739999771118164,20.739999771118164,20.739999771118164,181.0
2023-03-09 14:53:00,CME,178.52000427246094,178.52000427246094,178.52000427246094,178.3800048828125,178.4600067138672,3442.0
2023-03-09 14:53:00,CNOB,22.040000915527344,22.040000915527344,22.040000915527344,21.969999313354492,21.969999313354492,1907.0
2023-03-09 14:53:00,COLB,24.93000030517578,24.93000030517578,24.932600021362305,24.90999984741211,24.93000030517578,8830.0
2023-03-09 14:53:00,COOP,44.0,44.0,44.0,43.9900016784668,43.9900016784668,1182.0
2023-03-09 14:53:00,CUBA,3.890000104904175,3.890000104904175,3.8949999809265137,3.890000104904175,3.8949999809265137,622.0
2023-03-09 14:53:00,CVBF,21.709999084472656,21.709999084472656,21.729999542236328,21.700000762939453,21.700000762939453,2220.0
2023-03-09 14:53:00,DNAB,10.199999809265137,10.199999809265137,10.199999809265137,10.199999809265137,10.199999809265137,400.0
2023-03-09 14:53:00,EBC,14.40999984741211,14.40999984741211,14.40999984741211,14.399999618530273,14.399999618530273,4764.0
2023-03-09 14:53:00,EFSC,51.36000061035156,51.36000061035156,51.36000061035156,51.36000061035156,51.36000061035156,250.0
2023-03-09 14:53:00,EGBN,40.09000015258789,40.09000015258789,40.09000015258789,40.09000015258789,40.09000015258789,258.0
2023-03-09 14:53:00,EHTH,8.520000457763672,8.520000457763672,8.520000457763672,8.510000228881836,8.520000457763672,795.0
2023-03-09 14:53:00,ESGR,231.0,231.0,231.0,231.0,231.0,242.0
2023-03-09 14:53:00,ESQ,40.709999084472656,40.709999084472656,41.0,40.709999084472656,41.0,1655.0
2023-03-09 14:53:00,EWBC,67.51000213623047,67.51000213623047,67.54000091552734,67.33999633789062,67.52999877929688,18643.0
2023-03-09 14:53:00,EZPW,8.765000343322754,8.765000343322754,8.765000343322754,8.7524995803833,8.7524995803833,1123.0
2023-03-09 14:53:00,FBMS,28.860000610351562,28.860000610351562,28.889999389648438,28.860000610351562,28.8799991607666,721.0
2023-03-09 14:53:00,FCFS,88.63999938964844,88.63999938964844,88.63999938964844,88.63999938964844,88.63999938964844,293.0
2023-03-09 14:53:00,FCRD,4.599999904632568,4.599999904632568,4.599999904632568,4.599999904632568,4.599999904632568,100.0
2023-03-09 14:53:00,FFBC,22.280000686645508,22.280000686645508,22.280000686645508,22.280000686645508,22.280000686645508,1114.0
2023-03-09 14:53:00,FFIC,17.229999542236328,17.229999542236328,17.229999542236328,17.229999542236328,17.229999542236328,945.0
2023-03-09 14:53:00,FFIN,33.459999084472656,33.459999084472656,33.459999084472656,33.439998626708984,33.439998626708984,889.0
2023-03-09 14:53:00,FFWM,12.8149995803833,12.8149995803833,12.8149995803833,12.800000190734863,12.805000305175781,2472.0
2023-03-09 14:53:00,FHB,24.0,24.0,24.0,23.985000610351562,23.989999771118164,3544.0
2023-03-09 14:53:00,FIBK,32.0099983215332,32.0099983215332,32.0099983215332,31.969999313354492,31.969999313354492,1453.0
2023-03-09 14:53:00,FITB,31.96500015258789,31.96500015258789,31.96500015258789,31.90999984741211,31.90999984741211,12089.0
2023-03-09 14:53:00,FMNB,13.204999923706055,13.204999923706055,13.210000038146973,13.180000305175781,13.210000038146973,2826.0
2023-03-09 14:53:00,FOCS,51.599998474121094,51.599998474121094,51.599998474121094,51.599998474121094,51.599998474121094,922.0
2023-03-09 14:53:00,FRME,37.31999969482422,37.31999969482422,37.33000183105469,37.310001373291016,37.310001373291016,838.0
2023-03-09 14:53:00,FSBW,33.38999938964844,33.38999938964844,33.38999938964844,33.38999938964844,33.38999938964844,121.0
2023-03-09 14:53:00,FULT,15.65999984741211,15.65999984741211,15.65999984741211,15.649999618530273,15.649999618530273,2338.0
2023-03-09 14:53:00,FUTU,46.39500045776367,46.39500045776367,46.39500045776367,46.36000061035156,46.375,1826.0
2023-03-09 14:53:00,GBDC,13.270000457763672,13.270000457763672,13.274999618530273,13.270000457763672,13.274999618530273,401.0
2023-03-09 14:53:00,GFGDW,0.08009999990463257,0.08009999990463257,0.08009999990463257,0.08009999990463257,0.08009999990463257,300.0
2023-03-09 14:53:00,GGAL,12.8100004196167,12.8100004196167,12.8100004196167,12.8100004196167,12.8100004196167,110.0
2023-03-09 14:53:00,GLAD,9.800100326538086,9.800100326538086,9.800100326538086,9.800100326538086,9.800100326538086,1902.0
2023-03-09 14:53:00,GLRE,10.260000228881836,10.260000228881836,10.260000228881836,10.260000228881836,10.260000228881836,100.0
2023-03-09 14:53:00,GOCO,18.875,18.875,18.875,18.875,18.875,281.0
2023-03-09 14:53:00,GREE,0.41509899497032166,0.41509899497032166,0.41509899497032166,0.41509899497032166,0.41509899497032166,264.0
2023-03-09 14:53:00,GROW,2.6649999618530273,2.6649999618530273,2.6649999618530273,2.6649999618530273,2.6649999618530273,106.0
2023-03-09 14:53:00,HAFC,21.729999542236328,21.729999542236328,21.729999542236328,21.709999084472656,21.729999542236328,1683.0
2023-03-09 14:53:00,HBAN,13.824999809265137,13.824999809265137,13.829999923706055,13.8100004196167,13.8149995803833,31360.0
2023-03-09 14:53:00,HBNC,13.805000305175781,13.805000305175781,13.805000305175781,13.779899597167969,13.779899597167969,5825.0
2023-03-09 14:53:00,HIVE,2.444999933242798,2.444999933242798,2.444999933242798,2.440000057220459,2.440000057220459,5031.0
2023-03-09 14:53:00,HMST,22.1200008392334,22.1200008392334,22.1200008392334,22.1200008392334,22.1200008392334,254.0
2023-03-09 14:53:00,HONE,12.600000381469727,12.600000381469727,12.609999656677246,12.600000381469727,12.609999656677246,2189.0
2023-03-09 14:53:00,HOPE,11.744999885559082,11.744999885559082,11.744999885559082,11.729999542236328,11.729999542236328,5645.0
2023-03-09 14:53:00,HTBK,10.8100004196167,10.8100004196167,10.8100004196167,10.8100004196167,10.8100004196167,1050.0
2023-03-09 14:53:00,HUT,1.309999942779541,1.309999942779541,1.309999942779541,1.3000999689102173,1.3049999475479126,1157.0
2023-03-09 14:53:00,HWC,43.709999084472656,43.709999084472656,43.709999084472656,43.66999816894531,43.68000030517578,1470.0
2023-03-09 14:53:00,IBKR,87.11000061035156,87.11000061035156,87.11000061035156,87.01000213623047,87.04000091552734,2098.0
2023-03-09 14:53:00,IBOC,44.880001068115234,44.880001068115234,44.880001068115234,44.880001068115234,44.880001068115234,621.0
2023-03-09 14:53:00,INDB,71.5199966430664,71.5199966430664,71.5199966430664,71.47000122070312,71.47000122070312,1522.0
2023-03-09 14:54:00,ABCB,42.61000061035156,42.61000061035156,42.61000061035156,42.61000061035156,42.61000061035156,236.0
2023-03-09 14:54:00,ACGL,68.78099822998047,68.78099822998047,68.80999755859375,68.7750015258789,68.80999755859375,2049.0
2023-03-09 14:54:00,ACT,23.934999465942383,23.934999465942383,23.934999465942383,23.934999465942383,23.934999465942383,526.0
2023-03-09 14:54:00,AIHS,0.8781999945640564,0.8781999945640564,0.8781999945640564,0.8781999945640564,0.8781999945640564,100.0
2023-03-09 14:54:00,APLD,2.065000057220459,2.065000057220459,2.065000057220459,2.055000066757202,2.055000066757202,2855.0
2023-03-09 14:54:00,ARCC,18.649999618530273,18.649999618530273,18.665000915527344,18.649999618530273,18.665000915527344,4322.0
2023-03-09 14:54:00,AUB,36.51499938964844,36.51499938964844,36.529998779296875,36.5,36.529998779296875,2441.0
2023-03-09 14:54:00,BANR,57.529998779296875,57.529998779296875,57.529998779296875,57.529998779296875,57.529998779296875,137.0
2023-03-09 14:54:00,BCBP,15.680000305175781,15.680000305175781,15.680000305175781,15.680000305175781,15.680000305175781,189.0
2023-03-09 14:54:00,BGCP,4.994999885559082,4.994999885559082,5.005000114440918,4.994999885559082,5.005000114440918,7778.0
2023-03-09 14:54:00,BHF,52.290000915527344,52.290000915527344,52.33000183105469,52.290000915527344,52.31999969482422,1928.0
2023-03-09 14:54:00,BHFAP,23.899999618530273,23.899999618530273,24.030000686645508,23.889999389648438,24.0,1700.0
2023-03-09 14:54:00,BITF,0.7251999974250793,0.7251999974250793,0.7251999974250793,0.7251999974250793,0.7251999974250793,2100.0
2023-03-09 14:54:00,BKCC,3.629199981689453,3.629199981689453,3.629199981689453,3.629199981689453,3.629199981689453,377.0
2023-03-09 14:54:00,BMRC,26.7450008392334,26.7450008392334,26.7450008392334,26.7450008392334,26.7450008392334,273.0
2023-03-09 14:54:00,BOKF,95.44000244140625,95.44000244140625,95.58000183105469,95.44000244140625,95.54000091552734,1566.0
2023-03-09 14:54:00,BPOP,62.41999816894531,62.41999816894531,62.4900016784668,62.41999816894531,62.4900016784668,1908.0
2023-03-09 14:54:00,BRKL,11.600000381469727,11.600000381469727,11.619999885559082,11.600000381469727,11.619999885559082,1530.0
2023-03-09 14:54:00,BRP,25.114999771118164,25.114999771118164,25.114999771118164,25.09000015258789,25.110000610351562,917.0
2023-03-09 14:54:00,BTBT,1.0800000429153442,1.0800000429153442,1.0800000429153442,1.0781999826431274,1.0781999826431274,1277.0
2023-03-09 14:54:00,BUSE,22.610000610351562,22.610000610351562,22.610000610351562,22.610000610351562,22.610000610351562,307.0
2023-03-09 14:54:00,BWB,13.5,13.5,13.5,13.5,13.5,462.0
2023-03-09 14:54:00,CALB,24.65999984741211,24.65999984741211,24.65999984741211,24.65999984741211,24.65999984741211,181.0
2023-03-09 14:54:00,CARE,16.270000457763672,16.270000457763672,16.270000457763672,16.270000457763672,16.270000457763672,645.0
2023-03-09 14:54:00,CARV,4.463099956512451,4.463099956512451,4.463099956512451,4.463099956512451,4.463099956512451,100.0
2023-03-09 14:54:00,CASH,47.02000045776367,47.02000045776367,47.04999923706055,47.02000045776367,47.04999923706055,1121.0
2023-03-09 14:54:00,CATY,38.84000015258789,38.84000015258789,38.90999984741211,38.84000015258789,38.900001525878906,1282.0
2023-03-09 14:54:00,CBSH,61.86000061035156,61.86000061035156,61.959999084472656,61.86000061035156,61.959999084472656,13659.0
2023-03-09 14:54:00,CCB,42.0099983215332,42.0099983215332,42.0099983215332,42.0099983215332,42.0099983215332,281.0
2023-03-09 14:54:00,CFB,12.279999732971191,12.279999732971191,12.279999732971191,12.279999732971191,12.279999732971191,138.0
2023-03-09 14:54:00,CFFN,7.534999847412109,7.534999847412109,7.539999961853027,7.534999847412109,7.539999961853027,3814.0
2023-03-09 14:54:00,CG,33.5,33.5,33.54999923706055,33.5,33.54999923706055,6416.0
2023-03-09 14:54:00,CGBD,14.869999885559082,14.869999885559082,14.869999885559082,14.869999885559082,14.869999885559082,110.0
2023-03-09 14:54:00,CHY,12.149999618530273,12.149999618530273,12.15999984741211,12.149999618530273,12.15999984741211,200.0
2023-03-09 14:54:00,CIFR,1.423799991607666,1.423799991607666,1.423799991607666,1.4215999841690063,1.423799991607666,3105.0
2023-03-09 14:54:00,CINF,115.4625015258789,115.4625015258789,115.4625015258789,115.4625015258789,115.4625015258789,197.0
2023-03-09 14:54:00,CLBK,19.65999984741211,19.65999984741211,19.670000076293945,19.65999984741211,19.65999984741211,2630.0
2023-03-09 14:54:00,CME,178.34500122070312,178.34500122070312,178.5399932861328,178.3300018310547,178.5399932861328,2930.0
2023-03-09 14:54:00,CNOB,22.030000686645508,22.030000686645508,22.059999465942383,22.030000686645508,22.049999237060547,2179.0
2023-03-09 14:54:00,COLB,24.950000762939453,24.950000762939453,24.969999313354492,24.940000534057617,24.940000534057617,9104.0
2023-03-09 14:54:00,COOP,44.040000915527344,44.040000915527344,44.040000915527344,44.040000915527344,44.040000915527344,145.0
2023-03-09 14:54:00,CSWC,18.175399780273438,18.175399780273438,18.18000030517578,18.17009925842285,18.18000030517578,1380.0
2023-03-09 14:54:00,CVBF,21.709999084472656,21.709999084472656,21.719999313354492,21.690000534057617,21.719999313354492,2805.0
2023-03-09 14:54:00,CVLY,24.100000381469727,24.100000381469727,24.100000381469727,24.100000381469727,24.100000381469727,192.0
2023-03-09 14:54:00,EBC,14.399999618530273,14.399999618530273,14.40999984741211,14.399999618530273,14.40999984741211,1202.0
2023-03-09 14:54:00,ECPG,50.52000045776367,50.52000045776367,50.54999923706055,50.52000045776367,50.54999923706055,2604.0
2023-03-09 14:54:00,EFSC,51.43000030517578,51.43000030517578,51.43000030517578,51.43000030517578,51.43000030517578,218.0
2023-03-09 14:54:00,EGBN,40.09000015258789,40.09000015258789,40.09000015258789,40.08000183105469,40.08000183105469,221.0
2023-03-09 14:54:00,EHTH,8.520000457763672,8.520000457763672,8.529999732971191,8.520000457763672,8.529999732971191,805.0
2023-03-09 14:54:00,ESQ,41.16999816894531,41.16999816894531,41.16999816894531,40.880001068115234,40.880001068115234,220.0
2023-03-09 14:54:00,EWBC,67.56999969482422,67.56999969482422,67.58999633789062,67.54000091552734,67.56999969482422,4565.0
2023-03-09 14:54:00,EZPW,8.765000343322754,8.765000343322754,8.765000343322754,8.765000343322754,8.765000343322754,117.0
2023-03-09 14:54:00,FBMS,28.8799991607666,28.8799991607666,28.8799991607666,28.8799991607666,28.8799991607666,512.0
2023-03-09 14:54:00,FBNC,38.45000076293945,38.45000076293945,38.5,38.45000076293945,38.459999084472656,2129.0
2023-03-09 14:54:00,FCRD,4.599999904632568,4.599999904632568,4.599999904632568,4.599999904632568,4.599999904632568,200.0
2023-03-09 14:54:00,FDBC,48.05080032348633,48.05080032348633,48.05080032348633,48.05080032348633,48.05080032348633,1156.0
2023-03-09 14:54:00,FFBC,22.280000686645508,22.280000686645508,22.290000915527344,22.280000686645508,22.290000915527344,1200.0
2023-03-09 14:54:00,FFIC,17.219999313354492,17.219999313354492,17.219999313354492,17.219999313354492,17.219999313354492,674.0
2023-03-09 14:54:00,FFIN,33.459999084472656,33.459999084472656,33.47999954223633,33.459999084472656,33.46500015258789,977.0
2023-03-09 14:54:00,FFWM,12.8100004196167,12.8100004196167,12.819999694824219,12.8100004196167,12.819999694824219,1016.0
2023-03-09 14:54:00,FHB,23.969999313354492,23.969999313354492,23.989999771118164,23.969999313354492,23.989999771118164,724.0
2023-03-09 14:54:00,FIBK,31.969999313354492,31.969999313354492,32.0,31.969999313354492,32.0,1046.0
2023-03-09 14:54:00,FITB,31.969999313354492,31.969999313354492,31.985000610351562,31.950000762939453,31.96500015258789,30722.0
2023-03-09 14:54:00,FITBP,24.09000015258789,24.09000015258789,24.09000015258789,24.09000015258789,24.09000015258789,120.0
2023-03-09 14:54:00,FLIC,16.100000381469727,16.100000381469727,16.100000381469727,16.100000381469727,16.100000381469727,127.0
2023-03-09 14:54:00,FMNB,13.199999809265137,13.199999809265137,13.199999809265137,13.199999809265137,13.199999809265137,284.0
2023-03-09 14:54:00,FNCB,7.300000190734863,7.300000190734863,7.300000190734863,7.300000190734863,7.300000190734863,130.0
2023-03-09 14:54:00,FOCS,51.59000015258789,51.59000015258789,51.59000015258789,51.59000015258789,51.59000015258789,200.0
2023-03-09 14:54:00,FRBK,1.684999942779541,1.684999942779541,1.690000057220459,1.684999942779541,1.690000057220459,493.0
2023-03-09 14:54:00,FRME,37.34000015258789,37.34000015258789,37.34000015258789,37.34000015258789,37.34000015258789,517.0
2023-03-09 14:54:00,FRST,10.760000228881836,10.760000228881836,10.779999732971191,10.760000228881836,10.770000457763672,613.0
2023-03-09 14:54:00,FULT,15.649999618530273,15.649999618530273,15.670000076293945,15.649999618530273,15.670000076293945,1155.0
2023-03-09 14:54:00,FUND,8.489999771118164,8.489999771118164,8.489999771118164,8.489999771118164,8.489999771118164,100.0
2023-03-09 14:54:00,FUTU,46.435001373291016,46.435001373291016,46.439998626708984,46.40999984741211,46.439998626708984,684.0
2023-03-09 14:54:00,GABC,35.8849983215332,35.8849983215332,35.88999938964844,35.869998931884766,35.869998931884766,1528.0
2023-03-09 14:54:00,GAIN,13.520000457763672,13.520000457763672,13.520000457763672,13.520000457763672,13.520000457763672,400.0
2023-03-09 14:54:00,GBDC,13.270000457763672,13.270000457763672,13.270000457763672,13.270000457763672,13.270000457763672,309.0
2023-03-09 14:54:00,GCMG,8.399999618530273,8.399999618530273,8.399999618530273,8.399999618530273,8.399999618530273,203.0
2023-03-09 14:54:00,GFGDW,0.08009999990463257,0.08009999990463257,0.08009999990463257,0.08009999990463257,0.08009999990463257,300.0
2023-03-09 14:54:00,GGAL,12.819999694824219,12.819999694824219,12.819999694824219,12.819999694824219,12.819999694824219,134.0
2023-03-09 14:54:00,GLAD,9.805000305175781,9.805000305175781,9.805000305175781,9.805000305175781,9.805000305175781,272.0
2023-03-09 14:54:00,GSHD,51.06999969482422,51.06999969482422,51.06999969482422,51.06999969482422,51.06999969482422,336.0
2023-03-09 14:54:00,HBAN,13.845000267028809,13.845000267028809,13.850000381469727,13.824999809265137,13.829999923706055,133043.0
2023-03-09 14:54:00,HBNC,13.800000190734863,13.800000190734863,13.8100004196167,13.800000190734863,13.8100004196167,1601.0
2023-03-09 14:54:00,HFWA,24.489999771118164,24.489999771118164,24.489999771118164,24.479999542236328,24.479999542236328,2452.0
2023-03-09 14:54:00,HIVE,2.440000057220459,2.440000057220459,2.444999933242798,2.440000057220459,2.444999933242798,2453.0
2023-03-09 14:54:00,HMST,22.1200008392334,22.1200008392334,22.18000030517578,22.110000610351562,22.139999389648438,1946.0
2023-03-09 14:54:00,HOPE,11.734999656677246,11.734999656677246,11.744999885559082,11.734999656677246,11.744999885559082,1563.0
2023-03-09 14:54:00,HTBK,10.800000190734863,10.800000190734863,10.8100004196167,10.800000190734863,10.8100004196167,317.0
2023-03-09 14:54:00,HUT,1.309999942779541,1.309999942779541,1.309999942779541,1.2999999523162842,1.3049999475479126,38234.0
2023-03-09 14:54:00,HVBC,30.670000076293945,30.670000076293945,30.670000076293945,30.670000076293945,30.670000076293945,100.0
2023-03-09 14:54:00,HWC,43.72999954223633,43.72999954223633,43.72999954223633,43.72999954223633,43.72999954223633,360.0
2023-03-09 14:54:00,IBKR,87.1500015258789,87.1500015258789,87.18000030517578,87.06999969482422,87.0999984741211,2187.0
2023-03-09 14:54:00,IBOC,44.86880111694336,44.86880111694336,44.86880111694336,44.86880111694336,44.86880111694336,370.0
2023-03-09 14:54:00,IBTX,52.529998779296875,52.529998779296875,52.64500045776367,52.52000045776367,52.64500045776367,2258.0
2023-03-09 14:54:00,INBK,23.399999618530273,23.399999618530273,23.399999618530273,23.399999618530273,23.399999618530273,561.0
2023-03-09 14:54:00,INDB,71.58999633789062,71.58999633789062,71.68000030517578,71.58999633789062,71.68000030517578,3167.0
2023-03-09 14:55:00,ABCB,42.540000915527344,42.540000915527344,42.599998474121094,42.540000915527344,42.599998474121094,473.0
2023-03-09 14:55:00,ACGL,68.75,68.75,68.76000213623047,68.7300033569336,68.76000213623047,6260.0
2023-03-09 14:55:00,ADAL,10.414999961853027,10.414999961853027,10.414999961853027,10.414999961853027,10.414999961853027,200000.0
2023-03-09 14:55:00,APLD,2.065000057220459,2.065000057220459,2.065000057220459,2.065000057220459,2.065000057220459,676.0
2023-03-09 14:55:00,ARCC,18.639999389648438,18.639999389648438,18.655000686645508,18.639999389648438,18.649999618530273,12565.0
2023-03-09 14:55:00,ATLC,29.405000686645508,29.405000686645508,29.405000686645508,29.405000686645508,29.405000686645508,151.0
2023-03-09 14:55:00,AUB,36.5,36.5,36.5,36.4900016784668,36.4900016784668,869.0
2023-03-09 14:55:00,BANF,85.6500015258789,85.6500015258789,85.6500015258789,85.6500015258789,85.6500015258789,398.0
2023-03-09 14:55:00,BCBP,15.6899995803833,15.6899995803833,15.6899995803833,15.6899995803833,15.6899995803833,745.0
2023-03-09 14:55:00,BGCP,4.994999885559082,4.994999885559082,4.994999885559082,4.994999885559082,4.994999885559082,1451.0
2023-03-09 14:55:00,BHFAP,23.950000762939453,23.950000762939453,23.950000762939453,23.950000762939453,23.950000762939453,415.0
2023-03-09 14:55:00,BITF,0.7251999974250793,0.7251999974250793,0.7251999974250793,0.7251999974250793,0.7251999974250793,5150.0
2023-03-09 14:55:00,BPOP,62.400001525878906,62.400001525878906,62.452701568603516,62.38999938964844,62.452701568603516,741.0
2023-03-09 14:55:00,BRKL,11.595000267028809,11.595000267028809,11.595000267028809,11.595000267028809,11.595000267028809,201.0
2023-03-09 14:55:00,BTBT,1.070099949836731,1.070099949836731,1.0750000476837158,1.070099949836731,1.0750000476837158,1196.0
2023-03-09 14:55:00,BUSE,22.610000610351562,22.610000610351562,22.610000610351562,22.610000610351562,22.610000610351562,160.0
2023-03-09 14:55:00,BWB,13.5,13.5,13.5,13.5,13.5,166.0
2023-03-09 14:55:00,CATY,38.869998931884766,38.869998931884766,38.869998931884766,38.869998931884766,38.869998931884766,216.0
2023-03-09 14:55:00,CBSH,61.900001525878906,61.900001525878906,61.900001525878906,61.849998474121094,61.875,2214.0
2023-03-09 14:55:00,CFB,12.300000190734863,12.300000190734863,12.300000190734863,12.300000190734863,12.300000190734863,636.0
2023-03-09 14:55:00,CFFS,10.300000190734863,10.300000190734863,10.300000190734863,10.300000190734863,10.300000190734863,104.0
2023-03-09 14:55:00,CG,33.5,33.5,33.51499938964844,33.5,33.5,18905.0
2023-03-09 14:55:00,CGBD,14.880000114440918,14.880000114440918,14.880000114440918,14.880000114440918,14.880000114440918,510.0
2023-03-09 14:55:00,CHY,12.149999618530273,12.149999618530273,12.149999618530273,12.149999618530273,12.149999618530273,100.0
2023-03-09 14:55:00,CIFR,1.4199999570846558,1.4199999570846558,1.4199999570846558,1.409999966621399,1.4199999570846558,6165.0
2023-03-09 14:55:00,CINF,115.41500091552734,115.41500091552734,115.41500091552734,115.38999938964844,115.41000366210938,731.0
2023-03-09 14:55:00,CIVB,20.735000610351562,20.735000610351562,20.735000610351562,20.735000610351562,20.735000610351562,169.0
2023-03-09 14:55:00,CLBK,19.65999984741211,19.65999984741211,19.65999984741211,19.65999984741211,19.65999984741211,492.0
2023-03-09 14:55:00,CME,178.36000061035156,178.36000061035156,178.43609619140625,178.36000061035156,178.42999267578125,1269.0
2023-03-09 14:55:00,COFS,28.05500030517578,28.05500030517578,28.05500030517578,28.0,28.05500030517578,1057.0
2023-03-09 14:55:00,COLB,24.96769905090332,24.96769905090332,24.96769905090332,24.94499969482422,24.950000762939453,4090.0
2023-03-09 14:55:00,COOP,44.00749969482422,44.00749969482422,44.00749969482422,44.00749969482422,44.00749969482422,219.0
2023-03-09 14:55:00,CSTR,15.130000114440918,15.130000114440918,15.140000343322754,15.130000114440918,15.140000343322754,259.0
2023-03-09 14:55:00,CSWC,18.170000076293945,18.170000076293945,18.170000076293945,18.170000076293945,18.170000076293945,156.0
2023-03-09 14:55:00,CULL,11.770099639892578,11.770099639892578,11.770099639892578,11.770000457763672,11.770000457763672,1201.0
2023-03-09 14:55:00,CVBF,21.700000762939453,21.700000762939453,21.700000762939453,21.700000762939453,21.700000762939453,421.0
2023-03-09 14:55:00,EBC,14.399999618530273,14.399999618530273,14.404999732971191,14.399999618530273,14.399999618530273,1371.0
2023-03-09 14:55:00,EGBN,40.099998474121094,40.099998474121094,40.099998474121094,40.099998474121094,40.099998474121094,271.0
2023-03-09 14:55:00,EHTH,8.5,8.5,8.510000228881836,8.5,8.510000228881836,622.0
2023-03-09 14:55:00,EQBK,28.110000610351562,28.110000610351562,28.110000610351562,28.110000610351562,28.110000610351562,474.0
2023-03-09 14:55:00,ESGR,231.0,231.0,231.0,231.0,231.0,546.0
2023-03-09 14:55:00,ESGRP,23.24410057067871,23.24410057067871,23.24410057067871,23.24410057067871,23.24410057067871,566.0
2023-03-09 14:55:00,EWBC,67.5999984741211,67.5999984741211,67.61000061035156,67.55999755859375,67.56999969482422,3588.0
2023-03-09 14:55:00,FBIZ,33.5,33.5,33.5,33.5,33.5,105.0
2023-03-09 14:55:00,FCFS,88.7699966430664,88.7699966430664,88.7699966430664,88.70999908447266,88.70999908447266,627.0
2023-03-09 14:55:00,FCRD,4.599999904632568,4.599999904632568,4.599999904632568,4.599999904632568,4.599999904632568,100.0
2023-03-09 14:55:00,FFIN,33.439998626708984,33.439998626708984,33.439998626708984,33.439998626708984,33.439998626708984,896.0
2023-03-09 14:55:00,FFWM,12.805000305175781,12.805000305175781,12.805000305175781,12.805000305175781,12.805000305175781,200.0
2023-03-09 14:55:00,FIBK,31.975000381469727,31.975000381469727,31.979999542236328,31.975000381469727,31.979999542236328,311.0
2023-03-09 14:55:00,FITB,31.96500015258789,31.96500015258789,31.979999542236328,31.959999084472656,31.969999313354492,8317.0
2023-03-09 14:55:00,FOCS,51.599998474121094,51.599998474121094,51.599998474121094,51.595001220703125,51.595001220703125,594.0
2023-03-09 14:55:00,FRBK,1.6799999475479126,1.6799999475479126,1.684999942779541,1.6799999475479126,1.684999942779541,318.0
2023-03-09 14:55:00,FRME,37.32500076293945,37.32500076293945,37.32500076293945,37.32500076293945,37.32500076293945,781.0
2023-03-09 14:55:00,FSBW,33.27000045776367,33.27000045776367,33.279998779296875,33.27000045776367,33.279998779296875,1030.0
2023-03-09 14:55:00,FUTU,46.435001373291016,46.435001373291016,46.435001373291016,46.43000030517578,46.43000030517578,512.0
2023-03-09 14:55:00,FVCB,13.239999771118164,13.239999771118164,13.239999771118164,13.239999771118164,13.239999771118164,232.0
2023-03-09 14:55:00,GAIN,13.520000457763672,13.520000457763672,13.520000457763672,13.520000457763672,13.520000457763672,104.0
2023-03-09 14:55:00,GBDC,13.25,13.25,13.270000457763672,13.25,13.270000457763672,4161.0
2023-03-09 14:55:00,GFGDW,0.08009999990463257,0.08009999990463257,0.08009999990463257,0.08009999990463257,0.08009999990463257,1700.0
2023-03-09 14:55:00,GLAD,9.809800148010254,9.809800148010254,9.809800148010254,9.809800148010254,9.809800148010254,696.0
2023-03-09 14:55:00,GREE,0.41314899921417236,0.41314899921417236,0.41314899921417236,0.41314899921417236,0.41314899921417236,300.0
2023-03-09 14:55:00,HBAN,13.845000267028809,13.845000267028809,13.850000381469727,13.84000015258789,13.845000267028809,9893.0
2023-03-09 14:55:00,HBANP,19.008800506591797,19.008800506591797,19.008800506591797,19.008800506591797,19.008800506591797,204.0
2023-03-09 14:55:00,HBT,22.0044002532959,22.0044002532959,22.0044002532959,22.0044002532959,22.0044002532959,605.0
2023-03-09 14:55:00,HFWA,24.479999542236328,24.479999542236328,24.479999542236328,24.479999542236328,24.479999542236328,100.0
2023-03-09 14:55:00,HIVE,2.440000057220459,2.440000057220459,2.440000057220459,2.434999942779541,2.440000057220459,1637.0
2023-03-09 14:55:00,HOPE,11.734999656677246,11.734999656677246,11.734999656677246,11.729999542236328,11.734999656677246,817.0
2023-03-09 14:55:00,HTBI,27.635000228881836,27.635000228881836,27.635000228881836,27.635000228881836,27.635000228881836,154.0
2023-03-09 14:55:00,HUT,1.3099000453948975,1.3099000453948975,1.309999942779541,1.3000999689102173,1.301900029182434,44681.0
2023-03-09 14:55:00,HWC,43.68000030517578,43.68000030517578,43.68000030517578,43.68000030517578,43.68000030517578,412.0
2023-03-09 14:55:00,IBCP,20.520000457763672,20.520000457763672,20.520000457763672,20.520000457763672,20.520000457763672,370.0
2023-03-09 14:55:00,IBKR,87.20999908447266,87.20999908447266,87.20999908447266,87.20999908447266,87.20999908447266,200.0
2023-03-09 14:55:00,INBK,23.479999542236328,23.479999542236328,23.479999542236328,23.479999542236328,23.479999542236328,153.0
2023-03-09 14:56:00,ACGL,68.74120330810547,68.74120330810547,68.76000213623047,68.7300033569336,68.7300033569336,2044.0
2023-03-09 14:56:00,ACT,23.940000534057617,23.940000534057617,23.940000534057617,23.940000534057617,23.940000534057617,122.0
2023-03-09 14:56:00,ADAL,10.40999984741211,10.40999984741211,10.40999984741211,10.40999984741211,10.40999984741211,100000.0
2023-03-09 14:56:00,AIMAW,0.035100001841783524,0.035100001841783524,0.035100001841783524,0.035100001841783524,0.035100001841783524,100.0
2023-03-09 14:56:00,ARCC,18.649999618530273,18.649999618530273,18.649999618530273,18.639999389648438,18.645000457763672,2996.0
2023-03-09 14:56:00,AUB,36.5099983215332,36.5099983215332,36.5099983215332,36.5,36.5,3001.0
2023-03-09 14:56:00,BANR,57.380001068115234,57.380001068115234,57.380001068115234,57.380001068115234,57.380001068115234,100.0
2023-03-09 14:56:00,BCML,19.40999984741211,19.40999984741211,19.40999984741211,19.40999984741211,19.40999984741211,313.0
2023-03-09 14:56:00,BGCP,4.994999885559082,4.994999885559082,4.994999885559082,4.994999885559082,4.994999885559082,464.0
2023-03-09 14:56:00,BHF,52.27000045776367,52.27000045776367,52.27000045776367,52.27000045776367,52.27000045776367,480.0
2023-03-09 14:56:00,BITF,0.7250999808311462,0.7250999808311462,0.7251999974250793,0.7250999808311462,0.7250999808311462,1440.0
2023-03-09 14:56:00,BKCC,3.619999885559082,3.619999885559082,3.6256000995635986,3.619999885559082,3.6256000995635986,626.0
2023-03-09 14:56:00,BOKF,95.42500305175781,95.42500305175781,95.42500305175781,95.42500305175781,95.42500305175781,467.0
2023-03-09 14:56:00,BPOP,62.33000183105469,62.33000183105469,62.369998931884766,62.29999923706055,62.36000061035156,5161.0
2023-03-09 14:56:00,BRKL,11.604999542236328,11.604999542236328,11.604999542236328,11.600000381469727,11.600000381469727,539.0
2023-03-09 14:56:00,BSRR,19.260000228881836,19.260000228881836,19.260000228881836,19.260000228881836,19.260000228881836,102.0
2023-03-09 14:56:00,BTBT,1.0750000476837158,1.0750000476837158,1.0788999795913696,1.0750000476837158,1.0788999795913696,335.0
2023-03-09 14:56:00,BTCS,1.2000000476837158,1.2000000476837158,1.2000000476837158,1.1800999641418457,1.1800999641418457,1095.0
2023-03-09 14:56:00,BUSE,22.610000610351562,22.610000610351562,22.610000610351562,22.610000610351562,22.610000610351562,173.0
2023-03-09 14:56:00,BWB,13.5,13.5,13.5,13.5,13.5,177.0
2023-03-09 14:56:00,CATY,38.853599548339844,38.853599548339844,38.853599548339844,38.853599548339844,38.853599548339844,201.0
2023-03-09 14:56:00,CBAN,11.779999732971191,11.779999732971191,11.779999732971191,11.779999732971191,11.779999732971191,639.0
2023-03-09 14:56:00,CBSH,61.869998931884766,61.869998931884766,61.869998931884766,61.869998931884766,61.869998931884766,254.0
2023-03-09 14:56:00,CCAI,10.460200309753418,10.460200309753418,10.460200309753418,10.460100173950195,10.460100173950195,300.0
2023-03-09 14:56:00,CCD,22.860000610351562,22.860000610351562,22.860000610351562,22.860000610351562,22.860000610351562,545.0
2023-03-09 14:56:00,CCNE,22.549999237060547,22.549999237060547,22.549999237060547,22.549999237060547,22.549999237060547,220.0
2023-03-09 14:56:00,CFB,12.289999961853027,12.289999961853027,12.300000190734863,12.289999961853027,12.300000190734863,1247.0
2023-03-09 14:56:00,CFFN,7.534999847412109,7.534999847412109,7.534999847412109,7.534999847412109,7.534999847412109,937.0
2023-03-09 14:56:00,CG,33.4900016784668,33.4900016784668,33.5,33.474998474121094,33.5,4247.0
2023-03-09 14:56:00,CGBD,14.899999618530273,14.899999618530273,14.899999618530273,14.880000114440918,14.880000114440918,1939.0
2023-03-09 14:56:00,CHY,12.149999618530273,12.149999618530273,12.149999618530273,12.149999618530273,12.149999618530273,221.0
2023-03-09 14:56:00,CME,178.22000122070312,178.22000122070312,178.30999755859375,178.1699981689453,178.3000030517578,3370.0
2023-03-09 14:56:00,COLB,24.96500015258789,24.96500015258789,24.979999542236328,24.95210075378418,24.959999084472656,7529.0
2023-03-09 14:56:00,CSTR,15.119999885559082,15.119999885559082,15.119999885559082,15.119999885559082,15.119999885559082,192.0
2023-03-09 14:56:00,CSWC,18.16510009765625,18.16510009765625,18.170000076293945,18.16510009765625,18.170000076293945,1719.0
2023-03-09 14:56:00,CULL,11.772600173950195,11.772600173950195,11.772600173950195,11.770000457763672,11.770000457763672,1800.0
2023-03-09 14:56:00,CVBF,21.684999465942383,21.684999465942383,21.690000534057617,21.68000030517578,21.690000534057617,3023.0
2023-03-09 14:56:00,CVLY,24.049999237060547,24.049999237060547,24.125,24.049999237060547,24.087499618530273,3897.0
2023-03-09 14:56:00,EBC,14.390000343322754,14.390000343322754,14.390000343322754,14.380000114440918,14.390000343322754,9007.0
2023-03-09 14:56:00,ESQ,41.029998779296875,41.029998779296875,41.029998779296875,40.560001373291016,40.560001373291016,300.0
2023-03-09 14:56:00,EWBC,67.66999816894531,67.66999816894531,67.66999816894531,67.5199966430664,67.55999755859375,4534.0
2023-03-09 14:56:00,FANH,8.229999542236328,8.229999542236328,8.229999542236328,8.229999542236328,8.229999542236328,334.0
2023-03-09 14:56:00,FBMS,28.90999984741211,28.90999984741211,28.90999984741211,28.90999984741211,28.90999984741211,135.0
2023-03-09 14:56:00,FBNC,38.380001068115234,38.380001068115234,38.400001525878906,38.380001068115234,38.400001525878906,417.0
2023-03-09 14:56:00,FCNCA,643.3200073242188,643.3200073242188,643.3200073242188,643.3200073242188,643.3200073242188,630.0
2023-03-09 14:56:00,FCRD,4.599999904632568,4.599999904632568,4.599999904632568,4.599999904632568,4.599999904632568,111.0
2023-03-09 14:56:00,FFIN,33.45000076293945,33.45000076293945,33.45000076293945,33.44499969482422,33.44499969482422,763.0
2023-03-09 14:56:00,FFWM,12.800000190734863,12.800000190734863,12.800000190734863,12.800000190734863,12.800000190734863,431.0
2023-03-09 14:56:00,FHB,23.950000762939453,23.950000762939453,23.950000762939453,23.950000762939453,23.950000762939453,995.0
2023-03-09 14:56:00,FIBK,31.969999313354492,31.969999313354492,31.969999313354492,31.969999313354492,31.969999313354492,1223.0
2023-03-09 14:56:00,FITB,31.969999313354492,31.969999313354492,31.969999313354492,31.93000030517578,31.959999084472656,19989.0
2023-03-09 14:56:00,FLIC,16.100000381469727,16.100000381469727,16.100000381469727,16.09000015258789,16.09000015258789,679.0
2023-03-09 14:56:00,FMNB,13.199999809265137,13.199999809265137,13.199999809265137,13.199999809265137,13.199999809265137,169.0
2023-03-09 14:56:00,FOCS,51.599998474121094,51.599998474121094,51.599998474121094,51.59000015258789,51.59000015258789,2874.0
2023-03-09 14:56:00,FRBK,1.6799999475479126,1.6799999475479126,1.684999942779541,1.6799999475479126,1.684999942779541,1106.0
2023-03-09 14:56:00,FULT,15.649999618530273,15.649999618530273,15.649999618530273,15.640000343322754,15.645000457763672,1010.0
2023-03-09 14:56:00,FUTU,46.400001525878906,46.400001525878906,46.400001525878906,46.400001525878906,46.400001525878906,1246.0
2023-03-09 14:56:00,FVCB,13.2475004196167,13.2475004196167,13.2475004196167,13.2475004196167,13.2475004196167,255.0
2023-03-09 14:56:00,GAIN,13.520000457763672,13.520000457763672,13.520000457763672,13.520000457763672,13.520000457763672,258.0
2023-03-09 14:56:00,GBDC,13.25,13.25,13.25,13.25,13.25,1329.0
2023-03-09 14:56:00,GFGDW,0.08009999990463257,0.08009999990463257,0.08009999990463257,0.08009999990463257,0.08009999990463257,100.0
2023-03-09 14:56:00,GGAL,12.800000190734863,12.800000190734863,12.819999694824219,12.800000190734863,12.819999694824219,318.0
2023-03-09 14:56:00,GSHD,51.0,51.0,51.0,51.0,51.0,497.0
2023-03-09 14:56:00,HAFC,21.709999084472656,21.709999084472656,21.709999084472656,21.709999084472656,21.709999084472656,1248.0
2023-03-09 14:56:00,HBAN,13.850000381469727,13.850000381469727,13.854999542236328,13.84000015258789,13.845000267028809,95003.0
2023-03-09 14:56:00,HFWA,24.469999313354492,24.469999313354492,24.469999313354492,24.469999313354492,24.469999313354492,221.0
2023-03-09 14:56:00,HIVE,2.434999942779541,2.434999942779541,2.434999942779541,2.434999942779541,2.434999942779541,205.0
2023-03-09 14:56:00,HLNE,74.94499969482422,74.94499969482422,74.95249938964844,74.86000061035156,74.88999938964844,2052.0
2023-03-09 14:56:00,HNNA,8.199999809265137,8.199999809265137,8.199999809265137,8.199999809265137,8.199999809265137,420.0
2023-03-09 14:56:00,HOPE,11.729999542236328,11.729999542236328,11.729999542236328,11.725000381469727,11.729999542236328,2057.0
2023-03-09 14:56:00,HRZN,11.710000038146973,11.710000038146973,11.710000038146973,11.710000038146973,11.710000038146973,709.0
2023-03-09 14:56:00,HTLF,45.36000061035156,45.36000061035156,45.36000061035156,45.36000061035156,45.36000061035156,426.0
2023-03-09 14:56:00,HUT,1.309999942779541,1.309999942779541,1.309999942779541,1.3000999689102173,1.309499979019165,18783.0
2023-03-09 14:56:00,HWC,43.65999984741211,43.65999984741211,43.65999984741211,43.65999984741211,43.65999984741211,778.0
2023-03-09 14:56:00,IBKR,87.12999725341797,87.12999725341797,87.16000366210938,87.12999725341797,87.16000366210938,1507.0
2023-03-09 14:56:00,IBOC,44.81999969482422,44.81999969482422,44.84000015258789,44.81999969482422,44.84000015258789,544.0
2023-03-09 14:56:00,IBTX,52.54999923706055,52.54999923706055,52.54999923706055,52.54999923706055,52.54999923706055,285.0
2023-03-09 14:57:00,ACGL,68.69999694824219,68.69999694824219,68.75330352783203,68.69999694824219,68.75330352783203,3587.0
2023-03-09 14:57:00,ACT,24.110000610351562,24.110000610351562,24.110000610351562,23.959999084472656,23.959999084472656,4970.0
2023-03-09 14:57:00,AIHS,0.8759999871253967,0.8759999871253967,0.8759999871253967,0.8759999871253967,0.8759999871253967,294.0
2023-03-09 14:57:00,AMRK,28.049999237060547,28.049999237060547,28.110000610351562,28.049999237060547,28.110000610351562,1000.0
2023-03-09 14:57:00,AMSF,51.31999969482422,51.31999969482422,51.31999969482422,51.31999969482422,51.31999969482422,914.0
2023-03-09 14:57:00,ARCC,18.6299991607666,18.6299991607666,18.645000457763672,18.6299991607666,18.645000457763672,14608.0
2023-03-09 14:57:00,BANR,57.38999938964844,57.38999938964844,57.38999938964844,57.38999938964844,57.38999938964844,164.0
2023-03-09 14:57:00,BGCP,5.0,5.0,5.0,4.994999885559082,4.994999885559082,1155.0
2023-03-09 14:57:00,BHF,52.290000915527344,52.290000915527344,52.310001373291016,52.290000915527344,52.290000915527344,1200.0
2023-03-09 14:57:00,BHFAP,23.890100479125977,23.890100479125977,23.890100479125977,23.890100479125977,23.890100479125977,210.0
2023-03-09 14:57:00,BITF,0.7250999808311462,0.7250999808311462,0.7250999808311462,0.7250999808311462,0.7250999808311462,3127.0
2023-03-09 14:57:00,BKCC,3.619999885559082,3.619999885559082,3.6259000301361084,3.619999885559082,3.6259000301361084,491.0
2023-03-09 14:57:00,BLFY,11.319999694824219,11.319999694824219,11.319999694824219,11.319999694824219,11.319999694824219,113.0
2023-03-09 14:57:00,BRKL,11.600000381469727,11.600000381469727,11.600000381469727,11.600000381469727,11.600000381469727,335.0
2023-03-09 14:57:00,BRP,25.059999465942383,25.059999465942383,25.06999969482422,25.059999465942383,25.06999969482422,361.0
2023-03-09 14:57:00,BTBT,1.0765000581741333,1.0765000581741333,1.0765000581741333,1.070099949836731,1.0750000476837158,1267.0
2023-03-09 14:57:00,BYFC,1.2300000190734863,1.2300000190734863,1.2502000331878662,1.2230000495910645,1.25,8666.0
2023-03-09 14:57:00,CARV,4.460000038146973,4.460000038146973,4.474999904632568,4.460000038146973,4.474999904632568,241.0
2023-03-09 14:57:00,CATY,38.86000061035156,38.86000061035156,38.869998931884766,38.856998443603516,38.856998443603516,955.0
2023-03-09 14:57:00,CBSH,61.880001068115234,61.880001068115234,61.90999984741211,61.8650016784668,61.8650016784668,2458.0
2023-03-09 14:57:00,CFB,12.289999961853027,12.289999961853027,12.289999961853027,12.289999961853027,12.289999961853027,327.0
2023-03-09 14:57:00,CFFN,7.549900054931641,7.549900054931641,7.549900054931641,7.534999847412109,7.534999847412109,6841.0
2023-03-09 14:57:00,CG,33.494998931884766,33.494998931884766,33.5,33.47999954223633,33.4900016784668,16376.0
2023-03-09 14:57:00,CGBD,14.899999618530273,14.899999618530273,14.899999618530273,14.899999618530273,14.899999618530273,100.0
2023-03-09 14:57:00,CGO,9.699999809265137,9.699999809265137,9.710000038146973,9.699999809265137,9.710000038146973,1259.0
2023-03-09 14:57:00,CHY,12.149999618530273,12.149999618530273,12.157999992370605,12.130000114440918,12.157999992370605,4197.0
2023-03-09 14:57:00,CIFR,1.4249999523162842,1.4249999523162842,1.4249999523162842,1.4199999570846558,1.4199999570846558,4005.0
2023-03-09 14:57:00,CINF,115.3499984741211,115.3499984741211,115.3499984741211,115.30999755859375,115.3499984741211,2950.0
2023-03-09 14:57:00,CLBK,19.670000076293945,19.670000076293945,19.68000030517578,19.670000076293945,19.670000076293945,875.0
2023-03-09 14:57:00,CME,178.13999938964844,178.13999938964844,178.25999450683594,178.13999938964844,178.22999572753906,4072.0
2023-03-09 14:57:00,COLB,24.9950008392334,24.9950008392334,25.0,24.96500015258789,24.96500015258789,9333.0
2023-03-09 14:57:00,COOP,44.0,44.0,44.0,44.0,44.0,535.0
2023-03-09 14:57:00,CSQ,13.779999732971191,13.779999732971191,13.779999732971191,13.779999732971191,13.779999732971191,100.0
2023-03-09 14:57:00,CSWC,18.149999618530273,18.149999618530273,18.149999618530273,18.149999618530273,18.149999618530273,1368.0
2023-03-09 14:57:00,CULL,11.772600173950195,11.772600173950195,11.772600173950195,11.770000457763672,11.770000457763672,3000.0
2023-03-09 14:57:00,CZNC,22.024999618530273,22.024999618530273,22.024999618530273,22.0,22.0,827.0
2023-03-09 14:57:00,DGICA,15.010000228881836,15.010000228881836,15.010000228881836,15.010000228881836,15.010000228881836,102.0
2023-03-09 14:57:00,DWAC,14.082099914550781,14.082099914550781,14.082099914550781,14.080100059509277,14.080100059509277,375.0
2023-03-09 14:57:00,EBC,14.390000343322754,14.390000343322754,14.390000343322754,14.390000343322754,14.390000343322754,1102.0
2023-03-09 14:57:00,EHTH,8.510000228881836,8.510000228881836,8.515000343322754,8.510000228881836,8.515000343322754,1042.0
2023-03-09 14:57:00,EQBK,28.06999969482422,28.06999969482422,28.06999969482422,28.06999969482422,28.06999969482422,460.0
2023-03-09 14:57:00,ESGR,230.875,230.875,230.875,230.875,230.875,101.0
2023-03-09 14:57:00,ESQ,40.7599983215332,40.7599983215332,40.7599983215332,40.7599983215332,40.7599983215332,115.0
2023-03-09 14:57:00,EWBC,67.73999786376953,67.73999786376953,67.73999786376953,67.62000274658203,67.6449966430664,5013.0
2023-03-09 14:57:00,EZPW,8.762499809265137,8.762499809265137,8.762499809265137,8.762499809265137,8.762499809265137,100.0
2023-03-09 14:57:00,FBNC,38.40999984741211,38.40999984741211,38.40999984741211,38.404998779296875,38.404998779296875,256.0
2023-03-09 14:57:00,FCFS,88.7249984741211,88.7249984741211,88.7249984741211,88.7249984741211,88.7249984741211,194.0
2023-03-09 14:57:00,FCRD,4.599999904632568,4.599999904632568,4.599999904632568,4.599999904632568,4.599999904632568,200.0
2023-03-09 14:57:00,FFBC,22.28499984741211,22.28499984741211,22.28499984741211,22.28499984741211,22.28499984741211,131.0
2023-03-09 14:57:00,FFIN,33.459999084472656,33.459999084472656,33.459999084472656,33.45000076293945,33.45000076293945,1184.0
2023-03-09 14:57:00,FFNW,14.739999771118164,14.739999771118164,14.739999771118164,14.670000076293945,14.670000076293945,472.0
2023-03-09 14:57:00,FFWM,12.800000190734863,12.800000190734863,12.800000190734863,12.800000190734863,12.800000190734863,219.0
2023-03-09 14:57:00,FIBK,32.029998779296875,32.029998779296875,32.029998779296875,31.979999542236328,31.979999542236328,1175.0
2023-03-09 14:57:00,FITB,31.96500015258789,31.96500015258789,31.969999313354492,31.94499969482422,31.969999313354492,12287.0
2023-03-09 14:57:00,FLIC,16.110000610351562,16.110000610351562,16.110000610351562,16.110000610351562,16.110000610351562,104.0
2023-03-09 14:57:00,FNWB,13.399999618530273,13.399999618530273,13.399999618530273,13.399999618530273,13.399999618530273,644.0
2023-03-09 14:57:00,FOCS,51.58000183105469,51.58000183105469,51.59000015258789,51.56999969482422,51.59000015258789,48168.0
2023-03-09 14:57:00,FRBA,12.800000190734863,12.800000190734863,12.800000190734863,12.800000190734863,12.800000190734863,6397.0
2023-03-09 14:57:00,FRBK,1.6799999475479126,1.6799999475479126,1.6799999475479126,1.6799999475479126,1.6799999475479126,331.0
2023-03-09 14:57:00,FULT,15.654999732971191,15.654999732971191,15.654999732971191,15.649999618530273,15.649999618530273,253.0
2023-03-09 14:57:00,FUTU,46.34000015258789,46.34000015258789,46.380001068115234,46.34000015258789,46.380001068115234,542.0
2023-03-09 14:57:00,GBDC,13.239999771118164,13.239999771118164,13.239999771118164,13.239999771118164,13.239999771118164,655.0
2023-03-09 14:57:00,GCMG,8.399999618530273,8.399999618530273,8.399999618530273,8.399999618530273,8.399999618530273,252.0
2023-03-09 14:57:00,GGAL,12.789999961853027,12.789999961853027,12.819999694824219,12.789999961853027,12.819999694824219,702.0
2023-03-09 14:57:00,GOCO,18.670000076293945,18.670000076293945,18.670000076293945,18.670000076293945,18.670000076293945,443.0
2023-03-09 14:57:00,HBAN,13.84000015258789,13.84000015258789,13.854999542236328,13.84000015258789,13.854999542236328,24167.0
2023-03-09 14:57:00,HBT,22.0,22.0,22.0,21.934999465942383,21.934999465942383,200.0
2023-03-09 14:57:00,HIVE,2.4200000762939453,2.4200000762939453,2.430000066757202,2.4200000762939453,2.430000066757202,16057.0
2023-03-09 14:57:00,HLNE,74.91999816894531,74.91999816894531,74.92500305175781,74.91999816894531,74.92500305175781,511.0
2023-03-09 14:57:00,HMST,22.15999984741211,22.15999984741211,22.15999984741211,22.1294002532959,22.1294002532959,302.0
2023-03-09 14:57:00,HTBI,27.68000030517578,27.68000030517578,27.68000030517578,27.639999389648438,27.639999389648438,1305.0
2023-03-09 14:57:00,HTLF,45.380001068115234,45.380001068115234,45.380001068115234,45.380001068115234,45.380001068115234,326.0
2023-03-09 14:57:00,HUT,1.309499979019165,1.309499979019165,1.309999942779541,1.2999999523162842,1.3049999475479126,45643.0
2023-03-09 14:57:00,HWBK,24.849899291992188,24.849899291992188,24.849899291992188,24.84000015258789,24.84000015258789,334.0
2023-03-09 14:57:00,HWC,43.70000076293945,43.70000076293945,43.70000076293945,43.70000076293945,43.70000076293945,809.0
2023-03-09 14:57:00,IBKR,87.20999908447266,87.20999908447266,87.27999877929688,87.0999984741211,87.0999984741211,12110.0
2023-03-09 14:58:00,ABCB,42.5099983215332,42.5099983215332,42.5099983215332,42.5099983215332,42.5099983215332,895.0
2023-03-09 14:58:00,ACGL,68.68000030517578,68.68000030517578,68.69999694824219,68.66999816894531,68.69999694824219,2905.0
2023-03-09 14:58:00,ADAL,10.40999984741211,10.40999984741211,10.40999984741211,10.40999984741211,10.40999984741211,100000.0
2023-03-09 14:58:00,AFBI,15.539999961853027,15.539999961853027,15.539999961853027,15.539999961853027,15.539999961853027,133.0
2023-03-09 14:58:00,ALRS,18.950000762939453,18.950000762939453,18.989999771118164,18.950000762939453,18.989999771118164,2945.0
2023-03-09 14:58:00,AMRK,28.084999084472656,28.084999084472656,28.084999084472656,28.084999084472656,28.084999084472656,301.0
2023-03-09 14:58:00,APMI,10.140000343322754,10.140000343322754,10.204999923706055,10.140000343322754,10.140000343322754,400.0
2023-03-09 14:58:00,ARBK,1.3727999925613403,1.3727999925613403,1.3996000289916992,1.3727999925613403,1.3996000289916992,821.0
2023-03-09 14:58:00,ARCC,18.6299991607666,18.6299991607666,18.639999389648438,18.625,18.625,4140.0
2023-03-09 14:58:00,ATLC,28.690000534057617,28.690000534057617,28.690000534057617,28.690000534057617,28.690000534057617,253.0
2023-03-09 14:58:00,ATLO,23.454999923706055,23.454999923706055,23.454999923706055,23.36009979248047,23.40999984741211,1309.0
2023-03-09 14:58:00,AUB,36.51499938964844,36.51499938964844,36.51499938964844,36.5,36.5,1605.0
2023-03-09 14:58:00,BFC,76.36530303955078,76.36530303955078,76.36530303955078,76.36530303955078,76.36530303955078,1203.0
2023-03-09 14:58:00,BFIN,10.149999618530273,10.149999618530273,10.180000305175781,10.069999694824219,10.180000305175781,3459.0
2023-03-09 14:58:00,BGCP,4.994999885559082,4.994999885559082,4.994999885559082,4.994900226593018,4.994900226593018,3688.0
2023-03-09 14:58:00,BHF,52.25,52.25,52.2599983215332,52.25,52.2599983215332,677.0
2023-03-09 14:58:00,BITF,0.7250999808311462,0.7250999808311462,0.7250999808311462,0.7250000238418579,0.7250000238418579,29683.0
2023-03-09 14:58:00,BKCC,3.6298999786376953,3.6298999786376953,3.6298999786376953,3.619999885559082,3.625,1568.0
2023-03-09 14:58:00,BKSC,16.299999237060547,16.299999237060547,16.299999237060547,16.299999237060547,16.299999237060547,212.0
2023-03-09 14:58:00,BLFY,11.319999694824219,11.319999694824219,11.319999694824219,11.319999694824219,11.319999694824219,1810.0
2023-03-09 14:58:00,BOKF,95.5,95.5,95.5,95.5,95.5,221.0
2023-03-09 14:58:00,BPOP,62.279998779296875,62.279998779296875,62.279998779296875,62.17499923706055,62.22999954223633,3133.0
2023-03-09 14:58:00,BRKL,11.579999923706055,11.579999923706055,11.600000381469727,11.579999923706055,11.600000381469727,1345.0
2023-03-09 14:58:00,BUSE,22.59000015258789,22.59000015258789,22.59000015258789,22.59000015258789,22.59000015258789,642.0
2023-03-09 14:58:00,BWB,13.444999694824219,13.444999694824219,13.494999885559082,13.444999694824219,13.494999885559082,6319.0
2023-03-09 14:58:00,CALB,24.65999984741211,24.65999984741211,24.65999984741211,24.65999984741211,24.65999984741211,100.0
2023-03-09 14:58:00,CASH,47.060001373291016,47.060001373291016,47.060001373291016,47.04999923706055,47.04999923706055,580.0
2023-03-09 14:58:00,CATY,38.849998474121094,38.849998474121094,38.849998474121094,38.849998474121094,38.849998474121094,865.0
2023-03-09 14:58:00,CBSH,61.810001373291016,61.810001373291016,61.880001068115234,61.810001373291016,61.880001068115234,1528.0
2023-03-09 14:58:00,CCAP,14.859999656677246,14.859999656677246,14.859999656677246,14.859999656677246,14.859999656677246,238.0
2023-03-09 14:58:00,CCBG,32.72999954223633,32.72999954223633,32.72999954223633,32.72999954223633,32.72999954223633,156.0
2023-03-09 14:58:00,CCD,22.850000381469727,22.850000381469727,22.850000381469727,22.850000381469727,22.850000381469727,212.0
2023-03-09 14:58:00,CFFN,7.545000076293945,7.545000076293945,7.545000076293945,7.545000076293945,7.545000076293945,692.0
2023-03-09 14:58:00,CG,33.459999084472656,33.459999084472656,33.5,33.459999084472656,33.5,5033.0
2023-03-09 14:58:00,CGBD,14.880000114440918,14.880000114440918,14.899999618530273,14.880000114440918,14.899999618530273,1228.0
2023-03-09 14:58:00,CHY,12.140000343322754,12.140000343322754,12.140000343322754,12.140000343322754,12.140000343322754,232.0
2023-03-09 14:58:00,CINF,115.3499984741211,115.3499984741211,115.3499984741211,115.3499984741211,115.3499984741211,255.0
2023-03-09 14:58:00,CME,178.22999572753906,178.22999572753906,178.25999450683594,178.0800018310547,178.13999938964844,2055.0
2023-03-09 14:58:00,COLB,24.979000091552734,24.979000091552734,24.989999771118164,24.975000381469727,24.989999771118164,7835.0
2023-03-09 14:58:00,COOP,44.0099983215332,44.0099983215332,44.01900100708008,44.0,44.0,706.0
2023-03-09 14:58:00,CSQ,13.770500183105469,13.770500183105469,13.770500183105469,13.770500183105469,13.770500183105469,100.0
2023-03-09 14:58:00,CSWC,18.155000686645508,18.155000686645508,18.155000686645508,18.149999618530273,18.149999618530273,555.0
2023-03-09 14:58:00,CUBA,3.890000104904175,3.890000104904175,3.890000104904175,3.890000104904175,3.890000104904175,505.0
2023-03-09 14:58:00,CULL,11.770099639892578,11.770099639892578,11.772600173950195,11.770000457763672,11.770000457763672,1900.0
2023-03-09 14:58:00,CVBF,21.68000030517578,21.68000030517578,21.690000534057617,21.68000030517578,21.68000030517578,1206.0
2023-03-09 14:58:00,CVLY,24.020000457763672,24.020000457763672,24.020000457763672,24.020000457763672,24.020000457763672,139.0
2023-03-09 14:58:00,CZNC,22.024999618530273,22.024999618530273,22.024999618530273,22.024999618530273,22.024999618530273,168.0
2023-03-09 14:58:00,DCOM,29.25,29.25,29.25,29.25,29.25,656.0
2023-03-09 14:58:00,DGICA,15.043800354003906,15.043800354003906,15.043800354003906,15.043800354003906,15.043800354003906,326.0
2023-03-09 14:58:00,DWAC,14.082099914550781,14.082099914550781,14.082200050354004,14.082099914550781,14.082200050354004,503.0
2023-03-09 14:58:00,EBC,14.385000228881836,14.385000228881836,14.395000457763672,14.385000228881836,14.395000457763672,728.0
2023-03-09 14:58:00,ECPG,50.59000015258789,50.59000015258789,50.59000015258789,50.525001525878906,50.525001525878906,2259.0
2023-03-09 14:58:00,EGBN,40.13999938964844,40.13999938964844,40.13999938964844,40.10499954223633,40.130001068115234,719.0
2023-03-09 14:58:00,EHTH,8.529999732971191,8.529999732971191,8.529999732971191,8.529999732971191,8.529999732971191,102.0
2023-03-09 14:58:00,ERIE,230.35000610351562,230.35000610351562,230.8800048828125,230.35000610351562,230.8800048828125,296.0
2023-03-09 14:58:00,ESGR,231.0,231.0,231.02000427246094,231.0,231.00999450683594,434.0
2023-03-09 14:58:00,EWBC,67.76000213623047,67.76000213623047,67.79000091552734,67.72000122070312,67.7300033569336,7595.0
2023-03-09 14:58:00,EZPW,8.765000343322754,8.765000343322754,8.765000343322754,8.765000343322754,8.765000343322754,130.0
2023-03-09 14:58:00,FBMS,28.899999618530273,28.899999618530273,28.899999618530273,28.8799991607666,28.885000228881836,708.0
2023-03-09 14:58:00,FCFS,88.75,88.75,88.75,88.75,88.75,170.0
2023-03-09 14:58:00,FCNCA,642.0349731445312,642.0349731445312,642.0349731445312,642.0349731445312,642.0349731445312,480.0
2023-03-09 14:58:00,FCRD,4.599999904632568,4.599999904632568,4.599999904632568,4.599999904632568,4.599999904632568,100.0
2023-03-09 14:58:00,FFIN,33.47999954223633,33.47999954223633,33.47999954223633,33.45000076293945,33.470001220703125,3106.0
2023-03-09 14:58:00,FGBI,17.989999771118164,17.989999771118164,17.989999771118164,17.989999771118164,17.989999771118164,469.0
2023-03-09 14:58:00,FHB,23.950000762939453,23.950000762939453,23.950000762939453,23.94499969482422,23.950000762939453,714.0
2023-03-09 14:58:00,FIBK,32.0,32.0,32.0,32.0,32.0,1497.0
2023-03-09 14:58:00,FITB,31.950000762939453,31.950000762939453,31.96500015258789,31.940000534057617,31.96500015258789,10558.0
2023-03-09 14:58:00,FITBO,22.020000457763672,22.020000457763672,22.020000457763672,22.020000457763672,22.020000457763672,100.0
2023-03-09 14:58:00,FNCB,7.261000156402588,7.261000156402588,7.28000020980835,7.261000156402588,7.28000020980835,300.0
2023-03-09 14:58:00,FOCS,51.560001373291016,51.560001373291016,51.58000183105469,51.54999923706055,51.58000183105469,43091.0
2023-03-09 14:58:00,FRBK,1.6799999475479126,1.6799999475479126,1.6799999475479126,1.6799999475479126,1.6799999475479126,140.0
2023-03-09 14:58:00,FRHC,72.2699966430664,72.2699966430664,72.44999694824219,72.2699966430664,72.44999694824219,1259.0
2023-03-09 14:58:00,FRME,37.36000061035156,37.36000061035156,37.36000061035156,37.349998474121094,37.349998474121094,473.0
2023-03-09 14:58:00,FRON,10.1899995803833,10.1899995803833,10.1899995803833,10.1899995803833,10.1899995803833,1004.0
2023-03-09 14:58:00,FULT,15.649999618530273,15.649999618530273,15.649999618530273,15.645000457763672,15.649999618530273,1511.0
2023-03-09 14:58:00,FUTU,46.369998931884766,46.369998931884766,46.400001525878906,46.36000061035156,46.39699935913086,3255.0
2023-03-09 14:58:00,GAIN,13.515000343322754,13.515000343322754,13.520000457763672,13.515000343322754,13.517999649047852,1106.0
2023-03-09 14:58:00,GBDC,13.239999771118164,13.239999771118164,13.239999771118164,13.239999771118164,13.239999771118164,732.0
2023-03-09 14:58:00,GLRE,10.270000457763672,10.270000457763672,10.274299621582031,10.270000457763672,10.274299621582031,204.0
2023-03-09 14:58:00,GREE,0.41499999165534973,0.41499999165534973,0.41499999165534973,0.41499999165534973,0.41499999165534973,2033.0
2023-03-09 14:58:00,GSHD,50.900001525878906,50.900001525878906,50.900001525878906,50.750099182128906,50.83000183105469,2753.0
2023-03-09 14:58:00,HBAN,13.845000267028809,13.845000267028809,13.850000381469727,13.84000015258789,13.845000267028809,12946.0
2023-03-09 14:58:00,HBNC,13.789999961853027,13.789999961853027,13.789999961853027,13.789999961853027,13.789999961853027,307.0
2023-03-09 14:58:00,HBT,22.0,22.0,22.0,22.0,22.0,1210.0
2023-03-09 14:58:00,HFWA,24.469999313354492,24.469999313354492,24.469999313354492,24.469999313354492,24.469999313354492,258.0
2023-03-09 14:58:00,HIVE,2.4200000762939453,2.4200000762939453,2.420099973678589,2.4149999618530273,2.420099973678589,5721.0
2023-03-09 14:58:00,HLNE,74.9749984741211,74.9749984741211,74.9749984741211,74.91999816894531,74.91999816894531,494.0
2023-03-09 14:58:00,HONE,12.601099967956543,12.601099967956543,12.601099967956543,12.601099967956543,12.601099967956543,515.0
2023-03-09 14:58:00,HOPE,11.739999771118164,11.739999771118164,11.739999771118164,11.729999542236328,11.739999771118164,2408.0
2023-03-09 14:58:00,HTBI,27.68000030517578,27.68000030517578,27.68000030517578,27.68000030517578,27.68000030517578,290.0
2023-03-09 14:58:00,HTBK,10.795000076293945,10.795000076293945,10.795000076293945,10.795000076293945,10.795000076293945,840.0
2023-03-09 14:58:00,HTLF,45.380001068115234,45.380001068115234,45.380001068115234,45.380001068115234,45.380001068115234,1171.0
2023-03-09 14:58:00,HUT,1.309000015258789,1.309000015258789,1.309999942779541,1.2999999523162842,1.3087999820709229,21460.0
2023-03-09 14:58:00,IBKR,87.23999786376953,87.23999786376953,87.3499984741211,87.19000244140625,87.2300033569336,13017.0
2023-03-09 14:58:00,IBTX,52.540000915527344,52.540000915527344,52.540000915527344,52.4900016784668,52.4900016784668,658.0
2023-03-09 14:58:00,IGIC,8.289999961853027,8.289999961853027,8.289999961853027,8.258999824523926,8.279999732971191,3165.0
2023-03-09 14:59:00,ABCB,42.5099983215332,42.5099983215332,42.52000045776367,42.5099983215332,42.5099983215332,1461.0
2023-03-09 14:59:00,ACGL,68.69000244140625,68.69000244140625,68.69999694824219,68.69000244140625,68.69999694824219,2014.0
2023-03-09 14:59:00,ACGLN,18.673099517822266,18.673099517822266,18.673099517822266,18.673099517822266,18.673099517822266,205.0
2023-03-09 14:59:00,ACGLO,22.259300231933594,22.259300231933594,22.259300231933594,22.259300231933594,22.259300231933594,462.0
2023-03-09 14:59:00,ADAL,10.40999984741211,10.40999984741211,10.40999984741211,10.40999984741211,10.40999984741211,800.0
2023-03-09 14:59:00,AMRK,28.100000381469727,28.100000381469727,28.100000381469727,28.100000381469727,28.100000381469727,376.0
2023-03-09 14:59:00,APLD,2.049999952316284,2.049999952316284,2.069999933242798,2.049999952316284,2.065000057220459,21320.0
2023-03-09 14:59:00,APMI,10.140000343322754,10.140000343322754,10.140000343322754,10.140000343322754,10.140000343322754,200.0
2023-03-09 14:59:00,ARCC,18.6200008392334,18.6200008392334,18.635000228881836,18.6200008392334,18.635000228881836,6682.0
2023-03-09 14:59:00,AUB,36.52000045776367,36.52000045776367,36.529998779296875,36.5099983215332,36.52000045776367,3049.0
2023-03-09 14:59:00,BANR,57.38999938964844,57.38999938964844,57.439998626708984,57.38999938964844,57.439998626708984,219.0
2023-03-09 14:59:00,BHF,52.25,52.25,52.27000045776367,52.25,52.27000045776367,1191.0
2023-03-09 14:59:00,BITF,0.7250999808311462,0.7250999808311462,0.7250999808311462,0.7250999808311462,0.7250999808311462,6300.0
2023-03-09 14:59:00,BLFY,11.319999694824219,11.319999694824219,11.319999694824219,11.319999694824219,11.319999694824219,300.0
2023-03-09 14:59:00,BOCNU,10.96500015258789,10.96500015258789,10.96500015258789,10.96500015258789,10.96500015258789,100.0
2023-03-09 14:59:00,BPOP,62.29999923706055,62.29999923706055,62.31999969482422,62.290000915527344,62.290000915527344,1372.0
2023-03-09 14:59:00,BRKL,11.579999923706055,11.579999923706055,11.579999923706055,11.579999923706055,11.579999923706055,2853.0
2023-03-09 14:59:00,BRP,25.100000381469727,25.100000381469727,25.100000381469727,25.100000381469727,25.100000381469727,318.0
2023-03-09 14:59:00,BUSE,22.6200008392334,22.6200008392334,22.6200008392334,22.6200008392334,22.6200008392334,384.0
2023-03-09 14:59:00,BWB,13.4399995803833,13.4399995803833,13.449999809265137,13.4399995803833,13.449999809265137,3120.0
2023-03-09 14:59:00,CASH,47.06999969482422,47.06999969482422,47.06999969482422,47.06999969482422,47.06999969482422,788.0
2023-03-09 14:59:00,CATY,38.869998931884766,38.869998931884766,38.869998931884766,38.869998931884766,38.869998931884766,174.0
2023-03-09 14:59:00,CBSH,61.78499984741211,61.78499984741211,61.78499984741211,61.78499984741211,61.78499984741211,378.0
2023-03-09 14:59:00,CCNE,22.565000534057617,22.565000534057617,22.565000534057617,22.565000534057617,22.565000534057617,445.0
2023-03-09 14:59:00,CFFN,7.545000076293945,7.545000076293945,7.545000076293945,7.545000076293945,7.545000076293945,491.0
2023-03-09 14:59:00,CG,33.459999084472656,33.459999084472656,33.470001220703125,33.45000076293945,33.46500015258789,2830.0
2023-03-09 14:59:00,CHI,11.819999694824219,11.819999694824219,11.819999694824219,11.819999694824219,11.819999694824219,260.0
2023-03-09 14:59:00,CHW,6.002699851989746,6.002699851989746,6.002699851989746,6.002699851989746,6.002699851989746,266.0
2023-03-09 14:59:00,CHY,12.130000114440918,12.130000114440918,12.130000114440918,12.130000114440918,12.130000114440918,175.0
2023-03-09 14:59:00,CIFR,1.4299999475479126,1.4299999475479126,1.4299999475479126,1.4299999475479126,1.4299999475479126,130.0
2023-03-09 14:59:00,CME,178.10499572753906,178.10499572753906,178.1649932861328,178.07000732421875,178.1649932861328,2800.0
2023-03-09 14:59:00,COLB,25.0,25.0,25.010000228881836,24.975000381469727,24.975000381469727,5357.0
2023-03-09 14:59:00,COOP,44.040000915527344,44.040000915527344,44.04499816894531,44.0,44.0,2121.0
2023-03-09 14:59:00,CSQ,13.778200149536133,13.778200149536133,13.778200149536133,13.778200149536133,13.778200149536133,158.0
2023-03-09 14:59:00,CTBI,40.38999938964844,40.38999938964844,40.38999938964844,40.38999938964844,40.38999938964844,273.0
2023-03-09 14:59:00,CULL,11.772600173950195,11.772600173950195,11.772600173950195,11.770000457763672,11.770000457763672,1335.0
2023-03-09 14:59:00,CVBF,21.690000534057617,21.690000534057617,21.690000534057617,21.690000534057617,21.690000534057617,399.0
2023-03-09 14:59:00,CVCY,24.25,24.25,24.274999618530273,24.209999084472656,24.274999618530273,2268.0
2023-03-09 14:59:00,DCOM,29.290000915527344,29.290000915527344,29.290000915527344,29.290000915527344,29.290000915527344,179.0
2023-03-09 14:59:00,DCOMP,19.149999618530273,19.149999618530273,19.200000762939453,19.149999618530273,19.200000762939453,1200.0
2023-03-09 14:59:00,DGICA,15.039999961853027,15.039999961853027,15.039999961853027,15.039999961853027,15.039999961853027,359.0
2023-03-09 14:59:00,DWAC,14.080100059509277,14.080100059509277,14.084099769592285,14.080100059509277,14.080599784851074,1087.0
2023-03-09 14:59:00,EBC,14.390000343322754,14.390000343322754,14.395000457763672,14.390000343322754,14.390000343322754,1293.0
2023-03-09 14:59:00,ECBK,15.140000343322754,15.140000343322754,15.140000343322754,15.140000343322754,15.140000343322754,100.0
2023-03-09 14:59:00,ECPG,50.529998779296875,50.529998779296875,50.56999969482422,50.529998779296875,50.56999969482422,943.0
2023-03-09 14:59:00,EGBN,40.1349983215332,40.1349983215332,40.1349983215332,40.119998931884766,40.119998931884766,521.0
2023-03-09 14:59:00,ERIE,230.8000030517578,230.8000030517578,230.8000030517578,230.75,230.75,934.0
2023-03-09 14:59:00,ESGR,231.0,231.0,231.0,231.0,231.0,325.0
2023-03-09 14:59:00,ESQ,40.72999954223633,40.72999954223633,40.72999954223633,40.72999954223633,40.72999954223633,474.0
2023-03-09 14:59:00,EWBC,67.75,67.75,67.80999755859375,67.72000122070312,67.76000213623047,10435.0
2023-03-09 14:59:00,EZPW,8.774999618530273,8.774999618530273,8.774999618530273,8.765000343322754,8.765000343322754,1956.0
2023-03-09 14:59:00,FBMS,28.940000534057617,28.940000534057617,28.940000534057617,28.899999618530273,28.899999618530273,920.0
2023-03-09 14:59:00,FBNC,38.40999984741211,38.40999984741211,38.45000076293945,38.40999984741211,38.45000076293945,443.0
2023-03-09 14:59:00,FCFS,88.78500366210938,88.78500366210938,88.80000305175781,88.78500366210938,88.80000305175781,570.0
2023-03-09 14:59:00,FCRD,4.599999904632568,4.599999904632568,4.599999904632568,4.599999904632568,4.599999904632568,100.0
2023-03-09 14:59:00,FFBC,22.290000915527344,22.290000915527344,22.290000915527344,22.290000915527344,22.290000915527344,312.0
2023-03-09 14:59:00,FFIN,33.4900016784668,33.4900016784668,33.4900016784668,33.4900016784668,33.4900016784668,871.0
2023-03-09 14:59:00,FFWM,12.805000305175781,12.805000305175781,12.8100004196167,12.800000190734863,12.800000190734863,1008.0
2023-03-09 14:59:00,FGBI,18.0,18.0,18.0,18.0,18.0,747.0
2023-03-09 14:59:00,FHB,23.969999313354492,23.969999313354492,23.969999313354492,23.959999084472656,23.959999084472656,1104.0
2023-03-09 14:59:00,FIBK,31.989999771118164,31.989999771118164,32.0099983215332,31.989999771118164,32.0,1112.0
2023-03-09 14:59:00,FITB,31.989999771118164,31.989999771118164,31.989999771118164,31.950000762939453,31.950000762939453,10499.0
2023-03-09 14:59:00,FITBO,22.01129913330078,22.01129913330078,22.020000457763672,22.01129913330078,22.020000457763672,601.0
2023-03-09 14:59:00,FNCB,7.28000020980835,7.28000020980835,7.28000020980835,7.28000020980835,7.28000020980835,115.0
2023-03-09 14:59:00,FOCS,51.56999969482422,51.56999969482422,51.56999969482422,51.54999923706055,51.560001373291016,6160.0
2023-03-09 14:59:00,FRBK,1.684999942779541,1.684999942779541,1.684999942779541,1.684999942779541,1.684999942779541,172.0
2023-03-09 14:59:00,FRME,37.369998931884766,37.369998931884766,37.369998931884766,37.369998931884766,37.369998931884766,710.0
2023-03-09 14:59:00,FUND,8.489999771118164,8.489999771118164,8.489999771118164,8.489999771118164,8.489999771118164,100.0
2023-03-09 14:59:00,FUTU,46.33000183105469,46.33000183105469,46.369998931884766,46.33000183105469,46.369998931884766,995.0
2023-03-09 14:59:00,GBDC,13.234999656677246,13.234999656677246,13.239999771118164,13.234999656677246,13.239999771118164,1351.0
2023-03-09 14:59:00,GECC,9.399999618530273,9.399999618530273,9.454999923706055,9.399999618530273,9.454999923706055,4864.0
2023-03-09 14:59:00,GGAL,12.800000190734863,12.800000190734863,12.8100004196167,12.789999961853027,12.789999961853027,2857.0
2023-03-09 14:59:00,GLAD,9.800000190734863,9.800000190734863,9.800000190734863,9.800000190734863,9.800000190734863,710.0
2023-03-09 14:59:00,GLRE,10.260000228881836,10.260000228881836,10.260000228881836,10.260000228881836,10.260000228881836,100.0
2023-03-09 14:59:00,GSHD,50.90999984741211,50.90999984741211,50.95000076293945,50.90999984741211,50.939998626708984,1430.0
2023-03-09 14:59:00,HAFC,21.763999938964844,21.763999938964844,21.763999938964844,21.739999771118164,21.739999771118164,630.0
2023-03-09 14:59:00,HBAN,13.854999542236328,13.854999542236328,13.854999542236328,13.84000015258789,13.845000267028809,26015.0
2023-03-09 14:59:00,HBANP,19.030000686645508,19.030000686645508,19.030000686645508,19.030000686645508,19.030000686645508,208.0
2023-03-09 14:59:00,HIVE,2.4200000762939453,2.4200000762939453,2.420099973678589,2.4149999618530273,2.4149999618530273,2664.0
2023-03-09 14:59:00,HMST,22.149999618530273,22.149999618530273,22.149999618530273,22.149999618530273,22.149999618530273,125.0
2023-03-09 14:59:00,HOPE,11.744999885559082,11.744999885559082,11.744999885559082,11.744999885559082,11.744999885559082,736.0
2023-03-09 14:59:00,HUT,1.3000999689102173,1.3000999689102173,1.309999942779541,1.2999999523162842,1.3000999689102173,64686.0
2023-03-09 14:59:00,HWC,43.65999984741211,43.65999984741211,43.689998626708984,43.65999984741211,43.665000915527344,2235.0
2023-03-09 14:59:00,IBKR,87.30999755859375,87.30999755859375,87.31500244140625,87.26000213623047,87.26000213623047,1619.0
2023-03-09 14:59:00,IBOC,44.880001068115234,44.880001068115234,44.880001068115234,44.81999969482422,44.84000015258789,1605.0
2023-03-09 14:59:00,IBTX,52.540000915527344,52.540000915527344,52.540000915527344,52.540000915527344,52.540000915527344,340.0
2023-03-09 14:59:00,IGTA,10.300000190734863,10.300000190734863,10.300000190734863,10.300000190734863,10.300000190734863,667.0
2023-03-09 14:59:00,INDB,71.72000122070312,71.72000122070312,71.7699966430664,71.69999694824219,71.69999694824219,1630.0
2023-03-09 15:00:00,ABCB,42.5099983215332,42.5099983215332,42.540000915527344,42.5099983215332,42.540000915527344,1544.0
2023-03-09 15:00:00,ACGL,68.65450286865234,68.65450286865234,68.69999694824219,68.65019989013672,68.68000030517578,5740.0
2023-03-09 15:00:00,ACT,23.959999084472656,23.959999084472656,24.0,23.959999084472656,24.0,646.0
2023-03-09 15:00:00,AIHS,0.8759999871253967,0.8759999871253967,0.8804000020027161,0.8759999871253967,0.8804000020027161,2406.0
2023-03-09 15:00:00,AMAL,21.040000915527344,21.040000915527344,21.040000915527344,21.020000457763672,21.020000457763672,969.0
2023-03-09 15:00:00,APLD,2.049999952316284,2.049999952316284,2.059999942779541,2.049999952316284,2.050600051879883,11563.0
2023-03-09 15:00:00,APMI,10.119999885559082,10.119999885559082,10.149999618530273,10.119999885559082,10.140000343322754,8331.0
2023-03-09 15:00:00,ARCC,18.617799758911133,18.617799758911133,18.6299991607666,18.610000610351562,18.625,13310.0
2023-03-09 15:00:00,ATLO,23.454999923706055,23.454999923706055,23.454999923706055,23.454999923706055,23.454999923706055,115.0
2023-03-09 15:00:00,AUB,36.540000915527344,36.540000915527344,36.540000915527344,36.52000045776367,36.529998779296875,2211.0
2023-03-09 15:00:00,BANR,57.439998626708984,57.439998626708984,57.439998626708984,57.439998626708984,57.439998626708984,376.0
2023-03-09 15:00:00,BGCP,4.994999885559082,4.994999885559082,4.994999885559082,4.994999885559082,4.994999885559082,476.0
2023-03-09 15:00:00,BHF,52.29499816894531,52.29499816894531,52.29999923706055,52.290000915527344,52.290000915527344,661.0
2023-03-09 15:00:00,BITF,0.7250999808311462,0.7250999808311462,0.7250999808311462,0.7250999808311462,0.7250999808311462,900.0
2023-03-09 15:00:00,BMRC,26.825000762939453,26.825000762939453,26.8799991607666,26.75,26.75,9995.0
2023-03-09 15:00:00,BOKF,95.62000274658203,95.62000274658203,95.77999877929688,95.58000183105469,95.58000183105469,3412.0
2023-03-09 15:00:00,BPOP,62.43000030517578,62.43000030517578,62.43000030517578,62.33000183105469,62.33000183105469,1710.0
2023-03-09 15:00:00,BRKL,11.579999923706055,11.579999923706055,11.59000015258789,11.579999923706055,11.59000015258789,704.0
2023-03-09 15:00:00,BRP,25.135000228881836,25.135000228881836,25.135000228881836,25.135000228881836,25.135000228881836,400.0
2023-03-09 15:00:00,BTBT,1.0799000263214111,1.0799000263214111,1.0799000263214111,1.0799000263214111,1.0799000263214111,737.0
2023-03-09 15:00:00,BUSE,22.6200008392334,22.6200008392334,22.6200008392334,22.6200008392334,22.6200008392334,180.0
2023-03-09 15:00:00,BWB,13.420000076293945,13.420000076293945,13.420000076293945,13.420000076293945,13.420000076293945,559.0
2023-03-09 15:00:00,CACC,433.0,433.0,433.44000244140625,433.0,433.44000244140625,703.0
2023-03-09 15:00:00,CALB,24.479299545288086,24.479299545288086,24.479299545288086,24.479299545288086,24.479299545288086,500.0
2023-03-09 15:00:00,CARE,16.30500030517578,16.30500030517578,16.30500030517578,16.30500030517578,16.30500030517578,100.0
2023-03-09 15:00:00,CASH,47.130001068115234,47.130001068115234,47.1349983215332,47.10749816894531,47.1349983215332,916.0
2023-03-09 15:00:00,CATC,70.56649780273438,70.56649780273438,70.56649780273438,70.48999786376953,70.48999786376953,1012.0
2023-03-09 15:00:00,CATY,38.89500045776367,38.89500045776367,38.90999984741211,38.869998931884766,38.869998931884766,1413.0
2023-03-09 15:00:00,CBAN,11.800000190734863,11.800000190734863,11.800000190734863,11.800000190734863,11.800000190734863,100.0
2023-03-09 15:00:00,CBSH,61.845001220703125,61.845001220703125,61.845001220703125,61.810001373291016,61.81999969482422,1022.0
2023-03-09 15:00:00,CCB,42.0099983215332,42.0099983215332,42.0099983215332,42.0099983215332,42.0099983215332,652.0
2023-03-09 15:00:00,CCBG,32.790000915527344,32.790000915527344,32.790000915527344,32.790000915527344,32.790000915527344,160.0
2023-03-09 15:00:00,CFB,12.300000190734863,12.300000190734863,12.300000190734863,12.300000190734863,12.300000190734863,492.0
2023-03-09 15:00:00,CFFN,7.545000076293945,7.545000076293945,7.545000076293945,7.545000076293945,7.545000076293945,1292.0
2023-03-09 15:00:00,CG,33.51890182495117,33.51890182495117,33.51890182495117,33.459999084472656,33.459999084472656,4280.0
2023-03-09 15:00:00,CGBD,14.920000076293945,14.920000076293945,14.9399995803833,14.890000343322754,14.890000343322754,5164.0
2023-03-09 15:00:00,CHY,12.130000114440918,12.130000114440918,12.130000114440918,12.130000114440918,12.130000114440918,200.0
2023-03-09 15:00:00,CINF,115.36000061035156,115.36000061035156,115.5,115.3499984741211,115.3499984741211,5877.0
2023-03-09 15:00:00,CIVB,20.75,20.75,20.75,20.75,20.75,100.0
2023-03-09 15:00:00,CME,178.0500030517578,178.0500030517578,178.14999389648438,177.9199981689453,178.0749969482422,5414.0
2023-03-09 15:00:00,CNOB,22.09000015258789,22.09000015258789,22.110000610351562,22.06999969482422,22.06999969482422,1361.0
2023-03-09 15:00:00,COFS,28.0,28.0,28.0,28.0,28.0,893.0
2023-03-09 15:00:00,COLB,25.010099411010742,25.010099411010742,25.020000457763672,25.0,25.0049991607666,11326.0
2023-03-09 15:00:00,COOP,44.060001373291016,44.060001373291016,44.08000183105469,44.05500030517578,44.06999969482422,2961.0
2023-03-09 15:00:00,CSWC,18.14539909362793,18.14539909362793,18.14539909362793,18.14539909362793,18.14539909362793,1492.0
2023-03-09 15:00:00,CVBF,21.690000534057617,21.690000534057617,21.700000762939453,21.690000534057617,21.690000534057617,1680.0
2023-03-09 15:00:00,CVCY,24.360000610351562,24.360000610351562,24.360000610351562,24.229999542236328,24.229999542236328,3243.0
2023-03-09 15:00:00,DCOM,29.299999237060547,29.299999237060547,29.299999237060547,29.299999237060547,29.299999237060547,232.0
2023-03-09 15:00:00,DCOMP,19.209999084472656,19.209999084472656,19.209999084472656,19.209999084472656,19.209999084472656,100.0
2023-03-09 15:00:00,DNAD,10.199999809265137,10.199999809265137,10.199999809265137,10.199999809265137,10.199999809265137,151.0
2023-03-09 15:00:00,DWAC,14.0802001953125,14.0802001953125,14.08590030670166,14.080100059509277,14.08590030670166,1519.0
2023-03-09 15:00:00,EBC,14.390000343322754,14.390000343322754,14.404999732971191,14.390000343322754,14.399999618530273,2428.0
2023-03-09 15:00:00,EBTC,33.97999954223633,33.97999954223633,33.97999954223633,33.97999954223633,33.97999954223633,384.0
2023-03-09 15:00:00,ECBK,15.140000343322754,15.140000343322754,15.140000343322754,15.140000343322754,15.140000343322754,430.0
2023-03-09 15:00:00,EFSC,51.52000045776367,51.52000045776367,51.52000045776367,51.52000045776367,51.52000045776367,100.0
2023-03-09 15:00:00,EGBN,40.13999938964844,40.13999938964844,40.189998626708984,40.13999938964844,40.13999938964844,1877.0
2023-03-09 15:00:00,EHTH,8.529999732971191,8.529999732971191,8.529999732971191,8.529999732971191,8.529999732971191,156.0
2023-03-09 15:00:00,ERIE,230.73500061035156,230.73500061035156,230.9499969482422,230.73500061035156,230.9499969482422,398.0
2023-03-09 15:00:00,ESGR,231.0,231.0,231.0,231.0,231.0,277.0
2023-03-09 15:00:00,ESQ,41.02000045776367,41.02000045776367,41.02000045776367,40.709999084472656,40.869998931884766,860.0
2023-03-09 15:00:00,EWBC,67.83000183105469,67.83000183105469,67.8499984741211,67.77999877929688,67.77999877929688,3197.0
2023-03-09 15:00:00,EZPW,8.774999618530273,8.774999618530273,8.779999732971191,8.774999618530273,8.779999732971191,1341.0
2023-03-09 15:00:00,FBMS,28.924999237060547,28.924999237060547,28.940000534057617,28.924999237060547,28.940000534057617,350.0
2023-03-09 15:00:00,FBNC,38.439998626708984,38.439998626708984,38.494998931884766,38.439998626708984,38.45000076293945,14750.0
2023-03-09 15:00:00,FCFS,88.80999755859375,88.80999755859375,88.82499694824219,88.80999755859375,88.82499694824219,206.0
2023-03-09 15:00:00,FCNCA,643.9099731445312,643.9099731445312,643.9099731445312,643.3300170898438,643.3300170898438,1478.0
2023-03-09 15:00:00,FCNCO,21.5,21.5,21.510000228881836,21.5,21.510000228881836,919.0
2023-03-09 15:00:00,FCRD,4.550000190734863,4.550000190734863,4.550000190734863,4.550000190734863,4.550000190734863,200.0
2023-03-09 15:00:00,FFBC,22.299999237060547,22.299999237060547,22.299999237060547,22.299999237060547,22.299999237060547,1183.0
2023-03-09 15:00:00,FFIC,17.239999771118164,17.239999771118164,17.239999771118164,17.239999771118164,17.239999771118164,155.0
2023-03-09 15:00:00,FFIN,33.5099983215332,33.5099983215332,33.51499938964844,33.5099983215332,33.51499938964844,463.0
2023-03-09 15:00:00,FFWM,12.8100004196167,12.8100004196167,12.8100004196167,12.800000190734863,12.800000190734863,912.0
2023-03-09 15:00:00,FHB,23.979999542236328,23.979999542236328,23.985000610351562,23.979999542236328,23.985000610351562,1204.0
2023-03-09 15:00:00,FIBK,32.029998779296875,32.029998779296875,32.029998779296875,32.01499938964844,32.01499938964844,1816.0
2023-03-09 15:00:00,FISI,23.200000762939453,23.200000762939453,23.200000762939453,23.09000015258789,23.0939998626709,6093.0
2023-03-09 15:00:00,FITB,32.01499938964844,32.01499938964844,32.02000045776367,31.989999771118164,31.989999771118164,18847.0
2023-03-09 15:00:00,FLIC,16.110000610351562,16.110000610351562,16.110000610351562,16.110000610351562,16.110000610351562,304.0
2023-03-09 15:00:00,FMNB,13.210000038146973,13.210000038146973,13.210000038146973,13.210000038146973,13.210000038146973,863.0
2023-03-09 15:00:00,FOCS,51.57500076293945,51.57500076293945,51.58000183105469,51.564998626708984,51.56999969482422,6388.0
2023-03-09 15:00:00,FRBA,12.680000305175781,12.680000305175781,12.739999771118164,12.680000305175781,12.739999771118164,2093.0
2023-03-09 15:00:00,FRBK,1.684999942779541,1.684999942779541,1.684999942779541,1.6799999475479126,1.6799999475479126,439.0
2023-03-09 15:00:00,FRON,10.1899995803833,10.1899995803833,10.1899995803833,10.1899995803833,10.1899995803833,2129.0
2023-03-09 15:00:00,FULT,15.670000076293945,15.670000076293945,15.675000190734863,15.65999984741211,15.65999984741211,3344.0
2023-03-09 15:00:00,FUND,8.5,8.5,8.5,8.48009967803955,8.48009967803955,2100.0
2023-03-09 15:00:00,FUTU,46.400001525878906,46.400001525878906,46.400001525878906,46.36000061035156,46.369998931884766,2449.0
2023-03-09 15:00:00,FVCB,13.25,13.25,13.25,13.25,13.25,527.0
2023-03-09 15:00:00,GABC,35.86000061035156,35.86000061035156,35.86000061035156,35.86000061035156,35.86000061035156,100.0
2023-03-09 15:00:00,GAIN,13.505000114440918,13.505000114440918,13.510000228881836,13.505000114440918,13.510000228881836,1381.0
2023-03-09 15:00:00,GBDC,13.229999542236328,13.229999542236328,13.239999771118164,13.229999542236328,13.234999656677246,1333.0
2023-03-09 15:00:00,GCMG,8.40999984741211,8.40999984741211,8.40999984741211,8.399999618530273,8.399999618530273,310.0
2023-03-09 15:00:00,GECC,9.430000305175781,9.430000305175781,9.430000305175781,9.430000305175781,9.430000305175781,101.0
2023-03-09 15:00:00,GGAL,12.8100004196167,12.8100004196167,12.8100004196167,12.8100004196167,12.8100004196167,120.0
2023-03-09 15:00:00,GLRE,10.260000228881836,10.260000228881836,10.279999732971191,10.260000228881836,10.279999732971191,303.0
2023-03-09 15:00:00,GSHD,50.915000915527344,50.915000915527344,50.915000915527344,50.915000915527344,50.915000915527344,520.0
2023-03-09 15:00:00,HAFC,21.78499984741211,21.78499984741211,21.78499984741211,21.770000457763672,21.770000457763672,349.0
2023-03-09 15:00:00,HBAN,13.864999771118164,13.864999771118164,13.869999885559082,13.854999542236328,13.854999542236328,35819.0
2023-03-09 15:00:00,HBNC,13.800000190734863,13.800000190734863,13.800000190734863,13.800000190734863,13.800000190734863,409.0
2023-03-09 15:00:00,HFWA,24.489999771118164,24.489999771118164,24.489999771118164,24.479999542236328,24.479999542236328,502.0
2023-03-09 15:00:00,HIVE,2.424999952316284,2.424999952316284,2.424999952316284,2.424999952316284,2.424999952316284,183.0
2023-03-09 15:00:00,HLNE,75.0,75.0,75.0,74.98999786376953,74.98999786376953,843.0
2023-03-09 15:00:00,HMST,22.18000030517578,22.18000030517578,22.18000030517578,22.15999984741211,22.15999984741211,1606.0
2023-03-09 15:00:00,HONE,12.614999771118164,12.614999771118164,12.619999885559082,12.609999656677246,12.609999656677246,1455.0
2023-03-09 15:00:00,HOPE,11.744999885559082,11.744999885559082,11.75,11.744999885559082,11.75,3391.0
2023-03-09 15:00:00,HTBK,10.800000190734863,10.800000190734863,10.800000190734863,10.800000190734863,10.800000190734863,654.0
2023-03-09 15:00:00,HTLF,45.45000076293945,45.45000076293945,45.45000076293945,45.45000076293945,45.45000076293945,399.0
2023-03-09 15:00:00,HUIZ,1.3849999904632568,1.3849999904632568,1.3849999904632568,1.3849999904632568,1.3849999904632568,400.0
2023-03-09 15:00:00,HUT,1.3049999475479126,1.3049999475479126,1.309999942779541,1.3049999475479126,1.3049999475479126,6379.0
2023-03-09 15:00:00,HWC,43.72999954223633,43.72999954223633,43.72999954223633,43.66999816894531,43.66999816894531,1860.0
2023-03-09 15:00:00,HYW,5.535299777984619,5.535299777984619,5.535299777984619,5.535299777984619,5.535299777984619,2500.0
2023-03-09 15:00:00,IBKR,87.2699966430664,87.2699966430664,87.3499984741211,87.19999694824219,87.2699966430664,3326.0
2023-03-09 15:00:00,IBOC,44.92499923706055,44.92499923706055,44.92499923706055,44.88999938964844,44.88999938964844,1061.0
2023-03-09 15:00:00,IBTX,52.67499923706055,52.67499923706055,52.720001220703125,52.59000015258789,52.59000015258789,1212.0
2023-03-09 15:00:00,ICMB,3.889899969100952,3.889899969100952,3.889899969100952,3.889899969100952,3.889899969100952,400.0
2023-03-09 15:00:00,INDB,71.69499969482422,71.69499969482422,71.69650268554688,71.69499969482422,71.69650268554688,727.0
2023-03-09 15:01:00,ACGL,68.625,68.625,68.62999725341797,68.62000274658203,68.62999725341797,2397.0
2023-03-09 15:01:00,AIHS,0.8759999871253967,0.8759999871253967,0.8759999871253967,0.8759999871253967,0.8759999871253967,200.0
2023-03-09 15:01:00,AMRK,28.100000381469727,28.100000381469727,28.100000381469727,28.100000381469727,28.100000381469727,503.0
2023-03-09 15:01:00,APLD,2.0299999713897705,2.0299999713897705,2.059999942779541,2.0299999713897705,2.049999952316284,6171.0
2023-03-09 15:01:00,APMI,10.140000343322754,10.140000343322754,10.140000343322754,10.140000343322754,10.140000343322754,7760.0
2023-03-09 15:01:00,ARBK,1.3901000022888184,1.3901000022888184,1.3901000022888184,1.3899999856948853,1.3899999856948853,1832.0
2023-03-09 15:01:00,ARCC,18.6200008392334,18.6200008392334,18.6200008392334,18.610000610351562,18.610000610351562,14097.0
2023-03-09 15:01:00,AUB,36.540000915527344,36.540000915527344,36.540000915527344,36.529998779296875,36.529998779296875,5098.0
2023-03-09 15:01:00,BGCP,4.994999885559082,4.994999885559082,4.994999885559082,4.994999885559082,4.994999885559082,1084.0
2023-03-09 15:01:00,BHF,52.244998931884766,52.244998931884766,52.25,52.22999954223633,52.2400016784668,1290.0
2023-03-09 15:01:00,BITF,0.7287999987602234,0.7287999987602234,0.7287999987602234,0.7250999808311462,0.7250999808311462,9400.0
2023-03-09 15:01:00,BKCC,3.6050000190734863,3.6050000190734863,3.6252999305725098,3.5999999046325684,3.6252999305725098,20001.0
2023-03-09 15:01:00,BLFY,11.319999694824219,11.319999694824219,11.319999694824219,11.319999694824219,11.319999694824219,100.0
2023-03-09 15:01:00,BMRC,26.700000762939453,26.700000762939453,26.799999237060547,26.700000762939453,26.799999237060547,1501.0
2023-03-09 15:01:00,BPOP,62.470001220703125,62.470001220703125,62.470001220703125,62.40999984741211,62.40999984741211,2247.0
2023-03-09 15:01:00,BRKL,11.585000038146973,11.585000038146973,11.585000038146973,11.585000038146973,11.585000038146973,501.0
2023-03-09 15:01:00,BRP,25.375,25.375,25.389999389648438,25.135000228881836,25.135000228881836,20931.0
2023-03-09 15:01:00,BSRR,19.270000457763672,19.270000457763672,19.270000457763672,19.270000457763672,19.270000457763672,813.0
2023-03-09 15:01:00,BUSE,22.63990020751953,22.63990020751953,22.63990020751953,22.63990020751953,22.63990020751953,156.0
2023-03-09 15:01:00,CALB,24.510000228881836,24.510000228881836,24.510000228881836,24.510000228881836,24.510000228881836,358.0
2023-03-09 15:01:00,CARE,16.315000534057617,16.315000534057617,16.315000534057617,16.315000534057617,16.315000534057617,118.0
2023-03-09 15:01:00,CASH,47.130001068115234,47.130001068115234,47.130001068115234,47.130001068115234,47.130001068115234,502.0
2023-03-09 15:01:00,CATY,38.89500045776367,38.89500045776367,38.89500045776367,38.89500045776367,38.89500045776367,120.0
2023-03-09 15:01:00,CBSH,61.834999084472656,61.834999084472656,61.834999084472656,61.82500076293945,61.82500076293945,421.0
2023-03-09 15:01:00,CCAI,10.460000038146973,10.460000038146973,10.460000038146973,10.460000038146973,10.460000038146973,200.0
2023-03-09 15:01:00,CCB,42.025001525878906,42.025001525878906,42.025001525878906,42.025001525878906,42.025001525878906,276.0
2023-03-09 15:01:00,CG,33.53010177612305,33.53010177612305,33.53010177612305,33.52000045776367,33.52000045776367,3287.0
2023-03-09 15:01:00,CGBD,14.914999961853027,14.914999961853027,14.914999961853027,14.914999961853027,14.914999961853027,408.0
2023-03-09 15:01:00,CHI,11.82699966430664,11.82699966430664,11.82699966430664,11.82699966430664,11.82699966430664,434.0
2023-03-09 15:01:00,CHY,12.130000114440918,12.130000114440918,12.130000114440918,12.130000114440918,12.130000114440918,200.0
2023-03-09 15:01:00,CIFR,1.420699954032898,1.420699954032898,1.420699954032898,1.420699954032898,1.420699954032898,634.0
2023-03-09 15:01:00,CINF,115.29000091552734,115.29000091552734,115.31999969482422,115.27999877929688,115.31999969482422,1301.0
2023-03-09 15:01:00,CLBK,19.690000534057617,19.690000534057617,19.690000534057617,19.690000534057617,19.690000534057617,1245.0
2023-03-09 15:01:00,CME,178.11819458007812,178.11819458007812,178.1199951171875,178.0500030517578,178.0500030517578,1520.0
2023-03-09 15:01:00,COLB,25.0,25.0,25.010000228881836,24.981000900268555,25.010000228881836,10357.0
2023-03-09 15:01:00,CVLY,24.020000457763672,24.020000457763672,24.020000457763672,24.020000457763672,24.020000457763672,301.0
2023-03-09 15:01:00,DCOM,29.315000534057617,29.315000534057617,29.315000534057617,29.315000534057617,29.315000534057617,431.0
2023-03-09 15:01:00,DWAC,14.085000038146973,14.085000038146973,14.08590030670166,14.080100059509277,14.080100059509277,1300.0
2023-03-09 15:01:00,EBC,14.395000457763672,14.395000457763672,14.395000457763672,14.390000343322754,14.395000457763672,772.0
2023-03-09 15:01:00,EBMT,17.290000915527344,17.290000915527344,17.290000915527344,17.290000915527344,17.290000915527344,305.0
2023-03-09 15:01:00,EFSC,51.52000045776367,51.52000045776367,51.52000045776367,51.52000045776367,51.52000045776367,518.0
2023-03-09 15:01:00,EGBN,40.17499923706055,40.17499923706055,40.17499923706055,40.17499923706055,40.17499923706055,697.0
2023-03-09 15:01:00,EHTH,8.529999732971191,8.529999732971191,8.534199714660645,8.529999732971191,8.534199714660645,1527.0
2023-03-09 15:01:00,ESQ,40.66999816894531,40.66999816894531,40.70000076293945,40.66999816894531,40.68000030517578,988.0
2023-03-09 15:01:00,EWBC,67.83000183105469,67.83000183105469,67.83000183105469,67.83000183105469,67.83000183105469,265.0
2023-03-09 15:01:00,EZPW,8.770000457763672,8.770000457763672,8.774999618530273,8.770000457763672,8.774999618530273,605.0
2023-03-09 15:01:00,FBMS,28.93000030517578,28.93000030517578,28.93000030517578,28.920000076293945,28.920000076293945,680.0
2023-03-09 15:01:00,FBNC,38.470001220703125,38.470001220703125,38.470001220703125,38.43000030517578,38.43000030517578,475.0
2023-03-09 15:01:00,FCFS,88.75499725341797,88.75499725341797,88.75499725341797,88.75499725341797,88.75499725341797,202.0
2023-03-09 15:01:00,FCRD,4.579999923706055,4.579999923706055,4.579999923706055,4.579999923706055,4.579999923706055,100.0
2023-03-09 15:01:00,FFIC,17.229999542236328,17.229999542236328,17.229999542236328,17.229999542236328,17.229999542236328,805.0
2023-03-09 15:01:00,FFIN,33.52000045776367,33.52000045776367,33.52000045776367,33.52000045776367,33.52000045776367,667.0
2023-03-09 15:01:00,FFWM,12.819999694824219,12.819999694824219,12.819999694824219,12.819999694824219,12.819999694824219,312.0
2023-03-09 15:01:00,FHB,23.969999313354492,23.969999313354492,23.969999313354492,23.969999313354492,23.969999313354492,691.0
2023-03-09 15:01:00,FIBK,32.029998779296875,32.029998779296875,32.029998779296875,32.029998779296875,32.029998779296875,655.0
2023-03-09 15:01:00,FITB,31.979999542236328,31.979999542236328,32.005001068115234,31.979999542236328,32.005001068115234,17875.0
2023-03-09 15:01:00,FLIC,16.110000610351562,16.110000610351562,16.110000610351562,16.110000610351562,16.110000610351562,138.0
2023-03-09 15:01:00,FOCS,51.57500076293945,51.57500076293945,51.58000183105469,51.56999969482422,51.57500076293945,2562.0
2023-03-09 15:01:00,FRST,10.729999542236328,10.729999542236328,10.75,10.729999542236328,10.75,1561.0
2023-03-09 15:01:00,FULT,15.670000076293945,15.670000076293945,15.675000190734863,15.670000076293945,15.670000076293945,1594.0
2023-03-09 15:01:00,FUND,8.480500221252441,8.480500221252441,8.480500221252441,8.479999542236328,8.48009967803955,3800.0
2023-03-09 15:01:00,FUTU,46.38999938964844,46.38999938964844,46.40999984741211,46.38999938964844,46.400001525878906,1730.0
2023-03-09 15:01:00,GABC,35.849998474121094,35.849998474121094,35.849998474121094,35.849998474121094,35.849998474121094,102.0
2023-03-09 15:01:00,GAIN,13.510000228881836,13.510000228881836,13.510000228881836,13.510000228881836,13.510000228881836,425.0
2023-03-09 15:01:00,GBDC,13.225000381469727,13.225000381469727,13.229999542236328,13.225000381469727,13.229999542236328,1399.0
2023-03-09 15:01:00,GGAL,12.8100004196167,12.8100004196167,12.8100004196167,12.791999816894531,12.791999816894531,1855.0
2023-03-09 15:01:00,GSHD,50.900001525878906,50.900001525878906,50.900001525878906,50.849998474121094,50.849998474121094,1169.0
2023-03-09 15:01:00,HAFC,21.77090072631836,21.77090072631836,21.774999618530273,21.760000228881836,21.774999618530273,1085.0
2023-03-09 15:01:00,HALL,11.2298002243042,11.2298002243042,11.2298002243042,11.2298002243042,11.2298002243042,383.0
2023-03-09 15:01:00,HBAN,13.864999771118164,13.864999771118164,13.869999885559082,13.859999656677246,13.869999885559082,29324.0
2023-03-09 15:01:00,HBANP,19.01650047302246,19.01650047302246,19.01650047302246,18.989999771118164,19.0,764.0
2023-03-09 15:01:00,HBCP,36.240501403808594,36.240501403808594,36.25,36.240501403808594,36.25,200.0
2023-03-09 15:01:00,HIVE,2.4149999618530273,2.4149999618530273,2.421099901199341,2.4149999618530273,2.421099901199341,1537.0
2023-03-09 15:01:00,HLNE,75.0,75.0,75.0,75.0,75.0,380.0
2023-03-09 15:01:00,HMST,22.18000030517578,22.18000030517578,22.200000762939453,22.18000030517578,22.190000534057617,1980.0
2023-03-09 15:01:00,HOPE,11.744999885559082,11.744999885559082,11.744999885559082,11.744999885559082,11.744999885559082,297.0
2023-03-09 15:01:00,HTLF,45.459999084472656,45.459999084472656,45.459999084472656,45.459999084472656,45.459999084472656,231.0
2023-03-09 15:01:00,HUT,1.309999942779541,1.309999942779541,1.309999942779541,1.2999999523162842,1.301900029182434,7010.0
2023-03-09 15:01:00,HWC,43.70000076293945,43.70000076293945,43.71500015258789,43.70000076293945,43.709999084472656,1177.0
2023-03-09 15:01:00,IBKR,87.26000213623047,87.26000213623047,87.2699966430664,87.21119689941406,87.2699966430664,1408.0
2023-03-09 15:01:00,INDB,71.62000274658203,71.62000274658203,71.63999938964844,71.62000274658203,71.625,1820.0
2023-03-09 15:02:00,ABCB,42.5099983215332,42.5099983215332,42.540000915527344,42.5099983215332,42.540000915527344,653.0
2023-03-09 15:02:00,ACGL,68.61000061035156,68.61000061035156,68.62000274658203,68.60929870605469,68.61000061035156,2958.0
2023-03-09 15:02:00,AIHS,0.8734999895095825,0.8734999895095825,0.8764259815216064,0.8604999780654907,0.8759999871253967,6662.0
2023-03-09 15:02:00,APLD,2.0350000858306885,2.0350000858306885,2.0399999618530273,2.0350000858306885,2.0399999618530273,730.0
2023-03-09 15:02:00,ARCC,18.614999771118164,18.614999771118164,18.6200008392334,18.610000610351562,18.6200008392334,5322.0
2023-03-09 15:02:00,ATLO,23.40999984741211,23.40999984741211,23.40999984741211,23.40999984741211,23.40999984741211,108.0
2023-03-09 15:02:00,AUB,36.52000045776367,36.52000045776367,36.529998779296875,36.5099983215332,36.529998779296875,7395.0
2023-03-09 15:02:00,BCML,19.309999465942383,19.309999465942383,19.309999465942383,19.309999465942383,19.309999465942383,128.0
2023-03-09 15:02:00,BFST,18.579999923706055,18.579999923706055,18.600000381469727,18.579999923706055,18.579999923706055,3325.0
2023-03-09 15:02:00,BGCP,4.994999885559082,4.994999885559082,5.0,4.994999885559082,4.994999885559082,5838.0
2023-03-09 15:02:00,BHF,52.18000030517578,52.18000030517578,52.244998931884766,52.18000030517578,52.244998931884766,1565.0
2023-03-09 15:02:00,BHFAO,24.549999237060547,24.549999237060547,24.549999237060547,24.549999237060547,24.549999237060547,1068.0
2023-03-09 15:02:00,BHFAP,23.889999389648438,23.889999389648438,24.026599884033203,23.889999389648438,24.026599884033203,848.0
2023-03-09 15:02:00,BITF,0.7287999987602234,0.7287999987602234,0.7287999987602234,0.7276999950408936,0.7276999950408936,5314.0
2023-03-09 15:02:00,BKCC,3.6149001121520996,3.6149001121520996,3.6149001121520996,3.609999895095825,3.609999895095825,956.0
2023-03-09 15:02:00,BLFY,11.279999732971191,11.279999732971191,11.279999732971191,11.279999732971191,11.279999732971191,220.0
2023-03-09 15:02:00,BOKF,95.56500244140625,95.56500244140625,95.58999633789062,95.56500244140625,95.58999633789062,846.0
2023-03-09 15:02:00,BPOP,62.45000076293945,62.45000076293945,62.45000076293945,62.43000030517578,62.43000030517578,1393.0
2023-03-09 15:02:00,BRKL,11.579999923706055,11.579999923706055,11.579999923706055,11.579999923706055,11.579999923706055,494.0
2023-03-09 15:02:00,BRP,25.350000381469727,25.350000381469727,25.375,25.350000381469727,25.375,2219.0
2023-03-09 15:02:00,BTBT,1.0764000415802002,1.0764000415802002,1.0764000415802002,1.0764000415802002,1.0764000415802002,393.0
2023-03-09 15:02:00,BUSE,22.59000015258789,22.59000015258789,22.610000610351562,22.59000015258789,22.610000610351562,880.0
2023-03-09 15:02:00,CALB,24.649999618530273,24.649999618530273,24.649999618530273,24.649999618530273,24.649999618530273,761.0
2023-03-09 15:02:00,CASH,47.15999984741211,47.15999984741211,47.15999984741211,47.11000061035156,47.1349983215332,3308.0
2023-03-09 15:02:00,CATY,38.8650016784668,38.8650016784668,38.880001068115234,38.8650016784668,38.880001068115234,901.0
2023-03-09 15:02:00,CBSH,61.790000915527344,61.790000915527344,61.845001220703125,61.790000915527344,61.84000015258789,1691.0
2023-03-09 15:02:00,CCAP,14.869999885559082,14.869999885559082,14.869999885559082,14.869999885559082,14.869999885559082,142.0
2023-03-09 15:02:00,CCD,22.844999313354492,22.844999313354492,22.844999313354492,22.844999313354492,22.844999313354492,220.0
2023-03-09 15:02:00,CFFN,7.550000190734863,7.550000190734863,7.550000190734863,7.550000190734863,7.550000190734863,487.0
2023-03-09 15:02:00,CG,33.4900016784668,33.4900016784668,33.53499984741211,33.4900016784668,33.53499984741211,3220.0
2023-03-09 15:02:00,CGBD,14.914999961853027,14.914999961853027,14.914999961853027,14.914999961853027,14.914999961853027,301.0
2023-03-09 15:02:00,CHY,12.15999984741211,12.15999984741211,12.15999984741211,12.130000114440918,12.130000114440918,1100.0
2023-03-09 15:02:00,CIFR,1.4299999475479126,1.4299999475479126,1.4299999475479126,1.4199999570846558,1.4199999570846558,3641.0
2023-03-09 15:02:00,CLBK,19.690000534057617,19.690000534057617,19.690000534057617,19.690000534057617,19.690000534057617,229.0
2023-03-09 15:02:00,CME,178.10499572753906,178.10499572753906,178.14999389648438,178.05999755859375,178.1199951171875,3427.0
2023-03-09 15:02:00,CNOB,22.06999969482422,22.06999969482422,22.06999969482422,22.06999969482422,22.06999969482422,647.0
2023-03-09 15:02:00,COLB,24.969999313354492,24.969999313354492,25.010000228881836,24.969999313354492,25.0049991607666,13748.0
2023-03-09 15:02:00,COOP,44.029998779296875,44.029998779296875,44.050201416015625,44.029998779296875,44.04999923706055,1060.0
2023-03-09 15:02:00,CSWC,18.145000457763672,18.145000457763672,18.149999618530273,18.145000457763672,18.145000457763672,2610.0
2023-03-09 15:02:00,CTBI,40.470001220703125,40.470001220703125,40.470001220703125,40.470001220703125,40.470001220703125,309.0
2023-03-09 15:02:00,CVBF,21.68000030517578,21.68000030517578,21.68199920654297,21.68000030517578,21.68199920654297,2281.0
2023-03-09 15:02:00,DCOM,29.280000686645508,29.280000686645508,29.280000686645508,29.280000686645508,29.280000686645508,551.0
2023-03-09 15:02:00,DWAC,14.09000015258789,14.09000015258789,14.09000015258789,14.079999923706055,14.080100059509277,2008.0
2023-03-09 15:02:00,EBC,14.390000343322754,14.390000343322754,14.399999618530273,14.390000343322754,14.390000343322754,5805.0
2023-03-09 15:02:00,ECPG,50.5099983215332,50.5099983215332,50.5099983215332,50.5099983215332,50.5099983215332,238.0
2023-03-09 15:02:00,EFSC,51.4900016784668,51.4900016784668,51.540000915527344,51.47999954223633,51.47999954223633,690.0
2023-03-09 15:02:00,EGBN,40.13999938964844,40.13999938964844,40.13999938964844,40.13999938964844,40.13999938964844,613.0
2023-03-09 15:02:00,EHTH,8.520000457763672,8.520000457763672,8.529999732971191,8.5,8.529999732971191,3114.0
2023-03-09 15:02:00,ESGRP,23.299999237060547,23.299999237060547,23.299999237060547,23.290000915527344,23.290000915527344,514.0
2023-03-09 15:02:00,EWBC,67.7300033569336,67.7300033569336,67.81500244140625,67.7300033569336,67.81500244140625,6241.0
2023-03-09 15:02:00,EZPW,8.770000457763672,8.770000457763672,8.774999618530273,8.770000457763672,8.770000457763672,1452.0
2023-03-09 15:02:00,FBMS,28.889999389648438,28.889999389648438,28.899999618530273,28.889999389648438,28.899999618530273,1101.0
2023-03-09 15:02:00,FBNC,38.43000030517578,38.43000030517578,38.43000030517578,38.404998779296875,38.43000030517578,934.0
2023-03-09 15:02:00,FCNCA,643.4550170898438,643.4550170898438,643.4550170898438,643.4550170898438,643.4550170898438,589.0
2023-03-09 15:02:00,FCRD,4.579999923706055,4.579999923706055,4.579999923706055,4.579999923706055,4.579999923706055,100.0
2023-03-09 15:02:00,FFBC,22.309999465942383,22.309999465942383,22.31999969482422,22.309999465942383,22.31999969482422,1280.0
2023-03-09 15:02:00,FFIN,33.4900016784668,33.4900016784668,33.4900016784668,33.4900016784668,33.4900016784668,328.0
2023-03-09 15:02:00,FFWM,12.8100004196167,12.8100004196167,12.8100004196167,12.8100004196167,12.8100004196167,602.0
2023-03-09 15:02:00,FHB,23.940000534057617,23.940000534057617,23.950000762939453,23.940000534057617,23.950000762939453,811.0
2023-03-09 15:02:00,FIBK,31.989999771118164,31.989999771118164,32.029998779296875,31.989999771118164,32.029998779296875,1094.0
2023-03-09 15:02:00,FITB,31.920000076293945,31.920000076293945,31.989999771118164,31.920000076293945,31.979999542236328,10131.0
2023-03-09 15:02:00,FITBI,25.100000381469727,25.100000381469727,25.100000381469727,25.100000381469727,25.100000381469727,119.0
2023-03-09 15:02:00,FITBP,24.079999923706055,24.079999923706055,24.079999923706055,24.079999923706055,24.079999923706055,100.0
2023-03-09 15:02:00,FMNB,13.220000267028809,13.220000267028809,13.229999542236328,13.220000267028809,13.229999542236328,929.0
2023-03-09 15:02:00,FOCS,51.57500076293945,51.57500076293945,51.58000183105469,51.56999969482422,51.56999969482422,3880.0
2023-03-09 15:02:00,FRBK,1.6749999523162842,1.6749999523162842,1.6799999475479126,1.6749999523162842,1.6799999475479126,2519.0
2023-03-09 15:02:00,FRST,10.720000267028809,10.720000267028809,10.720000267028809,10.720000267028809,10.720000267028809,201.0
2023-03-09 15:02:00,FSBC,25.5,25.5,25.520000457763672,25.469999313354492,25.489999771118164,957.0
2023-03-09 15:02:00,FSFG,18.81999969482422,18.81999969482422,18.81999969482422,18.81999969482422,18.81999969482422,153.0
2023-03-09 15:02:00,FULT,15.65999984741211,15.65999984741211,15.65999984741211,15.65999984741211,15.65999984741211,1612.0
2023-03-09 15:02:00,FUTU,46.349998474121094,46.349998474121094,46.400001525878906,46.349998474121094,46.400001525878906,1302.0
2023-03-09 15:02:00,GABC,35.845001220703125,35.845001220703125,35.845001220703125,35.845001220703125,35.845001220703125,284.0
2023-03-09 15:02:00,GAIN,13.510000228881836,13.510000228881836,13.510000228881836,13.510000228881836,13.510000228881836,386.0
2023-03-09 15:02:00,GBDC,13.239999771118164,13.239999771118164,13.239999771118164,13.225000381469727,13.225000381469727,7104.0
2023-03-09 15:02:00,GECC,9.300000190734863,9.300000190734863,9.364999771118164,9.300000190734863,9.359999656677246,2060.0
2023-03-09 15:02:00,GGAL,12.789999961853027,12.789999961853027,12.829999923706055,12.789999961853027,12.817299842834473,7342.0
2023-03-09 15:02:00,GSHD,50.84000015258789,50.84000015258789,50.869998931884766,50.84000015258789,50.86000061035156,1516.0
2023-03-09 15:02:00,HAFC,21.739999771118164,21.739999771118164,21.739999771118164,21.739999771118164,21.739999771118164,429.0
2023-03-09 15:02:00,HBAN,13.845000267028809,13.845000267028809,13.876899719238281,13.845000267028809,13.869999885559082,79835.0
2023-03-09 15:02:00,HFWA,24.459999084472656,24.459999084472656,24.489999771118164,24.459999084472656,24.469999313354492,898.0
2023-03-09 15:02:00,HIVE,2.4149999618530273,2.4149999618530273,2.424999952316284,2.4149999618530273,2.4200000762939453,2705.0
2023-03-09 15:02:00,HLNE,74.91000366210938,74.91000366210938,74.91500091552734,74.91000366210938,74.91500091552734,760.0
2023-03-09 15:02:00,HMST,22.190000534057617,22.190000534057617,22.190000534057617,22.170000076293945,22.170000076293945,600.0
2023-03-09 15:02:00,HONE,12.619999885559082,12.619999885559082,12.625,12.619999885559082,12.625,629.0
2023-03-09 15:02:00,HOPE,11.739999771118164,11.739999771118164,11.744999885559082,11.734999656677246,11.739999771118164,2263.0
2023-03-09 15:02:00,HTBK,10.8100004196167,10.8100004196167,10.8100004196167,10.8100004196167,10.8100004196167,637.0
2023-03-09 15:02:00,HTLF,45.45000076293945,45.45000076293945,45.45000076293945,45.45000076293945,45.45000076293945,478.0
2023-03-09 15:02:00,HUT,1.3000999689102173,1.3000999689102173,1.309999942779541,1.3000999689102173,1.309999942779541,11474.0
2023-03-09 15:02:00,HWC,43.68000030517578,43.68000030517578,43.68000030517578,43.68000030517578,43.68000030517578,916.0
2023-03-09 15:02:00,IBKR,87.18000030517578,87.18000030517578,87.2750015258789,87.12000274658203,87.26000213623047,7180.0
2023-03-09 15:02:00,IBOC,44.94499969482422,44.94499969482422,44.970001220703125,44.94499969482422,44.970001220703125,543.0
2023-03-09 15:02:00,IBTX,52.619998931884766,52.619998931884766,52.619998931884766,52.619998931884766,52.619998931884766,392.0
2023-03-09 15:02:00,INTR,2.0199999809265137,2.0199999809265137,2.0199999809265137,2.0199999809265137,2.0199999809265137,1178.0
2023-03-09 15:03:00,ABCB,42.47999954223633,42.47999954223633,42.494998931884766,42.47999954223633,42.494998931884766,488.0
2023-03-09 15:03:00,ACGL,68.55000305175781,68.55000305175781,68.61000061035156,68.55000305175781,68.61000061035156,2264.0
2023-03-09 15:03:00,ACGLN,18.670000076293945,18.670000076293945,18.670000076293945,18.670000076293945,18.670000076293945,436.0
2023-03-09 15:03:00,AIHS,0.8604999780654907,0.8604999780654907,0.8636999726295471,0.8604999780654907,0.8636999726295471,814.0
2023-03-09 15:03:00,ALRS,18.895000457763672,18.895000457763672,18.920000076293945,18.889999389648438,18.889999389648438,2056.0
2023-03-09 15:03:00,AMRK,28.079999923706055,28.079999923706055,28.079999923706055,28.079999923706055,28.079999923706055,495.0
2023-03-09 15:03:00,APLD,2.0399999618530273,2.0399999618530273,2.0399999618530273,2.0350000858306885,2.0350000858306885,706.0
2023-03-09 15:03:00,ARCC,18.612199783325195,18.612199783325195,18.6200008392334,18.610000610351562,18.614999771118164,8388.0
2023-03-09 15:03:00,ATLO,23.450000762939453,23.450000762939453,23.450000762939453,23.450000762939453,23.450000762939453,426.0
2023-03-09 15:03:00,AUB,36.43000030517578,36.43000030517578,36.459999084472656,36.43000030517578,36.459999084472656,1333.0
2023-03-09 15:03:00,BANF,85.66999816894531,85.66999816894531,85.66999816894531,85.66999816894531,85.66999816894531,319.0
2023-03-09 15:03:00,BANR,57.32500076293945,57.32500076293945,57.380001068115234,57.32500076293945,57.380001068115234,1422.0
2023-03-09 15:03:00,BCBP,15.6899995803833,15.6899995803833,15.6899995803833,15.6899995803833,15.6899995803833,348.0
2023-03-09 15:03:00,BFST,18.559999465942383,18.559999465942383,18.56999969482422,18.559999465942383,18.56999969482422,450.0
2023-03-09 15:03:00,BGCP,4.994999885559082,4.994999885559082,5.0,4.994999885559082,4.994999885559082,1820.0
2023-03-09 15:03:00,BHF,52.13999938964844,52.13999938964844,52.18000030517578,52.13999938964844,52.18000030517578,749.0
2023-03-09 15:03:00,BHFAO,24.579999923706055,24.579999923706055,24.579999923706055,24.579999923706055,24.579999923706055,425.0
2023-03-09 15:03:00,BLFY,11.295000076293945,11.295000076293945,11.295000076293945,11.295000076293945,11.295000076293945,115.0
2023-03-09 15:03:00,BMRC,26.799999237060547,26.799999237060547,26.799999237060547,26.65999984741211,26.75,6553.0
2023-03-09 15:03:00,BOKF,95.44000244140625,95.44000244140625,95.48999786376953,95.44000244140625,95.48999786376953,908.0
2023-03-09 15:03:00,BOTJ,12.960000038146973,12.960000038146973,12.960000038146973,12.949999809265137,12.949999809265137,2228.0
2023-03-09 15:03:00,BPOP,62.34000015258789,62.34000015258789,62.43000030517578,62.34000015258789,62.43000030517578,3140.0
2023-03-09 15:03:00,BRKL,11.574999809265137,11.574999809265137,11.574999809265137,11.569999694824219,11.569999694824219,357.0
2023-03-09 15:03:00,BRP,25.375,25.375,25.399999618530273,25.375,25.399999618530273,391.0
2023-03-09 15:03:00,BSRR,19.270000457763672,19.270000457763672,19.270000457763672,19.270000457763672,19.270000457763672,121.0
2023-03-09 15:03:00,BUSE,22.56999969482422,22.56999969482422,22.56999969482422,22.56999969482422,22.56999969482422,179.0
2023-03-09 15:03:00,CACC,434.3900146484375,434.3900146484375,434.3900146484375,434.3900146484375,434.3900146484375,501.0
2023-03-09 15:03:00,CALB,24.440000534057617,24.440000534057617,24.440000534057617,24.254899978637695,24.254899978637695,876.0
2023-03-09 15:03:00,CARE,16.295000076293945,16.295000076293945,16.295000076293945,16.295000076293945,16.295000076293945,200.0
2023-03-09 15:03:00,CASH,47.150001525878906,47.150001525878906,47.150001525878906,47.150001525878906,47.150001525878906,201.0
2023-03-09 15:03:00,CATC,70.4800033569336,70.4800033569336,70.4800033569336,70.4800033569336,70.4800033569336,183.0
2023-03-09 15:03:00,CATY,38.810001373291016,38.810001373291016,38.81999969482422,38.79999923706055,38.81999969482422,1175.0
2023-03-09 15:03:00,CBAN,11.800000190734863,11.800000190734863,11.800000190734863,11.800000190734863,11.800000190734863,132.0
2023-03-09 15:03:00,CBSH,61.720001220703125,61.720001220703125,61.790000915527344,61.720001220703125,61.790000915527344,857.0
2023-03-09 15:03:00,CCAP,14.890000343322754,14.890000343322754,14.890000343322754,14.890000343322754,14.890000343322754,521.0
2023-03-09 15:03:00,CCNE,22.592500686645508,22.592500686645508,22.594999313354492,22.56999969482422,22.594999313354492,898.0
2023-03-09 15:03:00,CFFN,7.545000076293945,7.545000076293945,7.545000076293945,7.539999961853027,7.539999961853027,1677.0
2023-03-09 15:03:00,CG,33.4900016784668,33.4900016784668,33.49800109863281,33.48500061035156,33.48500061035156,3863.0
2023-03-09 15:03:00,CHY,12.149999618530273,12.149999618530273,12.149999618530273,12.149999618530273,12.149999618530273,100.0
2023-03-09 15:03:00,CINF,115.25,115.25,115.30000305175781,115.20999908447266,115.20999908447266,1047.0
2023-03-09 15:03:00,CLBK,19.690000534057617,19.690000534057617,19.690000534057617,19.690000534057617,19.690000534057617,1122.0
2023-03-09 15:03:00,CME,178.02000427246094,178.02000427246094,178.11000061035156,178.02000427246094,178.09500122070312,2790.0
2023-03-09 15:03:00,COLB,24.950000762939453,24.950000762939453,24.969999313354492,24.950000762939453,24.969999313354492,5555.0
2023-03-09 15:03:00,COOP,44.029998779296875,44.029998779296875,44.029998779296875,44.0,44.02000045776367,1322.0
2023-03-09 15:03:00,CSTR,15.079999923706055,15.079999923706055,15.079999923706055,15.079999923706055,15.079999923706055,113.0
2023-03-09 15:03:00,CSWC,18.139999389648438,18.139999389648438,18.149999618530273,18.139999389648438,18.149999618530273,634.0
2023-03-09 15:03:00,CUBA,3.859999895095825,3.859999895095825,3.859999895095825,3.859999895095825,3.859999895095825,1008.0
2023-03-09 15:03:00,CVBF,21.65999984741211,21.65999984741211,21.670000076293945,21.65999984741211,21.670000076293945,2851.0
2023-03-09 15:03:00,CVLY,24.084999084472656,24.084999084472656,24.1200008392334,24.049999237060547,24.084999084472656,949.0
2023-03-09 15:03:00,DCOM,29.280000686645508,29.280000686645508,29.280000686645508,29.280000686645508,29.280000686645508,192.0
2023-03-09 15:03:00,DHHC,10.25,10.25,10.25,10.25,10.25,10825.0
2023-03-09 15:03:00,DWAC,14.079999923706055,14.079999923706055,14.079999923706055,14.079999923706055,14.079999923706055,170.0
2023-03-09 15:03:00,EBC,14.380000114440918,14.380000114440918,14.395000457763672,14.380000114440918,14.395000457763672,2401.0
2023-03-09 15:03:00,ECPG,50.5099983215332,50.5099983215332,50.5099983215332,50.5099983215332,50.5099983215332,504.0
2023-03-09 15:03:00,EFSC,51.470001220703125,51.470001220703125,51.470001220703125,51.470001220703125,51.470001220703125,511.0
2023-03-09 15:03:00,EHTH,8.577500343322754,8.577500343322754,8.577500343322754,8.529999732971191,8.529999732971191,1403.0
2023-03-09 15:03:00,ESGR,231.10000610351562,231.10000610351562,231.10000610351562,231.10000610351562,231.10000610351562,391.0
2023-03-09 15:03:00,ESQ,40.59000015258789,40.59000015258789,40.59000015258789,40.59000015258789,40.59000015258789,382.0
2023-03-09 15:03:00,EWBC,67.58999633789062,67.58999633789062,67.7249984741211,67.58999633789062,67.7249984741211,2287.0
2023-03-09 15:03:00,EZPW,8.765000343322754,8.765000343322754,8.770000457763672,8.765000343322754,8.770000457763672,1353.0
2023-03-09 15:03:00,FBIZ,33.5,33.5,33.5,33.5,33.5,182.0
2023-03-09 15:03:00,FBNC,38.474998474121094,38.474998474121094,38.47999954223633,38.45000076293945,38.45000076293945,866.0
2023-03-09 15:03:00,FCFS,88.62999725341797,88.62999725341797,88.69999694824219,88.62999725341797,88.69999694824219,493.0
2023-03-09 15:03:00,FCRD,4.579999923706055,4.579999923706055,4.579999923706055,4.579999923706055,4.579999923706055,200.0
2023-03-09 15:03:00,FFBC,22.280000686645508,22.280000686645508,22.299999237060547,22.280000686645508,22.299999237060547,856.0
2023-03-09 15:03:00,FFIC,17.219900131225586,17.219900131225586,17.219900131225586,17.219900131225586,17.219900131225586,178.0
2023-03-09 15:03:00,FFIN,33.459999084472656,33.459999084472656,33.47999954223633,33.459999084472656,33.47999954223633,574.0
2023-03-09 15:03:00,FFWM,12.800000190734863,12.800000190734863,12.8100004196167,12.789999961853027,12.8100004196167,1834.0
2023-03-09 15:03:00,FHB,23.920000076293945,23.920000076293945,23.93000030517578,23.920000076293945,23.93000030517578,768.0
2023-03-09 15:03:00,FIBK,31.979999542236328,31.979999542236328,31.979999542236328,31.979999542236328,31.979999542236328,787.0
2023-03-09 15:03:00,FINW,9.029999732971191,9.029999732971191,9.029999732971191,9.029999732971191,9.029999732971191,211.0
2023-03-09 15:03:00,FITB,31.8700008392334,31.8700008392334,31.924999237060547,31.8700008392334,31.924999237060547,15119.0
2023-03-09 15:03:00,FITBI,25.110000610351562,25.110000610351562,25.110000610351562,25.100000381469727,25.100000381469727,1960.0
2023-03-09 15:03:00,FITBP,24.079999923706055,24.079999923706055,24.079999923706055,24.079999923706055,24.079999923706055,400.0
2023-03-09 15:03:00,FLIC,16.100000381469727,16.100000381469727,16.100000381469727,16.100000381469727,16.100000381469727,1573.0
2023-03-09 15:03:00,FMNB,13.210000038146973,13.210000038146973,13.211199760437012,13.210000038146973,13.211199760437012,422.0
2023-03-09 15:03:00,FOCS,51.57500076293945,51.57500076293945,51.58000183105469,51.57500076293945,51.57500076293945,1932.0
2023-03-09 15:03:00,FRHC,72.23999786376953,72.23999786376953,72.23999786376953,72.23999786376953,72.23999786376953,194.0
2023-03-09 15:03:00,FRME,37.34000015258789,37.34000015258789,37.34000015258789,37.34000015258789,37.34000015258789,418.0
2023-03-09 15:03:00,FULT,15.640000343322754,15.640000343322754,15.649999618530273,15.640000343322754,15.649999618530273,2099.0
2023-03-09 15:03:00,FUTU,46.349998474121094,46.349998474121094,46.349998474121094,46.345001220703125,46.345001220703125,456.0
2023-03-09 15:03:00,GAIN,13.520000457763672,13.520000457763672,13.520000457763672,13.520000457763672,13.520000457763672,229.0
2023-03-09 15:03:00,GCMG,8.420000076293945,8.420000076293945,8.420000076293945,8.420000076293945,8.420000076293945,200.0
2023-03-09 15:03:00,GGAL,12.779999732971191,12.779999732971191,12.779999732971191,12.770000457763672,12.779999732971191,800.0
2023-03-09 15:03:00,GNTY,29.15999984741211,29.15999984741211,29.15999984741211,29.15999984741211,29.15999984741211,100.0
2023-03-09 15:03:00,HAFC,21.729999542236328,21.729999542236328,21.729999542236328,21.729999542236328,21.729999542236328,423.0
2023-03-09 15:03:00,HBAN,13.835000038146973,13.835000038146973,13.850000381469727,13.835000038146973,13.845000267028809,15452.0
2023-03-09 15:03:00,HBCP,36.25,36.25,36.25,36.25,36.25,368.0
2023-03-09 15:03:00,HFWA,24.459999084472656,24.459999084472656,24.459999084472656,24.459999084472656,24.459999084472656,474.0
2023-03-09 15:03:00,HIVE,2.4149999618530273,2.4149999618530273,2.4200000762939453,2.4100000858306885,2.4100000858306885,2908.0
2023-03-09 15:03:00,HLNE,74.91500091552734,74.91500091552734,74.92500305175781,74.91500091552734,74.92500305175781,423.0
2023-03-09 15:03:00,HONE,12.609999656677246,12.609999656677246,12.609999656677246,12.609999656677246,12.609999656677246,526.0
2023-03-09 15:03:00,HOPE,11.729999542236328,11.729999542236328,11.734999656677246,11.729999542236328,11.734999656677246,974.0
2023-03-09 15:03:00,HTBI,27.600000381469727,27.600000381469727,27.670000076293945,27.549999237060547,27.670000076293945,6391.0
2023-03-09 15:03:00,HTBK,10.800000190734863,10.800000190734863,10.805000305175781,10.800000190734863,10.805000305175781,1112.0
2023-03-09 15:03:00,HTLF,45.400001525878906,45.400001525878906,45.43000030517578,45.400001525878906,45.43000030517578,815.0
2023-03-09 15:03:00,HUT,1.3000999689102173,1.3000999689102173,1.308500051498413,1.3000999689102173,1.3075000047683716,3525.0
2023-03-09 15:03:00,HWC,43.61000061035156,43.61000061035156,43.665000915527344,43.61000061035156,43.665000915527344,3308.0
2023-03-09 15:03:00,IBKR,87.06500244140625,87.06500244140625,87.18000030517578,87.0,87.1449966430664,14369.0
2023-03-09 15:03:00,IBOC,44.88999938964844,44.88999938964844,44.91999816894531,44.88999938964844,44.91999816894531,1172.0
2023-03-09 15:03:00,INDB,71.54000091552734,71.54000091552734,71.54000091552734,71.54000091552734,71.54000091552734,446.0
2023-03-09 15:04:00,ABCB,42.470001220703125,42.470001220703125,42.47999954223633,42.470001220703125,42.47999954223633,2114.0
2023-03-09 15:04:00,ACGL,68.51000213623047,68.51000213623047,68.52999877929688,68.51000213623047,68.52999877929688,2841.0
2023-03-09 15:04:00,AIHS,0.8849999904632568,0.8849999904632568,0.8849999904632568,0.8605999946594238,0.8605999946594238,1100.0
2023-03-09 15:04:00,AMTB,25.219999313354492,25.219999313354492,25.260000228881836,25.219999313354492,25.260000228881836,504.0
2023-03-09 15:04:00,APLD,2.0299999713897705,2.0299999713897705,2.0399999618530273,2.0250000953674316,2.0399999618530273,4858.0
2023-03-09 15:04:00,ARCC,18.629100799560547,18.629100799560547,18.629100799560547,18.614999771118164,18.614999771118164,20113.0
2023-03-09 15:04:00,AUB,36.43000030517578,36.43000030517578,36.43000030517578,36.43000030517578,36.43000030517578,301.0
2023-03-09 15:04:00,BANF,85.6500015258789,85.6500015258789,85.6500015258789,85.6500015258789,85.6500015258789,424.0
2023-03-09 15:04:00,BFIN,10.0,10.0,10.069999694824219,10.0,10.069999694824219,10505.0
2023-03-09 15:04:00,BGCP,4.989999771118164,4.989999771118164,5.0,4.980000019073486,4.994999885559082,17374.0
2023-03-09 15:04:00,BHF,52.099998474121094,52.099998474121094,52.130001068115234,52.099998474121094,52.130001068115234,793.0
2023-03-09 15:04:00,BHFAM,16.45989990234375,16.45989990234375,16.45989990234375,16.45989990234375,16.45989990234375,1245.0
2023-03-09 15:04:00,BHFAN,18.75,18.75,18.75,18.75,18.75,388.0
2023-03-09 15:04:00,BITF,0.7278000116348267,0.7278000116348267,0.7278000116348267,0.7276999950408936,0.7276999950408936,1800.0
2023-03-09 15:04:00,BMRC,26.739999771118164,26.739999771118164,26.799999237060547,26.729999542236328,26.799999237060547,446.0
2023-03-09 15:04:00,BOKF,95.43000030517578,95.43000030517578,95.43000030517578,95.43000030517578,95.43000030517578,512.0
2023-03-09 15:04:00,BPOP,62.34000015258789,62.34000015258789,62.34000015258789,62.31999969482422,62.31999969482422,275.0
2023-03-09 15:04:00,BRKL,11.5649995803833,11.5649995803833,11.5649995803833,11.5649995803833,11.5649995803833,352.0
2023-03-09 15:04:00,BRP,25.399999618530273,25.399999618530273,25.399999618530273,25.3700008392334,25.3700008392334,1964.0
2023-03-09 15:04:00,BTBT,1.0703999996185303,1.0703999996185303,1.0703999996185303,1.0703999996185303,1.0703999996185303,732.0
2023-03-09 15:04:00,BUSE,22.56999969482422,22.56999969482422,22.56999969482422,22.56999969482422,22.56999969482422,264.0
2023-03-09 15:04:00,CALB,24.405000686645508,24.405000686645508,24.440000534057617,24.405000686645508,24.440000534057617,831.0
2023-03-09 15:04:00,CARE,16.309999465942383,16.309999465942383,16.309999465942383,16.309999465942383,16.309999465942383,121.0
2023-03-09 15:04:00,CASH,47.14500045776367,47.14500045776367,47.150001525878906,47.14500045776367,47.150001525878906,644.0
2023-03-09 15:04:00,CCAP,14.899999618530273,14.899999618530273,14.899999618530273,14.899999618530273,14.899999618530273,244.0
2023-03-09 15:04:00,CCBG,32.779998779296875,32.779998779296875,32.779998779296875,32.779998779296875,32.779998779296875,375.0
2023-03-09 15:04:00,CFB,12.289999961853027,12.289999961853027,12.300000190734863,12.289999961853027,12.300000190734863,972.0
2023-03-09 15:04:00,CFFN,7.539999961853027,7.539999961853027,7.545000076293945,7.539999961853027,7.539999961853027,5087.0
2023-03-09 15:04:00,CG,33.435001373291016,33.435001373291016,33.4900016784668,33.435001373291016,33.4900016784668,4220.0
2023-03-09 15:04:00,CGBD,14.930000305175781,14.930000305175781,14.9399995803833,14.920000076293945,14.930000305175781,1682.0
2023-03-09 15:04:00,CHCO,91.73999786376953,91.73999786376953,91.73999786376953,91.73999786376953,91.73999786376953,472.0
2023-03-09 15:04:00,CHI,11.820099830627441,11.820099830627441,11.820099830627441,11.819999694824219,11.819999694824219,1152.0
2023-03-09 15:04:00,CHW,6.0,6.0,6.0,5.989999771118164,6.0,1021.0
2023-03-09 15:04:00,CHY,12.149999618530273,12.149999618530273,12.149999618530273,12.149999618530273,12.149999618530273,300.0
2023-03-09 15:04:00,CINF,115.18000030517578,115.18000030517578,115.19000244140625,115.13999938964844,115.19000244140625,1793.0
2023-03-09 15:04:00,CIVB,20.730199813842773,20.730199813842773,20.7450008392334,20.700000762939453,20.700000762939453,2233.0
2023-03-09 15:04:00,CME,177.99000549316406,177.99000549316406,178.0,177.91000366210938,178.0,3132.0
2023-03-09 15:04:00,COLB,24.940000534057617,24.940000534057617,24.954999923706055,24.934799194335938,24.954999923706055,5614.0
2023-03-09 15:04:00,COOP,44.03499984741211,44.03499984741211,44.03499984741211,44.03499984741211,44.03499984741211,118.0
2023-03-09 15:04:00,CSTR,15.11989974975586,15.11989974975586,15.11989974975586,15.11989974975586,15.11989974975586,538.0
2023-03-09 15:04:00,CSWC,18.1299991607666,18.1299991607666,18.145000457763672,18.1299991607666,18.145000457763672,1235.0
2023-03-09 15:04:00,CULL,11.75,11.75,11.75,11.75,11.75,106.0
2023-03-09 15:04:00,CVBF,21.639999389648438,21.639999389648438,21.65999984741211,21.639999389648438,21.65999984741211,2533.0
2023-03-09 15:04:00,CVLY,24.1200008392334,24.1200008392334,24.170000076293945,24.079999923706055,24.1299991607666,2681.0
2023-03-09 15:04:00,CZNC,22.0,22.0,22.024999618530273,22.0,22.024999618530273,621.0
2023-03-09 15:04:00,DCOM,29.25,29.25,29.280000686645508,29.25,29.280000686645508,1083.0
2023-03-09 15:04:00,DCOMP,19.0,19.0,19.149999618530273,19.0,19.149999618530273,1112.0
2023-03-09 15:04:00,EBC,14.375,14.375,14.390000343322754,14.369999885559082,14.380000114440918,5414.0
2023-03-09 15:04:00,EGBN,40.09000015258789,40.09000015258789,40.119998931884766,40.09000015258789,40.119998931884766,798.0
2023-03-09 15:04:00,EHTH,8.529999732971191,8.529999732971191,8.539999961853027,8.529999732971191,8.539999961853027,520.0
2023-03-09 15:04:00,ESQ,40.69499969482422,40.69499969482422,40.79999923706055,40.69499969482422,40.790000915527344,1129.0
2023-03-09 15:04:00,EWBC,67.55000305175781,67.55000305175781,67.56999969482422,67.54000091552734,67.55999755859375,2152.0
2023-03-09 15:04:00,EZPW,8.744999885559082,8.744999885559082,8.760000228881836,8.744999885559082,8.760000228881836,706.0
2023-03-09 15:04:00,FBMS,28.850000381469727,28.850000381469727,28.8700008392334,28.850000381469727,28.8700008392334,249.0
2023-03-09 15:04:00,FBNC,38.439998626708984,38.439998626708984,38.439998626708984,38.439998626708984,38.439998626708984,411.0
2023-03-09 15:04:00,FCFS,88.62000274658203,88.62000274658203,88.625,88.62000274658203,88.625,291.0
2023-03-09 15:04:00,FCRD,4.579999923706055,4.579999923706055,4.579999923706055,4.579999923706055,4.579999923706055,100.0
2023-03-09 15:04:00,FDUS,20.049999237060547,20.049999237060547,20.049999237060547,20.049999237060547,20.049999237060547,131.0
2023-03-09 15:04:00,FFIC,17.200000762939453,17.200000762939453,17.200000762939453,17.200000762939453,17.200000762939453,884.0
2023-03-09 15:04:00,FFIN,33.43000030517578,33.43000030517578,33.44499969482422,33.43000030517578,33.44499969482422,442.0
2023-03-09 15:04:00,FFWM,12.795000076293945,12.795000076293945,12.795000076293945,12.789999961853027,12.789999961853027,300.0
2023-03-09 15:04:00,FHB,23.899999618530273,23.899999618530273,23.90999984741211,23.899999618530273,23.90999984741211,1328.0
2023-03-09 15:04:00,FHLTW,0.08370000123977661,0.08370000123977661,0.08370000123977661,0.05420000106096268,0.05420000106096268,0.0
2023-03-09 15:04:00,FIBK,31.93000030517578,31.93000030517578,31.959999084472656,31.93000030517578,31.959999084472656,1056.0
2023-03-09 15:04:00,FITB,31.860000610351562,31.860000610351562,31.875,31.854999542236328,31.87070083618164,10729.0
2023-03-09 15:04:00,FITBI,25.100000381469727,25.100000381469727,25.100000381469727,25.100000381469727,25.100000381469727,411.0
2023-03-09 15:04:00,FITBP,24.079999923706055,24.079999923706055,24.079999923706055,24.079999923706055,24.079999923706055,280.0
2023-03-09 15:04:00,FLIC,16.09000015258789,16.09000015258789,16.09000015258789,16.09000015258789,16.09000015258789,131.0
2023-03-09 15:04:00,FNCB,7.300000190734863,7.300000190734863,7.300000190734863,7.300000190734863,7.300000190734863,166.0
2023-03-09 15:04:00,FOCS,51.56999969482422,51.56999969482422,51.58000183105469,51.56999969482422,51.58000183105469,4392.0
2023-03-09 15:04:00,FRBK,1.6799999475479126,1.6799999475479126,1.6799999475479126,1.6799999475479126,1.6799999475479126,100.0
2023-03-09 15:04:00,FRST,10.710000038146973,10.710000038146973,10.720000267028809,10.710000038146973,10.720000267028809,316.0
2023-03-09 15:04:00,FULT,15.630000114440918,15.630000114440918,15.630000114440918,15.630000114440918,15.630000114440918,1054.0
2023-03-09 15:04:00,FUNC,19.670000076293945,19.670000076293945,19.670000076293945,19.670000076293945,19.670000076293945,218.0
2023-03-09 15:04:00,FUTU,46.310001373291016,46.310001373291016,46.31999969482422,46.28499984741211,46.31999969482422,2219.0
2023-03-09 15:04:00,GABC,35.775001525878906,35.775001525878906,35.775001525878906,35.775001525878906,35.775001525878906,109.0
2023-03-09 15:04:00,GAIN,13.517499923706055,13.517499923706055,13.517499923706055,13.517499923706055,13.517499923706055,321.0
2023-03-09 15:04:00,GBDC,13.225000381469727,13.225000381469727,13.234999656677246,13.225000381469727,13.229999542236328,696.0
2023-03-09 15:04:00,GCMG,8.399999618530273,8.399999618530273,8.404999732971191,8.399999618530273,8.404999732971191,804.0
2023-03-09 15:04:00,GGAL,12.710000038146973,12.710000038146973,12.760000228881836,12.710000038146973,12.760000228881836,2573.0
2023-03-09 15:04:00,GNTY,29.139999389648438,29.139999389648438,29.15999984741211,29.139999389648438,29.15999984741211,379.0
2023-03-09 15:04:00,GREE,0.41119998693466187,0.41119998693466187,0.4129999876022339,0.4099999964237213,0.4120999872684479,5140.0
2023-03-09 15:04:00,GSHD,50.63999938964844,50.63999938964844,50.63999938964844,50.63999938964844,50.63999938964844,215.0
2023-03-09 15:04:00,HBAN,13.824999809265137,13.824999809265137,13.835599899291992,13.824199676513672,13.835000038146973,23829.0
2023-03-09 15:04:00,HBNC,13.800000190734863,13.800000190734863,13.800000190734863,13.800000190734863,13.800000190734863,1083.0
2023-03-09 15:04:00,HFWA,24.43000030517578,24.43000030517578,24.459999084472656,24.43000030517578,24.450000762939453,831.0
2023-03-09 15:04:00,HIVE,2.4149999618530273,2.4149999618530273,2.4149999618530273,2.410099983215332,2.410099983215332,2458.0
2023-03-09 15:04:00,HLNE,74.80999755859375,74.80999755859375,74.91500091552734,74.80999755859375,74.91000366210938,2299.0
2023-03-09 15:04:00,HMST,22.239999771118164,22.239999771118164,22.239999771118164,22.239999771118164,22.239999771118164,114.0
2023-03-09 15:04:00,HONE,12.600000381469727,12.600000381469727,12.600000381469727,12.600000381469727,12.600000381469727,100.0
2023-03-09 15:04:00,HOPE,11.729999542236328,11.729999542236328,11.734999656677246,11.729999542236328,11.734999656677246,1542.0
2023-03-09 15:04:00,HRZN,11.6899995803833,11.6899995803833,11.699999809265137,11.68340015411377,11.699999809265137,1644.0
2023-03-09 15:04:00,HTBI,27.594999313354492,27.594999313354492,27.600000381469727,27.59000015258789,27.600000381469727,1486.0
2023-03-09 15:04:00,HTBK,10.800000190734863,10.800000190734863,10.800000190734863,10.800000190734863,10.800000190734863,859.0
2023-03-09 15:04:00,HUT,1.2900999784469604,1.2900999784469604,1.309999942779541,1.2899999618530273,1.309999942779541,70845.0
2023-03-09 15:04:00,HWC,43.54999923706055,43.54999923706055,43.56999969482422,43.54999923706055,43.56999969482422,385.0
2023-03-09 15:04:00,IBKR,86.91999816894531,86.91999816894531,87.07499694824219,86.91999816894531,87.07499694824219,2132.0
2023-03-09 15:04:00,IBOC,44.85499954223633,44.85499954223633,44.86000061035156,44.849998474121094,44.86000061035156,845.0
2023-03-09 15:04:00,IBTX,52.54999923706055,52.54999923706055,52.54999923706055,52.54999923706055,52.54999923706055,396.0
2023-03-09 15:04:00,INDB,71.52999877929688,71.52999877929688,71.52999877929688,71.52999877929688,71.52999877929688,319.0
2023-03-09 15:05:00,ABCB,42.4900016784668,42.4900016784668,42.4900016784668,42.4900016784668,42.4900016784668,1046.0
2023-03-09 15:05:00,ACGL,68.44000244140625,68.44000244140625,68.51000213623047,68.43000030517578,68.5,7719.0
2023-03-09 15:05:00,ALRS,18.850000381469727,18.850000381469727,18.860000610351562,18.850000381469727,18.860000610351562,979.0
2023-03-09 15:05:00,AMAL,21.010000228881836,21.010000228881836,21.010000228881836,20.989999771118164,20.989999771118164,929.0
2023-03-09 15:05:00,AMRK,28.045000076293945,28.045000076293945,28.045000076293945,28.045000076293945,28.045000076293945,495.0
2023-03-09 15:05:00,AMTB,25.219999313354492,25.219999313354492,25.219999313354492,25.219999313354492,25.219999313354492,438.0
2023-03-09 15:05:00,APLD,2.0350000858306885,2.0350000858306885,2.0399999618530273,2.0199999809265137,2.0199999809265137,14419.0
2023-03-09 15:05:00,ARCC,18.6299991607666,18.6299991607666,18.6299991607666,18.6200008392334,18.625,4085.0
2023-03-09 15:05:00,ATLO,23.405000686645508,23.405000686645508,23.405000686645508,23.405000686645508,23.405000686645508,210.0
2023-03-09 15:05:00,AUB,36.400001525878906,36.400001525878906,36.415000915527344,36.38999938964844,36.40999984741211,3785.0
2023-03-09 15:05:00,BANF,85.6500015258789,85.6500015258789,85.6500015258789,85.6500015258789,85.6500015258789,950.0
2023-03-09 15:05:00,BANR,57.279998779296875,57.279998779296875,57.279998779296875,57.279998779296875,57.279998779296875,274.0
2023-03-09 15:05:00,BCBP,15.680000305175781,15.680000305175781,15.680000305175781,15.680000305175781,15.680000305175781,487.0
2023-03-09 15:05:00,BFIN,9.9399995803833,9.9399995803833,9.9399995803833,9.9399995803833,9.9399995803833,191.0
2023-03-09 15:05:00,BGCP,4.985000133514404,4.985000133514404,4.985000133514404,4.985000133514404,4.985000133514404,1157.0
2023-03-09 15:05:00,BHF,52.06959915161133,52.06959915161133,52.099998474121094,52.06959915161133,52.099998474121094,733.0
2023-03-09 15:05:00,BITF,0.7276999950408936,0.7276999950408936,0.7278000116348267,0.7276999950408936,0.7278000116348267,2663.0
2023-03-09 15:05:00,BKCC,3.615000009536743,3.615000009536743,3.615000009536743,3.614500045776367,3.614500045776367,839.0
2023-03-09 15:05:00,BOKF,95.37999725341797,95.37999725341797,95.37999725341797,95.37999725341797,95.37999725341797,302.0
2023-03-09 15:05:00,BPOP,62.40999984741211,62.40999984741211,62.40999984741211,62.38999938964844,62.38999938964844,1213.0
2023-03-09 15:05:00,BRKL,11.5600004196167,11.5600004196167,11.5649995803833,11.555000305175781,11.5649995803833,837.0
2023-03-09 15:05:00,BRP,25.434999465942383,25.434999465942383,25.434999465942383,25.399999618530273,25.399999618530273,313.0
2023-03-09 15:05:00,BTBT,1.0779999494552612,1.0779999494552612,1.0779999494552612,1.0779999494552612,1.0779999494552612,226.0
2023-03-09 15:05:00,BUSE,22.559999465942383,22.559999465942383,22.559999465942383,22.559999465942383,22.559999465942383,314.0
2023-03-09 15:05:00,CASH,47.13999938964844,47.13999938964844,47.14500045776367,47.130001068115234,47.14500045776367,2040.0
2023-03-09 15:05:00,CATY,38.77000045776367,38.77000045776367,38.7958984375,38.77000045776367,38.7958984375,858.0
2023-03-09 15:05:00,CBSH,61.685001373291016,61.685001373291016,61.70000076293945,61.66999816894531,61.689998626708984,2715.0
2023-03-09 15:05:00,CCB,41.970001220703125,41.970001220703125,41.970001220703125,41.970001220703125,41.970001220703125,200.0
2023-03-09 15:05:00,CCNE,22.600000381469727,22.600000381469727,22.600000381469727,22.56999969482422,22.59000015258789,2303.0
2023-03-09 15:05:00,CFFN,7.534999847412109,7.534999847412109,7.545000076293945,7.534999847412109,7.539999961853027,10813.0
2023-03-09 15:05:00,CG,33.43000030517578,33.43000030517578,33.44499969482422,33.41999816894531,33.435001373291016,8815.0
2023-03-09 15:05:00,CGBD,14.920000076293945,14.920000076293945,14.930000305175781,14.920000076293945,14.930000305175781,396.0
2023-03-09 15:05:00,CHEAU,10.510000228881836,10.510000228881836,10.510000228881836,10.510000228881836,10.510000228881836,100.0
2023-03-09 15:05:00,CHI,11.810099601745605,11.810099601745605,11.810099601745605,11.810099601745605,11.810099601745605,910.0
2023-03-09 15:05:00,CHW,5.989999771118164,5.989999771118164,5.989999771118164,5.989999771118164,5.989999771118164,585.0
2023-03-09 15:05:00,CHY,12.149999618530273,12.149999618530273,12.149999618530273,12.130000114440918,12.130000114440918,694.0
2023-03-09 15:05:00,CINF,115.08000183105469,115.08000183105469,115.08000183105469,115.08000183105469,115.08000183105469,618.0
2023-03-09 15:05:00,CLBK,19.670000076293945,19.670000076293945,19.670000076293945,19.670000076293945,19.670000076293945,667.0
2023-03-09 15:05:00,CME,177.80999755859375,177.80999755859375,177.99000549316406,177.80999755859375,177.99000549316406,4810.0
2023-03-09 15:05:00,COLB,24.969999313354492,24.969999313354492,24.985000610351562,24.90999984741211,24.940000534057617,47164.0
2023-03-09 15:05:00,COOP,44.02000045776367,44.02000045776367,44.02000045776367,44.0099983215332,44.0099983215332,1271.0
2023-03-09 15:05:00,CSQ,13.759900093078613,13.759900093078613,13.759900093078613,13.755000114440918,13.755000114440918,1200.0
2023-03-09 15:05:00,CVBF,21.649999618530273,21.649999618530273,21.655000686645508,21.639999389648438,21.649999618530273,1125.0
2023-03-09 15:05:00,DCOM,29.270000457763672,29.270000457763672,29.270000457763672,29.270000457763672,29.270000457763672,232.0
2023-03-09 15:05:00,DCOMP,19.0,19.0,19.0,19.0,19.0,286.0
2023-03-09 15:05:00,DWAC,14.100000381469727,14.100000381469727,14.100000381469727,14.0600004196167,14.0600004196167,593.0
2023-03-09 15:05:00,EBC,14.369999885559082,14.369999885559082,14.375,14.364999771118164,14.375,2055.0
2023-03-09 15:05:00,ECBK,15.029999732971191,15.029999732971191,15.029999732971191,15.029999732971191,15.029999732971191,100.0
2023-03-09 15:05:00,EGBN,40.04999923706055,40.04999923706055,40.04999923706055,40.04999923706055,40.04999923706055,165.0
2023-03-09 15:05:00,EHTH,8.510000228881836,8.510000228881836,8.510000228881836,8.510000228881836,8.510000228881836,100.0
2023-03-09 15:05:00,EQBK,28.030000686645508,28.030000686645508,28.030000686645508,28.030000686645508,28.030000686645508,194.0
2023-03-09 15:05:00,ERIE,230.3699951171875,230.3699951171875,230.4250030517578,230.3699951171875,230.4250030517578,458.0
2023-03-09 15:05:00,ESQ,40.709999084472656,40.709999084472656,40.900001525878906,40.709999084472656,40.79999923706055,1543.0
2023-03-09 15:05:00,EWBC,67.54000091552734,67.54000091552734,67.62000274658203,67.54000091552734,67.58000183105469,5205.0
2023-03-09 15:05:00,EZPW,8.739999771118164,8.739999771118164,8.75,8.739999771118164,8.75,863.0
2023-03-09 15:05:00,FATPW,0.07010000199079514,0.07010000199079514,0.07010000199079514,0.07010000199079514,0.07010000199079514,0.0
2023-03-09 15:05:00,FBIZ,33.5,33.5,33.5,33.5,33.5,277.0
2023-03-09 15:05:00,FBMS,28.829999923706055,28.829999923706055,28.829999923706055,28.829999923706055,28.829999923706055,139.0
2023-03-09 15:05:00,FCFS,88.625,88.625,88.625,88.625,88.625,338.0
2023-03-09 15:05:00,FCNCA,643.25,643.25,643.25,643.25,643.25,1685.0
2023-03-09 15:05:00,FCNCP,21.799999237060547,21.799999237060547,21.809999465942383,21.799999237060547,21.799999237060547,497.0
2023-03-09 15:05:00,FCRD,4.579999923706055,4.579999923706055,4.579999923706055,4.579999923706055,4.579999923706055,200.0
2023-03-09 15:05:00,FDUS,19.989999771118164,19.989999771118164,20.0049991607666,19.968900680541992,19.968900680541992,1385.0
2023-03-09 15:05:00,FFBC,22.260000228881836,22.260000228881836,22.263399124145508,22.260000228881836,22.260000228881836,489.0
2023-03-09 15:05:00,FFIC,17.190000534057617,17.190000534057617,17.190000534057617,17.18000030517578,17.18000030517578,1204.0
2023-03-09 15:05:00,FFIN,33.41999816894531,33.41999816894531,33.45000076293945,33.41999816894531,33.439998626708984,1432.0
2023-03-09 15:05:00,FFWM,12.800000190734863,12.800000190734863,12.800000190734863,12.789999961853027,12.789999961853027,2728.0
2023-03-09 15:05:00,FHB,23.889999389648438,23.889999389648438,23.889999389648438,23.889999389648438,23.889999389648438,516.0
2023-03-09 15:05:00,FIBK,31.959999084472656,31.959999084472656,31.959999084472656,31.950000762939453,31.950000762939453,696.0
2023-03-09 15:05:00,FITB,31.850799560546875,31.850799560546875,31.883499145507812,31.850799560546875,31.854999542236328,12416.0
2023-03-09 15:05:00,FNCB,7.260000228881836,7.260000228881836,7.260000228881836,7.260000228881836,7.260000228881836,340.0
2023-03-09 15:05:00,FOCS,51.57500076293945,51.57500076293945,51.58000183105469,51.56999969482422,51.58000183105469,2218.0
2023-03-09 15:05:00,FRBK,1.6799999475479126,1.6799999475479126,1.6899000406265259,1.6799999475479126,1.6899000406265259,400.0
2023-03-09 15:05:00,FRHC,72.06999969482422,72.06999969482422,72.20999908447266,72.06999969482422,72.1968002319336,1701.0
2023-03-09 15:05:00,FRST,10.6899995803833,10.6899995803833,10.6899995803833,10.6899995803833,10.6899995803833,211.0
2023-03-09 15:05:00,FSBC,25.53499984741211,25.53499984741211,25.53499984741211,25.5,25.5,595.0
2023-03-09 15:05:00,FULT,15.625,15.625,15.630000114440918,15.619999885559082,15.619999885559082,1655.0
2023-03-09 15:05:00,FUTU,46.32500076293945,46.32500076293945,46.33000183105469,46.32500076293945,46.33000183105469,938.0
2023-03-09 15:05:00,FVCB,13.25,13.25,13.25,13.220000267028809,13.220000267028809,861.0
2023-03-09 15:05:00,GABC,35.77000045776367,35.77000045776367,35.77000045776367,35.77000045776367,35.77000045776367,196.0
2023-03-09 15:05:00,GAIN,13.510000228881836,13.510000228881836,13.510000228881836,13.510000228881836,13.510000228881836,100.0
2023-03-09 15:05:00,GBDC,13.225000381469727,13.225000381469727,13.225000381469727,13.225000381469727,13.225000381469727,701.0
2023-03-09 15:05:00,GCMG,8.390000343322754,8.390000343322754,8.399999618530273,8.390000343322754,8.399999618530273,305.0
2023-03-09 15:05:00,GLRE,10.260000228881836,10.260000228881836,10.260000228881836,10.260000228881836,10.260000228881836,362.0
2023-03-09 15:05:00,GOCO,18.604999542236328,18.604999542236328,18.604999542236328,18.604999542236328,18.604999542236328,358.0
2023-03-09 15:05:00,GREE,0.41100001335144043,0.41100001335144043,0.41100001335144043,0.41100001335144043,0.41100001335144043,1125.0
2023-03-09 15:05:00,GSHD,50.599998474121094,50.599998474121094,50.63999938964844,50.599998474121094,50.63999938964844,411.0
2023-03-09 15:05:00,HAFC,21.729999542236328,21.729999542236328,21.729999542236328,21.717500686645508,21.719999313354492,1831.0
2023-03-09 15:05:00,HBAN,13.824999809265137,13.824999809265137,13.84000015258789,13.819999694824219,13.824999809265137,40357.0
2023-03-09 15:05:00,HBCP,36.25,36.25,36.25,36.25,36.25,149.0
2023-03-09 15:05:00,HFWA,24.450000762939453,24.450000762939453,24.450000762939453,24.450000762939453,24.450000762939453,1905.0
2023-03-09 15:05:00,HIVE,2.4149999618530273,2.4149999618530273,2.4149999618530273,2.4149999618530273,2.4149999618530273,117.0
2023-03-09 15:05:00,HLNE,74.69860076904297,74.69860076904297,74.69860076904297,74.69860076904297,74.69860076904297,217.0
2023-03-09 15:05:00,HONE,12.600000381469727,12.600000381469727,12.600000381469727,12.600000381469727,12.600000381469727,439.0
2023-03-09 15:05:00,HOPE,11.734999656677246,11.734999656677246,11.739999771118164,11.729999542236328,11.739999771118164,646.0
2023-03-09 15:05:00,HRZN,11.699999809265137,11.699999809265137,11.699999809265137,11.699999809265137,11.699999809265137,217.0
2023-03-09 15:05:00,HTBI,27.635000228881836,27.635000228881836,27.639999389648438,27.600000381469727,27.600000381469727,1887.0
2023-03-09 15:05:00,HTBK,10.789999961853027,10.789999961853027,10.789999961853027,10.789999961853027,10.789999961853027,138.0
2023-03-09 15:05:00,HTLF,45.369998931884766,45.369998931884766,45.369998931884766,45.369998931884766,45.369998931884766,168.0
2023-03-09 15:05:00,HUT,1.291700005531311,1.291700005531311,1.2928999662399292,1.2900999784469604,1.2900999784469604,5329.0
2023-03-09 15:05:00,HWC,43.59000015258789,43.59000015258789,43.59000015258789,43.56999969482422,43.56999969482422,444.0
2023-03-09 15:05:00,IBKR,86.91000366210938,86.91000366210938,86.91999816894531,86.91000366210938,86.91999816894531,553.0
2023-03-09 15:05:00,IBOC,44.88999938964844,44.88999938964844,44.88999938964844,44.8650016784668,44.8650016784668,609.0
2023-03-09 15:06:00,ABCB,42.459999084472656,42.459999084472656,42.47999954223633,42.42940139770508,42.42940139770508,1105.0
2023-03-09 15:06:00,ACGL,68.45999908447266,68.45999908447266,68.45999908447266,68.43000030517578,68.43000030517578,3284.0
2023-03-09 15:06:00,ALRS,18.850000381469727,18.850000381469727,18.850000381469727,18.84000015258789,18.850000381469727,633.0
2023-03-09 15:06:00,AMAL,21.0,21.0,21.0,21.0,21.0,475.0
2023-03-09 15:06:00,APLD,2.0199999809265137,2.0199999809265137,2.0399999618530273,2.0199999809265137,2.0350000858306885,4202.0
2023-03-09 15:06:00,ARCC,18.6299991607666,18.6299991607666,18.6299991607666,18.625,18.625,1401.0
2023-03-09 15:06:00,AUB,36.380001068115234,36.380001068115234,36.404998779296875,36.380001068115234,36.404998779296875,1790.0
2023-03-09 15:06:00,BANX,18.559999465942383,18.559999465942383,18.559999465942383,18.559999465942383,18.559999465942383,560.0
2023-03-09 15:06:00,BCML,19.350000381469727,19.350000381469727,19.360000610351562,19.350000381469727,19.350000381469727,338.0
2023-03-09 15:06:00,BFST,18.559999465942383,18.559999465942383,18.559999465942383,18.540000915527344,18.540000915527344,294.0
2023-03-09 15:06:00,BGCP,4.985000133514404,4.985000133514404,4.989999771118164,4.985000133514404,4.989999771118164,1392.0
2023-03-09 15:06:00,BHF,52.060001373291016,52.060001373291016,52.08000183105469,52.060001373291016,52.08000183105469,854.0
2023-03-09 15:06:00,BITF,0.7246999740600586,0.7246999740600586,0.7250000238418579,0.7218000292778015,0.7250000238418579,6229.0
2023-03-09 15:06:00,BOKF,95.36000061035156,95.36000061035156,95.36000061035156,95.36000061035156,95.36000061035156,1057.0
2023-03-09 15:06:00,BPOP,62.400001525878906,62.400001525878906,62.415000915527344,62.31999969482422,62.415000915527344,2859.0
2023-03-09 15:06:00,BRKL,11.555000305175781,11.555000305175781,11.5600004196167,11.555000305175781,11.5600004196167,1188.0
2023-03-09 15:06:00,BRP,25.3700008392334,25.3700008392334,25.399999618530273,25.3700008392334,25.399999618530273,929.0
2023-03-09 15:06:00,BSRR,19.270000457763672,19.270000457763672,19.270000457763672,19.270000457763672,19.270000457763672,100.0
2023-03-09 15:06:00,BTBT,1.0799000263214111,1.0799000263214111,1.0799000263214111,1.0799000263214111,1.0799000263214111,279.0
2023-03-09 15:06:00,BUSE,22.530000686645508,22.530000686645508,22.530000686645508,22.530000686645508,22.530000686645508,300.0
2023-03-09 15:06:00,CARE,16.299999237060547,16.299999237060547,16.299999237060547,16.299999237060547,16.299999237060547,401.0
2023-03-09 15:06:00,CASH,47.09000015258789,47.09000015258789,47.09000015258789,47.09000015258789,47.09000015258789,515.0
2023-03-09 15:06:00,CBSH,61.689998626708984,61.689998626708984,61.689998626708984,61.689998626708984,61.689998626708984,356.0
2023-03-09 15:06:00,CCB,41.88999938964844,41.88999938964844,41.88999938964844,41.88999938964844,41.88999938964844,100.0
2023-03-09 15:06:00,CCD,22.844999313354492,22.844999313354492,22.844999313354492,22.844999313354492,22.844999313354492,411.0
2023-03-09 15:06:00,CCNE,22.610000610351562,22.610000610351562,22.610000610351562,22.610000610351562,22.610000610351562,406.0
2023-03-09 15:06:00,CFFN,7.53000020980835,7.53000020980835,7.534999847412109,7.53000020980835,7.534999847412109,680.0
2023-03-09 15:06:00,CG,33.40999984741211,33.40999984741211,33.42150115966797,33.40999984741211,33.42150115966797,1525.0
2023-03-09 15:06:00,CGBD,14.920000076293945,14.920000076293945,14.920000076293945,14.920000076293945,14.920000076293945,103.0
2023-03-09 15:06:00,CME,177.875,177.875,177.89500427246094,177.83999633789062,177.89500427246094,3704.0
2023-03-09 15:06:00,COLB,24.90999984741211,24.90999984741211,24.959999084472656,24.90999984741211,24.959999084472656,5966.0
2023-03-09 15:06:00,COOP,44.0,44.0,44.01499938964844,44.0,44.0,5640.0
2023-03-09 15:06:00,CSQ,13.760000228881836,13.760000228881836,13.760000228881836,13.760000228881836,13.760000228881836,223.0
2023-03-09 15:06:00,CSTR,15.095000267028809,15.095000267028809,15.109999656677246,15.095000267028809,15.109999656677246,210.0
2023-03-09 15:06:00,CSWC,18.1299991607666,18.1299991607666,18.1299991607666,18.1299991607666,18.1299991607666,350.0
2023-03-09 15:06:00,CVBF,21.6299991607666,21.6299991607666,21.645000457763672,21.625,21.645000457763672,2552.0
2023-03-09 15:06:00,DWAC,14.09000015258789,14.09000015258789,14.09000015258789,14.050100326538086,14.050100326538086,459.0
2023-03-09 15:06:00,EBC,14.369999885559082,14.369999885559082,14.369999885559082,14.364999771118164,14.369999885559082,2119.0
2023-03-09 15:06:00,EGBN,40.09000015258789,40.09000015258789,40.09000015258789,40.09000015258789,40.09000015258789,317.0
2023-03-09 15:06:00,EHTH,8.539999961853027,8.539999961853027,8.539999961853027,8.539999961853027,8.539999961853027,110.0
2023-03-09 15:06:00,EQBK,28.0,28.0,28.0,28.0,28.0,695.0
2023-03-09 15:06:00,ESQ,40.75,40.75,40.900001525878906,40.75,40.900001525878906,229.0
2023-03-09 15:06:00,EWBC,67.31999969482422,67.31999969482422,67.47440338134766,67.31999969482422,67.47440338134766,2205.0
2023-03-09 15:06:00,EZPW,8.744999885559082,8.744999885559082,8.75,8.744999885559082,8.744999885559082,646.0
2023-03-09 15:06:00,FBMS,28.799999237060547,28.799999237060547,28.834999084472656,28.799999237060547,28.834999084472656,266.0
2023-03-09 15:06:00,FBNC,38.439998626708984,38.439998626708984,38.439998626708984,38.40999984741211,38.439998626708984,1334.0
2023-03-09 15:06:00,FCRD,4.579999923706055,4.579999923706055,4.579999923706055,4.579999923706055,4.579999923706055,300.0
2023-03-09 15:06:00,FDUS,20.02400016784668,20.02400016784668,20.02400016784668,20.02400016784668,20.02400016784668,101.0
2023-03-09 15:06:00,FFBC,22.260000228881836,22.260000228881836,22.260000228881836,22.260000228881836,22.260000228881836,454.0
2023-03-09 15:06:00,FFIN,33.41999816894531,33.41999816894531,33.41999816894531,33.41999816894531,33.41999816894531,281.0
2023-03-09 15:06:00,FFWM,12.779999732971191,12.779999732971191,12.79010009765625,12.779999732971191,12.789999961853027,3509.0
2023-03-09 15:06:00,FHB,23.899999618530273,23.899999618530273,23.90999984741211,23.889999389648438,23.889999389648438,6965.0
2023-03-09 15:06:00,FIBK,31.93000030517578,31.93000030517578,31.93000030517578,31.93000030517578,31.93000030517578,430.0
2023-03-09 15:06:00,FINW,9.215999603271484,9.215999603271484,9.215999603271484,9.215999603271484,9.215999603271484,721.0
2023-03-09 15:06:00,FITB,31.829999923706055,31.829999923706055,31.860000610351562,31.829999923706055,31.854999542236328,9217.0
2023-03-09 15:06:00,FMNB,13.1850004196167,13.1850004196167,13.1850004196167,13.180000305175781,13.180000305175781,1037.0
2023-03-09 15:06:00,FOCS,51.56999969482422,51.56999969482422,51.58000183105469,51.56999969482422,51.58000183105469,7064.0
2023-03-09 15:06:00,FRBK,1.6799999475479126,1.6799999475479126,1.6799999475479126,1.6799999475479126,1.6799999475479126,933.0
2023-03-09 15:06:00,FRHC,72.12999725341797,72.12999725341797,72.12999725341797,72.12999725341797,72.12999725341797,135.0
2023-03-09 15:06:00,FRME,37.279998779296875,37.279998779296875,37.279998779296875,37.279998779296875,37.279998779296875,183.0
2023-03-09 15:06:00,FRST,10.680000305175781,10.680000305175781,10.680000305175781,10.680000305175781,10.680000305175781,243.0
2023-03-09 15:06:00,FULT,15.614999771118164,15.614999771118164,15.619999885559082,15.614999771118164,15.619999885559082,1082.0
2023-03-09 15:06:00,FUTU,46.31999969482422,46.31999969482422,46.349998474121094,46.310001373291016,46.349998474121094,4690.0
2023-03-09 15:06:00,FVCB,13.25,13.25,13.25,13.220000267028809,13.229999542236328,2461.0
2023-03-09 15:06:00,GAIN,13.5,13.5,13.5,13.5,13.5,4438.0
2023-03-09 15:06:00,GBDC,13.221099853515625,13.221099853515625,13.221099853515625,13.221099853515625,13.221099853515625,447.0
2023-03-09 15:06:00,GCMG,8.390000343322754,8.390000343322754,8.390000343322754,8.390000343322754,8.390000343322754,295.0
2023-03-09 15:06:00,GGAL,12.6899995803833,12.6899995803833,12.6899995803833,12.670000076293945,12.6899995803833,2230.0
2023-03-09 15:06:00,GLRE,10.220000267028809,10.220000267028809,10.264100074768066,10.210000038146973,10.25,4430.0
2023-03-09 15:06:00,GSBC,53.779998779296875,53.779998779296875,53.779998779296875,53.779998779296875,53.779998779296875,506.0
2023-03-09 15:06:00,GSHD,50.650001525878906,50.650001525878906,50.650001525878906,50.540000915527344,50.540000915527344,647.0
2023-03-09 15:06:00,HBAN,13.819999694824219,13.819999694824219,13.827400207519531,13.819999694824219,13.824999809265137,11561.0
2023-03-09 15:06:00,HBANP,19.0,19.0,19.0,19.0,19.0,800.0
2023-03-09 15:06:00,HIVE,2.4100000858306885,2.4100000858306885,2.4184000492095947,2.4100000858306885,2.4184000492095947,623.0
2023-03-09 15:06:00,HLNE,74.6449966430664,74.6449966430664,74.69999694824219,74.6449966430664,74.69000244140625,1166.0
2023-03-09 15:06:00,HMST,22.200000762939453,22.200000762939453,22.200000762939453,22.200000762939453,22.200000762939453,181.0
2023-03-09 15:06:00,HONE,12.590100288391113,12.590100288391113,12.59160041809082,12.59000015258789,12.590100288391113,800.0
2023-03-09 15:06:00,HOPE,11.720000267028809,11.720000267028809,11.729999542236328,11.720000267028809,11.729999542236328,3823.0
2023-03-09 15:06:00,HRZN,11.6899995803833,11.6899995803833,11.6899995803833,11.6899995803833,11.6899995803833,1813.0
2023-03-09 15:06:00,HTBK,10.779999732971191,10.779999732971191,10.779999732971191,10.779999732971191,10.779999732971191,251.0
2023-03-09 15:06:00,HUT,1.2979999780654907,1.2979999780654907,1.2979999780654907,1.2899999618530273,1.294100046157837,8925.0
2023-03-09 15:06:00,HWC,43.5099983215332,43.5099983215332,43.540000915527344,43.5099983215332,43.540000915527344,1019.0
2023-03-09 15:06:00,IBCP,20.5,20.5,20.520000457763672,20.5,20.520000457763672,485.0
2023-03-09 15:06:00,IBKR,86.8499984741211,86.8499984741211,86.9000015258789,86.8499984741211,86.86000061035156,1082.0
2023-03-09 15:06:00,IBOC,44.86000061035156,44.86000061035156,44.875,44.86000061035156,44.875,232.0
2023-03-09 15:06:00,INBK,23.479999542236328,23.479999542236328,23.479999542236328,23.479999542236328,23.479999542236328,201.0
2023-03-09 15:06:00,INDB,71.51300048828125,71.51300048828125,71.51300048828125,71.51000213623047,71.51000213623047,900.0
2023-03-09 15:07:00,ACGL,68.48999786376953,68.48999786376953,68.48999786376953,68.47000122070312,68.47000122070312,1891.0
2023-03-09 15:07:00,ALSA,10.449999809265137,10.449999809265137,10.449999809265137,10.449999809265137,10.449999809265137,0.0
2023-03-09 15:07:00,AMAL,20.9950008392334,20.9950008392334,20.9950008392334,20.9950008392334,20.9950008392334,428.0
2023-03-09 15:07:00,APLD,2.0350000858306885,2.0350000858306885,2.0399999618530273,2.0250000953674316,2.0299999713897705,9822.0
2023-03-09 15:07:00,ARCC,18.625,18.625,18.6299991607666,18.622600555419922,18.6299991607666,5709.0
2023-03-09 15:07:00,AUB,36.38999938964844,36.38999938964844,36.400001525878906,36.38999938964844,36.400001525878906,2095.0
2023-03-09 15:07:00,BCML,19.350000381469727,19.350000381469727,19.360000610351562,19.350000381469727,19.350000381469727,482.0
2023-03-09 15:07:00,BGCP,4.985000133514404,4.985000133514404,4.989999771118164,4.985000133514404,4.989999771118164,1428.0
2023-03-09 15:07:00,BHF,52.04999923706055,52.04999923706055,52.04999923706055,52.04999923706055,52.04999923706055,413.0
2023-03-09 15:07:00,BHFAN,18.719999313354492,18.719999313354492,18.719999313354492,18.709999084472656,18.709999084472656,934.0
2023-03-09 15:07:00,BITF,0.7258999943733215,0.7258999943733215,0.7258999943733215,0.7218000292778015,0.7218999862670898,31134.0
2023-03-09 15:07:00,BPOP,62.38999938964844,62.38999938964844,62.38999938964844,62.38999938964844,62.38999938964844,819.0
2023-03-09 15:07:00,BRKL,11.555000305175781,11.555000305175781,11.555000305175781,11.555000305175781,11.555000305175781,100.0
2023-03-09 15:07:00,BRP,25.350000381469727,25.350000381469727,25.3700008392334,25.350000381469727,25.3700008392334,4343.0
2023-03-09 15:07:00,BTBT,1.0750000476837158,1.0750000476837158,1.0750000476837158,1.0750000476837158,1.0750000476837158,274.0
2023-03-09 15:07:00,BUSE,22.524999618530273,22.524999618530273,22.524999618530273,22.520000457763672,22.520000457763672,429.0
2023-03-09 15:07:00,CAC,38.93000030517578,38.93000030517578,38.93000030517578,38.93000030517578,38.93000030517578,202.0
2023-03-09 15:07:00,CARE,16.295000076293945,16.295000076293945,16.295000076293945,16.295000076293945,16.295000076293945,228.0
2023-03-09 15:07:00,CASH,47.029998779296875,47.029998779296875,47.029998779296875,47.029998779296875,47.029998779296875,542.0
2023-03-09 15:07:00,CATY,38.7760009765625,38.7760009765625,38.7760009765625,38.7760009765625,38.7760009765625,237.0
2023-03-09 15:07:00,CBSH,61.70000076293945,61.70000076293945,61.720001220703125,61.70000076293945,61.70000076293945,1823.0
2023-03-09 15:07:00,CCAP,14.890000343322754,14.890000343322754,14.890000343322754,14.890000343322754,14.890000343322754,1079.0
2023-03-09 15:07:00,CCB,41.915000915527344,41.915000915527344,41.915000915527344,41.915000915527344,41.915000915527344,400.0
2023-03-09 15:07:00,CG,33.41999816894531,33.41999816894531,33.41999816894531,33.40999984741211,33.40999984741211,2144.0
2023-03-09 15:07:00,CGBD,14.920000076293945,14.920000076293945,14.920000076293945,14.920000076293945,14.920000076293945,100.0
2023-03-09 15:07:00,CHY,12.130000114440918,12.130000114440918,12.130000114440918,12.130000114440918,12.130000114440918,300.0
2023-03-09 15:07:00,CINF,115.08999633789062,115.08999633789062,115.08999633789062,115.08999633789062,115.08999633789062,238.0
2023-03-09 15:07:00,CME,177.97000122070312,177.97000122070312,178.0,177.91000366210938,177.91000366210938,3408.0
2023-03-09 15:07:00,COLB,24.920000076293945,24.920000076293945,24.93000030517578,24.90999984741211,24.920000076293945,6092.0
2023-03-09 15:07:00,COOP,43.970001220703125,43.970001220703125,44.0,43.970001220703125,44.0,2585.0
2023-03-09 15:07:00,CSWC,18.139999389648438,18.139999389648438,18.139999389648438,18.1200008392334,18.1200008392334,1386.0
2023-03-09 15:07:00,CVBF,21.639999389648438,21.639999389648438,21.639999389648438,21.631999969482422,21.639999389648438,2075.0
2023-03-09 15:07:00,CZNC,22.0,22.0,22.024999618530273,22.0,22.024999618530273,1018.0
2023-03-09 15:07:00,DWAC,14.109999656677246,14.109999656677246,14.109999656677246,14.109999656677246,14.109999656677246,114.0
2023-03-09 15:07:00,EBC,14.390000343322754,14.390000343322754,14.390000343322754,14.375,14.375,2906.0
2023-03-09 15:07:00,EGBN,40.099998474121094,40.099998474121094,40.099998474121094,40.09000015258789,40.09000015258789,920.0
2023-03-09 15:07:00,EHTH,8.550000190734863,8.550000190734863,8.550000190734863,8.529999732971191,8.529999732971191,1407.0
2023-03-09 15:07:00,ERIE,230.34500122070312,230.34500122070312,230.34500122070312,230.34500122070312,230.34500122070312,454.0
2023-03-09 15:07:00,ESGRP,23.239099502563477,23.239099502563477,23.239099502563477,23.239099502563477,23.239099502563477,1334.0
2023-03-09 15:07:00,ESQ,40.54999923706055,40.54999923706055,40.599998474121094,40.54999923706055,40.599998474121094,1197.0
2023-03-09 15:07:00,EWBC,67.32499694824219,67.32499694824219,67.32499694824219,67.30500030517578,67.31999969482422,1234.0
2023-03-09 15:07:00,EZPW,8.744999885559082,8.744999885559082,8.744999885559082,8.744999885559082,8.744999885559082,100.0
2023-03-09 15:07:00,FANH,8.199999809265137,8.199999809265137,8.199999809265137,8.199999809265137,8.199999809265137,249.0
2023-03-09 15:07:00,FBMS,28.800100326538086,28.800100326538086,28.800100326538086,28.800100326538086,28.800100326538086,320.0
2023-03-09 15:07:00,FBNC,38.435001373291016,38.435001373291016,38.435001373291016,38.435001373291016,38.435001373291016,100.0
2023-03-09 15:07:00,FCFS,88.58499908447266,88.58499908447266,88.62000274658203,88.58499908447266,88.62000274658203,394.0
2023-03-09 15:07:00,FCRD,4.579999923706055,4.579999923706055,4.579999923706055,4.579999923706055,4.579999923706055,100.0
2023-03-09 15:07:00,FDUS,19.989999771118164,19.989999771118164,19.989999771118164,19.989999771118164,19.989999771118164,100.0
2023-03-09 15:07:00,FFBC,22.229999542236328,22.229999542236328,22.239999771118164,22.229999542236328,22.239999771118164,558.0
2023-03-09 15:07:00,FFIN,33.459999084472656,33.459999084472656,33.459999084472656,33.42499923706055,33.43000030517578,825.0
2023-03-09 15:07:00,FFWM,12.789999961853027,12.789999961853027,12.789999961853027,12.789999961853027,12.789999961853027,100.0
2023-03-09 15:07:00,FHB,23.920000076293945,23.920000076293945,23.92609977722168,23.920000076293945,23.92609977722168,1634.0
2023-03-09 15:07:00,FIBK,31.940000534057617,31.940000534057617,31.940000534057617,31.90999984741211,31.90999984741211,1022.0
2023-03-09 15:07:00,FITB,31.84000015258789,31.84000015258789,31.84000015258789,31.81999969482422,31.834999084472656,14829.0
2023-03-09 15:07:00,FITBP,23.89419937133789,23.89419937133789,23.89419937133789,23.89419937133789,23.89419937133789,469.0
2023-03-09 15:07:00,FLFV,10.359999656677246,10.359999656677246,10.359999656677246,10.359999656677246,10.359999656677246,0.0
2023-03-09 15:07:00,FOCS,51.56999969482422,51.56999969482422,51.58000183105469,51.56999969482422,51.57500076293945,5546.0
2023-03-09 15:07:00,FRBK,1.6799999475479126,1.6799999475479126,1.6799999475479126,1.6799999475479126,1.6799999475479126,208.0
2023-03-09 15:07:00,FRST,10.6899995803833,10.6899995803833,10.6899995803833,10.6899995803833,10.6899995803833,517.0
2023-03-09 15:07:00,FSEA,9.880000114440918,9.880000114440918,9.895000457763672,9.880000114440918,9.895000457763672,557.0
2023-03-09 15:07:00,FSFG,19.0,19.0,19.0,19.0,19.0,213.0
2023-03-09 15:07:00,FULT,15.619999885559082,15.619999885559082,15.619999885559082,15.614999771118164,15.619999885559082,1841.0
2023-03-09 15:07:00,FUTU,46.314998626708984,46.314998626708984,46.31999969482422,46.30500030517578,46.31999969482422,1154.0
2023-03-09 15:07:00,GBDC,13.225000381469727,13.225000381469727,13.229999542236328,13.220000267028809,13.225000381469727,2903.0
2023-03-09 15:07:00,GCMG,8.369999885559082,8.369999885559082,8.369999885559082,8.369999885559082,8.369999885559082,309.0
2023-03-09 15:07:00,GECC,9.350000381469727,9.350000381469727,9.350000381469727,9.350000381469727,9.350000381469727,177.0
2023-03-09 15:07:00,GGAL,12.654999732971191,12.654999732971191,12.680000305175781,12.654999732971191,12.680000305175781,2226.0
2023-03-09 15:07:00,GSHD,50.7400016784668,50.7400016784668,50.7599983215332,50.709999084472656,50.709999084472656,2798.0
2023-03-09 15:07:00,HBAN,13.829999923706055,13.829999923706055,13.829999923706055,13.819999694824219,13.824999809265137,12180.0
2023-03-09 15:07:00,HBNC,13.779999732971191,13.779999732971191,13.779999732971191,13.779999732971191,13.779999732971191,184.0
2023-03-09 15:07:00,HCVI,10.09000015258789,10.09000015258789,10.09000015258789,10.09000015258789,10.09000015258789,400.0
2023-03-09 15:07:00,HIVE,2.4100000858306885,2.4100000858306885,2.4149999618530273,2.4100000858306885,2.4149999618530273,1401.0
2023-03-09 15:07:00,HMST,22.233999252319336,22.233999252319336,22.233999252319336,22.233999252319336,22.233999252319336,1513.0
2023-03-09 15:07:00,HONE,12.59000015258789,12.59000015258789,12.59000015258789,12.59000015258789,12.59000015258789,627.0
2023-03-09 15:07:00,HOPE,11.725000381469727,11.725000381469727,11.725000381469727,11.725000381469727,11.725000381469727,246.0
2023-03-09 15:07:00,HTBK,10.779999732971191,10.779999732971191,10.779999732971191,10.779999732971191,10.779999732971191,643.0
2023-03-09 15:07:00,HUT,1.2979999780654907,1.2979999780654907,1.2997000217437744,1.2900999784469604,1.2900999784469604,3921.0
2023-03-09 15:07:00,HWC,43.560001373291016,43.560001373291016,43.560001373291016,43.5099983215332,43.5099983215332,2876.0
2023-03-09 15:07:00,IBKR,86.81999969482422,86.81999969482422,86.81999969482422,86.81999969482422,86.81999969482422,963.0
2023-03-09 15:07:00,IBOC,44.84000015258789,44.84000015258789,44.84000015258789,44.831600189208984,44.831600189208984,451.0
2023-03-09 15:07:00,IGIC,8.289999961853027,8.289999961853027,8.289999961853027,8.289999961853027,8.289999961853027,300.0
2023-03-09 15:07:00,INTR,2.019700050354004,2.019700050354004,2.019700050354004,2.019700050354004,2.019700050354004,222.0
2023-03-09 15:08:00,ABCB,42.4900016784668,42.4900016784668,42.4900016784668,42.4900016784668,42.4900016784668,191.0
2023-03-09 15:08:00,ACGL,68.4800033569336,68.4800033569336,68.49500274658203,68.47949981689453,68.49500274658203,2076.0
2023-03-09 15:08:00,AMAL,20.9950008392334,20.9950008392334,21.0,20.9950008392334,20.9950008392334,390.0
2023-03-09 15:08:00,AMAO,10.270000457763672,10.270000457763672,10.270000457763672,10.270000457763672,10.270000457763672,700.0
2023-03-09 15:08:00,AMSF,51.400001525878906,51.400001525878906,51.400001525878906,51.2599983215332,51.34000015258789,2003.0
2023-03-09 15:08:00,APLD,2.0350000858306885,2.0350000858306885,2.0399999618530273,2.0350000858306885,2.0350000858306885,1116.0
2023-03-09 15:08:00,ARCC,18.609899520874023,18.609899520874023,18.628000259399414,18.604999542236328,18.625,28703.0
2023-03-09 15:08:00,ATLO,23.440000534057617,23.440000534057617,23.440000534057617,23.440000534057617,23.440000534057617,495.0
2023-03-09 15:08:00,AUB,36.404998779296875,36.404998779296875,36.40999984741211,36.38999938964844,36.400001525878906,3470.0
2023-03-09 15:08:00,BFST,18.540000915527344,18.540000915527344,18.540000915527344,18.540000915527344,18.540000915527344,135.0
2023-03-09 15:08:00,BGCP,4.989999771118164,4.989999771118164,4.989999771118164,4.985000133514404,4.985000133514404,517.0
2023-03-09 15:08:00,BHF,52.02000045776367,52.02000045776367,52.02000045776367,52.02000045776367,52.02000045776367,457.0
2023-03-09 15:08:00,BITF,0.727400004863739,0.727400004863739,0.727400004863739,0.7261000275611877,0.7261000275611877,4205.0
2023-03-09 15:08:00,BKCC,3.609999895095825,3.609999895095825,3.609999895095825,3.609999895095825,3.609999895095825,118.0
2023-03-09 15:08:00,BMRC,26.75,26.75,26.809999465942383,26.729999542236328,26.729999542236328,1322.0
2023-03-09 15:08:00,BPOP,62.380001068115234,62.380001068115234,62.439998626708984,62.380001068115234,62.41999816894531,3180.0
2023-03-09 15:08:00,BRKL,11.574999809265137,11.574999809265137,11.574999809265137,11.5600004196167,11.5600004196167,2537.0
2023-03-09 15:08:00,BSRR,19.242000579833984,19.242000579833984,19.242000579833984,19.242000579833984,19.242000579833984,453.0
2023-03-09 15:08:00,BUSE,22.524999618530273,22.524999618530273,22.524999618530273,22.524999618530273,22.524999618530273,156.0
2023-03-09 15:08:00,CASH,47.08000183105469,47.08000183105469,47.08000183105469,47.03499984741211,47.03499984741211,1471.0
2023-03-09 15:08:00,CBSH,61.70000076293945,61.70000076293945,61.70000076293945,61.70000076293945,61.70000076293945,505.0
2023-03-09 15:08:00,CCNE,22.6299991607666,22.6299991607666,22.645000457763672,22.6200008392334,22.6200008392334,1587.0
2023-03-09 15:08:00,CFFN,7.53000020980835,7.53000020980835,7.537499904632568,7.53000020980835,7.537499904632568,614.0
2023-03-09 15:08:00,CG,33.400001525878906,33.400001525878906,33.41999816894531,33.400001525878906,33.41999816894531,4761.0
2023-03-09 15:08:00,CGBD,14.90999984741211,14.90999984741211,14.920000076293945,14.90999984741211,14.920000076293945,1003.0
2023-03-09 15:08:00,CHEAU,10.510000228881836,10.510000228881836,10.510000228881836,10.510000228881836,10.510000228881836,100.0
2023-03-09 15:08:00,CHI,11.800000190734863,11.800000190734863,11.8100004196167,11.795000076293945,11.8100004196167,9627.0
2023-03-09 15:08:00,CIFR,1.4199999570846558,1.4199999570846558,1.4199999570846558,1.4199999570846558,1.4199999570846558,360.0
2023-03-09 15:08:00,CINF,115.04499816894531,115.04499816894531,115.11000061035156,115.01000213623047,115.11000061035156,764.0
2023-03-09 15:08:00,CLBK,19.670000076293945,19.670000076293945,19.670000076293945,19.670000076293945,19.670000076293945,1443.0
2023-03-09 15:08:00,CME,177.8699951171875,177.8699951171875,177.89999389648438,177.86000061035156,177.89999389648438,2417.0
2023-03-09 15:08:00,COLB,24.93000030517578,24.93000030517578,24.94499969482422,24.924999237060547,24.924999237060547,4540.0
2023-03-09 15:08:00,CSQ,13.746000289916992,13.746000289916992,13.755000114440918,13.746000289916992,13.755000114440918,1072.0
2023-03-09 15:08:00,CSTR,15.140000343322754,15.140000343322754,15.140000343322754,15.079999923706055,15.079999923706055,1598.0
2023-03-09 15:08:00,CSWC,18.1200008392334,18.1200008392334,18.136999130249023,18.1200008392334,18.136999130249023,2280.0
2023-03-09 15:08:00,CVBF,21.627199172973633,21.627199172973633,21.649999618530273,21.627199172973633,21.649999618530273,3503.0
2023-03-09 15:08:00,DCOM,29.219999313354492,29.219999313354492,29.219999313354492,29.219999313354492,29.219999313354492,155.0
2023-03-09 15:08:00,DWAC,14.079999923706055,14.079999923706055,14.079999923706055,14.079999923706055,14.079999923706055,181.0
2023-03-09 15:08:00,EBC,14.399999618530273,14.399999618530273,14.399999618530273,14.385000228881836,14.395000457763672,4346.0
2023-03-09 15:08:00,EGBN,40.099998474121094,40.099998474121094,40.099998474121094,40.099998474121094,40.099998474121094,473.0
2023-03-09 15:08:00,EWBC,67.3499984741211,67.3499984741211,67.37000274658203,67.3499984741211,67.3499984741211,1365.0
2023-03-09 15:08:00,EZPW,8.744999885559082,8.744999885559082,8.744999885559082,8.744999885559082,8.744999885559082,601.0
2023-03-09 15:08:00,FBMS,28.799999237060547,28.799999237060547,28.799999237060547,28.799999237060547,28.799999237060547,167.0
2023-03-09 15:08:00,FBNC,38.435001373291016,38.435001373291016,38.435001373291016,38.435001373291016,38.435001373291016,100.0
2023-03-09 15:08:00,FCFS,88.56999969482422,88.56999969482422,88.56999969482422,88.56999969482422,88.56999969482422,137.0
2023-03-09 15:08:00,FCNCP,21.8700008392334,21.8700008392334,21.8700008392334,21.75,21.75,617.0
2023-03-09 15:08:00,FCRD,4.579999923706055,4.579999923706055,4.579999923706055,4.579999923706055,4.579999923706055,200.0
2023-03-09 15:08:00,FFIC,17.18000030517578,17.18000030517578,17.190000534057617,17.18000030517578,17.190000534057617,727.0
2023-03-09 15:08:00,FFIN,33.470001220703125,33.470001220703125,33.470001220703125,33.470001220703125,33.470001220703125,799.0
2023-03-09 15:08:00,FFWM,12.789999961853027,12.789999961853027,12.789999961853027,12.78499984741211,12.78499984741211,268.0
2023-03-09 15:08:00,FHB,23.90999984741211,23.90999984741211,23.924999237060547,23.90999984741211,23.924999237060547,774.0
2023-03-09 15:08:00,FIBK,31.90999984741211,31.90999984741211,31.90999984741211,31.905000686645508,31.90999984741211,668.0
2023-03-09 15:08:00,FITB,31.836000442504883,31.836000442504883,31.840900421142578,31.829999923706055,31.84000015258789,7045.0
2023-03-09 15:08:00,FITBI,25.06999969482422,25.06999969482422,25.09000015258789,25.06999969482422,25.079999923706055,1315.0
2023-03-09 15:08:00,FLIC,16.08810043334961,16.08810043334961,16.08810043334961,16.08810043334961,16.08810043334961,131.0
2023-03-09 15:08:00,FOCS,51.58000183105469,51.58000183105469,51.58000183105469,51.57500076293945,51.57500076293945,4478.0
2023-03-09 15:08:00,FRME,37.2599983215332,37.2599983215332,37.2599983215332,37.2599983215332,37.2599983215332,571.0
2023-03-09 15:08:00,FSBW,33.33000183105469,33.33000183105469,33.33000183105469,33.33000183105469,33.33000183105469,318.0
2023-03-09 15:08:00,FULT,15.619999885559082,15.619999885559082,15.619999885559082,15.619999885559082,15.619999885559082,803.0
2023-03-09 15:08:00,FUTU,46.27000045776367,46.27000045776367,46.32899856567383,46.27000045776367,46.314998626708984,1280.0
2023-03-09 15:08:00,GAIN,13.489999771118164,13.489999771118164,13.489999771118164,13.489999771118164,13.489999771118164,416.0
2023-03-09 15:08:00,GCMG,8.359999656677246,8.359999656677246,8.359999656677246,8.359999656677246,8.359999656677246,158.0
2023-03-09 15:08:00,GECC,9.350000381469727,9.350000381469727,9.350000381469727,9.350000381469727,9.350000381469727,535.0
2023-03-09 15:08:00,GLAD,9.800000190734863,9.800000190734863,9.800000190734863,9.800000190734863,9.800000190734863,191.0
2023-03-09 15:08:00,GOCO,18.75,18.75,18.75,18.75,18.75,100.0
2023-03-09 15:08:00,GSHD,50.7599983215332,50.7599983215332,50.7599983215332,50.7599983215332,50.7599983215332,557.0
2023-03-09 15:08:00,HAIA,10.40999984741211,10.40999984741211,10.40999984741211,10.40999984741211,10.40999984741211,41087.0
2023-03-09 15:08:00,HBAN,13.824999809265137,13.824999809265137,13.829999923706055,13.819999694824219,13.824999809265137,11962.0
2023-03-09 15:08:00,HBANP,19.0,19.0,19.0,19.0,19.0,200.0
2023-03-09 15:08:00,HBNC,13.760000228881836,13.760000228881836,13.770000457763672,13.760000228881836,13.770000457763672,286.0
2023-03-09 15:08:00,HIVE,2.4100000858306885,2.4100000858306885,2.4100000858306885,2.409600019454956,2.4100000858306885,735.0
2023-03-09 15:08:00,HLNE,74.56999969482422,74.56999969482422,74.56999969482422,74.56999969482422,74.56999969482422,701.0
2023-03-09 15:08:00,HMST,22.15999984741211,22.15999984741211,22.200000762939453,22.15999984741211,22.15999984741211,300.0
2023-03-09 15:08:00,HONE,12.579999923706055,12.579999923706055,12.579999923706055,12.579999923706055,12.579999923706055,373.0
2023-03-09 15:08:00,HOPE,11.725000381469727,11.725000381469727,11.725000381469727,11.720000267028809,11.720000267028809,473.0
2023-03-09 15:08:00,HRZN,11.6899995803833,11.6899995803833,11.699999809265137,11.6850004196167,11.6850004196167,3828.0
2023-03-09 15:08:00,HTBI,27.635000228881836,27.635000228881836,27.635000228881836,27.635000228881836,27.635000228881836,597.0
2023-03-09 15:08:00,HTBK,10.779999732971191,10.779999732971191,10.779999732971191,10.779999732971191,10.779999732971191,433.0
2023-03-09 15:08:00,HTLF,45.375,45.375,45.375,45.375,45.375,533.0
2023-03-09 15:08:00,HTLFP,25.25,25.25,25.299999237060547,25.25,25.299999237060547,2543.0
2023-03-09 15:08:00,HUT,1.2893999814987183,1.2893999814987183,1.2949999570846558,1.2799999713897705,1.2932000160217285,35245.0
2023-03-09 15:08:00,HWC,43.566001892089844,43.566001892089844,43.58000183105469,43.54180145263672,43.54180145263672,3047.0
2023-03-09 15:08:00,HWEL,10.104999542236328,10.104999542236328,10.104999542236328,10.104999542236328,10.104999542236328,273.0
2023-03-09 15:08:00,IBKR,86.7699966430664,86.7699966430664,86.77999877929688,86.7699966430664,86.7699966430664,780.0
2023-03-09 15:08:00,IBOC,44.810001373291016,44.810001373291016,44.810001373291016,44.810001373291016,44.810001373291016,121.0
2023-03-09 15:08:00,IGIC,8.260000228881836,8.260000228881836,8.260000228881836,8.260000228881836,8.260000228881836,100.0
2023-03-09 15:09:00,ABCB,42.470001220703125,42.470001220703125,42.470001220703125,42.470001220703125,42.470001220703125,104.0
2023-03-09 15:09:00,ACACW,0.047600001096725464,0.047600001096725464,0.047600001096725464,0.047600001096725464,0.047600001096725464,100.0
2023-03-09 15:09:00,ACGL,68.48999786376953,68.48999786376953,68.5,68.4800033569336,68.48999786376953,4952.0
2023-03-09 15:09:00,ACT,23.8700008392334,23.8700008392334,23.8700008392334,23.8700008392334,23.8700008392334,321.0
2023-03-09 15:09:00,AMTB,25.2549991607666,25.2549991607666,25.2549991607666,25.2549991607666,25.2549991607666,301.0
2023-03-09 15:09:00,APLD,2.0350000858306885,2.0350000858306885,2.0399999618530273,2.0350000858306885,2.0350000858306885,2017.0
2023-03-09 15:09:00,APTMU,10.239999771118164,10.239999771118164,10.239999771118164,10.239999771118164,10.239999771118164,0.0
2023-03-09 15:09:00,ARCC,18.614999771118164,18.614999771118164,18.61989974975586,18.604999542236328,18.610000610351562,12126.0
2023-03-09 15:09:00,ATLC,28.93000030517578,28.93000030517578,28.93000030517578,28.93000030517578,28.93000030517578,232.0
2023-03-09 15:09:00,AUB,36.41999816894531,36.41999816894531,36.41999816894531,36.404998779296875,36.41999816894531,908.0
2023-03-09 15:09:00,BANR,57.2599983215332,57.2599983215332,57.27000045776367,57.25,57.26499938964844,3145.0
2023-03-09 15:09:00,BGCP,4.985000133514404,4.985000133514404,4.989999771118164,4.985000133514404,4.985000133514404,1577.0
2023-03-09 15:09:00,BHF,52.040000915527344,52.040000915527344,52.05500030517578,52.0099983215332,52.040000915527344,2297.0
2023-03-09 15:09:00,BHFAO,24.579999923706055,24.579999923706055,24.579999923706055,24.579999923706055,24.579999923706055,680.0
2023-03-09 15:09:00,BITF,0.7218000292778015,0.7218000292778015,0.7257999777793884,0.7218000292778015,0.7257999777793884,31397.0
2023-03-09 15:09:00,BLFY,11.279999732971191,11.279999732971191,11.279999732971191,11.279999732971191,11.279999732971191,974.0
2023-03-09 15:09:00,BPOP,62.35499954223633,62.35499954223633,62.400001525878906,62.349998474121094,62.400001525878906,1911.0
2023-03-09 15:09:00,BRKL,11.574999809265137,11.574999809265137,11.574999809265137,11.574999809265137,11.574999809265137,510.0
2023-03-09 15:09:00,BTBT,1.0750000476837158,1.0750000476837158,1.0800000429153442,1.0750000476837158,1.0800000429153442,380.0
2023-03-09 15:09:00,BUSE,22.540000915527344,22.540000915527344,22.540000915527344,22.530000686645508,22.530000686645508,340.0
2023-03-09 15:09:00,CARE,16.30500030517578,16.30500030517578,16.30500030517578,16.290000915527344,16.290000915527344,241.0
2023-03-09 15:09:00,CATY,38.77259826660156,38.77259826660156,38.77259826660156,38.77259826660156,38.77259826660156,440.0
2023-03-09 15:09:00,CBSH,61.71500015258789,61.71500015258789,61.71500015258789,61.71500015258789,61.71500015258789,231.0
2023-03-09 15:09:00,CCAI,10.46049976348877,10.46049976348877,10.46049976348877,10.46049976348877,10.46049976348877,107.0
2023-03-09 15:09:00,CCD,22.82040023803711,22.82040023803711,22.82040023803711,22.81999969482422,22.81999969482422,1794.0
2023-03-09 15:09:00,CFFN,7.53000020980835,7.53000020980835,7.534999847412109,7.53000020980835,7.534999847412109,584.0
2023-03-09 15:09:00,CG,33.40999984741211,33.40999984741211,33.415000915527344,33.40999984741211,33.40999984741211,3414.0
2023-03-09 15:09:00,CGBD,14.899999618530273,14.899999618530273,14.914999961853027,14.899999618530273,14.90999984741211,4693.0
2023-03-09 15:09:00,CHW,5.985000133514404,5.985000133514404,5.985000133514404,5.985000133514404,5.985000133514404,450.0
2023-03-09 15:09:00,CHY,12.149999618530273,12.149999618530273,12.149999618530273,12.119999885559082,12.119999885559082,756.0
2023-03-09 15:09:00,CINF,114.9800033569336,114.9800033569336,115.0,114.9800033569336,115.0,2099.0
2023-03-09 15:09:00,CME,177.8800048828125,177.8800048828125,177.9600067138672,177.8699951171875,177.9199981689453,6385.0
2023-03-09 15:09:00,CNOB,22.010000228881836,22.010000228881836,22.020000457763672,21.975000381469727,22.0,3001.0
2023-03-09 15:09:00,COLB,24.899999618530273,24.899999618530273,24.940000534057617,24.889999389648438,24.940000534057617,6153.0
2023-03-09 15:09:00,COOP,44.029998779296875,44.029998779296875,44.029998779296875,43.880001068115234,43.880001068115234,5643.0
2023-03-09 15:09:00,CSQ,13.748600006103516,13.748600006103516,13.748900413513184,13.748600006103516,13.748900413513184,582.0
2023-03-09 15:09:00,CSWC,18.139999389648438,18.139999389648438,18.139999389648438,18.1200008392334,18.1200008392334,1545.0
2023-03-09 15:09:00,CVBF,21.635000228881836,21.635000228881836,21.635000228881836,21.6299991607666,21.6299991607666,1321.0
2023-03-09 15:09:00,CZNC,22.010000228881836,22.010000228881836,22.010000228881836,21.989999771118164,21.989999771118164,208.0
2023-03-09 15:09:00,DCOM,29.260000228881836,29.260000228881836,29.260000228881836,29.25,29.25,438.0
2023-03-09 15:09:00,DWAC,14.100000381469727,14.100000381469727,14.100000381469727,14.100000381469727,14.100000381469727,159.0
2023-03-09 15:09:00,DWACW,3.0799999237060547,3.0799999237060547,3.0799999237060547,3.069999933242798,3.069999933242798,442.0
2023-03-09 15:09:00,EBC,14.404999732971191,14.404999732971191,14.40999984741211,14.400099754333496,14.404999732971191,1806.0
2023-03-09 15:09:00,ECPG,50.47999954223633,50.47999954223633,50.47999954223633,50.470001220703125,50.47999954223633,885.0
2023-03-09 15:09:00,ESQ,40.54999923706055,40.54999923706055,40.79999923706055,40.54999923706055,40.70000076293945,2131.0
2023-03-09 15:09:00,EWBC,67.36000061035156,67.36000061035156,67.37000274658203,67.3499984741211,67.3499984741211,2567.0
2023-03-09 15:09:00,FBMS,28.860000610351562,28.860000610351562,28.8700008392334,28.834999084472656,28.834999084472656,1364.0
2023-03-09 15:09:00,FBNC,38.529998779296875,38.529998779296875,38.529998779296875,38.459999084472656,38.459999084472656,3016.0
2023-03-09 15:09:00,FCFS,88.55999755859375,88.55999755859375,88.55999755859375,88.55999755859375,88.55999755859375,1045.0
2023-03-09 15:09:00,FCRD,4.579999923706055,4.579999923706055,4.579999923706055,4.579999923706055,4.579999923706055,100.0
2023-03-09 15:09:00,FDUS,20.014999389648438,20.014999389648438,20.014999389648438,20.014999389648438,20.014999389648438,1078.0
2023-03-09 15:09:00,FFIN,33.470001220703125,33.470001220703125,33.47999954223633,33.470001220703125,33.47999954223633,375.0
2023-03-09 15:09:00,FFWM,12.779999732971191,12.779999732971191,12.779999732971191,12.774999618530273,12.779999732971191,1073.0
2023-03-09 15:09:00,FHB,23.899999618530273,23.899999618530273,23.90999984741211,23.899999618530273,23.90999984741211,3214.0
2023-03-09 15:09:00,FIBK,31.920000076293945,31.920000076293945,31.920000076293945,31.920000076293945,31.920000076293945,342.0
2023-03-09 15:09:00,FISI,23.190000534057617,23.190000534057617,23.190000534057617,23.190000534057617,23.190000534057617,332.0
2023-03-09 15:09:00,FITB,31.81999969482422,31.81999969482422,31.844999313354492,31.81999969482422,31.83930015563965,13247.0
2023-03-09 15:09:00,FITBO,22.010000228881836,22.010000228881836,22.04290008544922,22.010000228881836,22.04290008544922,510.0
2023-03-09 15:09:00,FLIC,16.100000381469727,16.100000381469727,16.100000381469727,16.100000381469727,16.100000381469727,1520.0
2023-03-09 15:09:00,FMNB,13.180000305175781,13.180000305175781,13.180000305175781,13.180000305175781,13.180000305175781,273.0
2023-03-09 15:09:00,FOCS,51.57500076293945,51.57500076293945,51.58000183105469,51.56999969482422,51.58000183105469,5528.0
2023-03-09 15:09:00,FRBK,1.6699999570846558,1.6699999570846558,1.6699999570846558,1.6699999570846558,1.6699999570846558,654.0
2023-03-09 15:09:00,FRHC,72.0000991821289,72.0000991821289,72.0000991821289,72.0,72.0,500.0
2023-03-09 15:09:00,FSEA,9.8100004196167,9.8100004196167,9.8100004196167,9.8100004196167,9.8100004196167,312.0
2023-03-09 15:09:00,FULT,15.609999656677246,15.609999656677246,15.614999771118164,15.609999656677246,15.614999771118164,540.0
2023-03-09 15:09:00,FULTP,20.989999771118164,20.989999771118164,21.08769989013672,20.959999084472656,20.959999084472656,686.0
2023-03-09 15:09:00,FUTU,46.29999923706055,46.29999923706055,46.310001373291016,46.2599983215332,46.2599983215332,3321.0
2023-03-09 15:09:00,GBDC,13.225000381469727,13.225000381469727,13.225000381469727,13.225000381469727,13.225000381469727,501.0
2023-03-09 15:09:00,GLAD,9.800000190734863,9.800000190734863,9.800000190734863,9.800000190734863,9.800000190734863,924.0
2023-03-09 15:09:00,GLRE,10.210000038146973,10.210000038146973,10.229999542236328,10.210000038146973,10.229999542236328,366.0
2023-03-09 15:09:00,GOCO,18.799999237060547,18.799999237060547,18.799999237060547,18.799999237060547,18.799999237060547,260.0
2023-03-09 15:09:00,HBAN,13.829999923706055,13.829999923706055,13.829999923706055,13.824999809265137,13.829999923706055,9729.0
2023-03-09 15:09:00,HBANP,18.989999771118164,18.989999771118164,18.989999771118164,18.989999771118164,18.989999771118164,116.0
2023-03-09 15:09:00,HBNC,13.760000228881836,13.760000228881836,13.760000228881836,13.760000228881836,13.760000228881836,115.0
2023-03-09 15:09:00,HIVE,2.4093000888824463,2.4093000888824463,2.4100000858306885,2.400099992752075,2.4100000858306885,10079.0
2023-03-09 15:09:00,HMST,22.239999771118164,22.239999771118164,22.239999771118164,22.239999771118164,22.239999771118164,136.0
2023-03-09 15:09:00,HONE,12.609999656677246,12.609999656677246,12.609999656677246,12.59000015258789,12.59000015258789,1965.0
2023-03-09 15:09:00,HOPE,11.725000381469727,11.725000381469727,11.725000381469727,11.725000381469727,11.725000381469727,748.0
2023-03-09 15:09:00,HRZN,11.71500015258789,11.71500015258789,11.71500015258789,11.710000038146973,11.710000038146973,965.0
2023-03-09 15:09:00,HTBI,27.670000076293945,27.670000076293945,27.670000076293945,27.655000686645508,27.655000686645508,796.0
2023-03-09 15:09:00,HTLFP,25.25,25.25,25.25,25.25,25.25,1680.0
2023-03-09 15:09:00,HUT,1.2819000482559204,1.2819000482559204,1.2899999618530273,1.2819000482559204,1.2884999513626099,2723.0
2023-03-09 15:09:00,HWC,43.554901123046875,43.554901123046875,43.554901123046875,43.54499816894531,43.54499816894531,795.0
2023-03-09 15:09:00,IBKR,86.80999755859375,86.80999755859375,86.8499984741211,86.7699966430664,86.80000305175781,4014.0
2023-03-09 15:09:00,IBOC,44.869998931884766,44.869998931884766,44.869998931884766,44.869998931884766,44.869998931884766,458.0
2023-03-09 15:09:00,IBTX,52.439998626708984,52.439998626708984,52.439998626708984,52.439998626708984,52.439998626708984,122.0
2023-03-09 15:09:00,IGIC,8.289999961853027,8.289999961853027,8.289999961853027,8.289999961853027,8.289999961853027,404.0
2023-03-09 15:09:00,INTR,2.0197999477386475,2.0197999477386475,2.0197999477386475,2.015000104904175,2.015000104904175,370.0
2023-03-09 15:10:00,ABCB,42.43000030517578,42.43000030517578,42.470001220703125,42.43000030517578,42.470001220703125,1514.0
2023-03-09 15:10:00,ACGL,68.49500274658203,68.49500274658203,68.5,68.47000122070312,68.5,3829.0
2023-03-09 15:10:00,ACT,23.764999389648438,23.764999389648438,23.8700008392334,23.764999389648438,23.8700008392334,738.0
2023-03-09 15:10:00,AMAL,21.010000228881836,21.010000228881836,21.010000228881836,21.010000228881836,21.010000228881836,101.0
2023-03-09 15:10:00,APLD,2.0350000858306885,2.0350000858306885,2.0399999618530273,2.0350000858306885,2.0350000858306885,1117.0
2023-03-09 15:10:00,APXI,10.5,10.5,10.5,10.5,10.5,0.0
2023-03-09 15:10:00,ARBK,1.3899999856948853,1.3899999856948853,1.3899999856948853,1.3899999856948853,1.3899999856948853,364.0
2023-03-09 15:10:00,ARCC,18.604999542236328,18.604999542236328,18.614999771118164,18.59000015258789,18.611099243164062,61980.0
2023-03-09 15:10:00,AROW,28.280000686645508,28.280000686645508,28.280000686645508,28.280000686645508,28.280000686645508,687.0
2023-03-09 15:10:00,AUB,36.43000030517578,36.43000030517578,36.439998626708984,36.404998779296875,36.404998779296875,7399.0
2023-03-09 15:10:00,BANF,85.75,85.75,85.75,85.75,85.75,322.0
2023-03-09 15:10:00,BANR,57.220001220703125,57.220001220703125,57.220001220703125,57.220001220703125,57.220001220703125,175.0
2023-03-09 15:10:00,BFST,18.559999465942383,18.559999465942383,18.559999465942383,18.559999465942383,18.559999465942383,642.0
2023-03-09 15:10:00,BGCP,4.985000133514404,4.985000133514404,4.989999771118164,4.980000019073486,4.980000019073486,1401.0
2023-03-09 15:10:00,BITF,0.7218999862670898,0.7218999862670898,0.7245000004768372,0.7218000292778015,0.7218000292778015,3200.0
2023-03-09 15:10:00,BLFY,11.199999809265137,11.199999809265137,11.222000122070312,11.199999809265137,11.222000122070312,1079.0
2023-03-09 15:10:00,BMRC,26.795000076293945,26.795000076293945,26.795000076293945,26.795000076293945,26.795000076293945,249.0
2023-03-09 15:10:00,BOKF,95.25499725341797,95.25499725341797,95.30999755859375,95.25499725341797,95.30999755859375,1208.0
2023-03-09 15:10:00,BPOP,62.380001068115234,62.380001068115234,62.380001068115234,62.31999969482422,62.349998474121094,3820.0
2023-03-09 15:10:00,BRKL,11.574999809265137,11.574999809265137,11.574999809265137,11.5649995803833,11.569999694824219,2923.0
2023-03-09 15:10:00,BTBT,1.0700000524520874,1.0700000524520874,1.0700000524520874,1.0700000524520874,1.0700000524520874,303.0
2023-03-09 15:10:00,BUSE,22.540000915527344,22.540000915527344,22.540000915527344,22.540000915527344,22.540000915527344,248.0
2023-03-09 15:10:00,CARE,16.299999237060547,16.299999237060547,16.299999237060547,16.299999237060547,16.299999237060547,446.0
2023-03-09 15:10:00,CASH,47.09000015258789,47.09000015258789,47.099998474121094,47.060001373291016,47.060001373291016,3447.0
2023-03-09 15:10:00,CATC,70.1449966430664,70.1449966430664,70.23999786376953,70.1449966430664,70.23999786376953,1558.0
2023-03-09 15:10:00,CATY,38.75,38.75,38.7599983215332,38.75,38.7599983215332,1104.0
2023-03-09 15:10:00,CBAN,11.75,11.75,11.774100303649902,11.75,11.774100303649902,567.0
2023-03-09 15:10:00,CBNK,18.799999237060547,18.799999237060547,18.809999465942383,18.799999237060547,18.809999465942383,566.0
2023-03-09 15:10:00,CBSH,61.70000076293945,61.70000076293945,61.709999084472656,61.685001373291016,61.709999084472656,2259.0
2023-03-09 15:10:00,CCD,22.844999313354492,22.844999313354492,22.844999313354492,22.844999313354492,22.844999313354492,232.0
2023-03-09 15:10:00,CCNE,22.610000610351562,22.610000610351562,22.6200008392334,22.610000610351562,22.6200008392334,657.0
2023-03-09 15:10:00,CFFN,7.534999847412109,7.534999847412109,7.534999847412109,7.53000020980835,7.53000020980835,399.0
2023-03-09 15:10:00,CG,33.43000030517578,33.43000030517578,33.43000030517578,33.380001068115234,33.404998779296875,5592.0
2023-03-09 15:10:00,CHCO,91.7300033569336,91.7300033569336,91.7300033569336,91.7300033569336,91.7300033569336,243.0
2023-03-09 15:10:00,CHW,5.980000019073486,5.980000019073486,5.980000019073486,5.980000019073486,5.980000019073486,101.0
2023-03-09 15:10:00,CIFR,1.4199999570846558,1.4199999570846558,1.4299999475479126,1.4199999570846558,1.4299999475479126,605.0
2023-03-09 15:10:00,CINF,114.94999694824219,114.94999694824219,114.94999694824219,114.87100219726562,114.91999816894531,2993.0
2023-03-09 15:10:00,CME,177.83999633789062,177.83999633789062,177.83999633789062,177.75999450683594,177.83999633789062,4979.0
2023-03-09 15:10:00,CNOB,21.989999771118164,21.989999771118164,21.989999771118164,21.979999542236328,21.989999771118164,727.0
2023-03-09 15:10:00,CNOBP,20.700000762939453,20.700000762939453,20.700000762939453,20.700000762939453,20.700000762939453,398.0
2023-03-09 15:10:00,COLB,24.895000457763672,24.895000457763672,24.895000457763672,24.8700008392334,24.889999389648438,7923.0
2023-03-09 15:10:00,COOP,44.02000045776367,44.02000045776367,44.02000045776367,44.02000045776367,44.02000045776367,327.0
2023-03-09 15:10:00,CSQ,13.743399620056152,13.743399620056152,13.743399620056152,13.743399620056152,13.743399620056152,2076.0
2023-03-09 15:10:00,CSWC,18.1299991607666,18.1299991607666,18.139999389648438,18.1299991607666,18.139999389648438,1034.0
2023-03-09 15:10:00,CVBF,21.6299991607666,21.6299991607666,21.6299991607666,21.621999740600586,21.6299991607666,551.0
2023-03-09 15:10:00,CZNC,21.950000762939453,21.950000762939453,22.0,21.950000762939453,22.0,1393.0
2023-03-09 15:10:00,DCOM,29.25,29.25,29.260000228881836,29.25,29.25,1554.0
2023-03-09 15:10:00,DWAC,14.100000381469727,14.100000381469727,14.100000381469727,14.100000381469727,14.100000381469727,222.0
2023-03-09 15:10:00,EBC,14.395000457763672,14.395000457763672,14.399999618530273,14.395000457763672,14.399999618530273,1203.0
2023-03-09 15:10:00,EBTC,33.81999969482422,33.81999969482422,33.81999969482422,33.81999969482422,33.81999969482422,390.0
2023-03-09 15:10:00,ECBK,15.039999961853027,15.039999961853027,15.039999961853027,15.039999961853027,15.039999961853027,100.0
2023-03-09 15:10:00,ECPG,50.45000076293945,50.45000076293945,50.45000076293945,50.45000076293945,50.45000076293945,473.0
2023-03-09 15:10:00,EHTH,8.536800384521484,8.536800384521484,8.537799835205078,8.536800384521484,8.537799835205078,515.0
2023-03-09 15:10:00,ERIE,230.63999938964844,230.63999938964844,230.63999938964844,230.49000549316406,230.49000549316406,1951.0
2023-03-09 15:10:00,ESQ,40.619998931884766,40.619998931884766,40.68000030517578,40.619998931884766,40.68000030517578,254.0
2023-03-09 15:10:00,EWBC,67.3499984741211,67.3499984741211,67.36499786376953,67.3499984741211,67.3499984741211,1442.0
2023-03-09 15:10:00,EZPW,8.760000228881836,8.760000228881836,8.760000228881836,8.742500305175781,8.744999885559082,3964.0
2023-03-09 15:10:00,FBMS,28.850000381469727,28.850000381469727,28.850000381469727,28.850000381469727,28.850000381469727,381.0
2023-03-09 15:10:00,FBNC,38.54499816894531,38.54499816894531,38.560001373291016,38.470001220703125,38.470001220703125,6541.0
2023-03-09 15:10:00,FCRD,4.599999904632568,4.599999904632568,4.599999904632568,4.579999923706055,4.579999923706055,436.0
2023-03-09 15:10:00,FFBC,22.229999542236328,22.229999542236328,22.229999542236328,22.229999542236328,22.229999542236328,224.0
2023-03-09 15:10:00,FFIN,33.46500015258789,33.46500015258789,33.470001220703125,33.459999084472656,33.459999084472656,1359.0
2023-03-09 15:10:00,FFWM,12.760000228881836,12.760000228881836,12.770000457763672,12.760000228881836,12.770000457763672,1255.0
2023-03-09 15:10:00,FGBI,17.760000228881836,17.760000228881836,17.770000457763672,17.760000228881836,17.770000457763672,502.0
2023-03-09 15:10:00,FHB,23.920000076293945,23.920000076293945,23.920000076293945,23.895000457763672,23.899999618530273,5367.0
2023-03-09 15:10:00,FIBK,31.920000076293945,31.920000076293945,31.920000076293945,31.905000686645508,31.90999984741211,876.0
2023-03-09 15:10:00,FITB,31.81999969482422,31.81999969482422,31.829999923706055,31.799999237060547,31.81999969482422,20591.0
2023-03-09 15:10:00,FITBO,21.989999771118164,21.989999771118164,21.989999771118164,21.989999771118164,21.989999771118164,604.0
2023-03-09 15:10:00,FLIC,16.100000381469727,16.100000381469727,16.100000381469727,16.100000381469727,16.100000381469727,100.0
2023-03-09 15:10:00,FNCB,7.250100135803223,7.250100135803223,7.250100135803223,7.250100135803223,7.250100135803223,444.0
2023-03-09 15:10:00,FOCS,51.58000183105469,51.58000183105469,51.58000183105469,51.56999969482422,51.57500076293945,6398.0
2023-03-09 15:10:00,FRBK,1.6749999523162842,1.6749999523162842,1.6749999523162842,1.6749999523162842,1.6749999523162842,106.0
2023-03-09 15:10:00,FRME,37.220001220703125,37.220001220703125,37.220001220703125,37.220001220703125,37.220001220703125,329.0
2023-03-09 15:10:00,FRST,10.6899995803833,10.6899995803833,10.6899995803833,10.6899995803833,10.6899995803833,442.0
2023-03-09 15:10:00,FULT,15.604999542236328,15.604999542236328,15.609999656677246,15.600000381469727,15.609999656677246,1388.0
2023-03-09 15:10:00,FULTP,20.799999237060547,20.799999237060547,20.799999237060547,20.799999237060547,20.799999237060547,369.0
2023-03-09 15:10:00,FUTU,46.2599983215332,46.2599983215332,46.2599983215332,46.25,46.25,503.0
2023-03-09 15:10:00,GAIN,13.479999542236328,13.479999542236328,13.479999542236328,13.479999542236328,13.479999542236328,611.0
2023-03-09 15:10:00,GBDC,13.21500015258789,13.21500015258789,13.220000267028809,13.21500015258789,13.220000267028809,6106.0
2023-03-09 15:10:00,GCMG,8.350000381469727,8.350000381469727,8.350000381469727,8.350000381469727,8.350000381469727,112.0
2023-03-09 15:10:00,GGAL,12.640000343322754,12.640000343322754,12.668000221252441,12.630000114440918,12.668000221252441,5859.0
2023-03-09 15:10:00,GREE,0.4058000147342682,0.4058000147342682,0.4058000147342682,0.4058000147342682,0.4058000147342682,5026.0
2023-03-09 15:10:00,HAFC,21.719999313354492,21.719999313354492,21.729999542236328,21.719999313354492,21.719999313354492,1611.0
2023-03-09 15:10:00,HBAN,13.8149995803833,13.8149995803833,13.824999809265137,13.8100004196167,13.824299812316895,51587.0
2023-03-09 15:10:00,HBANP,18.989999771118164,18.989999771118164,18.989999771118164,18.989999771118164,18.989999771118164,362.0
2023-03-09 15:10:00,HBNC,13.760000228881836,13.760000228881836,13.760000228881836,13.75,13.75,725.0
2023-03-09 15:10:00,HFWA,24.46500015258789,24.46500015258789,24.46500015258789,24.46500015258789,24.46500015258789,100.0
2023-03-09 15:10:00,HIVE,2.4100000858306885,2.4100000858306885,2.4100000858306885,2.4049999713897705,2.4049999713897705,569.0
2023-03-09 15:10:00,HMST,22.229999542236328,22.229999542236328,22.239999771118164,22.204999923706055,22.204999923706055,2190.0
2023-03-09 15:10:00,HONE,12.609999656677246,12.609999656677246,12.614999771118164,12.609999656677246,12.614999771118164,420.0
2023-03-09 15:10:00,HOPE,11.710000038146973,11.710000038146973,11.725000381469727,11.710000038146973,11.725000381469727,1968.0
2023-03-09 15:10:00,HRZN,11.699999809265137,11.699999809265137,11.699999809265137,11.699999809265137,11.699999809265137,412.0
2023-03-09 15:10:00,HUT,1.284999966621399,1.284999966621399,1.2883000373840332,1.2803000211715698,1.2883000373840332,4649.0
2023-03-09 15:10:00,HVBC,30.670000076293945,30.670000076293945,30.670000076293945,30.670000076293945,30.670000076293945,100.0
2023-03-09 15:10:00,HWBK,24.84000015258789,24.84000015258789,24.84000015258789,24.84000015258789,24.84000015258789,235.0
2023-03-09 15:10:00,HWC,43.529998779296875,43.529998779296875,43.529998779296875,43.52000045776367,43.52000045776367,555.0
2023-03-09 15:10:00,IBKR,86.76000213623047,86.76000213623047,86.80000305175781,86.7300033569336,86.77999877929688,944.0
2023-03-09 15:10:00,IBTX,52.49420166015625,52.49420166015625,52.49420166015625,52.49420166015625,52.49420166015625,260.0
2023-03-09 15:10:00,IGIC,8.3100004196167,8.3100004196167,8.3100004196167,8.3100004196167,8.3100004196167,200.0
2023-03-09 15:11:00,ACGL,68.48999786376953,68.48999786376953,68.5,68.4801025390625,68.48999786376953,6825.0
2023-03-09 15:11:00,ACT,23.725000381469727,23.725000381469727,23.725000381469727,23.725000381469727,23.725000381469727,235.0
2023-03-09 15:11:00,AGBA,2.109999895095825,2.109999895095825,2.109999895095825,2.109999895095825,2.109999895095825,180.0
2023-03-09 15:11:00,AMAL,21.00480079650879,21.00480079650879,21.00480079650879,21.00480079650879,21.00480079650879,224.0
2023-03-09 15:11:00,AMTB,25.239999771118164,25.239999771118164,25.239999771118164,25.239999771118164,25.239999771118164,236.0
2023-03-09 15:11:00,APLD,2.0399999618530273,2.0399999618530273,2.0399999618530273,2.0299999713897705,2.0350000858306885,4379.0
2023-03-09 15:11:00,ARCC,18.584999084472656,18.584999084472656,18.60569953918457,18.584999084472656,18.60569953918457,14159.0
2023-03-09 15:11:00,ATLO,23.309999465942383,23.309999465942383,23.309999465942383,23.309999465942383,23.309999465942383,236.0
2023-03-09 15:11:00,AUB,36.400001525878906,36.400001525878906,36.439998626708984,36.400001525878906,36.439998626708984,5551.0
2023-03-09 15:11:00,BANR,57.18000030517578,57.18000030517578,57.220001220703125,57.18000030517578,57.220001220703125,1296.0
2023-03-09 15:11:00,BANX,18.600000381469727,18.600000381469727,18.600000381469727,18.600000381469727,18.600000381469727,354.0
2023-03-09 15:11:00,BFST,18.540000915527344,18.540000915527344,18.540000915527344,18.540000915527344,18.540000915527344,854.0
2023-03-09 15:11:00,BGCP,4.985000133514404,4.985000133514404,4.985000133514404,4.985000133514404,4.985000133514404,790.0
2023-03-09 15:11:00,BHF,52.040000915527344,52.040000915527344,52.05500030517578,52.040000915527344,52.05500030517578,1194.0
2023-03-09 15:11:00,BHFAP,23.98240089416504,23.98240089416504,23.98240089416504,23.98240089416504,23.98240089416504,245.0
2023-03-09 15:11:00,BITF,0.7271000146865845,0.7271000146865845,0.7271900177001953,0.7271000146865845,0.7271900177001953,229.0
2023-03-09 15:11:00,BMRC,26.795000076293945,26.795000076293945,26.795000076293945,26.795000076293945,26.795000076293945,222.0
2023-03-09 15:11:00,BOKF,95.19000244140625,95.19000244140625,95.2699966430664,95.19000244140625,95.2699966430664,2519.0
2023-03-09 15:11:00,BPOP,62.38999938964844,62.38999938964844,62.40999984741211,62.380001068115234,62.380001068115234,1710.0
2023-03-09 15:11:00,BRKL,11.569999694824219,11.569999694824219,11.569999694824219,11.5649995803833,11.569999694824219,1423.0
2023-03-09 15:11:00,BRP,25.334999084472656,25.334999084472656,25.3700008392334,25.31999969482422,25.3700008392334,6579.0
2023-03-09 15:11:00,BTBT,1.0800000429153442,1.0800000429153442,1.0800000429153442,1.0700000524520874,1.0700000524520874,817.0
2023-03-09 15:11:00,BUSE,22.530000686645508,22.530000686645508,22.530000686645508,22.530000686645508,22.530000686645508,349.0
2023-03-09 15:11:00,BWB,13.380000114440918,13.380000114440918,13.380000114440918,13.380000114440918,13.380000114440918,139.0
2023-03-09 15:11:00,CACC,431.1000061035156,431.1000061035156,431.1000061035156,431.1000061035156,431.1000061035156,581.0
2023-03-09 15:11:00,CARV,4.438499927520752,4.438499927520752,4.447700023651123,4.420000076293945,4.447700023651123,2000.0
2023-03-09 15:11:00,CASH,47.06589889526367,47.06589889526367,47.09000015258789,47.06589889526367,47.08000183105469,2134.0
2023-03-09 15:11:00,CATY,38.7400016784668,38.7400016784668,38.7400016784668,38.72999954223633,38.72999954223633,1790.0
2023-03-09 15:11:00,CBSH,61.665000915527344,61.665000915527344,61.689998626708984,61.65999984741211,61.689998626708984,1409.0
2023-03-09 15:11:00,CCD,22.821199417114258,22.821199417114258,22.821199417114258,22.820100784301758,22.820100784301758,456.0
2023-03-09 15:11:00,CFFN,7.525000095367432,7.525000095367432,7.537499904632568,7.525000095367432,7.53000020980835,4776.0
2023-03-09 15:11:00,CG,33.380001068115234,33.380001068115234,33.41999816894531,33.380001068115234,33.41999816894531,3517.0
2023-03-09 15:11:00,CGBD,14.895000457763672,14.895000457763672,14.895000457763672,14.895000457763672,14.895000457763672,427.0
2023-03-09 15:11:00,CHI,11.807499885559082,11.807499885559082,11.807499885559082,11.807499885559082,11.807499885559082,750.0
2023-03-09 15:11:00,CHY,12.119999885559082,12.119999885559082,12.130000114440918,12.119999885559082,12.130000114440918,200.0
2023-03-09 15:11:00,CINF,114.91000366210938,114.91000366210938,114.91000366210938,114.91000366210938,114.91000366210938,646.0
2023-03-09 15:11:00,CME,177.7449951171875,177.7449951171875,177.84500122070312,177.7100067138672,177.84500122070312,4915.0
2023-03-09 15:11:00,COLB,24.8700008392334,24.8700008392334,24.889999389648438,24.864999771118164,24.889999389648438,9967.0
2023-03-09 15:11:00,COOP,44.060001373291016,44.060001373291016,44.060001373291016,44.040000915527344,44.040000915527344,647.0
2023-03-09 15:11:00,CTBI,40.47829818725586,40.47829818725586,40.47829818725586,40.38999938964844,40.38999938964844,1027.0
2023-03-09 15:11:00,CUBA,3.880000114440918,3.880000114440918,3.880000114440918,3.880000114440918,3.880000114440918,340.0
2023-03-09 15:11:00,CVBF,21.6299991607666,21.6299991607666,21.6299991607666,21.6299991607666,21.6299991607666,168.0
2023-03-09 15:11:00,DCOM,29.25,29.25,29.25,29.25,29.25,117.0
2023-03-09 15:11:00,EBC,14.385000228881836,14.385000228881836,14.395000457763672,14.380000114440918,14.390000343322754,2031.0
2023-03-09 15:11:00,ECBK,15.140000343322754,15.140000343322754,15.140000343322754,15.130000114440918,15.130000114440918,1479.0
2023-03-09 15:11:00,EQBK,28.0,28.0,28.0,28.0,28.0,304.0
2023-03-09 15:11:00,ESQ,40.45000076293945,40.45000076293945,40.540000915527344,40.45000076293945,40.540000915527344,356.0
2023-03-09 15:11:00,EWBC,67.29000091552734,67.29000091552734,67.33999633789062,67.25,67.33999633789062,4828.0
2023-03-09 15:11:00,EZPW,8.770000457763672,8.770000457763672,8.770000457763672,8.770000457763672,8.770000457763672,309.0
2023-03-09 15:11:00,FBNC,38.494998931884766,38.494998931884766,38.525001525878906,38.494998931884766,38.52000045776367,951.0
2023-03-09 15:11:00,FCRD,4.599999904632568,4.599999904632568,4.599999904632568,4.599999904632568,4.599999904632568,633.0
2023-03-09 15:11:00,FFBC,22.209999084472656,22.209999084472656,22.209999084472656,22.209999084472656,22.209999084472656,413.0
2023-03-09 15:11:00,FFIC,17.170000076293945,17.170000076293945,17.170000076293945,17.170000076293945,17.170000076293945,220.0
2023-03-09 15:11:00,FFWM,12.75,12.75,12.75,12.75,12.75,458.0
2023-03-09 15:11:00,FHB,23.90999984741211,23.90999984741211,23.90999984741211,23.895000457763672,23.899999618530273,1413.0
2023-03-09 15:11:00,FIBK,31.8799991607666,31.8799991607666,31.920000076293945,31.8799991607666,31.920000076293945,1344.0
2023-03-09 15:11:00,FITB,31.799999237060547,31.799999237060547,31.815000534057617,31.790000915527344,31.815000534057617,11394.0
2023-03-09 15:11:00,FLIC,16.100000381469727,16.100000381469727,16.100000381469727,16.100000381469727,16.100000381469727,480.0
2023-03-09 15:11:00,FMAO,23.440000534057617,23.440000534057617,23.440000534057617,23.440000534057617,23.440000534057617,268.0
2023-03-09 15:11:00,FMBH,28.239999771118164,28.239999771118164,28.239999771118164,28.239999771118164,28.239999771118164,239.0
2023-03-09 15:11:00,FMNB,13.170000076293945,13.170000076293945,13.170000076293945,13.170000076293945,13.170000076293945,275.0
2023-03-09 15:11:00,FOCS,51.57500076293945,51.57500076293945,51.58000183105469,51.57500076293945,51.58000183105469,2406.0
2023-03-09 15:11:00,FRBK,1.6699999570846558,1.6699999570846558,1.6749999523162842,1.6699999570846558,1.6699999570846558,1127.0
2023-03-09 15:11:00,FRST,10.680000305175781,10.680000305175781,10.680000305175781,10.680000305175781,10.680000305175781,175.0
2023-03-09 15:11:00,FULT,15.595000267028809,15.595000267028809,15.604999542236328,15.595000267028809,15.600000381469727,4764.0
2023-03-09 15:11:00,FUND,8.479999542236328,8.479999542236328,8.479999542236328,8.479999542236328,8.479999542236328,500.0
2023-03-09 15:11:00,FUTU,46.24340057373047,46.24340057373047,46.279998779296875,46.24340057373047,46.25,2364.0
2023-03-09 15:11:00,FVCB,13.25,13.25,13.25,13.25,13.25,228.0
2023-03-09 15:11:00,GBDC,13.220000267028809,13.220000267028809,13.220000267028809,13.210000038146973,13.21500015258789,827.0
2023-03-09 15:11:00,GGAL,12.640000343322754,12.640000343322754,12.640000343322754,12.635000228881836,12.635000228881836,2656.0
2023-03-09 15:11:00,GLAD,9.800000190734863,9.800000190734863,9.800000190734863,9.79010009765625,9.79010009765625,2035.0
2023-03-09 15:11:00,GOCO,18.645000457763672,18.645000457763672,18.645000457763672,18.645000457763672,18.645000457763672,115.0
2023-03-09 15:11:00,GROW,2.6649999618530273,2.6649999618530273,2.6649999618530273,2.6649999618530273,2.6649999618530273,124.0
2023-03-09 15:11:00,GSHD,50.65999984741211,50.65999984741211,50.65999984741211,50.65999984741211,50.65999984741211,283.0
2023-03-09 15:11:00,HAFC,21.729999542236328,21.729999542236328,21.729999542236328,21.729999542236328,21.729999542236328,236.0
2023-03-09 15:11:00,HBAN,13.805000305175781,13.805000305175781,13.8149995803833,13.800000190734863,13.8149995803833,39902.0
2023-03-09 15:11:00,HBNC,13.755000114440918,13.755000114440918,13.755000114440918,13.755000114440918,13.755000114440918,698.0
2023-03-09 15:11:00,HFWA,24.420000076293945,24.420000076293945,24.450000762939453,24.420000076293945,24.450000762939453,770.0
2023-03-09 15:11:00,HMPT,1.9505000114440918,1.9505000114440918,1.9505000114440918,1.9505000114440918,1.9505000114440918,110.0
2023-03-09 15:11:00,HMST,22.200000762939453,22.200000762939453,22.200000762939453,22.200000762939453,22.200000762939453,415.0
2023-03-09 15:11:00,HNVR,19.707199096679688,19.707199096679688,19.707199096679688,19.700000762939453,19.700000762939453,3177.0
2023-03-09 15:11:00,HONE,12.600000381469727,12.600000381469727,12.600000381469727,12.595000267028809,12.600000381469727,1408.0
2023-03-09 15:11:00,HOPE,11.71500015258789,11.71500015258789,11.71500015258789,11.710000038146973,11.71500015258789,2422.0
2023-03-09 15:11:00,HRZN,11.690600395202637,11.690600395202637,11.699999809265137,11.690600395202637,11.699999809265137,608.0
2023-03-09 15:11:00,HTBI,27.700000762939453,27.700000762939453,27.700000762939453,27.690000534057617,27.690000534057617,201.0
2023-03-09 15:11:00,HTLF,45.349998474121094,45.349998474121094,45.349998474121094,45.349998474121094,45.349998474121094,353.0
2023-03-09 15:11:00,HTLFP,25.150100708007812,25.150100708007812,25.150100708007812,25.150100708007812,25.150100708007812,627.0
2023-03-09 15:11:00,HUT,1.2882000207901,1.2882000207901,1.2882000207901,1.2799999713897705,1.284999966621399,26187.0
2023-03-09 15:11:00,HVBC,30.670000076293945,30.670000076293945,30.670000076293945,30.670000076293945,30.670000076293945,100.0
2023-03-09 15:11:00,HWC,43.5099983215332,43.5099983215332,43.529998779296875,43.5,43.529998779296875,2306.0
2023-03-09 15:11:00,IBKR,86.80000305175781,86.80000305175781,86.80000305175781,86.73999786376953,86.76000213623047,1821.0
2023-03-09 15:11:00,IBOC,44.84000015258789,44.84000015258789,44.8650016784668,44.84000015258789,44.8650016784668,653.0
2023-03-09 15:11:00,INDB,71.45999908447266,71.45999908447266,71.45999908447266,71.45999908447266,71.45999908447266,753.0
2023-03-09 15:11:00,INTR,2.0199999809265137,2.0199999809265137,2.0199999809265137,2.0199999809265137,2.0199999809265137,1998.0
2023-03-09 15:12:00,ABCB,42.380001068115234,42.380001068115234,42.380001068115234,42.3650016784668,42.380001068115234,1996.0
2023-03-09 15:12:00,ACGL,68.47000122070312,68.47000122070312,68.49500274658203,68.47000122070312,68.48999786376953,2997.0
2023-03-09 15:12:00,AMRK,28.03499984741211,28.03499984741211,28.03499984741211,28.03499984741211,28.03499984741211,462.0
2023-03-09 15:12:00,AMTB,25.229999542236328,25.229999542236328,25.229999542236328,25.229999542236328,25.229999542236328,239.0
2023-03-09 15:12:00,APLD,2.0199999809265137,2.0199999809265137,2.0199999809265137,2.0199999809265137,2.0199999809265137,115.0
2023-03-09 15:12:00,ARCC,18.594999313354492,18.594999313354492,18.59950065612793,18.584999084472656,18.584999084472656,18562.0
2023-03-09 15:12:00,AUB,36.407501220703125,36.407501220703125,36.41999816894531,36.400001525878906,36.40999984741211,2930.0
2023-03-09 15:12:00,BANR,57.16999816894531,57.16999816894531,57.16999816894531,57.16999816894531,57.16999816894531,414.0
2023-03-09 15:12:00,BCML,19.329999923706055,19.329999923706055,19.329999923706055,19.329999923706055,19.329999923706055,422.0
2023-03-09 15:12:00,BGCP,4.985000133514404,4.985000133514404,4.985000133514404,4.985000133514404,4.985000133514404,575.0
2023-03-09 15:12:00,BHF,52.02000045776367,52.02000045776367,52.02000045776367,52.02000045776367,52.02000045776367,458.0
2023-03-09 15:12:00,BHFAP,23.979999542236328,23.979999542236328,23.979999542236328,23.979999542236328,23.979999542236328,100.0
2023-03-09 15:12:00,BITF,0.7182009816169739,0.7182009816169739,0.7218000292778015,0.7182000279426575,0.7218000292778015,53603.0
2023-03-09 15:12:00,BKCC,3.609999895095825,3.609999895095825,3.609999895095825,3.609999895095825,3.609999895095825,218.0
2023-03-09 15:12:00,BOKF,95.33999633789062,95.33999633789062,95.33999633789062,95.25,95.31999969482422,700.0
2023-03-09 15:12:00,BOTJ,12.96679973602295,12.96679973602295,12.970000267028809,12.960000038146973,12.970000267028809,640.0
2023-03-09 15:12:00,BPOP,62.349998474121094,62.349998474121094,62.36000061035156,62.349998474121094,62.36000061035156,603.0
2023-03-09 15:12:00,BRKL,11.574999809265137,11.574999809265137,11.574999809265137,11.5649995803833,11.569999694824219,1298.0
2023-03-09 15:12:00,BTBT,1.0800000429153442,1.0800000429153442,1.0800000429153442,1.070099949836731,1.070099949836731,2357.0
2023-03-09 15:12:00,BWB,13.369999885559082,13.369999885559082,13.369999885559082,13.369999885559082,13.369999885559082,108.0
2023-03-09 15:12:00,CACC,430.664306640625,430.664306640625,430.664306640625,430.664306640625,430.664306640625,888.0
2023-03-09 15:12:00,CARE,16.290000915527344,16.290000915527344,16.290000915527344,16.290000915527344,16.290000915527344,169.0
2023-03-09 15:12:00,CARV,4.474999904632568,4.474999904632568,4.480000019073486,4.440000057220459,4.447999954223633,3322.0
2023-03-09 15:12:00,CASH,47.09000015258789,47.09000015258789,47.09000015258789,47.06999969482422,47.06999969482422,930.0
2023-03-09 15:12:00,CATY,38.75,38.75,38.7599983215332,38.75,38.7599983215332,430.0
2023-03-09 15:12:00,CBSH,61.70000076293945,61.70000076293945,61.70000076293945,61.665000915527344,61.665000915527344,3114.0
2023-03-09 15:12:00,CFFN,7.519999980926514,7.519999980926514,7.519999980926514,7.519999980926514,7.519999980926514,600.0
2023-03-09 15:12:00,CG,33.369998931884766,33.369998931884766,33.38999938964844,33.369998931884766,33.380001068115234,2813.0
2023-03-09 15:12:00,CHCO,91.80999755859375,91.80999755859375,91.80999755859375,91.69999694824219,91.69999694824219,1801.0
2023-03-09 15:12:00,CHY,12.119999885559082,12.119999885559082,12.119999885559082,12.119999885559082,12.119999885559082,100.0
2023-03-09 15:12:00,CIFR,1.4299999475479126,1.4299999475479126,1.4299999475479126,1.4299999475479126,1.4299999475479126,127.0
2023-03-09 15:12:00,CINF,114.87000274658203,114.87000274658203,114.88999938964844,114.87000274658203,114.88999938964844,1132.0
2023-03-09 15:12:00,CLBK,19.6299991607666,19.6299991607666,19.649999618530273,19.6299991607666,19.649999618530273,10936.0
2023-03-09 15:12:00,CME,177.67999267578125,177.67999267578125,177.74000549316406,177.66000366210938,177.72999572753906,3775.0
2023-03-09 15:12:00,CNOB,22.0,22.0,22.0,22.0,22.0,200.0
2023-03-09 15:12:00,COLB,24.8700008392334,24.8700008392334,24.875,24.854999542236328,24.8700008392334,4592.0
2023-03-09 15:12:00,CSQ,13.744999885559082,13.744999885559082,13.75,13.744999885559082,13.75,450.0
2023-03-09 15:12:00,CSWC,18.1299991607666,18.1299991607666,18.1299991607666,18.1299991607666,18.1299991607666,225.0
2023-03-09 15:12:00,CVBF,21.610000610351562,21.610000610351562,21.6200008392334,21.593000411987305,21.6200008392334,5765.0
2023-03-09 15:12:00,DCOM,29.276500701904297,29.276500701904297,29.276500701904297,29.229999542236328,29.2450008392334,1178.0
2023-03-09 15:12:00,DWAC,14.100000381469727,14.100000381469727,14.100000381469727,14.09000015258789,14.09000015258789,849.0
2023-03-09 15:12:00,EBC,14.385000228881836,14.385000228881836,14.390000343322754,14.385000228881836,14.385000228881836,763.0
2023-03-09 15:12:00,EGBN,40.095001220703125,40.095001220703125,40.095001220703125,40.095001220703125,40.095001220703125,505.0
2023-03-09 15:12:00,EHTH,8.529999732971191,8.529999732971191,8.529999732971191,8.529999732971191,8.529999732971191,1597.0
2023-03-09 15:12:00,ESGR,230.9550018310547,230.9550018310547,230.9550018310547,230.9550018310547,230.9550018310547,134.0
2023-03-09 15:12:00,ESQ,40.38999938964844,40.38999938964844,40.38999938964844,40.38999938964844,40.38999938964844,224.0
2023-03-09 15:12:00,EWBC,67.36000061035156,67.36000061035156,67.36000061035156,67.26589965820312,67.26589965820312,3002.0
2023-03-09 15:12:00,EZPW,8.770000457763672,8.770000457763672,8.770000457763672,8.770000457763672,8.770000457763672,132.0
2023-03-09 15:12:00,FBNC,38.529998779296875,38.529998779296875,38.529998779296875,38.5099983215332,38.5099983215332,1129.0
2023-03-09 15:12:00,FCNCO,21.579999923706055,21.579999923706055,21.6200008392334,21.579999923706055,21.579999923706055,1222.0
2023-03-09 15:12:00,FCNCP,21.8700008392334,21.8700008392334,21.989999771118164,21.8700008392334,21.989999771118164,771.0
2023-03-09 15:12:00,FCRD,4.599999904632568,4.599999904632568,4.599999904632568,4.599999904632568,4.599999904632568,100.0
2023-03-09 15:12:00,FFIC,17.15999984741211,17.15999984741211,17.15999984741211,17.15999984741211,17.15999984741211,287.0
2023-03-09 15:12:00,FFIN,33.45000076293945,33.45000076293945,33.45000076293945,33.45000076293945,33.45000076293945,229.0
2023-03-09 15:12:00,FFNW,14.670000076293945,14.670000076293945,14.670000076293945,14.670000076293945,14.670000076293945,204.0
2023-03-09 15:12:00,FFWM,12.743499755859375,12.743499755859375,12.743499755859375,12.743499755859375,12.743499755859375,151.0
2023-03-09 15:12:00,FHB,23.920000076293945,23.920000076293945,23.924999237060547,23.920000076293945,23.920000076293945,1215.0
2023-03-09 15:12:00,FIBK,31.899999618530273,31.899999618530273,31.905000686645508,31.8700008392334,31.8700008392334,1805.0
2023-03-09 15:12:00,FITB,31.78499984741211,31.78499984741211,31.799999237060547,31.780000686645508,31.799999237060547,9217.0
2023-03-09 15:12:00,FITBP,23.836599349975586,23.836599349975586,23.836599349975586,23.836599349975586,23.836599349975586,105.0
2023-03-09 15:12:00,FLIC,16.100000381469727,16.100000381469727,16.100000381469727,16.100000381469727,16.100000381469727,122.0
2023-03-09 15:12:00,FMNB,13.180000305175781,13.180000305175781,13.180000305175781,13.180000305175781,13.180000305175781,225.0
2023-03-09 15:12:00,FOCS,51.57500076293945,51.57500076293945,51.58000183105469,51.57500076293945,51.57500076293945,3413.0
2023-03-09 15:12:00,FRBK,1.6799999475479126,1.6799999475479126,1.690000057220459,1.6749999523162842,1.6749999523162842,10616.0
2023-03-09 15:12:00,FRHC,72.0199966430664,72.0199966430664,72.0199966430664,72.0000991821289,72.0199966430664,588.0
2023-03-09 15:12:00,FRME,37.2599983215332,37.2599983215332,37.2599983215332,37.2599983215332,37.2599983215332,365.0
2023-03-09 15:12:00,FULT,15.609999656677246,15.609999656677246,15.609999656677246,15.600000381469727,15.600000381469727,2644.0
2023-03-09 15:12:00,FUNC,19.68000030517578,19.68000030517578,19.68000030517578,19.68000030517578,19.68000030517578,185.0
2023-03-09 15:12:00,FUND,8.470000267028809,8.470000267028809,8.470000267028809,8.470000267028809,8.470000267028809,302.0
2023-03-09 15:12:00,FUTU,46.2599983215332,46.2599983215332,46.2599983215332,46.2400016784668,46.2400016784668,1557.0
2023-03-09 15:12:00,FVCB,13.25,13.25,13.25,13.25,13.25,186.0
2023-03-09 15:12:00,GAIN,13.468999862670898,13.468999862670898,13.468999862670898,13.468999862670898,13.468999862670898,499.0
2023-03-09 15:12:00,GBDC,13.21500015258789,13.21500015258789,13.21500015258789,13.210000038146973,13.21500015258789,1539.0
2023-03-09 15:12:00,GGAL,12.640000343322754,12.640000343322754,12.640000343322754,12.640000343322754,12.640000343322754,452.0
2023-03-09 15:12:00,GREE,0.40735000371932983,0.40735000371932983,0.40735000371932983,0.4065000116825104,0.4065000116825104,466.0
2023-03-09 15:12:00,HALL,11.210100173950195,11.210100173950195,11.210100173950195,11.210000038146973,11.210000038146973,280.0
2023-03-09 15:12:00,HBAN,13.819999694824219,13.819999694824219,13.819999694824219,13.800000190734863,13.805000305175781,55180.0
2023-03-09 15:12:00,HBNC,13.770000457763672,13.770000457763672,13.770000457763672,13.760000228881836,13.760000228881836,784.0
2023-03-09 15:12:00,HFWA,24.459999084472656,24.459999084472656,24.459999084472656,24.434999465942383,24.434999465942383,656.0
2023-03-09 15:12:00,HIVE,2.408600091934204,2.408600091934204,2.4100000858306885,2.408600091934204,2.4100000858306885,1217.0
2023-03-09 15:12:00,HLNE,74.54000091552734,74.54000091552734,74.54000091552734,74.54000091552734,74.54000091552734,152.0
2023-03-09 15:12:00,HMST,22.18000030517578,22.18000030517578,22.18000030517578,22.18000030517578,22.18000030517578,368.0
2023-03-09 15:12:00,HONE,12.604999542236328,12.604999542236328,12.604999542236328,12.604999542236328,12.604999542236328,808.0
2023-03-09 15:12:00,HOPE,11.719799995422363,11.719799995422363,11.720000267028809,11.710000038146973,11.710000038146973,4713.0
2023-03-09 15:12:00,HTLF,45.369998931884766,45.369998931884766,45.369998931884766,45.369998931884766,45.369998931884766,619.0
2023-03-09 15:12:00,HUT,1.2897000312805176,1.2897000312805176,1.2899999618530273,1.2799999713897705,1.284999966621399,10263.0
2023-03-09 15:12:00,HVBC,30.684999465942383,30.684999465942383,30.684999465942383,30.684999465942383,30.684999465942383,200.0
2023-03-09 15:12:00,HWC,43.540000915527344,43.540000915527344,43.54999923706055,43.51250076293945,43.52000045776367,1298.0
2023-03-09 15:12:00,IBKR,86.68000030517578,86.68000030517578,86.75,86.66000366210938,86.75,2015.0
2023-03-09 15:12:00,IBOC,44.849998474121094,44.849998474121094,44.849998474121094,44.849998474121094,44.849998474121094,627.0
2023-03-09 15:12:00,IBTX,52.45500183105469,52.45500183105469,52.45500183105469,52.45500183105469,52.45500183105469,103.0
2023-03-09 15:12:00,ICMB,3.887200117111206,3.887200117111206,3.8873000144958496,3.887200117111206,3.8873000144958496,201.0
2023-03-09 15:12:00,INDB,71.48999786376953,71.48999786376953,71.48999786376953,71.41000366210938,71.44999694824219,1077.0
2023-03-09 15:13:00,ABCB,42.404998779296875,42.404998779296875,42.41999816894531,42.400001525878906,42.400001525878906,1483.0
2023-03-09 15:13:00,ACGL,68.4800033569336,68.4800033569336,68.48999786376953,68.45500183105469,68.46499633789062,6183.0
2023-03-09 15:13:00,ACNB,34.650001525878906,34.650001525878906,34.650001525878906,34.650001525878906,34.650001525878906,261.0
2023-03-09 15:13:00,AIB,10.499500274658203,10.499500274658203,10.510000228881836,10.492199897766113,10.492199897766113,4400.0
2023-03-09 15:13:00,AMAL,21.040000915527344,21.040000915527344,21.040000915527344,21.020000457763672,21.020000457763672,1102.0
2023-03-09 15:13:00,AMRK,28.049999237060547,28.049999237060547,28.049999237060547,28.030000686645508,28.049999237060547,966.0
2023-03-09 15:13:00,APLD,2.0299999713897705,2.0299999713897705,2.0299999713897705,2.0250000953674316,2.0250000953674316,861.0
2023-03-09 15:13:00,ARBK,1.3600000143051147,1.3600000143051147,1.3700000047683716,1.3600000143051147,1.3700000047683716,1043.0
2023-03-09 15:13:00,ARCC,18.579999923706055,18.579999923706055,18.59000015258789,18.579999923706055,18.59000015258789,36281.0
2023-03-09 15:13:00,ATLO,23.309999465942383,23.309999465942383,23.309999465942383,23.309999465942383,23.309999465942383,365.0
2023-03-09 15:13:00,AUB,36.42499923706055,36.42499923706055,36.439998626708984,36.404998779296875,36.404998779296875,3562.0
2023-03-09 15:13:00,BANF,85.83999633789062,85.83999633789062,85.83999633789062,85.83000183105469,85.83999633789062,889.0
2023-03-09 15:13:00,BANR,57.13999938964844,57.13999938964844,57.20000076293945,57.13999938964844,57.20000076293945,2922.0
2023-03-09 15:13:00,BFST,18.579999923706055,18.579999923706055,18.579999923706055,18.520000457763672,18.520000457763672,1509.0
2023-03-09 15:13:00,BGCP,4.985000133514404,4.985000133514404,4.989999771118164,4.980000019073486,4.985000133514404,13329.0
2023-03-09 15:13:00,BHF,52.0099983215332,52.0099983215332,52.02000045776367,51.97999954223633,52.0,5149.0
2023-03-09 15:13:00,BHFAP,24.03070068359375,24.03070068359375,24.03070068359375,24.03070068359375,24.03070068359375,600.0
2023-03-09 15:13:00,BITF,0.7099999785423279,0.7099999785423279,0.7182000279426575,0.7049999833106995,0.7182000279426575,84311.0
2023-03-09 15:13:00,BLFY,11.180000305175781,11.180000305175781,11.225000381469727,11.180000305175781,11.225000381469727,2971.0
2023-03-09 15:13:00,BOCN,10.40999984741211,10.40999984741211,10.40999984741211,10.409899711608887,10.409899711608887,200.0
2023-03-09 15:13:00,BOKF,95.44999694824219,95.44999694824219,95.44999694824219,95.31999969482422,95.37999725341797,2450.0
2023-03-09 15:13:00,BPOP,62.4900016784668,62.4900016784668,62.4900016784668,62.375,62.375,3375.0
2023-03-09 15:13:00,BRKL,11.59000015258789,11.59000015258789,11.59000015258789,11.569999694824219,11.569999694824219,2750.0
2023-03-09 15:13:00,BRP,25.25,25.25,25.25,25.25,25.25,112.0
2023-03-09 15:13:00,BSVN,27.459999084472656,27.459999084472656,27.459999084472656,27.459999084472656,27.459999084472656,111.0
2023-03-09 15:13:00,BTBT,1.0750000476837158,1.0750000476837158,1.079300045967102,1.070099949836731,1.070099949836731,3859.0
2023-03-09 15:13:00,BUSE,22.579999923706055,22.579999923706055,22.579999923706055,22.559999465942383,22.559999465942383,561.0
2023-03-09 15:13:00,BWB,13.390000343322754,13.390000343322754,13.390000343322754,13.369999885559082,13.369999885559082,388.0
2023-03-09 15:13:00,CALB,24.262500762939453,24.262500762939453,24.262500762939453,24.262500762939453,24.262500762939453,150.0
2023-03-09 15:13:00,CARV,4.463200092315674,4.463200092315674,4.480000019073486,4.420100212097168,4.480000019073486,2025.0
2023-03-09 15:13:00,CASH,47.16999816894531,47.16999816894531,47.16999816894531,47.119998931884766,47.119998931884766,757.0
2023-03-09 15:13:00,CATY,38.79999923706055,38.79999923706055,38.79999923706055,38.75,38.75,602.0
2023-03-09 15:13:00,CBAN,11.800000190734863,11.800000190734863,11.800000190734863,11.800000190734863,11.800000190734863,364.0
2023-03-09 15:13:00,CBSH,61.7599983215332,61.7599983215332,61.7599983215332,61.709999084472656,61.709999084472656,1555.0
2023-03-09 15:13:00,CCD,22.844999313354492,22.844999313354492,22.845500946044922,22.844999313354492,22.845500946044922,300.0
2023-03-09 15:13:00,CFB,12.289999961853027,12.289999961853027,12.289999961853027,12.279999732971191,12.279999732971191,624.0
2023-03-09 15:13:00,CFFN,7.525000095367432,7.525000095367432,7.53000020980835,7.525000095367432,7.525000095367432,1117.0
2023-03-09 15:13:00,CG,33.36000061035156,33.36000061035156,33.36000061035156,33.34000015258789,33.36000061035156,11443.0
2023-03-09 15:13:00,CGBD,14.899999618530273,14.899999618530273,14.899999618530273,14.880000114440918,14.880000114440918,828.0
2023-03-09 15:13:00,CGO,9.69159984588623,9.69159984588623,9.69159984588623,9.69159984588623,9.69159984588623,1000.0
2023-03-09 15:13:00,CHY,12.119999885559082,12.119999885559082,12.119999885559082,12.119999885559082,12.119999885559082,300.0
2023-03-09 15:13:00,CIFR,1.4227999448776245,1.4227999448776245,1.4227999448776245,1.4227999448776245,1.4227999448776245,200.0
2023-03-09 15:13:00,CINF,114.94000244140625,114.94000244140625,115.0,114.91999816894531,114.91999816894531,1427.0
2023-03-09 15:13:00,CLBK,19.649999618530273,19.649999618530273,19.649999618530273,19.649999618530273,19.649999618530273,699.0
2023-03-09 15:13:00,CME,177.8300018310547,177.8300018310547,177.91000366210938,177.60000610351562,177.60000610351562,5404.0
2023-03-09 15:13:00,CNOB,22.0,22.0,22.0,21.979999542236328,21.979999542236328,1080.0
2023-03-09 15:13:00,COLB,24.899999618530273,24.899999618530273,24.924999237060547,24.875,24.8799991607666,22030.0
2023-03-09 15:13:00,COOP,44.029998779296875,44.029998779296875,44.029998779296875,44.029998779296875,44.029998779296875,227.0
2023-03-09 15:13:00,CSQ,13.739999771118164,13.739999771118164,13.744999885559082,13.739999771118164,13.744999885559082,775.0
2023-03-09 15:13:00,CSTR,15.15999984741211,15.15999984741211,15.15999984741211,15.15999984741211,15.15999984741211,645.0
2023-03-09 15:13:00,CSWC,18.1200008392334,18.1200008392334,18.1200008392334,18.1200008392334,18.1200008392334,1382.0
2023-03-09 15:13:00,CVBF,21.655000686645508,21.655000686645508,21.655000686645508,21.6200008392334,21.6200008392334,3578.0
2023-03-09 15:13:00,CVCY,24.309999465942383,24.309999465942383,24.309999465942383,24.25,24.25,722.0
2023-03-09 15:13:00,CVLY,24.012500762939453,24.012500762939453,24.012500762939453,24.012500762939453,24.012500762939453,133.0
2023-03-09 15:13:00,DCOM,29.295000076293945,29.295000076293945,29.295000076293945,29.280000686645508,29.280000686645508,351.0
2023-03-09 15:13:00,DWAC,14.080100059509277,14.080100059509277,14.080100059509277,14.079999923706055,14.079999923706055,1005.0
2023-03-09 15:13:00,EBC,14.385000228881836,14.385000228881836,14.404999732971191,14.345000267028809,14.380000114440918,37371.0
2023-03-09 15:13:00,ECPG,50.45000076293945,50.45000076293945,50.45000076293945,50.45000076293945,50.45000076293945,1589.0
2023-03-09 15:13:00,EFSC,51.439998626708984,51.439998626708984,51.439998626708984,51.43000030517578,51.43000030517578,593.0
2023-03-09 15:13:00,EGBN,40.13999938964844,40.13999938964844,40.16999816894531,40.13999938964844,40.150001525878906,640.0
2023-03-09 15:13:00,EHTH,8.529999732971191,8.529999732971191,8.529999732971191,8.520000457763672,8.529999732971191,2221.0
2023-03-09 15:13:00,EQBK,28.049999237060547,28.049999237060547,28.049999237060547,28.049999237060547,28.049999237060547,1649.0
2023-03-09 15:13:00,ESQ,40.029998779296875,40.029998779296875,40.349998474121094,40.029998779296875,40.31999969482422,2781.0
2023-03-09 15:13:00,ESSA,18.834999084472656,18.834999084472656,18.834999084472656,18.834999084472656,18.834999084472656,173.0
2023-03-09 15:13:00,EWBC,67.43000030517578,67.43000030517578,67.44999694824219,67.37999725341797,67.37999725341797,2242.0
2023-03-09 15:13:00,EZPW,8.765000343322754,8.765000343322754,8.765000343322754,8.765000343322754,8.765000343322754,200.0
2023-03-09 15:13:00,FBMS,28.899999618530273,28.899999618530273,28.899999618530273,28.860000610351562,28.860000610351562,2513.0
2023-03-09 15:13:00,FBNC,38.560001373291016,38.560001373291016,38.560001373291016,38.560001373291016,38.560001373291016,2864.0
2023-03-09 15:13:00,FCFS,88.7300033569336,88.7300033569336,88.7300033569336,88.61000061035156,88.61000061035156,2890.0
2023-03-09 15:13:00,FCRD,4.599999904632568,4.599999904632568,4.599999904632568,4.599999904632568,4.599999904632568,300.0
2023-03-09 15:13:00,FFBC,22.260000228881836,22.260000228881836,22.260000228881836,22.239999771118164,22.239999771118164,4849.0
2023-03-09 15:13:00,FFIC,17.18000030517578,17.18000030517578,17.18000030517578,17.170000076293945,17.170000076293945,923.0
2023-03-09 15:13:00,FFIN,33.5,33.5,33.5,33.45000076293945,33.47999954223633,1312.0
2023-03-09 15:13:00,FFNW,14.6899995803833,14.6899995803833,14.6899995803833,14.6899995803833,14.6899995803833,530.0
2023-03-09 15:13:00,FFWM,12.779999732971191,12.779999732971191,12.779999732971191,12.75,12.760000228881836,1778.0
2023-03-09 15:13:00,FHB,23.950000762939453,23.950000762939453,23.950000762939453,23.920000076293945,23.920000076293945,2782.0
2023-03-09 15:13:00,FIBK,31.950000762939453,31.950000762939453,31.950000762939453,31.889999389648438,31.895000457763672,1532.0
2023-03-09 15:13:00,FITB,31.809999465942383,31.809999465942383,31.82349967956543,31.790000915527344,31.790000915527344,18488.0
2023-03-09 15:13:00,FLIC,16.1299991607666,16.1299991607666,16.1299991607666,16.110000610351562,16.110000610351562,1218.0
2023-03-09 15:13:00,FMNB,13.1899995803833,13.1899995803833,13.1899995803833,13.1899995803833,13.1899995803833,221.0
2023-03-09 15:13:00,FOCS,51.58000183105469,51.58000183105469,51.58000183105469,51.56999969482422,51.57500076293945,12118.0
2023-03-09 15:13:00,FRBK,1.7050000429153442,1.7050000429153442,1.7050000429153442,1.6950000524520874,1.6950000524520874,1372.0
2023-03-09 15:13:00,FRME,37.29999923706055,37.29999923706055,37.29999923706055,37.22999954223633,37.22999954223633,888.0
2023-03-09 15:13:00,FULT,15.619999885559082,15.619999885559082,15.625,15.614999771118164,15.619999885559082,4270.0
2023-03-09 15:13:00,FUND,8.460000038146973,8.460000038146973,8.470000267028809,8.460000038146973,8.470000267028809,501.0
2023-03-09 15:13:00,FUTU,46.2239990234375,46.2239990234375,46.2400016784668,46.220001220703125,46.2400016784668,2033.0
2023-03-09 15:13:00,GABC,35.76499938964844,35.76499938964844,35.76499938964844,35.76499938964844,35.76499938964844,205.0
2023-03-09 15:13:00,GBDC,13.210000038146973,13.210000038146973,13.219900131225586,13.210000038146973,13.21500015258789,2228.0
2023-03-09 15:13:00,GGAL,12.649999618530273,12.649999618530273,12.649999618530273,12.640000343322754,12.640000343322754,1939.0
2023-03-09 15:13:00,GLAD,9.793999671936035,9.793999671936035,9.793999671936035,9.793999671936035,9.793999671936035,130.0
2023-03-09 15:13:00,GOCO,18.59000015258789,18.59000015258789,18.610000610351562,18.520000457763672,18.610000610351562,692.0
2023-03-09 15:13:00,GREE,0.4081000089645386,0.4081000089645386,0.4081000089645386,0.40560001134872437,0.4081000089645386,19490.0
2023-03-09 15:13:00,GSBC,53.86000061035156,53.86000061035156,53.86000061035156,53.86000061035156,53.86000061035156,561.0
2023-03-09 15:13:00,GSHD,50.599998474121094,50.599998474121094,50.599998474121094,50.599998474121094,50.599998474121094,137.0
2023-03-09 15:13:00,HAFC,21.760000228881836,21.760000228881836,21.760000228881836,21.739999771118164,21.739999771118164,1904.0
2023-03-09 15:13:00,HBAN,13.825900077819824,13.825900077819824,13.829999923706055,13.8100004196167,13.810400009155273,26637.0
2023-03-09 15:13:00,HBANP,18.950000762939453,18.950000762939453,18.959999084472656,18.950000762939453,18.959999084472656,623.0
2023-03-09 15:13:00,HBNC,13.800000190734863,13.800000190734863,13.800000190734863,13.781599998474121,13.786999702453613,1165.0
2023-03-09 15:13:00,HBT,22.0,22.0,22.0,22.0,22.0,281.0
2023-03-09 15:13:00,HFWA,24.469999313354492,24.469999313354492,24.469999313354492,24.469999313354492,24.469999313354492,1061.0
2023-03-09 15:13:00,HIVE,2.4049999713897705,2.4049999713897705,2.4049999713897705,2.4049999713897705,2.4049999713897705,135.0
2023-03-09 15:13:00,HMST,22.25,22.25,22.25,22.229999542236328,22.229999542236328,339.0
2023-03-09 15:13:00,HONE,12.609999656677246,12.609999656677246,12.614999771118164,12.609999656677246,12.614999771118164,204.0
2023-03-09 15:13:00,HOPE,11.75,11.75,11.760000228881836,11.729999542236328,11.729999542236328,6177.0
2023-03-09 15:13:00,HRZN,11.699999809265137,11.699999809265137,11.699999809265137,11.6899995803833,11.6899995803833,2409.0
2023-03-09 15:13:00,HTBK,10.789999961853027,10.789999961853027,10.789999961853027,10.779999732971191,10.779999732971191,2019.0
2023-03-09 15:13:00,HTLF,45.42499923706055,45.42499923706055,45.42499923706055,45.42499923706055,45.42499923706055,143.0
2023-03-09 15:13:00,HUT,1.284999966621399,1.284999966621399,1.2860000133514404,1.2802000045776367,1.284999966621399,5350.0
2023-03-09 15:13:00,HWC,43.599998474121094,43.599998474121094,43.599998474121094,43.56999969482422,43.56999969482422,1113.0
2023-03-09 15:13:00,IBKR,86.68000030517578,86.68000030517578,86.73999786376953,86.66500091552734,86.66500091552734,1925.0
2023-03-09 15:13:00,IBOC,44.90999984741211,44.90999984741211,44.91999816894531,44.880001068115234,44.880001068115234,1767.0
2023-03-09 15:13:00,IBTX,52.540000915527344,52.540000915527344,52.540000915527344,52.540000915527344,52.540000915527344,984.0
2023-03-09 15:13:00,IGIC,8.3100004196167,8.3100004196167,8.3100004196167,8.3100004196167,8.3100004196167,106.0
2023-03-09 15:13:00,INDB,71.54000091552734,71.54000091552734,71.55000305175781,71.4800033569336,71.5,3208.0
2023-03-09 15:13:00,INTR,2.009999990463257,2.009999990463257,2.009999990463257,2.009999990463257,2.009999990463257,150.0
2023-03-09 15:14:00,ABCB,42.5099983215332,42.5099983215332,42.5099983215332,42.5099983215332,42.5099983215332,100.0
2023-03-09 15:14:00,ACGL,68.44000244140625,68.44000244140625,68.5,68.44000244140625,68.5,2427.0
2023-03-09 15:14:00,ACGLN,18.649999618530273,18.649999618530273,18.65999984741211,18.649999618530273,18.65999984741211,417.0
2023-03-09 15:14:00,ACGLO,22.190000534057617,22.190000534057617,22.190000534057617,22.190000534057617,22.190000534057617,312.0
2023-03-09 15:14:00,AIB,10.509900093078613,10.509900093078613,10.510000228881836,10.509900093078613,10.510000228881836,1900.0
2023-03-09 15:14:00,AMRK,28.065399169921875,28.065399169921875,28.065399169921875,28.065399169921875,28.065399169921875,446.0
2023-03-09 15:14:00,AMTB,25.270000457763672,25.270000457763672,25.270000457763672,25.270000457763672,25.270000457763672,978.0
2023-03-09 15:14:00,APLD,2.0250000953674316,2.0250000953674316,2.0299999713897705,2.0250000953674316,2.0250000953674316,1013.0
2023-03-09 15:14:00,ARCC,18.565000534057617,18.565000534057617,18.59000015258789,18.565000534057617,18.579999923706055,61993.0
2023-03-09 15:14:00,ATLO,23.450000762939453,23.450000762939453,23.450000762939453,23.420000076293945,23.420000076293945,209.0
2023-03-09 15:14:00,AUB,36.43000030517578,36.43000030517578,36.43000030517578,36.41999816894531,36.43000030517578,1976.0
2023-03-09 15:14:00,BANF,85.77999877929688,85.77999877929688,85.77999877929688,85.77999877929688,85.77999877929688,137.0
2023-03-09 15:14:00,BANR,57.11000061035156,57.11000061035156,57.17499923706055,57.11000061035156,57.17499923706055,1087.0
2023-03-09 15:14:00,BCBP,15.6899995803833,15.6899995803833,15.6899995803833,15.680000305175781,15.680000305175781,715.0
2023-03-09 15:14:00,BGCP,4.989999771118164,4.989999771118164,4.989999771118164,4.985000133514404,4.989999771118164,2660.0
2023-03-09 15:14:00,BHF,51.994998931884766,51.994998931884766,52.0099983215332,51.994998931884766,52.0099983215332,462.0
2023-03-09 15:14:00,BHFAM,16.360000610351562,16.360000610351562,16.360000610351562,16.360000610351562,16.360000610351562,916.0
2023-03-09 15:14:00,BHFAN,18.65999984741211,18.65999984741211,18.690000534057617,18.65999984741211,18.68000030517578,2420.0
2023-03-09 15:14:00,BHFAP,23.952600479125977,23.952600479125977,23.952600479125977,23.829999923706055,23.84000015258789,1455.0
2023-03-09 15:14:00,BITF,0.7110999822616577,0.7110999822616577,0.7110999822616577,0.7089999914169312,0.7089999914169312,3348.0
2023-03-09 15:14:00,BPOP,62.38999938964844,62.38999938964844,62.529998779296875,62.38999938964844,62.47999954223633,11801.0
2023-03-09 15:14:00,BRP,25.34000015258789,25.34000015258789,25.350000381469727,25.30500030517578,25.30500030517578,2442.0
2023-03-09 15:14:00,BSVN,27.114999771118164,27.114999771118164,27.114999771118164,27.114999771118164,27.114999771118164,359.0
2023-03-09 15:14:00,BUSE,22.56999969482422,22.56999969482422,22.56999969482422,22.56999969482422,22.56999969482422,574.0
2023-03-09 15:14:00,BYFC,1.2021000385284424,1.2021000385284424,1.2201000452041626,1.2021000385284424,1.2200000286102295,8965.0
2023-03-09 15:14:00,CARE,16.28499984741211,16.28499984741211,16.28499984741211,16.28499984741211,16.28499984741211,194.0
2023-03-09 15:14:00,CASH,47.19499969482422,47.19499969482422,47.19499969482422,47.19499969482422,47.19499969482422,145.0
2023-03-09 15:14:00,CATY,38.814998626708984,38.814998626708984,38.814998626708984,38.79999923706055,38.79999923706055,1249.0
2023-03-09 15:14:00,CBSH,61.7599983215332,61.7599983215332,61.7599983215332,61.7599983215332,61.7599983215332,204.0
2023-03-09 15:14:00,CCB,41.970001220703125,41.970001220703125,41.970001220703125,41.970001220703125,41.970001220703125,233.0
2023-03-09 15:14:00,CCBG,32.75,32.75,32.75,32.7400016784668,32.7400016784668,1160.0
2023-03-09 15:14:00,CFFN,7.525000095367432,7.525000095367432,7.525000095367432,7.519999980926514,7.525000095367432,984.0
2023-03-09 15:14:00,CG,33.345001220703125,33.345001220703125,33.36000061035156,33.3400993347168,33.349998474121094,6029.0
2023-03-09 15:14:00,CGBD,14.880000114440918,14.880000114440918,14.890000343322754,14.880000114440918,14.890000343322754,655.0
2023-03-09 15:14:00,CGO,9.680000305175781,9.680000305175781,9.680000305175781,9.680000305175781,9.680000305175781,200.0
2023-03-09 15:14:00,CHI,11.805000305175781,11.805000305175781,11.805000305175781,11.805000305175781,11.805000305175781,288.0
2023-03-09 15:14:00,CHY,12.130000114440918,12.130000114440918,12.130000114440918,12.130000114440918,12.130000114440918,200.0
2023-03-09 15:14:00,CIFR,1.4299999475479126,1.4299999475479126,1.4299999475479126,1.4299999475479126,1.4299999475479126,622.0
2023-03-09 15:14:00,CINF,114.93499755859375,114.93499755859375,114.94000244140625,114.9000015258789,114.93000030517578,1037.0
2023-03-09 15:14:00,CLBK,19.68000030517578,19.68000030517578,19.68000030517578,19.670000076293945,19.670000076293945,1319.0
2023-03-09 15:14:00,CME,177.83999633789062,177.83999633789062,177.83999633789062,177.7899932861328,177.8300018310547,2243.0
2023-03-09 15:14:00,CNNB,16.665000915527344,16.665000915527344,16.665000915527344,16.665000915527344,16.665000915527344,200.0
2023-03-09 15:14:00,CNOB,22.020000457763672,22.020000457763672,22.020000457763672,22.020000457763672,22.020000457763672,1513.0
2023-03-09 15:14:00,COLB,24.8700008392334,24.8700008392334,24.889999389648438,24.864999771118164,24.889999389648438,9010.0
2023-03-09 15:14:00,CSLM,10.32699966430664,10.32699966430664,10.32699966430664,10.32699966430664,10.32699966430664,100.0
2023-03-09 15:14:00,CSWC,18.1200008392334,18.1200008392334,18.1200008392334,18.114999771118164,18.1200008392334,469.0
2023-03-09 15:14:00,CVBF,21.649999618530273,21.649999618530273,21.655000686645508,21.649999618530273,21.649999618530273,1505.0
2023-03-09 15:14:00,DWAC,14.085000038146973,14.085000038146973,14.085000038146973,14.080100059509277,14.080100059509277,837.0
2023-03-09 15:14:00,EBC,14.38029956817627,14.38029956817627,14.385000228881836,14.380000114440918,14.380000114440918,700.0
2023-03-09 15:14:00,EGBN,40.15999984741211,40.15999984741211,40.15999984741211,40.15999984741211,40.15999984741211,1182.0
2023-03-09 15:14:00,ESGRP,23.149999618530273,23.149999618530273,23.149999618530273,23.149999618530273,23.149999618530273,103.0
2023-03-09 15:14:00,ESQ,40.59000015258789,40.59000015258789,40.59000015258789,40.35499954223633,40.35499954223633,400.0
2023-03-09 15:14:00,EWBC,67.44000244140625,67.44000244140625,67.44000244140625,67.4000015258789,67.41000366210938,1813.0
2023-03-09 15:14:00,EZPW,8.765000343322754,8.765000343322754,8.770000457763672,8.765000343322754,8.770000457763672,411.0
2023-03-09 15:14:00,FBMS,28.90999984741211,28.90999984741211,28.90999984741211,28.90999984741211,28.90999984741211,570.0
2023-03-09 15:14:00,FBNC,38.560001373291016,38.560001373291016,38.56999969482422,38.560001373291016,38.56999969482422,220.0
2023-03-09 15:14:00,FCFS,88.68499755859375,88.68499755859375,88.72000122070312,88.68499755859375,88.72000122070312,345.0
2023-03-09 15:14:00,FCNCP,21.75,21.75,21.75,21.75,21.75,368.0
2023-03-09 15:14:00,FCRD,4.599999904632568,4.599999904632568,4.599999904632568,4.599999904632568,4.599999904632568,132.0
2023-03-09 15:14:00,FDUS,20.020000457763672,20.020000457763672,20.020000457763672,20.0,20.0,561.0
2023-03-09 15:14:00,FFIN,33.52000045776367,33.52000045776367,33.52000045776367,33.48500061035156,33.48500061035156,1995.0
2023-03-09 15:14:00,FFWM,12.779999732971191,12.779999732971191,12.779999732971191,12.779999732971191,12.779999732971191,186.0
2023-03-09 15:14:00,FHB,23.950000762939453,23.950000762939453,24.0,23.934999465942383,23.950000762939453,9447.0
2023-03-09 15:14:00,FIBK,31.940000534057617,31.940000534057617,31.940000534057617,31.934999465942383,31.934999465942383,596.0
2023-03-09 15:14:00,FITB,31.809999465942383,31.809999465942383,31.825000762939453,31.799999237060547,31.809999465942383,12814.0
2023-03-09 15:14:00,FITBI,25.06999969482422,25.06999969482422,25.06999969482422,25.06999969482422,25.06999969482422,613.0
2023-03-09 15:14:00,FITBP,23.739999771118164,23.739999771118164,23.739999771118164,23.729999542236328,23.729999542236328,701.0
2023-03-09 15:14:00,FLIC,16.1299991607666,16.1299991607666,16.1299991607666,16.1299991607666,16.1299991607666,100.0
2023-03-09 15:14:00,FMBH,28.329999923706055,28.329999923706055,28.329999923706055,28.31999969482422,28.329999923706055,679.0
2023-03-09 15:14:00,FOCS,51.58000183105469,51.58000183105469,51.58000183105469,51.57500076293945,51.57500076293945,3248.0
2023-03-09 15:14:00,FRME,37.310001373291016,37.310001373291016,37.314998626708984,37.310001373291016,37.314998626708984,523.0
2023-03-09 15:14:00,FRST,10.670100212097168,10.670100212097168,10.670100212097168,10.670100212097168,10.670100212097168,265.0
2023-03-09 15:14:00,FSBW,33.20000076293945,33.20000076293945,33.20000076293945,33.20000076293945,33.20000076293945,531.0
2023-03-09 15:14:00,FULT,15.619999885559082,15.619999885559082,15.625,15.609999656677246,15.625,1439.0
2023-03-09 15:14:00,FULTP,20.989999771118164,20.989999771118164,20.989999771118164,20.829999923706055,20.829999923706055,789.0
2023-03-09 15:14:00,FUND,8.449999809265137,8.449999809265137,8.449999809265137,8.449999809265137,8.449999809265137,1564.0
2023-03-09 15:14:00,FUTU,46.2400016784668,46.2400016784668,46.244998931884766,46.220001220703125,46.2400016784668,3001.0
2023-03-09 15:14:00,FXNC,18.399999618530273,18.399999618530273,18.440000534057617,18.260000228881836,18.440000534057617,4214.0
2023-03-09 15:14:00,GABC,35.779998779296875,35.779998779296875,35.79999923706055,35.779998779296875,35.779998779296875,436.0
2023-03-09 15:14:00,GAIN,13.460000038146973,13.460000038146973,13.470000267028809,13.460000038146973,13.470000267028809,215.0
2023-03-09 15:14:00,GBDC,13.210000038146973,13.210000038146973,13.210000038146973,13.210000038146973,13.210000038146973,782.0
2023-03-09 15:14:00,GCMG,8.369999885559082,8.369999885559082,8.369999885559082,8.369999885559082,8.369999885559082,212.0
2023-03-09 15:14:00,GGAL,12.649999618530273,12.649999618530273,12.649999618530273,12.649999618530273,12.649999618530273,270.0
2023-03-09 15:14:00,GLAD,9.779999732971191,9.779999732971191,9.79010009765625,9.779999732971191,9.789999961853027,3134.0
2023-03-09 15:14:00,GLRE,10.210000038146973,10.210000038146973,10.210000038146973,10.210000038146973,10.210000038146973,200.0
2023-03-09 15:14:00,GNTY,29.190000534057617,29.190000534057617,29.200000762939453,29.190000534057617,29.200000762939453,1235.0
2023-03-09 15:14:00,GOCO,18.530000686645508,18.530000686645508,18.530000686645508,18.5,18.5,424.0
2023-03-09 15:14:00,GREE,0.40560001134872437,0.40560001134872437,0.40759098529815674,0.40560001134872437,0.40759098529815674,255.0
2023-03-09 15:14:00,GSHD,50.70500183105469,50.70500183105469,50.75,50.61000061035156,50.61000061035156,967.0
2023-03-09 15:14:00,HBAN,13.824999809265137,13.824999809265137,13.829999923706055,13.819999694824219,13.824999809265137,40226.0
2023-03-09 15:14:00,HBANP,18.950000762939453,18.950000762939453,18.950000762939453,18.950000762939453,18.950000762939453,1579.0
2023-03-09 15:14:00,HBT,22.0,22.0,22.0,22.0,22.0,240.0
2023-03-09 15:14:00,HIVE,2.4000000953674316,2.4000000953674316,2.4049999713897705,2.3949999809265137,2.4049999713897705,21617.0
2023-03-09 15:14:00,HLNE,74.57499694824219,74.57499694824219,74.58000183105469,74.57499694824219,74.58000183105469,1107.0
2023-03-09 15:14:00,HMST,22.280000686645508,22.280000686645508,22.280000686645508,22.280000686645508,22.280000686645508,300.0
2023-03-09 15:14:00,HNVR,19.700000762939453,19.700000762939453,19.700000762939453,19.700000762939453,19.700000762939453,305.0
2023-03-09 15:14:00,HONE,12.609999656677246,12.609999656677246,12.609999656677246,12.609999656677246,12.609999656677246,389.0
2023-03-09 15:14:00,HOPE,11.744999885559082,11.744999885559082,11.755000114440918,11.744999885559082,11.75,1225.0
2023-03-09 15:14:00,HTBK,10.789999961853027,10.789999961853027,10.789999961853027,10.789999961853027,10.789999961853027,534.0
2023-03-09 15:14:00,HTLF,45.45000076293945,45.45000076293945,45.45000076293945,45.45000076293945,45.45000076293945,202.0
2023-03-09 15:14:00,HUT,1.2842999696731567,1.2842999696731567,1.2899999618530273,1.2799999713897705,1.288599967956543,26901.0
2023-03-09 15:14:00,HWC,43.625,43.625,43.625,43.625,43.625,103.0
2023-03-09 15:14:00,IBKR,86.61000061035156,86.61000061035156,86.66999816894531,86.55999755859375,86.66999816894531,2852.0
2023-03-09 15:14:00,IBOC,44.915000915527344,44.915000915527344,44.915000915527344,44.915000915527344,44.915000915527344,132.0
2023-03-09 15:14:00,IBTX,52.474998474121094,52.474998474121094,52.52000045776367,52.474998474121094,52.5099983215332,1471.0
2023-03-09 15:14:00,INTR,2.0,2.0,2.0,2.0,2.0,678.0
2023-03-09 15:15:00,ABCB,42.459999084472656,42.459999084472656,42.5,42.459999084472656,42.5,1387.0
2023-03-09 15:15:00,ACGL,68.42500305175781,68.42500305175781,68.42500305175781,68.41000366210938,68.41999816894531,3100.0
2023-03-09 15:15:00,ACGLN,18.670000076293945,18.670000076293945,18.699899673461914,18.670000076293945,18.699899673461914,741.0
2023-03-09 15:15:00,ACT,23.725000381469727,23.725000381469727,23.725000381469727,23.725000381469727,23.725000381469727,150.0
2023-03-09 15:15:00,AEAE,10.359999656677246,10.359999656677246,10.359999656677246,10.359999656677246,10.359999656677246,520.0
2023-03-09 15:15:00,AFBI,15.539999961853027,15.539999961853027,15.539999961853027,15.539999961853027,15.539999961853027,465.0
2023-03-09 15:15:00,APLD,2.0250000953674316,2.0250000953674316,2.0299999713897705,2.0250000953674316,2.0250000953674316,1591.0
2023-03-09 15:15:00,ARCC,18.530000686645508,18.530000686645508,18.56999969482422,18.530000686645508,18.565000534057617,39833.0
2023-03-09 15:15:00,AUB,36.470001220703125,36.470001220703125,36.470001220703125,36.42499923706055,36.43000030517578,2386.0
2023-03-09 15:15:00,BANR,56.97999954223633,56.97999954223633,57.029998779296875,56.97999954223633,57.029998779296875,4776.0
2023-03-09 15:15:00,BGCP,4.985000133514404,4.985000133514404,4.985000133514404,4.985000133514404,4.985000133514404,1377.0
2023-03-09 15:15:00,BHF,52.01499938964844,52.01499938964844,52.01499938964844,52.01499938964844,52.01499938964844,713.0
2023-03-09 15:15:00,BHFAO,24.239999771118164,24.239999771118164,24.239999771118164,24.239999771118164,24.239999771118164,354.0
2023-03-09 15:15:00,BIOS,10.40939998626709,10.40939998626709,10.40999984741211,10.40939998626709,10.40999984741211,366.0
2023-03-09 15:15:00,BITF,0.7129999995231628,0.7129999995231628,0.7129999995231628,0.7129999995231628,0.7129999995231628,175.0
2023-03-09 15:15:00,BKCC,3.6135001182556152,3.6135001182556152,3.6135001182556152,3.6135001182556152,3.6135001182556152,101.0
2023-03-09 15:15:00,BMRC,26.8700008392334,26.8700008392334,26.8700008392334,26.8700008392334,26.8700008392334,100.0
2023-03-09 15:15:00,BPRN,33.93000030517578,33.93000030517578,33.93000030517578,33.93000030517578,33.93000030517578,319.0
2023-03-09 15:15:00,BRKL,11.595000267028809,11.595000267028809,11.595000267028809,11.595000267028809,11.595000267028809,364.0
2023-03-09 15:15:00,BTBT,1.0700000524520874,1.0700000524520874,1.0750000476837158,1.0700000524520874,1.0750000476837158,829.0
2023-03-09 15:15:00,CASH,47.189998626708984,47.189998626708984,47.189998626708984,47.189998626708984,47.189998626708984,100.0
2023-03-09 15:15:00,CATC,70.26000213623047,70.26000213623047,70.26000213623047,70.26000213623047,70.26000213623047,105.0
2023-03-09 15:15:00,CBSH,61.7599983215332,61.7599983215332,61.7599983215332,61.755001068115234,61.755001068115234,362.0
2023-03-09 15:15:00,CCAP,14.864999771118164,14.864999771118164,14.864999771118164,14.850000381469727,14.850000381469727,1977.0
2023-03-09 15:15:00,CG,33.32500076293945,33.32500076293945,33.34000015258789,33.32500076293945,33.34000015258789,3904.0
2023-03-09 15:15:00,CGBD,14.869999885559082,14.869999885559082,14.880000114440918,14.869999885559082,14.880000114440918,410.0
2023-03-09 15:15:00,CGO,9.680000305175781,9.680000305175781,9.680000305175781,9.680000305175781,9.680000305175781,300.0
2023-03-09 15:15:00,CHW,5.980100154876709,5.980100154876709,5.9899001121521,5.980100154876709,5.9899001121521,423.0
2023-03-09 15:15:00,CHY,12.109999656677246,12.109999656677246,12.109999656677246,12.109999656677246,12.109999656677246,100.0
2023-03-09 15:15:00,CINF,114.87000274658203,114.87000274658203,114.93000030517578,114.87000274658203,114.93000030517578,1969.0
2023-03-09 15:15:00,CLBK,19.709999084472656,19.709999084472656,19.709999084472656,19.709999084472656,19.709999084472656,139.0
2023-03-09 15:15:00,CME,177.74000549316406,177.74000549316406,177.8000030517578,177.74000549316406,177.77000427246094,1090.0
2023-03-09 15:15:00,CNOB,22.040000915527344,22.040000915527344,22.040000915527344,22.040000915527344,22.040000915527344,343.0
2023-03-09 15:15:00,COLB,24.864999771118164,24.864999771118164,24.8799991607666,24.854999542236328,24.8700008392334,5469.0
2023-03-09 15:15:00,COOP,44.060001373291016,44.060001373291016,44.060001373291016,44.060001373291016,44.060001373291016,1271.0
2023-03-09 15:15:00,CSQ,13.75,13.75,13.75,13.744999885559082,13.749300003051758,2400.0
2023-03-09 15:15:00,CSWC,18.104999542236328,18.104999542236328,18.110000610351562,18.09000015258789,18.110000610351562,6533.0
2023-03-09 15:15:00,CVBF,21.649999618530273,21.649999618530273,21.649999618530273,21.649999618530273,21.649999618530273,848.0
2023-03-09 15:15:00,CVLY,24.209999084472656,24.209999084472656,24.209999084472656,24.209999084472656,24.209999084472656,112.0
2023-03-09 15:15:00,CZWI,11.9399995803833,11.9399995803833,11.9399995803833,11.9399995803833,11.9399995803833,330.0
2023-03-09 15:15:00,DGICA,15.010000228881836,15.010000228881836,15.010000228881836,15.010000228881836,15.010000228881836,983.0
2023-03-09 15:15:00,DWAC,14.100000381469727,14.100000381469727,14.100000381469727,14.097999572753906,14.097999572753906,604.0
2023-03-09 15:15:00,DWACW,3.055000066757202,3.055000066757202,3.055000066757202,3.055000066757202,3.055000066757202,522.0
2023-03-09 15:15:00,EBC,14.364999771118164,14.364999771118164,14.385000228881836,14.364999771118164,14.385000228881836,4990.0
2023-03-09 15:15:00,EBMT,17.25160026550293,17.25160026550293,17.25160026550293,17.25160026550293,17.25160026550293,272.0
2023-03-09 15:15:00,ESGR,230.96499633789062,230.96499633789062,230.96499633789062,230.96499633789062,230.96499633789062,343.0
2023-03-09 15:15:00,ESGRP,23.190000534057617,23.190000534057617,23.200000762939453,23.149999618530273,23.149999618530273,1555.0
2023-03-09 15:15:00,ESQ,40.35499954223633,40.35499954223633,40.35499954223633,40.35499954223633,40.35499954223633,267.0
2023-03-09 15:15:00,EWBC,67.4000015258789,67.4000015258789,67.42500305175781,67.37999725341797,67.42500305175781,1615.0
2023-03-09 15:15:00,EZPW,8.765000343322754,8.765000343322754,8.770000457763672,8.762499809265137,8.765000343322754,744.0
2023-03-09 15:15:00,FBNC,38.560001373291016,38.560001373291016,38.560001373291016,38.560001373291016,38.560001373291016,100.0
2023-03-09 15:15:00,FCCO,20.219999313354492,20.219999313354492,20.219999313354492,20.219999313354492,20.219999313354492,0.0
2023-03-09 15:15:00,FCFS,88.77999877929688,88.77999877929688,88.77999877929688,88.72000122070312,88.72000122070312,850.0
2023-03-09 15:15:00,FCRD,4.579999923706055,4.579999923706055,4.579999923706055,4.579999923706055,4.579999923706055,200.0
2023-03-09 15:15:00,FDUS,19.979999542236328,19.979999542236328,20.030000686645508,19.979999542236328,20.020000457763672,470.0
2023-03-09 15:15:00,FFIC,17.200000762939453,17.200000762939453,17.200000762939453,17.200000762939453,17.200000762939453,165.0
2023-03-09 15:15:00,FFIN,33.529998779296875,33.529998779296875,33.529998779296875,33.529998779296875,33.529998779296875,765.0
2023-03-09 15:15:00,FFWM,12.789999961853027,12.789999961853027,12.789999961853027,12.779999732971191,12.779999732971191,997.0
2023-03-09 15:15:00,FHB,23.950000762939453,23.950000762939453,23.950000762939453,23.950000762939453,23.950000762939453,207.0
2023-03-09 15:15:00,FIBK,31.940000534057617,31.940000534057617,31.950000762939453,31.940000534057617,31.94499969482422,1313.0
2023-03-09 15:15:00,FISI,23.15999984741211,23.15999984741211,23.15999984741211,23.15999984741211,23.15999984741211,175.0
2023-03-09 15:15:00,FITB,31.809999465942383,31.809999465942383,31.81999969482422,31.799999237060547,31.81290054321289,12915.0
2023-03-09 15:15:00,FOCS,51.57500076293945,51.57500076293945,51.58000183105469,51.57500076293945,51.57500076293945,5114.0
2023-03-09 15:15:00,FSRX,10.069999694824219,10.069999694824219,10.069999694824219,10.029999732971191,10.069999694824219,0.0
2023-03-09 15:15:00,FULT,15.619999885559082,15.619999885559082,15.630000114440918,15.619999885559082,15.630000114440918,1071.0
2023-03-09 15:15:00,FULTP,20.825000762939453,20.825000762939453,20.84000015258789,20.799999237060547,20.81999969482422,1513.0
2023-03-09 15:15:00,FUTU,46.17499923706055,46.17499923706055,46.2599983215332,46.13999938964844,46.224998474121094,15124.0
2023-03-09 15:15:00,GAIN,13.4621000289917,13.4621000289917,13.4621000289917,13.4621000289917,13.4621000289917,100.0
2023-03-09 15:15:00,GBDC,13.204999923706055,13.204999923706055,13.210000038146973,13.204999923706055,13.210000038146973,2300.0
2023-03-09 15:15:00,GGAA,10.850000381469727,10.850000381469727,10.854999542236328,10.850000381469727,10.854999542236328,300.0
2023-03-09 15:15:00,GGAL,12.65999984741211,12.65999984741211,12.670000076293945,12.65999984741211,12.65999984741211,1068.0
2023-03-09 15:15:00,GLAD,9.764800071716309,9.764800071716309,9.770000457763672,9.764800071716309,9.770000457763672,1283.0
2023-03-09 15:15:00,GLRE,10.199999809265137,10.199999809265137,10.210000038146973,10.199999809265137,10.210000038146973,1815.0
2023-03-09 15:15:00,GNTY,29.280000686645508,29.280000686645508,29.280000686645508,29.280000686645508,29.280000686645508,648.0
2023-03-09 15:15:00,HBAN,13.824999809265137,13.824999809265137,13.829999923706055,13.819999694824219,13.824999809265137,22701.0
2023-03-09 15:15:00,HBANP,18.860000610351562,18.860000610351562,18.950000762939453,18.860000610351562,18.950000762939453,4761.0
2023-03-09 15:15:00,HBNC,13.789999961853027,13.789999961853027,13.789999961853027,13.789999961853027,13.789999961853027,432.0
2023-03-09 15:15:00,HBT,22.0,22.0,22.0,22.0,22.0,109.0
2023-03-09 15:15:00,HFWA,24.5049991607666,24.5049991607666,24.5049991607666,24.5049991607666,24.5049991607666,100.0
2023-03-09 15:15:00,HIVE,2.3901000022888184,2.3901000022888184,2.3949999809265137,2.390000104904175,2.390000104904175,4217.0
2023-03-09 15:15:00,HLNE,74.67500305175781,74.67500305175781,74.69999694824219,74.52999877929688,74.60250091552734,7038.0
2023-03-09 15:15:00,HMST,22.30500030517578,22.30500030517578,22.30500030517578,22.30500030517578,22.30500030517578,214.0
2023-03-09 15:15:00,HONE,12.619999885559082,12.619999885559082,12.619999885559082,12.619999885559082,12.619999885559082,406.0
2023-03-09 15:15:00,HOPE,11.744999885559082,11.744999885559082,11.744999885559082,11.739999771118164,11.744999885559082,3401.0
2023-03-09 15:15:00,HRZN,11.694999694824219,11.694999694824219,11.694999694824219,11.694999694824219,11.694999694824219,345.0
2023-03-09 15:15:00,HTLF,45.470001220703125,45.470001220703125,45.470001220703125,45.470001220703125,45.470001220703125,342.0
2023-03-09 15:15:00,HTLFP,25.149999618530273,25.149999618530273,25.149999618530273,25.149999618530273,25.149999618530273,589.0
2023-03-09 15:15:00,HUT,1.2800999879837036,1.2800999879837036,1.284999966621399,1.2800999879837036,1.284999966621399,1090.0
2023-03-09 15:15:00,HWC,43.619998931884766,43.619998931884766,43.619998931884766,43.61000061035156,43.619998931884766,1084.0
2023-03-09 15:15:00,HYW,5.619999885559082,5.619999885559082,5.619999885559082,5.599999904632568,5.610000133514404,300.0
2023-03-09 15:15:00,IBKR,86.55000305175781,86.55000305175781,86.55999755859375,86.52999877929688,86.55999755859375,884.0
2023-03-09 15:15:00,IBOC,44.915000915527344,44.915000915527344,44.915000915527344,44.915000915527344,44.915000915527344,255.0
2023-03-09 15:15:00,INDB,71.56999969482422,71.56999969482422,71.56999969482422,71.56999969482422,71.56999969482422,290.0
2023-03-09 15:16:00,ABCB,42.42499923706055,42.42499923706055,42.435001373291016,42.41999816894531,42.435001373291016,772.0
2023-03-09 15:16:00,ACGL,68.31999969482422,68.31999969482422,68.4000015258789,68.31999969482422,68.4000015258789,5352.0
2023-03-09 15:16:00,ACGLO,22.110000610351562,22.110000610351562,22.139999389648438,22.110000610351562,22.139999389648438,343.0
2023-03-09 15:16:00,AEAE,10.359999656677246,10.359999656677246,10.359999656677246,10.359999656677246,10.359999656677246,500.0
2023-03-09 15:16:00,ALRS,18.860000610351562,18.860000610351562,18.860000610351562,18.860000610351562,18.860000610351562,153.0
2023-03-09 15:16:00,AMAL,21.049999237060547,21.049999237060547,21.06999969482422,21.049999237060547,21.06999969482422,355.0
2023-03-09 15:16:00,AMNB,31.190000534057617,31.190000534057617,31.190000534057617,31.190000534057617,31.190000534057617,499.0
2023-03-09 15:16:00,AMRK,28.030000686645508,28.030000686645508,28.030000686645508,28.030000686645508,28.030000686645508,350.0
2023-03-09 15:16:00,AMSF,51.400001525878906,51.400001525878906,51.400001525878906,51.400001525878906,51.400001525878906,408.0
2023-03-09 15:16:00,AMTB,25.280000686645508,25.280000686645508,25.280000686645508,25.280000686645508,25.280000686645508,140.0
2023-03-09 15:16:00,APLD,2.0250000953674316,2.0250000953674316,2.0299999713897705,2.0199999809265137,2.0250000953674316,5754.0
2023-03-09 15:16:00,ARBK,1.3601000308990479,1.3601000308990479,1.3601000308990479,1.3601000308990479,1.3601000308990479,149.0
2023-03-09 15:16:00,ARCC,18.53499984741211,18.53499984741211,18.540000915527344,18.524999618530273,18.530000686645508,40381.0
2023-03-09 15:16:00,ATIF,2.4800000190734863,2.4800000190734863,2.4800000190734863,2.4000000953674316,2.4000000953674316,490.0
2023-03-09 15:16:00,ATLO,23.420000076293945,23.420000076293945,23.420000076293945,23.420000076293945,23.420000076293945,215.0
2023-03-09 15:16:00,AUB,36.43000030517578,36.43000030517578,36.470001220703125,36.43000030517578,36.45000076293945,6494.0
2023-03-09 15:16:00,BANF,85.7300033569336,85.7300033569336,85.77999877929688,85.7300033569336,85.77999877929688,849.0
2023-03-09 15:16:00,BANR,56.849998474121094,56.849998474121094,56.939998626708984,56.849998474121094,56.939998626708984,1766.0
2023-03-09 15:16:00,BCBP,15.699999809265137,15.699999809265137,15.699999809265137,15.699999809265137,15.699999809265137,234.0
2023-03-09 15:16:00,BFST,18.549999237060547,18.549999237060547,18.559999465942383,18.549999237060547,18.559999465942383,717.0
2023-03-09 15:16:00,BGCP,4.989999771118164,4.989999771118164,4.994999885559082,4.985000133514404,4.989999771118164,49092.0
2023-03-09 15:16:00,BHF,51.91999816894531,51.91999816894531,51.9900016784668,51.91999816894531,51.970001220703125,1821.0
2023-03-09 15:16:00,BHFAP,23.829999923706055,23.829999923706055,23.829999923706055,23.829999923706055,23.829999923706055,291.0
2023-03-09 15:16:00,BITF,0.7054389715194702,0.7054389715194702,0.7110000252723694,0.7054389715194702,0.7110000252723694,29236.0
2023-03-09 15:16:00,BKCC,3.609999895095825,3.609999895095825,3.609999895095825,3.609999895095825,3.609999895095825,228.0
2023-03-09 15:16:00,BMRC,26.8700008392334,26.8700008392334,26.8700008392334,26.834999084472656,26.8700008392334,822.0
2023-03-09 15:16:00,BOKF,95.26000213623047,95.26000213623047,95.31999969482422,95.22000122070312,95.31999969482422,1865.0
2023-03-09 15:16:00,BOTJ,12.949999809265137,12.949999809265137,12.960000038146973,12.949999809265137,12.960000038146973,500.0
2023-03-09 15:16:00,BPOP,62.19499969482422,62.19499969482422,62.349998474121094,62.19499969482422,62.34000015258789,1944.0
2023-03-09 15:16:00,BRKL,11.574999809265137,11.574999809265137,11.59000015258789,11.574999809265137,11.59000015258789,1920.0
2023-03-09 15:16:00,BTBT,1.0700000524520874,1.0700000524520874,1.0700000524520874,1.0700000524520874,1.0700000524520874,116.0
2023-03-09 15:16:00,BYFC,1.2000000476837158,1.2000000476837158,1.2000000476837158,1.2000000476837158,1.2000000476837158,200.0
2023-03-09 15:16:00,CACC,429.8800048828125,429.8800048828125,430.239990234375,429.1099853515625,430.239990234375,1361.0
2023-03-09 15:16:00,CALB,24.450000762939453,24.450000762939453,24.450000762939453,24.190000534057617,24.450000762939453,1173.0
2023-03-09 15:16:00,CARE,16.28499984741211,16.28499984741211,16.28499984741211,16.28499984741211,16.28499984741211,651.0
2023-03-09 15:16:00,CASH,47.0099983215332,47.0099983215332,47.16999816894531,47.0099983215332,47.16999816894531,2005.0
2023-03-09 15:16:00,CATY,38.79999923706055,38.79999923706055,38.79999923706055,38.79999923706055,38.79999923706055,396.0
2023-03-09 15:16:00,CBSH,61.71500015258789,61.71500015258789,61.7599983215332,61.709999084472656,61.7599983215332,2828.0
2023-03-09 15:16:00,CCAP,14.849900245666504,14.849900245666504,14.850000381469727,14.829999923706055,14.850000381469727,3144.0
2023-03-09 15:16:00,CCBG,32.68000030517578,32.68000030517578,32.68000030517578,32.68000030517578,32.68000030517578,143.0
2023-03-09 15:16:00,CCTSU,10.479999542236328,10.479999542236328,10.479999542236328,10.479999542236328,10.479999542236328,0.0
2023-03-09 15:16:00,CFB,12.270000457763672,12.270000457763672,12.279999732971191,12.270000457763672,12.279999732971191,433.0
2023-03-09 15:16:00,CFFN,7.519999980926514,7.519999980926514,7.53000020980835,7.519999980926514,7.53000020980835,399.0
2023-03-09 15:16:00,CG,33.290000915527344,33.290000915527344,33.31999969482422,33.290000915527344,33.31999969482422,3620.0
2023-03-09 15:16:00,CGBD,14.869999885559082,14.869999885559082,14.869999885559082,14.869999885559082,14.869999885559082,2311.0
2023-03-09 15:16:00,CGO,9.680000305175781,9.680000305175781,9.680000305175781,9.680000305175781,9.680000305175781,159.0
2023-03-09 15:16:00,CHI,11.800000190734863,11.800000190734863,11.800000190734863,11.800000190734863,11.800000190734863,7125.0
2023-03-09 15:16:00,CHY,12.109999656677246,12.109999656677246,12.109999656677246,12.109999656677246,12.109999656677246,100.0
2023-03-09 15:16:00,CIFR,1.4299999475479126,1.4299999475479126,1.4299999475479126,1.4299999475479126,1.4299999475479126,100.0
2023-03-09 15:16:00,CINF,114.80999755859375,114.80999755859375,114.86499786376953,114.80999755859375,114.86499786376953,632.0
2023-03-09 15:16:00,CLBK,19.700000762939453,19.700000762939453,19.700000762939453,19.700000762939453,19.700000762939453,1055.0
2023-03-09 15:16:00,CME,177.5,177.5,177.75999450683594,177.5,177.7100067138672,5281.0
2023-03-09 15:16:00,CNOB,22.010000228881836,22.010000228881836,22.049999237060547,22.010000228881836,22.049999237060547,696.0
2023-03-09 15:16:00,COLB,24.84000015258789,24.84000015258789,24.860000610351562,24.829999923706055,24.860000610351562,10349.0
2023-03-09 15:16:00,COOP,44.0,44.0,44.040000915527344,44.0,44.040000915527344,3631.0
2023-03-09 15:16:00,CSQ,13.729999542236328,13.729999542236328,13.739999771118164,13.729999542236328,13.739999771118164,381.0
2023-03-09 15:16:00,CSWC,18.100000381469727,18.100000381469727,18.104999542236328,18.094999313354492,18.100000381469727,2038.0
2023-03-09 15:16:00,CVBF,21.6299991607666,21.6299991607666,21.639999389648438,21.6299991607666,21.639999389648438,1446.0
2023-03-09 15:16:00,CVLY,24.020000457763672,24.020000457763672,24.020000457763672,24.020000457763672,24.020000457763672,153.0
2023-03-09 15:16:00,DGNU,9.919099807739258,9.919099807739258,9.919099807739258,9.919099807739258,9.919099807739258,100.0
2023-03-09 15:16:00,DWAC,14.09000015258789,14.09000015258789,14.09000015258789,14.081399917602539,14.081399917602539,318.0
2023-03-09 15:16:00,EBC,14.350000381469727,14.350000381469727,14.364999771118164,14.345000267028809,14.359999656677246,15872.0
2023-03-09 15:16:00,EBTC,33.77000045776367,33.77000045776367,33.77000045776367,33.77000045776367,33.77000045776367,423.0
2023-03-09 15:16:00,EFSC,51.38999938964844,51.38999938964844,51.38999938964844,51.38999938964844,51.38999938964844,413.0
2023-03-09 15:16:00,ENTFW,0.0551999993622303,0.0551999993622303,0.0551999993622303,0.054099999368190765,0.054099999368190765,2200.0
2023-03-09 15:16:00,EWBC,67.30999755859375,67.30999755859375,67.37999725341797,67.30000305175781,67.37999725341797,1576.0
2023-03-09 15:16:00,EZPW,8.765000343322754,8.765000343322754,8.770000457763672,8.765000343322754,8.765000343322754,693.0
2023-03-09 15:16:00,FBMS,28.8799991607666,28.8799991607666,28.889999389648438,28.8700008392334,28.889999389648438,827.0
2023-03-09 15:16:00,FBNC,38.59000015258789,38.59000015258789,38.61000061035156,38.5,38.54999923706055,9623.0
2023-03-09 15:16:00,FCNCO,21.450000762939453,21.450000762939453,21.450000762939453,21.450000762939453,21.450000762939453,300.0
2023-03-09 15:16:00,FCNCP,21.700000762939453,21.700000762939453,21.700000762939453,21.700000762939453,21.700000762939453,1300.0
2023-03-09 15:16:00,FCRD,4.599999904632568,4.599999904632568,4.599999904632568,4.579999923706055,4.579999923706055,206.0
2023-03-09 15:16:00,FDUS,19.961200714111328,19.961200714111328,19.961200714111328,19.961200714111328,19.961200714111328,603.0
2023-03-09 15:16:00,FEXD,10.45989990234375,10.45989990234375,10.460000038146973,10.454999923706055,10.454999923706055,6200.0
2023-03-09 15:16:00,FFBC,22.219999313354492,22.219999313354492,22.260000228881836,22.219999313354492,22.260000228881836,1298.0
2023-03-09 15:16:00,FFIC,17.190000534057617,17.190000534057617,17.190000534057617,17.190000534057617,17.190000534057617,330.0
2023-03-09 15:16:00,FFIN,33.5,33.5,33.5099983215332,33.5,33.5099983215332,728.0
2023-03-09 15:16:00,FFWM,12.760000228881836,12.760000228881836,12.770000457763672,12.760000228881836,12.770000457763672,765.0
2023-03-09 15:16:00,FHB,23.93000030517578,23.93000030517578,23.940000534057617,23.93000030517578,23.940000534057617,917.0
2023-03-09 15:16:00,FIBK,31.93000030517578,31.93000030517578,31.934999465942383,31.93000030517578,31.934999465942383,1012.0
2023-03-09 15:16:00,FITB,31.770000457763672,31.770000457763672,31.799999237060547,31.770000457763672,31.799999237060547,12218.0
2023-03-09 15:16:00,FITBO,21.899999618530273,21.899999618530273,21.899999618530273,21.860000610351562,21.899999618530273,1632.0
2023-03-09 15:16:00,FITBP,23.739999771118164,23.739999771118164,23.739999771118164,23.739999771118164,23.739999771118164,616.0
2023-03-09 15:16:00,FLIC,16.1200008392334,16.1200008392334,16.1200008392334,16.1200008392334,16.1200008392334,221.0
2023-03-09 15:16:00,FMNB,13.180000305175781,13.180000305175781,13.180000305175781,13.180000305175781,13.180000305175781,632.0
2023-03-09 15:16:00,FOCS,51.56999969482422,51.56999969482422,51.58000183105469,51.56999969482422,51.58000183105469,27900.0
2023-03-09 15:16:00,FRHC,71.97000122070312,71.97000122070312,72.0,71.97000122070312,72.0,1518.0
2023-03-09 15:16:00,FRME,37.2599983215332,37.2599983215332,37.2599983215332,37.2599983215332,37.2599983215332,509.0
2023-03-09 15:16:00,FRST,10.675000190734863,10.675000190734863,10.675000190734863,10.670000076293945,10.670000076293945,418.0
2023-03-09 15:16:00,FSBC,25.540000915527344,25.540000915527344,25.540000915527344,25.540000915527344,25.540000915527344,509.0
2023-03-09 15:16:00,FULT,15.600000381469727,15.600000381469727,15.609999656677246,15.600000381469727,15.609999656677246,3746.0
2023-03-09 15:16:00,FUND,8.449999809265137,8.449999809265137,8.449999809265137,8.449999809265137,8.449999809265137,500.0
2023-03-09 15:16:00,FUTU,46.15999984741211,46.15999984741211,46.189998626708984,46.15999984741211,46.17499923706055,2593.0
2023-03-09 15:16:00,GAIN,13.454999923706055,13.454999923706055,13.460000038146973,13.454999923706055,13.460000038146973,1001.0
2023-03-09 15:16:00,GBDC,13.204999923706055,13.204999923706055,13.204999923706055,13.199999809265137,13.199999809265137,448.0
2023-03-09 15:16:00,GCMG,8.364999771118164,8.364999771118164,8.364999771118164,8.364999771118164,8.364999771118164,204.0
2023-03-09 15:16:00,GGAL,12.680000305175781,12.680000305175781,12.680000305175781,12.676400184631348,12.680000305175781,910.0
2023-03-09 15:16:00,GLAD,9.765399932861328,9.765399932861328,9.765399932861328,9.765000343322754,9.765000343322754,496.0
2023-03-09 15:16:00,GLRE,10.2298002243042,10.2298002243042,10.2298002243042,10.2298002243042,10.2298002243042,2950.0
2023-03-09 15:16:00,GOCO,18.594999313354492,18.594999313354492,18.594999313354492,18.594999313354492,18.594999313354492,112.0
2023-03-09 15:16:00,GSHD,50.599998474121094,50.599998474121094,50.695098876953125,50.599998474121094,50.695098876953125,728.0
2023-03-09 15:16:00,HAFC,21.75,21.75,21.75,21.75,21.75,1029.0
2023-03-09 15:16:00,HBAN,13.805000305175781,13.805000305175781,13.824999809265137,13.805000305175781,13.824999809265137,47976.0
2023-03-09 15:16:00,HBANP,18.8700008392334,18.8700008392334,18.8700008392334,18.8700008392334,18.8700008392334,254.0
2023-03-09 15:16:00,HBNC,13.774999618530273,13.774999618530273,13.78499984741211,13.774999618530273,13.78499984741211,1057.0
2023-03-09 15:16:00,HBT,21.989999771118164,21.989999771118164,21.989999771118164,21.989999771118164,21.989999771118164,354.0
2023-03-09 15:16:00,HFWA,24.469999313354492,24.469999313354492,24.5,24.469999313354492,24.5,691.0
2023-03-09 15:16:00,HLNE,74.47000122070312,74.47000122070312,74.66999816894531,74.46499633789062,74.66999816894531,6273.0
2023-03-09 15:16:00,HMST,22.290000915527344,22.290000915527344,22.290000915527344,22.260000228881836,22.260000228881836,968.0
2023-03-09 15:16:00,HONE,12.609999656677246,12.609999656677246,12.619999885559082,12.609999656677246,12.619999885559082,828.0
2023-03-09 15:16:00,HOPE,11.734999656677246,11.734999656677246,11.739999771118164,11.729999542236328,11.739999771118164,2913.0
2023-03-09 15:16:00,HRZN,11.694999694824219,11.694999694824219,11.710000038146973,11.694999694824219,11.699999809265137,4617.0
2023-03-09 15:16:00,HTBI,27.690000534057617,27.690000534057617,27.690000534057617,27.690000534057617,27.690000534057617,100.0
2023-03-09 15:16:00,HTBK,10.779999732971191,10.779999732971191,10.779999732971191,10.779999732971191,10.779999732971191,1855.0
2023-03-09 15:16:00,HTLF,45.43000030517578,45.43000030517578,45.45000076293945,45.43000030517578,45.45000076293945,1359.0
2023-03-09 15:16:00,HUT,1.2799999713897705,1.2799999713897705,1.2882000207901,1.2799999713897705,1.284999966621399,7345.0
2023-03-09 15:16:00,HWC,43.52000045776367,43.52000045776367,43.58000183105469,43.52000045776367,43.58000183105469,2308.0
2023-03-09 15:16:00,IBCP,20.489999771118164,20.489999771118164,20.530000686645508,20.489999771118164,20.530000686645508,730.0
2023-03-09 15:16:00,IBKR,86.48999786376953,86.48999786376953,86.5199966430664,86.47000122070312,86.5199966430664,3220.0
2023-03-09 15:16:00,IBOC,44.83000183105469,44.83000183105469,44.88999938964844,44.83000183105469,44.88999938964844,1609.0
2023-03-09 15:16:00,INBK,23.454999923706055,23.454999923706055,23.454999923706055,23.454999923706055,23.454999923706055,112.0
2023-03-09 15:16:00,INDB,71.56500244140625,71.56500244140625,71.56500244140625,71.52999877929688,71.52999877929688,611.0
2023-03-09 15:17:00,ABCB,42.369998931884766,42.369998931884766,42.380001068115234,42.369998931884766,42.380001068115234,508.0
2023-03-09 15:17:00,ACGL,68.30500030517578,68.30500030517578,68.31999969482422,68.30229949951172,68.31999969482422,3902.0
2023-03-09 15:17:00,ACGLN,18.649999618530273,18.649999618530273,18.68000030517578,18.649999618530273,18.68000030517578,553.0
2023-03-09 15:17:00,ACGLO,22.221500396728516,22.221500396728516,22.221500396728516,22.221500396728516,22.221500396728516,678.0
2023-03-09 15:17:00,ACT,23.719999313354492,23.719999313354492,23.719999313354492,23.719999313354492,23.719999313354492,725.0
2023-03-09 15:17:00,AEAE,10.366999626159668,10.366999626159668,10.366999626159668,10.366999626159668,10.366999626159668,530.0
2023-03-09 15:17:00,AIB,10.509900093078613,10.509900093078613,10.510000228881836,10.489999771118164,10.510000228881836,3400.0
2023-03-09 15:17:00,AMAL,21.030000686645508,21.030000686645508,21.040000915527344,21.030000686645508,21.040000915527344,407.0
2023-03-09 15:17:00,AMTB,25.270000457763672,25.270000457763672,25.270000457763672,25.270000457763672,25.270000457763672,317.0
2023-03-09 15:17:00,APLD,2.0299999713897705,2.0299999713897705,2.0299999713897705,2.0250000953674316,2.0250000953674316,1461.0
2023-03-09 15:17:00,ARBK,1.3601000308990479,1.3601000308990479,1.3601000308990479,1.3601000308990479,1.3601000308990479,119.0
2023-03-09 15:17:00,ARCC,18.535499572753906,18.535499572753906,18.540000915527344,18.530000686645508,18.53499984741211,14130.0
2023-03-09 15:17:00,ATLO,23.440000534057617,23.440000534057617,23.440000534057617,23.440000534057617,23.440000534057617,113.0
2023-03-09 15:17:00,BANR,56.72999954223633,56.72999954223633,56.72999954223633,56.72999954223633,56.72999954223633,200.0
2023-03-09 15:17:00,BCBP,15.699999809265137,15.699999809265137,15.699999809265137,15.699999809265137,15.699999809265137,343.0
2023-03-09 15:17:00,BCML,19.295000076293945,19.295000076293945,19.295000076293945,19.200000762939453,19.200000762939453,900.0
2023-03-09 15:17:00,BFST,18.540000915527344,18.540000915527344,18.540000915527344,18.540000915527344,18.540000915527344,119.0
2023-03-09 15:17:00,BGCP,4.985000133514404,4.985000133514404,4.985000133514404,4.985000133514404,4.985000133514404,2377.0
2023-03-09 15:17:00,BHF,51.939998626708984,51.939998626708984,51.939998626708984,51.91999816894531,51.91999816894531,1286.0
2023-03-09 15:17:00,BHFAM,16.350000381469727,16.350000381469727,16.360000610351562,16.350000381469727,16.360000610351562,2649.0
2023-03-09 15:17:00,BHFAO,24.239999771118164,24.239999771118164,24.309999465942383,24.239999771118164,24.25,620.0
2023-03-09 15:17:00,BHFAP,23.829999923706055,23.829999923706055,23.829999923706055,23.829999923706055,23.829999923706055,2607.0
2023-03-09 15:17:00,BITF,0.7056000232696533,0.7056000232696533,0.7096999883651733,0.7055000066757202,0.7055000066757202,15933.0
2023-03-09 15:17:00,BKCC,3.609999895095825,3.609999895095825,3.609999895095825,3.609999895095825,3.609999895095825,103.0
2023-03-09 15:17:00,BLFY,11.180000305175781,11.180000305175781,11.180000305175781,11.180000305175781,11.180000305175781,200.0
2023-03-09 15:17:00,BOKF,95.18000030517578,95.18000030517578,95.19999694824219,95.18000030517578,95.19999694824219,941.0
2023-03-09 15:17:00,BPOP,62.244998931884766,62.244998931884766,62.244998931884766,62.244998931884766,62.244998931884766,583.0
2023-03-09 15:17:00,BRKL,11.584699630737305,11.584699630737305,11.585000038146973,11.569999694824219,11.569999694824219,3651.0
2023-03-09 15:17:00,BRP,25.229999542236328,25.229999542236328,25.25,25.200000762939453,25.25,1610.0
2023-03-09 15:17:00,BSRR,19.19499969482422,19.19499969482422,19.19499969482422,19.19499969482422,19.19499969482422,158.0
2023-03-09 15:17:00,BTBT,1.0750000476837158,1.0750000476837158,1.0750000476837158,1.0750000476837158,1.0750000476837158,126.0
2023-03-09 15:17:00,BYFC,1.2100000381469727,1.2100000381469727,1.2100000381469727,1.2100000381469727,1.2100000381469727,1005.0
2023-03-09 15:17:00,CARE,16.270000457763672,16.270000457763672,16.274999618530273,16.270000457763672,16.274999618530273,641.0
2023-03-09 15:17:00,CASH,46.904998779296875,46.904998779296875,46.939998626708984,46.904998779296875,46.939998626708984,378.0
2023-03-09 15:17:00,CATC,70.26000213623047,70.26000213623047,70.26000213623047,70.26000213623047,70.26000213623047,826.0
2023-03-09 15:17:00,CATY,38.72999954223633,38.72999954223633,38.75,38.72999954223633,38.75,501.0
2023-03-09 15:17:00,CBSH,61.709999084472656,61.709999084472656,61.709999084472656,61.69499969482422,61.69499969482422,853.0
2023-03-09 15:17:00,CFFN,7.519999980926514,7.519999980926514,7.519999980926514,7.519999980926514,7.519999980926514,235.0
2023-03-09 15:17:00,CG,33.279998779296875,33.279998779296875,33.28499984741211,33.27000045776367,33.28499984741211,2536.0
2023-03-09 15:17:00,CGBD,14.869999885559082,14.869999885559082,14.869999885559082,14.869999885559082,14.869999885559082,136.0
2023-03-09 15:17:00,CHCO,91.9000015258789,91.9000015258789,91.91500091552734,91.88999938964844,91.88999938964844,3052.0
2023-03-09 15:17:00,CHI,11.800000190734863,11.800000190734863,11.800000190734863,11.800000190734863,11.800000190734863,431.0
2023-03-09 15:17:00,CHY,12.109999656677246,12.109999656677246,12.109999656677246,12.109999656677246,12.109999656677246,200.0
2023-03-09 15:17:00,CIFR,1.4199999570846558,1.4199999570846558,1.4249999523162842,1.4199999570846558,1.4249999523162842,8713.0
2023-03-09 15:17:00,CINF,114.77999877929688,114.77999877929688,114.80500030517578,114.77999877929688,114.80500030517578,606.0
2023-03-09 15:17:00,CME,177.44000244140625,177.44000244140625,177.48500061035156,177.39999389648438,177.48500061035156,4214.0
2023-03-09 15:17:00,COLB,24.81999969482422,24.81999969482422,24.829999923706055,24.809999465942383,24.829999923706055,4869.0
2023-03-09 15:17:00,COOP,44.0,44.0,44.0099983215332,43.970001220703125,44.0,6016.0
2023-03-09 15:17:00,CSQ,13.725000381469727,13.725000381469727,13.725000381469727,13.725000381469727,13.725000381469727,453.0
2023-03-09 15:17:00,CSWC,18.100000381469727,18.100000381469727,18.100000381469727,18.094999313354492,18.094999313354492,938.0
2023-03-09 15:17:00,CVBF,21.610000610351562,21.610000610351562,21.610000610351562,21.610000610351562,21.610000610351562,816.0
2023-03-09 15:17:00,DCOMP,18.6299991607666,18.6299991607666,18.6299991607666,18.6299991607666,18.6299991607666,367.0
2023-03-09 15:17:00,DWAC,14.100000381469727,14.100000381469727,14.100000381469727,14.080100059509277,14.080100059509277,1531.0
2023-03-09 15:17:00,EBC,14.350000381469727,14.350000381469727,14.350000381469727,14.350000381469727,14.350000381469727,403.0
2023-03-09 15:17:00,EHTH,8.505000114440918,8.505000114440918,8.510000228881836,8.5,8.5,7030.0
2023-03-09 15:17:00,ESQ,40.0,40.0,40.119998931884766,40.0,40.119998931884766,1372.0
2023-03-09 15:17:00,EWBC,67.2699966430664,67.2699966430664,67.2699966430664,67.2300033569336,67.2300033569336,1253.0
2023-03-09 15:17:00,EZPW,8.765000343322754,8.765000343322754,8.770000457763672,8.765000343322754,8.765000343322754,1041.0
2023-03-09 15:17:00,FANH,8.220000267028809,8.220000267028809,8.220000267028809,8.220000267028809,8.220000267028809,139.0
2023-03-09 15:17:00,FBMS,28.899999618530273,28.899999618530273,28.899999618530273,28.899999618530273,28.899999618530273,268.0
2023-03-09 15:17:00,FBNC,38.584999084472656,38.584999084472656,38.584999084472656,38.584999084472656,38.584999084472656,200.0
2023-03-09 15:17:00,FCFS,88.72000122070312,88.72000122070312,88.74500274658203,88.6500015258789,88.68000030517578,3050.0
2023-03-09 15:17:00,FCNCO,21.450000762939453,21.450000762939453,21.450000762939453,21.450000762939453,21.450000762939453,415.0
2023-03-09 15:17:00,FCRD,4.550000190734863,4.550000190734863,4.550000190734863,4.550000190734863,4.550000190734863,200.0
2023-03-09 15:17:00,FFIC,17.18000030517578,17.18000030517578,17.18000030517578,17.18000030517578,17.18000030517578,578.0
2023-03-09 15:17:00,FFIN,33.470001220703125,33.470001220703125,33.472198486328125,33.470001220703125,33.472198486328125,883.0
2023-03-09 15:17:00,FFWM,12.770000457763672,12.770000457763672,12.770000457763672,12.760000228881836,12.760000228881836,606.0
2023-03-09 15:17:00,FHB,23.90999984741211,23.90999984741211,23.915000915527344,23.90999984741211,23.91069984436035,880.0
2023-03-09 15:17:00,FIBK,31.950000762939453,31.950000762939453,31.950000762939453,31.920000076293945,31.924999237060547,1869.0
2023-03-09 15:17:00,FISI,23.149999618530273,23.149999618530273,23.149999618530273,23.149999618530273,23.149999618530273,664.0
2023-03-09 15:17:00,FITB,31.7549991607666,31.7549991607666,31.770000457763672,31.7549991607666,31.770000457763672,5070.0
2023-03-09 15:17:00,FITBI,25.06999969482422,25.06999969482422,25.06999969482422,25.06999969482422,25.06999969482422,239.0
2023-03-09 15:17:00,FITBO,21.899999618530273,21.899999618530273,21.899999618530273,21.899999618530273,21.899999618530273,299.0
2023-03-09 15:17:00,FLIC,16.1200008392334,16.1200008392334,16.1200008392334,16.1200008392334,16.1200008392334,125.0
2023-03-09 15:17:00,FNLC,28.0,28.0,28.0,28.0,28.0,101.0
2023-03-09 15:17:00,FOCS,51.56999969482422,51.56999969482422,51.58000183105469,51.56999969482422,51.56999969482422,4937.0
2023-03-09 15:17:00,FRBK,1.7100000381469727,1.7100000381469727,1.7100000381469727,1.7100000381469727,1.7100000381469727,500.0
2023-03-09 15:17:00,FULT,15.595000267028809,15.595000267028809,15.600000381469727,15.595000267028809,15.600000381469727,1281.0
2023-03-09 15:17:00,FULTP,20.639999389648438,20.639999389648438,20.799999237060547,20.639999389648438,20.649999618530273,1380.0
2023-03-09 15:17:00,FUTU,46.2400016784668,46.2400016784668,46.2400016784668,46.14500045776367,46.16999816894531,5387.0
2023-03-09 15:17:00,FXNC,18.25,18.25,18.399999618530273,18.25,18.399999618530273,3909.0
2023-03-09 15:17:00,GABC,35.75,35.75,35.75,35.75,35.75,258.0
2023-03-09 15:17:00,GAIN,13.456899642944336,13.456899642944336,13.456899642944336,13.456899642944336,13.456899642944336,569.0
2023-03-09 15:17:00,GBDC,13.199999809265137,13.199999809265137,13.204999923706055,13.199999809265137,13.204999923706055,740.0
2023-03-09 15:17:00,GGAL,12.680000305175781,12.680000305175781,12.680000305175781,12.680000305175781,12.680000305175781,120.0
2023-03-09 15:17:00,GLAD,9.765000343322754,9.765000343322754,9.765000343322754,9.765000343322754,9.765000343322754,397.0
2023-03-09 15:17:00,GLRE,10.180000305175781,10.180000305175781,10.180000305175781,10.180000305175781,10.180000305175781,887.0
2023-03-09 15:17:00,GREE,0.4079990088939667,0.4079990088939667,0.4079990088939667,0.4079990088939667,0.4079990088939667,500.0
2023-03-09 15:17:00,GSHD,50.54999923706055,50.54999923706055,50.54999923706055,50.54999923706055,50.54999923706055,107.0
2023-03-09 15:17:00,HBAN,13.805000305175781,13.805000305175781,13.8100004196167,13.800000190734863,13.800000190734863,5088.0
2023-03-09 15:17:00,HBANP,18.850000381469727,18.850000381469727,18.91790008544922,18.850000381469727,18.860000610351562,1085.0
2023-03-09 15:17:00,HBT,21.985000610351562,21.985000610351562,21.985000610351562,21.985000610351562,21.985000610351562,301.0
2023-03-09 15:17:00,HFWA,24.469999313354492,24.469999313354492,24.469999313354492,24.469999313354492,24.469999313354492,395.0
2023-03-09 15:17:00,HIVE,2.390000104904175,2.390000104904175,2.390000104904175,2.390000104904175,2.390000104904175,2099.0
2023-03-09 15:17:00,HONE,12.609999656677246,12.609999656677246,12.609999656677246,12.609999656677246,12.609999656677246,117.0
2023-03-09 15:17:00,HOPE,11.734999656677246,11.734999656677246,11.734999656677246,11.734999656677246,11.734999656677246,663.0
2023-03-09 15:17:00,HTBI,27.68000030517578,27.68000030517578,27.684999465942383,27.649999618530273,27.649999618530273,535.0
2023-03-09 15:17:00,HUIZ,1.3799999952316284,1.3799999952316284,1.3799999952316284,1.3799999952316284,1.3799999952316284,167.0
2023-03-09 15:17:00,HUT,1.2799999713897705,1.2799999713897705,1.2899999618530273,1.2799999713897705,1.281000018119812,24303.0
2023-03-09 15:17:00,HWC,43.52000045776367,43.52000045776367,43.529998779296875,43.51499938964844,43.51499938964844,1303.0
2023-03-09 15:17:00,HYW,5.650000095367432,5.650000095367432,5.650000095367432,5.650000095367432,5.650000095367432,162.0
2023-03-09 15:17:00,IBCP,20.497499465942383,20.497499465942383,20.497499465942383,20.497499465942383,20.497499465942383,143.0
2023-03-09 15:17:00,IBKR,86.44000244140625,86.44000244140625,86.54000091552734,86.43499755859375,86.49500274658203,4443.0
2023-03-09 15:17:00,ICMB,3.890000104904175,3.890000104904175,3.890000104904175,3.890000104904175,3.890000104904175,400.0
2023-03-09 15:17:00,INDB,71.47000122070312,71.47000122070312,71.5,71.47000122070312,71.5,893.0
2023-03-09 15:18:00,ABCB,42.345001220703125,42.345001220703125,42.345001220703125,42.34000015258789,42.34000015258789,424.0
2023-03-09 15:18:00,ACGL,68.26000213623047,68.26000213623047,68.29000091552734,68.26000213623047,68.29000091552734,4655.0
2023-03-09 15:18:00,ACGLN,18.520000457763672,18.520000457763672,18.520000457763672,18.520000457763672,18.520000457763672,484.0
2023-03-09 15:18:00,AEAE,10.359999656677246,10.359999656677246,10.359999656677246,10.359999656677246,10.359999656677246,500.0
2023-03-09 15:18:00,AHRN,10.380000114440918,10.380000114440918,10.385000228881836,10.380000114440918,10.385000228881836,9462.0
2023-03-09 15:18:00,AIB,10.510000228881836,10.510000228881836,10.510000228881836,10.489999771118164,10.510000228881836,900.0
2023-03-09 15:18:00,ALOR,10.345000267028809,10.345000267028809,10.345000267028809,10.345000267028809,10.345000267028809,124.0
2023-03-09 15:18:00,AMAL,21.049999237060547,21.049999237060547,21.049999237060547,21.049999237060547,21.049999237060547,200.0
2023-03-09 15:18:00,AMRK,28.010000228881836,28.010000228881836,28.010000228881836,28.010000228881836,28.010000228881836,728.0
2023-03-09 15:18:00,APLD,2.009999990463257,2.009999990463257,2.0299999713897705,2.009999990463257,2.0250000953674316,5232.0
2023-03-09 15:18:00,ARCC,18.540000915527344,18.540000915527344,18.55500030517578,18.540000915527344,18.540000915527344,23350.0
2023-03-09 15:18:00,AUB,36.38999938964844,36.38999938964844,36.435001373291016,36.38999938964844,36.435001373291016,3619.0
2023-03-09 15:18:00,BANR,56.709999084472656,56.709999084472656,56.709999084472656,56.709999084472656,56.709999084472656,904.0
2023-03-09 15:18:00,BGCP,4.974999904632568,4.974999904632568,4.985000133514404,4.974999904632568,4.985000133514404,8490.0
2023-03-09 15:18:00,BHFAM,16.350000381469727,16.350000381469727,16.350000381469727,16.350000381469727,16.350000381469727,302.0
2023-03-09 15:18:00,BHFAP,23.829999923706055,23.829999923706055,23.829999923706055,23.829999923706055,23.829999923706055,221.0
2023-03-09 15:18:00,BITF,0.7099000215530396,0.7099000215530396,0.7099999785423279,0.7098000049591064,0.7099999785423279,3740.0
2023-03-09 15:18:00,BLFY,11.210000038146973,11.210000038146973,11.210000038146973,11.180000305175781,11.180000305175781,2215.0
2023-03-09 15:18:00,BRKL,11.579999923706055,11.579999923706055,11.579999923706055,11.579999923706055,11.579999923706055,200.0
2023-03-09 15:18:00,BTBT,1.0700000524520874,1.0700000524520874,1.0700000524520874,1.0700000524520874,1.0700000524520874,109.0
2023-03-09 15:18:00,CACC,429.510009765625,429.510009765625,429.5849914550781,429.510009765625,429.5849914550781,400.0
2023-03-09 15:18:00,CATC,70.02999877929688,70.02999877929688,70.2699966430664,70.02999877929688,70.2699966430664,811.0
2023-03-09 15:18:00,CATY,38.724998474121094,38.724998474121094,38.7400016784668,38.724998474121094,38.7400016784668,600.0
2023-03-09 15:18:00,CCAP,14.849900245666504,14.849900245666504,14.849900245666504,14.849900245666504,14.849900245666504,146.0
2023-03-09 15:18:00,CCBG,32.75,32.75,32.75,32.75,32.75,101.0
2023-03-09 15:18:00,CCD,22.809999465942383,22.809999465942383,22.829999923706055,22.809999465942383,22.829999923706055,1037.0
2023-03-09 15:18:00,CFFN,7.519999980926514,7.519999980926514,7.519999980926514,7.519999980926514,7.519999980926514,586.0
2023-03-09 15:18:00,CG,33.27000045776367,33.27000045776367,33.279998779296875,33.2599983215332,33.279998779296875,3371.0
2023-03-09 15:18:00,CGBD,14.880000114440918,14.880000114440918,14.880000114440918,14.869999885559082,14.869999885559082,3422.0
2023-03-09 15:18:00,CHEAU,10.510000228881836,10.510000228881836,10.510000228881836,10.510000228881836,10.510000228881836,100.0
2023-03-09 15:18:00,CHY,12.100099563598633,12.100099563598633,12.100099563598633,12.100000381469727,12.100000381469727,2379.0
2023-03-09 15:18:00,CINF,114.69999694824219,114.69999694824219,114.76000213623047,114.69999694824219,114.76000213623047,678.0
2023-03-09 15:18:00,CLBK,19.700000762939453,19.700000762939453,19.700000762939453,19.700000762939453,19.700000762939453,100.0
2023-03-09 15:18:00,CME,177.41000366210938,177.41000366210938,177.53329467773438,177.41000366210938,177.4499969482422,3527.0
2023-03-09 15:18:00,CNOB,22.0,22.0,22.0,22.0,22.0,223.0
2023-03-09 15:18:00,COLB,24.81999969482422,24.81999969482422,24.825000762939453,24.815000534057617,24.825000762939453,6181.0
2023-03-09 15:18:00,COOP,43.98500061035156,43.98500061035156,44.0,43.970001220703125,43.97999954223633,1285.0
2023-03-09 15:18:00,CSQ,13.728699684143066,13.728699684143066,13.729999542236328,13.728699684143066,13.729999542236328,770.0
2023-03-09 15:18:00,CSTR,15.1899995803833,15.1899995803833,15.1899995803833,15.1899995803833,15.1899995803833,726.0
2023-03-09 15:18:00,CSWC,18.094999313354492,18.094999313354492,18.110000610351562,18.09000015258789,18.108699798583984,1450.0
2023-03-09 15:18:00,CVBF,21.610000610351562,21.610000610351562,21.610000610351562,21.610000610351562,21.610000610351562,728.0
2023-03-09 15:18:00,CVLY,24.049999237060547,24.049999237060547,24.049999237060547,24.049999237060547,24.049999237060547,355.0
2023-03-09 15:18:00,DWAC,14.081299781799316,14.081299781799316,14.081299781799316,14.081299781799316,14.081299781799316,279.0
2023-03-09 15:18:00,EBC,14.350000381469727,14.350000381469727,14.350000381469727,14.350000381469727,14.350000381469727,2288.0
2023-03-09 15:18:00,EGBN,40.09000015258789,40.09000015258789,40.09000015258789,40.09000015258789,40.09000015258789,157.0
2023-03-09 15:18:00,EHTH,8.505000114440918,8.505000114440918,8.505000114440918,8.5,8.505000114440918,11333.0
2023-03-09 15:18:00,ESGR,230.42999267578125,230.42999267578125,230.42999267578125,230.42999267578125,230.42999267578125,655.0
2023-03-09 15:18:00,ESQ,40.29499816894531,40.29499816894531,40.29499816894531,40.29499816894531,40.29499816894531,143.0
2023-03-09 15:18:00,EWBC,67.19999694824219,67.19999694824219,67.29000091552734,67.16000366210938,67.29000091552734,3545.0
2023-03-09 15:18:00,EZPW,8.765000343322754,8.765000343322754,8.770000457763672,8.765000343322754,8.770000457763672,254.0
2023-03-09 15:18:00,FBMS,28.889999389648438,28.889999389648438,28.889999389648438,28.8700008392334,28.8700008392334,565.0
2023-03-09 15:18:00,FBNC,38.584999084472656,38.584999084472656,38.584999084472656,38.584999084472656,38.584999084472656,200.0
2023-03-09 15:18:00,FCFS,88.70999908447266,88.70999908447266,88.72000122070312,88.68000030517578,88.68000030517578,1875.0
2023-03-09 15:18:00,FCNCO,21.34000015258789,21.34000015258789,21.34000015258789,21.34000015258789,21.34000015258789,300.0
2023-03-09 15:18:00,FCRD,4.550000190734863,4.550000190734863,4.550000190734863,4.550000190734863,4.550000190734863,100.0
2023-03-09 15:18:00,FFIN,33.45000076293945,33.45000076293945,33.4900016784668,33.45000076293945,33.47999954223633,1649.0
2023-03-09 15:18:00,FFWM,12.760000228881836,12.760000228881836,12.760000228881836,12.760000228881836,12.760000228881836,339.0
2023-03-09 15:18:00,FHB,23.899999618530273,23.899999618530273,23.899999618530273,23.899999618530273,23.899999618530273,983.0
2023-03-09 15:18:00,FIBK,31.950000762939453,31.950000762939453,31.950000762939453,31.940000534057617,31.940000534057617,567.0
2023-03-09 15:18:00,FITB,31.75,31.75,31.764999389648438,31.739999771118164,31.7549991607666,48213.0
2023-03-09 15:18:00,FNCB,7.300000190734863,7.300000190734863,7.300000190734863,7.300000190734863,7.300000190734863,401.0
2023-03-09 15:18:00,FNLC,28.109899520874023,28.109899520874023,28.110000610351562,28.109899520874023,28.110000610351562,807.0
2023-03-09 15:18:00,FOCS,51.56999969482422,51.56999969482422,51.58000183105469,51.56999969482422,51.57500076293945,19675.0
2023-03-09 15:18:00,FRME,37.290000915527344,37.290000915527344,37.290000915527344,37.290000915527344,37.290000915527344,513.0
2023-03-09 15:18:00,FULT,15.595000267028809,15.595000267028809,15.600000381469727,15.594799995422363,15.600000381469727,2997.0
2023-03-09 15:18:00,FUND,8.450200080871582,8.450200080871582,8.450200080871582,8.449999809265137,8.449999809265137,1636.0
2023-03-09 15:18:00,FUTU,46.27000045776367,46.27000045776367,46.27000045776367,46.22999954223633,46.22999954223633,1070.0
2023-03-09 15:18:00,FXNC,18.389999389648438,18.389999389648438,18.389999389648438,18.389999389648438,18.389999389648438,238.0
2023-03-09 15:18:00,GABC,35.70000076293945,35.70000076293945,35.70000076293945,35.70000076293945,35.70000076293945,124.0
2023-03-09 15:18:00,GAIN,13.4399995803833,13.4399995803833,13.449999809265137,13.4399995803833,13.449999809265137,827.0
2023-03-09 15:18:00,GBDC,13.204999923706055,13.204999923706055,13.204999923706055,13.202300071716309,13.202300071716309,577.0
2023-03-09 15:18:00,GCMG,8.380000114440918,8.380000114440918,8.380000114440918,8.369999885559082,8.369999885559082,660.0
2023-03-09 15:18:00,GGAL,12.680000305175781,12.680000305175781,12.680000305175781,12.680000305175781,12.680000305175781,135.0
2023-03-09 15:18:00,GLAD,9.760000228881836,9.760000228881836,9.760000228881836,9.760000228881836,9.760000228881836,645.0
2023-03-09 15:18:00,GOCO,18.639999389648438,18.639999389648438,18.639999389648438,18.639999389648438,18.639999389648438,119.0
2023-03-09 15:18:00,GSHD,50.5,50.5,50.5,50.5,50.5,423.0
2023-03-09 15:18:00,HBAN,13.795000076293945,13.795000076293945,13.8100004196167,13.795000076293945,13.805000305175781,56124.0
2023-03-09 15:18:00,HBNC,13.78499984741211,13.78499984741211,13.789999961853027,13.779999732971191,13.779999732971191,1559.0
2023-03-09 15:18:00,HFWA,24.440000534057617,24.440000534057617,24.440000534057617,24.440000534057617,24.440000534057617,100.0
2023-03-09 15:18:00,HIVE,2.384999990463257,2.384999990463257,2.3901000022888184,2.384999990463257,2.3901000022888184,1202.0
2023-03-09 15:18:00,HLNE,74.44999694824219,74.44999694824219,74.44999694824219,74.44999694824219,74.44999694824219,680.0
2023-03-09 15:18:00,HONE,12.609999656677246,12.609999656677246,12.609999656677246,12.609999656677246,12.609999656677246,431.0
2023-03-09 15:18:00,HOPE,11.734999656677246,11.734999656677246,11.734999656677246,11.734999656677246,11.734999656677246,817.0
2023-03-09 15:18:00,HRZN,11.699999809265137,11.699999809265137,11.699999809265137,11.699999809265137,11.699999809265137,162.0
2023-03-09 15:18:00,HTBK,10.779999732971191,10.779999732971191,10.779999732971191,10.779999732971191,10.779999732971191,415.0
2023-03-09 15:18:00,HUT,1.2699999809265137,1.2699999809265137,1.281000018119812,1.2699999809265137,1.281000018119812,111531.0
2023-03-09 15:18:00,HWC,43.459999084472656,43.459999084472656,43.540000915527344,43.459999084472656,43.540000915527344,1451.0
2023-03-09 15:18:00,IBKR,86.18000030517578,86.18000030517578,86.42749786376953,86.18000030517578,86.42500305175781,7368.0
2023-03-09 15:18:00,ICMB,3.890000104904175,3.890000104904175,3.890000104904175,3.880000114440918,3.880000114440918,331.0
2023-03-09 15:18:00,INDB,71.44000244140625,71.44000244140625,71.44000244140625,71.44000244140625,71.44000244140625,351.0
2023-03-09 15:19:00,ABCB,42.279998779296875,42.279998779296875,42.310001373291016,42.279998779296875,42.310001373291016,391.0
2023-03-09 15:19:00,ACGL,68.16999816894531,68.16999816894531,68.26000213623047,68.16999816894531,68.26000213623047,5600.0
2023-03-09 15:19:00,ACT,23.655000686645508,23.655000686645508,23.655000686645508,23.655000686645508,23.655000686645508,201.0
2023-03-09 15:19:00,AEAE,10.369999885559082,10.369999885559082,10.369999885559082,10.369999885559082,10.369999885559082,500.0
2023-03-09 15:19:00,AIB,10.499500274658203,10.499500274658203,10.510000228881836,10.499500274658203,10.510000228881836,1400.0
2023-03-09 15:19:00,ALRS,18.799999237060547,18.799999237060547,18.799999237060547,18.799999237060547,18.799999237060547,417.0
2023-03-09 15:19:00,AMRK,28.0,28.0,28.0,28.0,28.0,1011.0
2023-03-09 15:19:00,AMTB,25.260000228881836,25.260000228881836,25.260000228881836,25.260000228881836,25.260000228881836,354.0
2023-03-09 15:19:00,ANZU,9.9399995803833,9.9399995803833,9.9399995803833,9.9399995803833,9.9399995803833,700.0
2023-03-09 15:19:00,APLD,2.01990008354187,2.01990008354187,2.01990008354187,2.01990008354187,2.01990008354187,300.0
2023-03-09 15:19:00,ARCC,18.520000457763672,18.520000457763672,18.545000076293945,18.514999389648438,18.545000076293945,16211.0
2023-03-09 15:19:00,ARYE,10.194000244140625,10.194000244140625,10.194000244140625,10.194000244140625,10.194000244140625,100.0
2023-03-09 15:19:00,ATAK,10.345000267028809,10.345000267028809,10.345000267028809,10.345000267028809,10.345000267028809,124.0
2023-03-09 15:19:00,AUB,36.33000183105469,36.33000183105469,36.380001068115234,36.33000183105469,36.380001068115234,1471.0
2023-03-09 15:19:00,BANF,85.6500015258789,85.6500015258789,85.6500015258789,85.6500015258789,85.6500015258789,358.0
2023-03-09 15:19:00,BANR,56.66999816894531,56.66999816894531,56.66999816894531,56.66999816894531,56.66999816894531,620.0
2023-03-09 15:19:00,BCBP,15.691100120544434,15.691100120544434,15.691100120544434,15.691100120544434,15.691100120544434,791.0
2023-03-09 15:19:00,BFST,18.530000686645508,18.530000686645508,18.530000686645508,18.530000686645508,18.530000686645508,222.0
2023-03-09 15:19:00,BGCP,4.989999771118164,4.989999771118164,4.989999771118164,4.974999904632568,4.980000019073486,17048.0
2023-03-09 15:19:00,BHF,51.77000045776367,51.77000045776367,51.90999984741211,51.77000045776367,51.90999984741211,3178.0
2023-03-09 15:19:00,BHFAM,16.31999969482422,16.31999969482422,16.31999969482422,16.31999969482422,16.31999969482422,660.0
2023-03-09 15:19:00,BHFAN,18.559999465942383,18.559999465942383,18.600000381469727,18.559999465942383,18.600000381469727,859.0
2023-03-09 15:19:00,BITF,0.7099000215530396,0.7099000215530396,0.7099000215530396,0.7067999839782715,0.7098000049591064,6100.0
2023-03-09 15:19:00,BKCC,3.609999895095825,3.609999895095825,3.609999895095825,3.609999895095825,3.609999895095825,1706.0
2023-03-09 15:19:00,BOKF,95.0,95.0,95.0199966430664,95.0,95.0199966430664,640.0
2023-03-09 15:19:00,BPOP,62.06999969482422,62.06999969482422,62.15999984741211,62.06999969482422,62.11119842529297,2010.0
2023-03-09 15:19:00,BRKL,11.574999809265137,11.574999809265137,11.574999809265137,11.569999694824219,11.574999809265137,2481.0
2023-03-09 15:19:00,BTBT,1.0700000524520874,1.0700000524520874,1.0700000524520874,1.0700000524520874,1.0700000524520874,360.0
2023-03-09 15:19:00,BUSE,22.520000457763672,22.520000457763672,22.530000686645508,22.520000457763672,22.530000686645508,335.0
2023-03-09 15:19:00,CACC,430.1300048828125,430.1300048828125,430.239990234375,429.510009765625,429.510009765625,1661.0
2023-03-09 15:19:00,CARE,16.264999389648438,16.264999389648438,16.264999389648438,16.264999389648438,16.264999389648438,241.0
2023-03-09 15:19:00,CASH,46.83000183105469,46.83000183105469,46.93000030517578,46.779998779296875,46.93000030517578,1364.0
2023-03-09 15:19:00,CATY,38.689998626708984,38.689998626708984,38.709999084472656,38.689998626708984,38.709999084472656,1641.0
2023-03-09 15:19:00,CBSH,61.689998626708984,61.689998626708984,61.720001220703125,61.650001525878906,61.70000076293945,4969.0
2023-03-09 15:19:00,CCAP,14.836000442504883,14.836000442504883,14.836000442504883,14.836000442504883,14.836000442504883,261.0
2023-03-09 15:19:00,CCD,22.799999237060547,22.799999237060547,22.799999237060547,22.799999237060547,22.799999237060547,795.0
2023-03-09 15:19:00,CCNE,22.59000015258789,22.59000015258789,22.600000381469727,22.59000015258789,22.600000381469727,333.0
2023-03-09 15:19:00,CFB,12.260000228881836,12.260000228881836,12.260000228881836,12.260000228881836,12.260000228881836,457.0
2023-03-09 15:19:00,CFFN,7.514999866485596,7.514999866485596,7.519999980926514,7.510000228881836,7.519999980926514,4382.0
2023-03-09 15:19:00,CG,33.16999816894531,33.16999816894531,33.25,33.150001525878906,33.25,15241.0
2023-03-09 15:19:00,CGBD,14.869999885559082,14.869999885559082,14.885000228881836,14.869999885559082,14.885000228881836,972.0
2023-03-09 15:19:00,CHCO,91.77999877929688,91.77999877929688,91.77999877929688,91.77999877929688,91.77999877929688,200.0
2023-03-09 15:19:00,CHY,12.079999923706055,12.079999923706055,12.100000381469727,12.079999923706055,12.09000015258789,923.0
2023-03-09 15:19:00,CINF,114.56999969482422,114.56999969482422,114.69000244140625,114.54000091552734,114.68000030517578,1548.0
2023-03-09 15:19:00,CIVB,20.77899932861328,20.77899932861328,20.77899932861328,20.700000762939453,20.709999084472656,405.0
2023-03-09 15:19:00,CLBK,19.700000762939453,19.700000762939453,19.700000762939453,19.690000534057617,19.700000762939453,1869.0
2023-03-09 15:19:00,CME,177.1999969482422,177.1999969482422,177.3699951171875,177.17999267578125,177.3699951171875,2982.0
2023-03-09 15:19:00,CNOB,21.985000610351562,21.985000610351562,21.985000610351562,21.985000610351562,21.985000610351562,606.0
2023-03-09 15:19:00,COLB,24.78499984741211,24.78499984741211,24.815000534057617,24.774999618530273,24.809999465942383,5965.0
2023-03-09 15:19:00,COOP,43.970001220703125,43.970001220703125,44.00490188598633,43.970001220703125,43.97999954223633,8683.0
2023-03-09 15:19:00,CSQ,13.710000038146973,13.710000038146973,13.725000381469727,13.710000038146973,13.725000381469727,900.0
2023-03-09 15:19:00,CSTR,15.15999984741211,15.15999984741211,15.170000076293945,15.15999984741211,15.170000076293945,552.0
2023-03-09 15:19:00,CSWC,18.09000015258789,18.09000015258789,18.1200008392334,18.09000015258789,18.100000381469727,6611.0
2023-03-09 15:19:00,CVBF,21.600000381469727,21.600000381469727,21.604999542236328,21.600000381469727,21.604999542236328,2846.0
2023-03-09 15:19:00,DCOM,29.270000457763672,29.270000457763672,29.309999465942383,29.270000457763672,29.309999465942383,1158.0
2023-03-09 15:19:00,EBC,14.350000381469727,14.350000381469727,14.354999542236328,14.34000015258789,14.350000381469727,14639.0
2023-03-09 15:19:00,EFSC,51.310001373291016,51.310001373291016,51.31999969482422,51.310001373291016,51.31999969482422,557.0
2023-03-09 15:19:00,EGBN,40.099998474121094,40.099998474121094,40.099998474121094,40.099998474121094,40.099998474121094,309.0
2023-03-09 15:19:00,EWBC,67.05999755859375,67.05999755859375,67.13999938964844,67.05999755859375,67.13999938964844,3224.0
2023-03-09 15:19:00,EZPW,8.739999771118164,8.739999771118164,8.770000457763672,8.734999656677246,8.765000343322754,4840.0
2023-03-09 15:19:00,FBIZ,33.30759811401367,33.30759811401367,33.30759811401367,33.30759811401367,33.30759811401367,154.0
2023-03-09 15:19:00,FBMS,28.889999389648438,28.889999389648438,28.889999389648438,28.8700008392334,28.8700008392334,1255.0
2023-03-09 15:19:00,FBNC,38.54499816894531,38.54499816894531,38.58000183105469,38.54499816894531,38.58000183105469,1425.0
2023-03-09 15:19:00,FCFS,88.69000244140625,88.69000244140625,88.72000122070312,88.63999938964844,88.72000122070312,5090.0
2023-03-09 15:19:00,FCNCA,643.030029296875,643.030029296875,643.030029296875,643.030029296875,643.030029296875,1321.0
2023-03-09 15:19:00,FCRD,4.550000190734863,4.550000190734863,4.550000190734863,4.550000190734863,4.550000190734863,200.0
2023-03-09 15:19:00,FFBC,22.200000762939453,22.200000762939453,22.209999084472656,22.200000762939453,22.209999084472656,874.0
2023-03-09 15:19:00,FFIC,17.15999984741211,17.15999984741211,17.15999984741211,17.15999984741211,17.15999984741211,336.0
2023-03-09 15:19:00,FFIN,33.400001525878906,33.400001525878906,33.439998626708984,33.400001525878906,33.439998626708984,806.0
2023-03-09 15:19:00,FFWM,12.739999771118164,12.739999771118164,12.760000228881836,12.739999771118164,12.760000228881836,1884.0
2023-03-09 15:19:00,FHB,23.895000457763672,23.895000457763672,23.899999618530273,23.889999389648438,23.899999618530273,3445.0
2023-03-09 15:19:00,FIBK,31.940000534057617,31.940000534057617,31.950000762939453,31.93000030517578,31.950000762939453,3150.0
2023-03-09 15:19:00,FITB,31.700000762939453,31.700000762939453,31.75,31.700000762939453,31.75,15571.0
2023-03-09 15:19:00,FITBI,25.06999969482422,25.06999969482422,25.079999923706055,25.06999969482422,25.079999923706055,1201.0
2023-03-09 15:19:00,FLIC,16.100000381469727,16.100000381469727,16.110000610351562,16.100000381469727,16.100000381469727,1628.0
2023-03-09 15:19:00,FMNB,13.170000076293945,13.170000076293945,13.175000190734863,13.170000076293945,13.175000190734863,1171.0
2023-03-09 15:19:00,FOCS,51.57500076293945,51.57500076293945,51.57500076293945,51.56999969482422,51.56999969482422,8118.0
2023-03-09 15:19:00,FRBK,1.7000000476837158,1.7000000476837158,1.7000000476837158,1.7000000476837158,1.7000000476837158,147.0
2023-03-09 15:19:00,FRME,37.20000076293945,37.20000076293945,37.25,37.20000076293945,37.25,1083.0
2023-03-09 15:19:00,FULT,15.569999694824219,15.569999694824219,15.59000015258789,15.569999694824219,15.59000015258789,5144.0
2023-03-09 15:19:00,FUTU,46.154998779296875,46.154998779296875,46.224998474121094,46.11000061035156,46.209999084472656,2530.0
2023-03-09 15:19:00,FVCB,13.25,13.25,13.25,13.25,13.25,110.0
2023-03-09 15:19:00,GAIN,13.4350004196167,13.4350004196167,13.4350004196167,13.4350004196167,13.4350004196167,216.0
2023-03-09 15:19:00,GBDC,13.194999694824219,13.194999694824219,13.204999923706055,13.1899995803833,13.204999923706055,21638.0
2023-03-09 15:19:00,GCMG,8.350000381469727,8.350000381469727,8.369999885559082,8.350000381469727,8.369999885559082,3007.0
2023-03-09 15:19:00,GGAL,12.619999885559082,12.619999885559082,12.680000305175781,12.619999885559082,12.680000305175781,4853.0
2023-03-09 15:19:00,GLAD,9.75220012664795,9.75220012664795,9.75220012664795,9.75220012664795,9.75220012664795,522.0
2023-03-09 15:19:00,GREE,0.4050000011920929,0.4050000011920929,0.4050000011920929,0.4050000011920929,0.4050000011920929,1540.0
2023-03-09 15:19:00,GSBC,53.88999938964844,53.88999938964844,53.88999938964844,53.88999938964844,53.88999938964844,289.0
2023-03-09 15:19:00,GSHD,50.474998474121094,50.474998474121094,50.48699951171875,50.43000030517578,50.48699951171875,749.0
2023-03-09 15:19:00,HBAN,13.779999732971191,13.779999732971191,13.798999786376953,13.779999732971191,13.795000076293945,33767.0
2023-03-09 15:19:00,HBNC,13.779999732971191,13.779999732971191,13.779999732971191,13.77299976348877,13.77299976348877,544.0
2023-03-09 15:19:00,HFWA,24.459999084472656,24.459999084472656,24.459999084472656,24.420000076293945,24.420000076293945,860.0
2023-03-09 15:19:00,HIVE,2.380000114440918,2.380000114440918,2.3817999362945557,2.375,2.3817999362945557,7170.0
2023-03-09 15:19:00,HMST,22.270000457763672,22.270000457763672,22.270000457763672,22.270000457763672,22.270000457763672,100.0
2023-03-09 15:19:00,HONE,12.600000381469727,12.600000381469727,12.600000381469727,12.59000015258789,12.59000015258789,808.0
2023-03-09 15:19:00,HOPE,11.721500396728516,11.721500396728516,11.729999542236328,11.720000267028809,11.729999542236328,13248.0
2023-03-09 15:19:00,HTBI,27.75,27.75,27.75,27.65999984741211,27.670000076293945,2053.0
2023-03-09 15:19:00,HTBK,10.760000228881836,10.760000228881836,10.770000457763672,10.760000228881836,10.770000457763672,703.0
2023-03-09 15:19:00,HTLF,45.38999938964844,45.38999938964844,45.38999938964844,45.38999938964844,45.38999938964844,573.0
2023-03-09 15:19:00,HUIZ,1.3899999856948853,1.3899999856948853,1.3899999856948853,1.3899999856948853,1.3899999856948853,200.0
2023-03-09 15:19:00,HUT,1.2649999856948853,1.2649999856948853,1.2705999612808228,1.2599999904632568,1.2705999612808228,84904.0
2023-03-09 15:19:00,HWC,43.41999816894531,43.41999816894531,43.459999084472656,43.400001525878906,43.459999084472656,1467.0
2023-03-09 15:19:00,IBKR,86.12750244140625,86.12750244140625,86.22000122070312,86.0199966430664,86.19000244140625,11945.0
2023-03-09 15:19:00,IBOC,44.779998779296875,44.779998779296875,44.80500030517578,44.75,44.80500030517578,1749.0
2023-03-09 15:19:00,IBTX,52.310001373291016,52.310001373291016,52.38999938964844,52.310001373291016,52.38999938964844,972.0
2023-03-09 15:19:00,ICMB,3.9010000228881836,3.9010000228881836,3.9010000228881836,3.9010000228881836,3.9010000228881836,249.0
2023-03-09 15:19:00,INDB,71.38999938964844,71.38999938964844,71.44000244140625,71.38999938964844,71.44000244140625,872.0
2023-03-09 15:20:00,ABCB,42.23500061035156,42.23500061035156,42.2599983215332,42.22999954223633,42.2599983215332,1219.0
2023-03-09 15:20:00,ACGL,68.16999816894531,68.16999816894531,68.18000030517578,68.13999938964844,68.18000030517578,6638.0
2023-03-09 15:20:00,ACT,23.649999618530273,23.649999618530273,23.649999618530273,23.649999618530273,23.649999618530273,254.0
2023-03-09 15:20:00,AEAE,10.359999656677246,10.359999656677246,10.359999656677246,10.359999656677246,10.359999656677246,500.0
2023-03-09 15:20:00,AMAL,20.989999771118164,20.989999771118164,21.020000457763672,20.989999771118164,21.020000457763672,451.0
2023-03-09 15:20:00,AMRK,28.010000228881836,28.010000228881836,28.020000457763672,28.0,28.0,6144.0
2023-03-09 15:20:00,AMSF,51.400001525878906,51.400001525878906,51.400001525878906,51.400001525878906,51.400001525878906,189.0
2023-03-09 15:20:00,APLD,2.0199999809265137,2.0199999809265137,2.0199999809265137,2.009999990463257,2.009999990463257,5156.0
2023-03-09 15:20:00,ARCC,18.514999389648438,18.514999389648438,18.520000457763672,18.510000228881836,18.520000457763672,10416.0
2023-03-09 15:20:00,AUB,36.27000045776367,36.27000045776367,36.33000183105469,36.27000045776367,36.33000183105469,3903.0
2023-03-09 15:20:00,AUBN,23.689699172973633,23.689699172973633,23.689699172973633,23.689699172973633,23.689699172973633,400.0
2023-03-09 15:20:00,BANF,85.63999938964844,85.63999938964844,85.6500015258789,85.63999938964844,85.6500015258789,1903.0
2023-03-09 15:20:00,BANR,56.560001373291016,56.560001373291016,56.61000061035156,56.560001373291016,56.61000061035156,538.0
2023-03-09 15:20:00,BANX,18.600000381469727,18.600000381469727,18.600000381469727,18.600000381469727,18.600000381469727,246.0
2023-03-09 15:20:00,BCBP,15.6899995803833,15.6899995803833,15.6899995803833,15.6899995803833,15.6899995803833,1318.0
2023-03-09 15:20:00,BFST,18.510000228881836,18.510000228881836,18.510000228881836,18.510000228881836,18.510000228881836,345.0
2023-03-09 15:20:00,BGCP,4.980000019073486,4.980000019073486,4.980000019073486,4.974999904632568,4.980000019073486,27144.0
2023-03-09 15:20:00,BHF,51.70000076293945,51.70000076293945,51.76499938964844,51.66999816894531,51.76499938964844,1269.0
2023-03-09 15:20:00,BHFAM,16.31999969482422,16.31999969482422,16.31999969482422,16.31999969482422,16.31999969482422,901.0
2023-03-09 15:20:00,BHFAN,18.530000686645508,18.530000686645508,18.530000686645508,18.5049991607666,18.530000686645508,1364.0
2023-03-09 15:20:00,BITF,0.7067999839782715,0.7067999839782715,0.7069000005722046,0.7067999839782715,0.7069000005722046,9803.0
2023-03-09 15:20:00,BKCC,3.609999895095825,3.609999895095825,3.609999895095825,3.609999895095825,3.609999895095825,604.0
2023-03-09 15:20:00,BMRC,26.889999389648438,26.889999389648438,26.889999389648438,26.889999389648438,26.889999389648438,200.0
2023-03-09 15:20:00,BOCNU,10.489999771118164,10.489999771118164,10.489999771118164,10.489999771118164,10.489999771118164,164.0
2023-03-09 15:20:00,BPOP,62.099998474121094,62.099998474121094,62.099998474121094,62.02000045776367,62.029998779296875,2871.0
2023-03-09 15:20:00,BRKL,11.5649995803833,11.5649995803833,11.569999694824219,11.5600004196167,11.569999694824219,2361.0
2023-03-09 15:20:00,BSRR,19.190000534057617,19.190000534057617,19.190000534057617,19.190000534057617,19.190000534057617,1311.0
2023-03-09 15:20:00,BTBT,1.0700000524520874,1.0700000524520874,1.0750000476837158,1.0700000524520874,1.0750000476837158,590.0
2023-03-09 15:20:00,BUSE,22.485000610351562,22.485000610351562,22.514999389648438,22.479999542236328,22.514999389648438,1223.0
2023-03-09 15:20:00,BWB,13.350000381469727,13.350000381469727,13.369999885559082,13.350000381469727,13.369999885559082,1306.0
2023-03-09 15:20:00,BWFG,27.860000610351562,27.860000610351562,27.860000610351562,27.860000610351562,27.860000610351562,378.0
2023-03-09 15:20:00,CACC,431.94000244140625,431.94000244140625,431.94000244140625,430.260009765625,430.260009765625,729.0
2023-03-09 15:20:00,CARE,16.264999389648438,16.264999389648438,16.264999389648438,16.264999389648438,16.264999389648438,109.0
2023-03-09 15:20:00,CASH,46.81999969482422,46.81999969482422,46.82500076293945,46.779998779296875,46.779998779296875,1522.0
2023-03-09 15:20:00,CATY,38.650001525878906,38.650001525878906,38.689998626708984,38.650001525878906,38.689998626708984,1355.0
2023-03-09 15:20:00,CBSH,61.61000061035156,61.61000061035156,61.70000076293945,61.61000061035156,61.689998626708984,6865.0
2023-03-09 15:20:00,CCAP,14.829999923706055,14.829999923706055,14.829999923706055,14.829999923706055,14.829999923706055,479.0
2023-03-09 15:20:00,CCB,41.85499954223633,41.85499954223633,41.86000061035156,41.85499954223633,41.86000061035156,533.0
2023-03-09 15:20:00,CCBG,32.75,32.75,32.75,32.75,32.75,673.0
2023-03-09 15:20:00,CCD,22.770000457763672,22.770000457763672,22.770000457763672,22.770000457763672,22.770000457763672,367.0
2023-03-09 15:20:00,CCNE,22.575000762939453,22.575000762939453,22.594999313354492,22.559999465942383,22.594999313354492,1622.0
2023-03-09 15:20:00,CCTSU,10.45009994506836,10.45009994506836,10.557299613952637,10.449999809265137,10.557299613952637,500.0
2023-03-09 15:20:00,CFFN,7.5,7.5,7.514999866485596,7.5,7.514999866485596,2870.0
2023-03-09 15:20:00,CG,33.119998931884766,33.119998931884766,33.16999816894531,33.119998931884766,33.16999816894531,4709.0
2023-03-09 15:20:00,CGBD,14.859999656677246,14.859999656677246,14.859999656677246,14.859999656677246,14.859999656677246,194.0
2023-03-09 15:20:00,CHCO,91.70999908447266,91.70999908447266,91.70999908447266,91.70999908447266,91.70999908447266,405.0
2023-03-09 15:20:00,CHEAU,10.510000228881836,10.510000228881836,10.510000228881836,10.510000228881836,10.510000228881836,100.0
2023-03-09 15:20:00,CHI,11.760000228881836,11.760000228881836,11.770000457763672,11.760000228881836,11.770000457763672,525.0
2023-03-09 15:20:00,CHY,12.079999923706055,12.079999923706055,12.079999923706055,12.079999923706055,12.079999923706055,100.0
2023-03-09 15:20:00,CINF,114.38999938964844,114.38999938964844,114.5,114.38999938964844,114.5,1031.0
2023-03-09 15:20:00,CIVB,20.735000610351562,20.735000610351562,20.739999771118164,20.700000762939453,20.709999084472656,1395.0
2023-03-09 15:20:00,CLBK,19.690000534057617,19.690000534057617,19.690000534057617,19.690000534057617,19.690000534057617,1006.0
2023-03-09 15:20:00,CME,176.99000549316406,176.99000549316406,177.1199951171875,176.97000122070312,177.11000061035156,3914.0
2023-03-09 15:20:00,CNOB,21.975000381469727,21.975000381469727,21.989999771118164,21.959999084472656,21.985000610351562,3484.0
2023-03-09 15:20:00,COLB,24.770000457763672,24.770000457763672,24.780000686645508,24.764999389648438,24.780000686645508,6568.0
2023-03-09 15:20:00,COOP,44.0,44.0,44.0,43.849998474121094,43.900001525878906,30968.0
2023-03-09 15:20:00,CSQ,13.680000305175781,13.680000305175781,13.71500015258789,13.680000305175781,13.71500015258789,2510.0
2023-03-09 15:20:00,CSTR,15.140000343322754,15.140000343322754,15.154999732971191,15.140000343322754,15.154999732971191,556.0
2023-03-09 15:20:00,CSWC,18.079999923706055,18.079999923706055,18.079999923706055,18.079999923706055,18.079999923706055,175.0
2023-03-09 15:20:00,CTBI,40.36000061035156,40.36000061035156,40.36000061035156,40.36000061035156,40.36000061035156,253.0
2023-03-09 15:20:00,CUBA,3.869999885559082,3.869999885559082,3.869999885559082,3.869999885559082,3.869999885559082,300.0
2023-03-09 15:20:00,CVBF,21.56999969482422,21.56999969482422,21.59000015258789,21.56999969482422,21.59000015258789,2069.0
2023-03-09 15:20:00,CZFS,79.0,79.0,79.0,79.0,79.0,374.0
2023-03-09 15:20:00,CZNC,21.989999771118164,21.989999771118164,21.989999771118164,21.950000762939453,21.950000762939453,1136.0
2023-03-09 15:20:00,DCOM,29.25,29.25,29.25,29.239999771118164,29.239999771118164,1097.0
2023-03-09 15:20:00,DGICA,14.989999771118164,14.989999771118164,14.989999771118164,14.989999771118164,14.989999771118164,455.0
2023-03-09 15:20:00,DWAC,14.079999923706055,14.079999923706055,14.079999923706055,14.079999923706055,14.079999923706055,595.0
2023-03-09 15:20:00,EBC,14.345000267028809,14.345000267028809,14.350000381469727,14.34000015258789,14.350000381469727,5127.0
2023-03-09 15:20:00,ECPG,50.349998474121094,50.349998474121094,50.349998474121094,50.349998474121094,50.349998474121094,429.0
2023-03-09 15:20:00,EGBN,40.05500030517578,40.05500030517578,40.05500030517578,40.04999923706055,40.04999923706055,429.0
2023-03-09 15:20:00,EHTH,8.506600379943848,8.506600379943848,8.507499694824219,8.5,8.5,400.0
2023-03-09 15:20:00,EQBK,27.959999084472656,27.959999084472656,27.96500015258789,27.959999084472656,27.96500015258789,373.0
2023-03-09 15:20:00,ESQ,40.119998931884766,40.119998931884766,40.130001068115234,40.119998931884766,40.130001068115234,377.0
2023-03-09 15:20:00,ESSA,18.8075008392334,18.8075008392334,18.8075008392334,18.8075008392334,18.8075008392334,150.0
2023-03-09 15:20:00,EWBC,66.97000122070312,66.97000122070312,67.0199966430664,66.95999908447266,67.01000213623047,5392.0
2023-03-09 15:20:00,EZPW,8.729999542236328,8.729999542236328,8.739999771118164,8.729999542236328,8.739999771118164,888.0
2023-03-09 15:20:00,FBMS,28.850000381469727,28.850000381469727,28.8799991607666,28.829999923706055,28.8700008392334,4364.0
2023-03-09 15:20:00,FBNC,38.505001068115234,38.505001068115234,38.54499816894531,38.4900016784668,38.54499816894531,2788.0
2023-03-09 15:20:00,FCFS,88.55000305175781,88.55000305175781,88.58499908447266,88.55000305175781,88.58499908447266,314.0
2023-03-09 15:20:00,FCRD,4.590000152587891,4.590000152587891,4.590000152587891,4.590000152587891,4.590000152587891,1669.0
2023-03-09 15:20:00,FFBC,22.18000030517578,22.18000030517578,22.18000030517578,22.18000030517578,22.18000030517578,394.0
2023-03-09 15:20:00,FFIC,17.1299991607666,17.1299991607666,17.139999389648438,17.1299991607666,17.139999389648438,1362.0
2023-03-09 15:20:00,FFIN,33.36669921875,33.36669921875,33.400001525878906,33.36000061035156,33.400001525878906,3190.0
2023-03-09 15:20:00,FFWM,12.729999542236328,12.729999542236328,12.739999771118164,12.729999542236328,12.739999771118164,1407.0
2023-03-09 15:20:00,FGBI,17.75,17.75,17.75,17.75,17.75,285.0
2023-03-09 15:20:00,FHB,23.889999389648438,23.889999389648438,23.899999618530273,23.885000228881836,23.889999389648438,3678.0
2023-03-09 15:20:00,FIBK,31.920000076293945,31.920000076293945,31.93000030517578,31.90999984741211,31.93000030517578,2848.0
2023-03-09 15:20:00,FITB,31.649999618530273,31.649999618530273,31.690000534057617,31.649999618530273,31.690000534057617,14954.0
2023-03-09 15:20:00,FLIC,16.100000381469727,16.100000381469727,16.100000381469727,16.094999313354492,16.100000381469727,1134.0
2023-03-09 15:20:00,FMBH,28.219999313354492,28.219999313354492,28.225000381469727,28.1200008392334,28.1200008392334,544.0
2023-03-09 15:20:00,FOCS,51.57500076293945,51.57500076293945,51.58000183105469,51.56999969482422,51.56999969482422,11383.0
2023-03-09 15:20:00,FRBK,1.690000057220459,1.690000057220459,1.7000000476837158,1.690000057220459,1.7000000476837158,3984.0
2023-03-09 15:20:00,FRHC,71.6500015258789,71.6500015258789,71.76499938964844,71.6500015258789,71.70999908447266,1414.0
2023-03-09 15:20:00,FRME,37.150001525878906,37.150001525878906,37.18000030517578,37.150001525878906,37.18000030517578,665.0
2023-03-09 15:20:00,FRST,10.65999984741211,10.65999984741211,10.65999984741211,10.65999984741211,10.65999984741211,318.0
2023-03-09 15:20:00,FSBC,25.5,25.5,25.5,25.5,25.5,650.0
2023-03-09 15:20:00,FULT,15.555000305175781,15.555000305175781,15.569999694824219,15.555000305175781,15.569999694824219,2067.0
2023-03-09 15:20:00,FUND,8.40999984741211,8.40999984741211,8.40999984741211,8.40999984741211,8.40999984741211,439.0
2023-03-09 15:20:00,FUTU,46.060001373291016,46.060001373291016,46.13999938964844,46.04999923706055,46.13999938964844,25021.0
2023-03-09 15:20:00,FVCB,13.229999542236328,13.229999542236328,13.25,13.229999542236328,13.25,310.0
2023-03-09 15:20:00,GABC,35.654998779296875,35.654998779296875,35.654998779296875,35.654998779296875,35.654998779296875,224.0
2023-03-09 15:20:00,GAIN,13.40999984741211,13.40999984741211,13.425000190734863,13.40999984741211,13.425000190734863,856.0
2023-03-09 15:20:00,GBDC,13.1899995803833,13.1899995803833,13.194999694824219,13.1899995803833,13.1899995803833,477.0
2023-03-09 15:20:00,GGAL,12.600000381469727,12.600000381469727,12.619999885559082,12.600000381469727,12.609999656677246,2536.0
2023-03-09 15:20:00,GREE,0.40799999237060547,0.40799999237060547,0.40799999237060547,0.40799999237060547,0.40799999237060547,346.0
2023-03-09 15:20:00,GSBC,53.880001068115234,53.880001068115234,53.880001068115234,53.880001068115234,53.880001068115234,626.0
2023-03-09 15:20:00,GSHD,50.42499923706055,50.42499923706055,50.42499923706055,50.41999816894531,50.41999816894531,460.0
2023-03-09 15:20:00,GXII,10.125,10.125,10.125,10.125,10.125,708.0
2023-03-09 15:20:00,HAFC,21.670000076293945,21.670000076293945,21.690000534057617,21.670000076293945,21.690000534057617,532.0
2023-03-09 15:20:00,HBAN,13.760000228881836,13.760000228881836,13.78499984741211,13.760000228881836,13.779999732971191,114810.0
2023-03-09 15:20:00,HBANP,18.850000381469727,18.850000381469727,18.860000610351562,18.850000381469727,18.860000610351562,1600.0
2023-03-09 15:20:00,HBNC,13.75,13.75,13.760000228881836,13.75,13.760000228881836,865.0
2023-03-09 15:20:00,HBT,21.989999771118164,21.989999771118164,22.0,21.940000534057617,21.950000762939453,1588.0
2023-03-09 15:20:00,HFWA,24.389999389648438,24.389999389648438,24.420000076293945,24.389999389648438,24.420000076293945,477.0
2023-03-09 15:20:00,HIVE,2.375,2.375,2.380000114440918,2.375,2.380000114440918,1853.0
2023-03-09 15:20:00,HLNE,74.29000091552734,74.29000091552734,74.30999755859375,74.29000091552734,74.30999755859375,462.0
2023-03-09 15:20:00,HMST,22.190000534057617,22.190000534057617,22.229999542236328,22.190000534057617,22.219999313354492,1138.0
2023-03-09 15:20:00,HONE,12.600000381469727,12.600000381469727,12.600000381469727,12.59000015258789,12.59000015258789,3655.0
2023-03-09 15:20:00,HOPE,11.694999694824219,11.694999694824219,11.725000381469727,11.6899995803833,11.725000381469727,111230.0
2023-03-09 15:20:00,HRZN,11.65999984741211,11.65999984741211,11.680000305175781,11.65999984741211,11.680000305175781,4640.0
2023-03-09 15:20:00,HTBI,27.709999084472656,27.709999084472656,27.735000610351562,27.700000762939453,27.735000610351562,1384.0
2023-03-09 15:20:00,HTBK,10.75,10.75,10.75,10.75,10.75,674.0
2023-03-09 15:20:00,HTLF,45.290000915527344,45.290000915527344,45.31999969482422,45.290000915527344,45.31999969482422,1155.0
2023-03-09 15:20:00,HUT,1.2649999856948853,1.2649999856948853,1.2699999809265137,1.2599999904632568,1.2649999856948853,20451.0
2023-03-09 15:20:00,HVBC,30.709999084472656,30.709999084472656,30.709999084472656,30.709999084472656,30.709999084472656,100.0
2023-03-09 15:20:00,HWC,43.3849983215332,43.3849983215332,43.40999984741211,43.380001068115234,43.40999984741211,2647.0
2023-03-09 15:20:00,IBCP,20.43000030517578,20.43000030517578,20.469999313354492,20.43000030517578,20.469999313354492,476.0
2023-03-09 15:20:00,IBKR,85.79000091552734,85.79000091552734,86.11000061035156,85.79000091552734,86.08000183105469,10434.0
2023-03-09 15:20:00,IBOC,44.775001525878906,44.775001525878906,44.775001525878906,44.775001525878906,44.775001525878906,532.0
2023-03-09 15:20:00,IBTX,52.20000076293945,52.20000076293945,52.290000915527344,52.189998626708984,52.290000915527344,1194.0
2023-03-09 15:20:00,INDB,71.33999633789062,71.33999633789062,71.36000061035156,71.33999633789062,71.36000061035156,464.0
2023-03-09 15:21:00,ABCB,42.22999954223633,42.22999954223633,42.27000045776367,42.22999954223633,42.2400016784668,1479.0
2023-03-09 15:21:00,ACGL,68.1050033569336,68.1050033569336,68.18000030517578,68.1050033569336,68.16000366210938,4785.0
2023-03-09 15:21:00,ACT,23.7450008392334,23.7450008392334,23.75,23.690000534057617,23.690000534057617,1505.0
2023-03-09 15:21:00,AIB,10.50100040435791,10.50100040435791,10.510000228881836,10.50100040435791,10.510000228881836,900.0
2023-03-09 15:21:00,ALRS,18.75,18.75,18.75,18.75,18.75,1241.0
2023-03-09 15:21:00,AMTB,25.239999771118164,25.239999771118164,25.260000228881836,25.239999771118164,25.239999771118164,1271.0
2023-03-09 15:21:00,APLD,2.0199999809265137,2.0199999809265137,2.0199999809265137,2.009999990463257,2.015000104904175,1440.0
2023-03-09 15:21:00,ARBK,1.374400019645691,1.374400019645691,1.374400019645691,1.3600000143051147,1.3600000143051147,615.0
2023-03-09 15:21:00,ARCC,18.51580047607422,18.51580047607422,18.530000686645508,18.514999389648438,18.514999389648438,13462.0
2023-03-09 15:21:00,AROW,28.15999984741211,28.15999984741211,28.15999984741211,28.15999984741211,28.15999984741211,149.0
2023-03-09 15:21:00,ATLC,28.579999923706055,28.579999923706055,28.579999923706055,28.579999923706055,28.579999923706055,163.0
2023-03-09 15:21:00,ATLO,23.440000534057617,23.440000534057617,23.440000534057617,23.440000534057617,23.440000534057617,114.0
2023-03-09 15:21:00,AUB,36.33000183105469,36.33000183105469,36.33000183105469,36.2599983215332,36.2599983215332,3729.0
2023-03-09 15:21:00,BANR,56.63999938964844,56.63999938964844,56.65999984741211,56.63999938964844,56.650001525878906,2206.0
2023-03-09 15:21:00,BCBP,15.6899995803833,15.6899995803833,15.6899995803833,15.6899995803833,15.6899995803833,340.0
2023-03-09 15:21:00,BGCP,4.974999904632568,4.974999904632568,4.989999771118164,4.974999904632568,4.980000019073486,11329.0
2023-03-09 15:21:00,BHF,51.72999954223633,51.72999954223633,51.7400016784668,51.66999816894531,51.66999816894531,4612.0
2023-03-09 15:21:00,BHFAM,16.299999237060547,16.299999237060547,16.31999969482422,16.299999237060547,16.31999969482422,4546.0
2023-03-09 15:21:00,BHFAN,18.540000915527344,18.540000915527344,18.540000915527344,18.540000915527344,18.540000915527344,210.0
2023-03-09 15:21:00,BITF,0.7059000134468079,0.7059000134468079,0.7067999839782715,0.7053999900817871,0.7067999839782715,9266.0
2023-03-09 15:21:00,BKCC,3.5999999046325684,3.5999999046325684,3.5999999046325684,3.5999999046325684,3.5999999046325684,147.0
2023-03-09 15:21:00,BLFY,11.25,11.25,11.25,11.25,11.25,381.0
2023-03-09 15:21:00,BMRC,26.854999542236328,26.854999542236328,26.854999542236328,26.854999542236328,26.854999542236328,474.0
2023-03-09 15:21:00,BOKF,94.80999755859375,94.80999755859375,94.88999938964844,94.80999755859375,94.88999938964844,571.0
2023-03-09 15:21:00,BPRN,33.814998626708984,33.814998626708984,33.814998626708984,33.814998626708984,33.814998626708984,533.0
2023-03-09 15:21:00,BRKL,11.539999961853027,11.539999961853027,11.5600004196167,11.53499984741211,11.5600004196167,6295.0
2023-03-09 15:21:00,BRP,25.079999923706055,25.079999923706055,25.079999923706055,25.079999923706055,25.079999923706055,459.0
2023-03-09 15:21:00,BTBT,1.0700000524520874,1.0700000524520874,1.0800000429153442,1.0700000524520874,1.070099949836731,9478.0
2023-03-09 15:21:00,BUSE,22.5,22.5,22.510000228881836,22.489999771118164,22.489999771118164,2063.0
2023-03-09 15:21:00,BWC,9.920000076293945,9.920000076293945,9.920000076293945,9.920000076293945,9.920000076293945,100.0
2023-03-09 15:21:00,CASH,46.8650016784668,46.8650016784668,46.869998931884766,46.84000015258789,46.84000015258789,1784.0
2023-03-09 15:21:00,CATY,38.65999984741211,38.65999984741211,38.68000030517578,38.65999984741211,38.65999984741211,2497.0
2023-03-09 15:21:00,CBSH,61.65999984741211,61.65999984741211,61.65999984741211,61.630001068115234,61.650001525878906,2362.0
2023-03-09 15:21:00,CCAI,10.460000038146973,10.460000038146973,10.460000038146973,10.460000038146973,10.460000038146973,2400.0
2023-03-09 15:21:00,CCBG,32.77000045776367,32.77000045776367,32.77000045776367,32.77000045776367,32.77000045776367,441.0
2023-03-09 15:21:00,CCD,22.760000228881836,22.760000228881836,22.760000228881836,22.760000228881836,22.760000228881836,1312.0
2023-03-09 15:21:00,CFFN,7.494999885559082,7.494999885559082,7.5,7.489999771118164,7.5,4949.0
2023-03-09 15:21:00,CG,33.131500244140625,33.131500244140625,33.18000030517578,33.099998474121094,33.11000061035156,9681.0
2023-03-09 15:21:00,CGO,9.645000457763672,9.645000457763672,9.645000457763672,9.645000457763672,9.645000457763672,110.0
2023-03-09 15:21:00,CHCO,91.58000183105469,91.58000183105469,91.58000183105469,91.58000183105469,91.58000183105469,328.0
2023-03-09 15:21:00,CHW,5.954999923706055,5.954999923706055,5.980000019073486,5.954999923706055,5.980000019073486,721.0
2023-03-09 15:21:00,CHY,12.079999923706055,12.079999923706055,12.079999923706055,12.079999923706055,12.079999923706055,200.0
2023-03-09 15:21:00,CIFR,1.4299999475479126,1.4299999475479126,1.4299999475479126,1.4299999475479126,1.4299999475479126,100.0
2023-03-09 15:21:00,CINF,114.4000015258789,114.4000015258789,114.5,114.4000015258789,114.43000030517578,3083.0
2023-03-09 15:21:00,CIVB,20.735000610351562,20.735000610351562,20.735000610351562,20.735000610351562,20.735000610351562,343.0
2023-03-09 15:21:00,CME,176.86000061035156,176.86000061035156,177.00999450683594,176.83999633789062,176.9250030517578,7807.0
2023-03-09 15:21:00,CNOB,21.989999771118164,21.989999771118164,21.989999771118164,21.975000381469727,21.975000381469727,1292.0
2023-03-09 15:21:00,COLB,24.760000228881836,24.760000228881836,24.78499984741211,24.760000228881836,24.760000228881836,28905.0
2023-03-09 15:21:00,COOP,43.709999084472656,43.709999084472656,43.849998474121094,43.709999084472656,43.849998474121094,6239.0
2023-03-09 15:21:00,CSQ,13.6850004196167,13.6850004196167,13.699999809265137,13.670000076293945,13.670000076293945,1590.0
2023-03-09 15:21:00,CSTR,15.149999618530273,15.149999618530273,15.149999618530273,15.149999618530273,15.149999618530273,100.0
2023-03-09 15:21:00,CSWC,18.06999969482422,18.06999969482422,18.075000762939453,18.06999969482422,18.075000762939453,544.0
2023-03-09 15:21:00,CTBI,40.22249984741211,40.22249984741211,40.22249984741211,40.22249984741211,40.22249984741211,113.0
2023-03-09 15:21:00,CVBF,21.559999465942383,21.559999465942383,21.579999923706055,21.559999465942383,21.579999923706055,3904.0
2023-03-09 15:21:00,DWAC,14.0600004196167,14.0600004196167,14.0600004196167,14.0600004196167,14.0600004196167,545.0
2023-03-09 15:21:00,EBC,14.350000381469727,14.350000381469727,14.350000381469727,14.34000015258789,14.345000267028809,7923.0
2023-03-09 15:21:00,ECPG,50.29999923706055,50.29999923706055,50.33000183105469,50.29999923706055,50.33000183105469,599.0
2023-03-09 15:21:00,EFSC,51.150001525878906,51.150001525878906,51.209999084472656,51.150001525878906,51.209999084472656,483.0
2023-03-09 15:21:00,EHTH,8.505000114440918,8.505000114440918,8.505000114440918,8.505000114440918,8.505000114440918,108.0
2023-03-09 15:21:00,EQBK,27.959999084472656,27.959999084472656,27.959999084472656,27.959999084472656,27.959999084472656,245.0
2023-03-09 15:21:00,ESGRP,23.105300903320312,23.105300903320312,23.105300903320312,23.105300903320312,23.105300903320312,300.0
2023-03-09 15:21:00,ESQ,40.0099983215332,40.0099983215332,40.0099983215332,40.0099983215332,40.0099983215332,282.0
2023-03-09 15:21:00,ESSA,18.829999923706055,18.829999923706055,18.829999923706055,18.829999923706055,18.829999923706055,309.0
2023-03-09 15:21:00,EWBC,66.93000030517578,66.93000030517578,67.05999755859375,66.91000366210938,67.02999877929688,3426.0
2023-03-09 15:21:00,EZPW,8.725000381469727,8.725000381469727,8.734999656677246,8.725000381469727,8.725000381469727,2958.0
2023-03-09 15:21:00,FBIZ,33.310001373291016,33.310001373291016,33.310001373291016,33.310001373291016,33.310001373291016,203.0
2023-03-09 15:21:00,FBMS,28.84000015258789,28.84000015258789,28.860000610351562,28.84000015258789,28.860000610351562,867.0
2023-03-09 15:21:00,FBNC,38.47999954223633,38.47999954223633,38.5,38.45000076293945,38.5,2796.0
2023-03-09 15:21:00,FCFS,88.61000061035156,88.61000061035156,88.61000061035156,88.54000091552734,88.54499816894531,1589.0
2023-03-09 15:21:00,FCNCO,21.34000015258789,21.34000015258789,21.34000015258789,21.34000015258789,21.34000015258789,336.0
2023-03-09 15:21:00,FDUS,19.979999542236328,19.979999542236328,19.979999542236328,19.97879981994629,19.97879981994629,600.0
2023-03-09 15:21:00,FFBC,22.170000076293945,22.170000076293945,22.190000534057617,22.170000076293945,22.190000534057617,2908.0
2023-03-09 15:21:00,FFIC,17.149999618530273,17.149999618530273,17.149999618530273,17.139999389648438,17.139999389648438,880.0
2023-03-09 15:21:00,FFIN,33.34000015258789,33.34000015258789,33.369998931884766,33.34000015258789,33.36000061035156,1856.0
2023-03-09 15:21:00,FFWM,12.739999771118164,12.739999771118164,12.739999771118164,12.720000267028809,12.720000267028809,3330.0
2023-03-09 15:21:00,FGBI,17.520000457763672,17.520000457763672,17.520000457763672,17.520000457763672,17.520000457763672,400.0
2023-03-09 15:21:00,FHB,23.889999389648438,23.889999389648438,23.899999618530273,23.889999389648438,23.899999618530273,5372.0
2023-03-09 15:21:00,FIBK,31.934999465942383,31.934999465942383,31.950000762939453,31.93000030517578,31.93000030517578,1077.0
2023-03-09 15:21:00,FITB,31.639999389648438,31.639999389648438,31.674999237060547,31.635000228881836,31.639999389648438,14017.0
2023-03-09 15:21:00,FITBI,25.06999969482422,25.06999969482422,25.06999969482422,25.06999969482422,25.06999969482422,306.0
2023-03-09 15:21:00,FLIC,16.100000381469727,16.100000381469727,16.110000610351562,16.100000381469727,16.110000610351562,1055.0
2023-03-09 15:21:00,FMNB,13.15999984741211,13.15999984741211,13.15999984741211,13.15999984741211,13.15999984741211,102.0
2023-03-09 15:21:00,FOCS,51.56999969482422,51.56999969482422,51.58000183105469,51.564998626708984,51.56999969482422,19749.0
2023-03-09 15:21:00,FRBK,1.6799999475479126,1.6799999475479126,1.6799999475479126,1.6799999475479126,1.6799999475479126,753.0
2023-03-09 15:21:00,FRME,37.16999816894531,37.16999816894531,37.16999816894531,37.16999816894531,37.16999816894531,850.0
2023-03-09 15:21:00,FRON,10.1899995803833,10.1899995803833,10.1899995803833,10.1899995803833,10.1899995803833,9817.0
2023-03-09 15:21:00,FULT,15.555000305175781,15.555000305175781,15.574999809265137,15.555000305175781,15.555000305175781,4244.0
2023-03-09 15:21:00,FUTU,46.06999969482422,46.06999969482422,46.11000061035156,46.04499816894531,46.04499816894531,3371.0
2023-03-09 15:21:00,FVCB,13.180000305175781,13.180000305175781,13.229999542236328,13.180000305175781,13.229999542236328,1763.0
2023-03-09 15:21:00,GAIN,13.40999984741211,13.40999984741211,13.414999961853027,13.40999984741211,13.414999961853027,595.0
2023-03-09 15:21:00,GBDC,13.19159984588623,13.19159984588623,13.19159984588623,13.1899995803833,13.1899995803833,843.0
2023-03-09 15:21:00,GCMG,8.34000015258789,8.34000015258789,8.34000015258789,8.34000015258789,8.34000015258789,286.0
2023-03-09 15:21:00,GECC,9.353799819946289,9.353799819946289,9.353799819946289,9.353799819946289,9.353799819946289,101.0
2023-03-09 15:21:00,GGAL,12.600000381469727,12.600000381469727,12.619999885559082,12.600000381469727,12.619999885559082,1004.0
2023-03-09 15:21:00,GLRE,10.130000114440918,10.130000114440918,10.130000114440918,10.130000114440918,10.130000114440918,277.0
2023-03-09 15:21:00,GSHD,50.53499984741211,50.53499984741211,50.53499984741211,50.369998931884766,50.400001525878906,4890.0
2023-03-09 15:21:00,HAFC,21.639999389648438,21.639999389648438,21.639999389648438,21.639999389648438,21.639999389648438,165.0
2023-03-09 15:21:00,HBAN,13.760000228881836,13.760000228881836,13.779999732971191,13.760000228881836,13.765000343322754,49334.0
2023-03-09 15:21:00,HBANP,18.860000610351562,18.860000610351562,18.860000610351562,18.850000381469727,18.860000610351562,1511.0
2023-03-09 15:21:00,HBCP,36.25,36.25,36.25,36.2400016784668,36.2400016784668,504.0
2023-03-09 15:21:00,HBNC,13.753199577331543,13.753199577331543,13.753199577331543,13.753199577331543,13.753199577331543,280.0
2023-03-09 15:21:00,HBT,21.959999084472656,21.959999084472656,21.959999084472656,21.959999084472656,21.959999084472656,269.0
2023-03-09 15:21:00,HFWA,24.40999984741211,24.40999984741211,24.440000534057617,24.395000457763672,24.395000457763672,1063.0
2023-03-09 15:21:00,HGBL,2.4800000190734863,2.4800000190734863,2.4800000190734863,2.4707000255584717,2.4707000255584717,4089.0
2023-03-09 15:21:00,HIVE,2.375,2.375,2.375,2.375,2.375,509.0
2023-03-09 15:21:00,HLNE,74.15979766845703,74.15979766845703,74.20999908447266,74.15979766845703,74.20999908447266,561.0
2023-03-09 15:21:00,HMST,22.170000076293945,22.170000076293945,22.18000030517578,22.170000076293945,22.178600311279297,1969.0
2023-03-09 15:21:00,HOPE,11.680000305175781,11.680000305175781,11.710000038146973,11.680000305175781,11.694999694824219,9699.0
2023-03-09 15:21:00,HRZN,11.630000114440918,11.630000114440918,11.656700134277344,11.630000114440918,11.649999618530273,4020.0
2023-03-09 15:21:00,HTBK,10.75,10.75,10.75,10.744999885559082,10.75,1893.0
2023-03-09 15:21:00,HUT,1.2649999856948853,1.2649999856948853,1.2649999856948853,1.2599999904632568,1.2609000205993652,22532.0
2023-03-09 15:21:00,HWC,43.41999816894531,43.41999816894531,43.439998626708984,43.400001525878906,43.400001525878906,1596.0
2023-03-09 15:21:00,IBKR,86.0,86.0,86.05999755859375,85.80770111083984,85.81999969482422,5190.0
2023-03-09 15:21:00,IBOC,44.779998779296875,44.779998779296875,44.779998779296875,44.720001220703125,44.72999954223633,1658.0
2023-03-09 15:21:00,INBK,23.375,23.375,23.375,23.375,23.375,253.0
2023-03-09 15:21:00,INDB,71.33000183105469,71.33000183105469,71.33000183105469,71.29000091552734,71.29000091552734,428.0
2023-03-09 15:21:00,INTR,1.9500999450683594,1.9500999450683594,1.9500999450683594,1.9500999450683594,1.9500999450683594,226.0
2023-03-09 15:22:00,ABCB,42.25,42.25,42.25,42.25,42.25,874.0
2023-03-09 15:22:00,ACGL,68.18000030517578,68.18000030517578,68.18000030517578,68.06999969482422,68.08999633789062,7502.0
2023-03-09 15:22:00,ACT,23.700000762939453,23.700000762939453,23.701000213623047,23.700000762939453,23.701000213623047,230.0
2023-03-09 15:22:00,ALRS,18.75,18.75,18.75,18.739999771118164,18.739999771118164,802.0
2023-03-09 15:22:00,AMAL,21.010000228881836,21.010000228881836,21.010000228881836,20.969999313354492,20.969999313354492,1884.0
2023-03-09 15:22:00,AMRK,28.040000915527344,28.040000915527344,28.040000915527344,28.020000457763672,28.020000457763672,1097.0
2023-03-09 15:22:00,AMTB,25.270000457763672,25.270000457763672,25.270000457763672,25.260000228881836,25.260000228881836,540.0
2023-03-09 15:22:00,APLD,2.0199999809265137,2.0199999809265137,2.0199999809265137,2.009999990463257,2.015000104904175,756.0
2023-03-09 15:22:00,ARCC,18.520000457763672,18.520000457763672,18.520000457763672,18.510000228881836,18.510000228881836,17903.0
2023-03-09 15:22:00,AROW,28.170000076293945,28.170000076293945,28.229999542236328,28.149999618530273,28.170000076293945,1048.0
2023-03-09 15:22:00,ATLCP,20.190099716186523,20.190099716186523,20.209999084472656,20.190099716186523,20.209999084472656,200.0
2023-03-09 15:22:00,AUB,36.34000015258789,36.34000015258789,36.34000015258789,36.29999923706055,36.310001373291016,3863.0
2023-03-09 15:22:00,BANF,85.36000061035156,85.36000061035156,85.36000061035156,85.36000061035156,85.36000061035156,520.0
2023-03-09 15:22:00,BANR,56.70000076293945,56.70000076293945,56.70000076293945,56.584999084472656,56.59000015258789,1392.0
2023-03-09 15:22:00,BFST,18.489999771118164,18.489999771118164,18.5,18.489999771118164,18.5,918.0
2023-03-09 15:22:00,BGCP,4.980000019073486,4.980000019073486,4.980000019073486,4.9710001945495605,4.974999904632568,4840.0
2023-03-09 15:22:00,BHF,51.7599983215332,51.7599983215332,51.7599983215332,51.66999816894531,51.68000030517578,4220.0
2023-03-09 15:22:00,BHFAM,16.299999237060547,16.299999237060547,16.299999237060547,16.299999237060547,16.299999237060547,361.0
2023-03-09 15:22:00,BHFAP,23.934999465942383,23.934999465942383,23.934999465942383,23.934999465942383,23.934999465942383,500.0
2023-03-09 15:22:00,BITF,0.7059000134468079,0.7059000134468079,0.7067999839782715,0.7059000134468079,0.7067999839782715,625.0
2023-03-09 15:22:00,BKCC,3.5999999046325684,3.5999999046325684,3.6050000190734863,3.5999999046325684,3.6050000190734863,207.0
2023-03-09 15:22:00,BOCNU,10.489999771118164,10.489999771118164,10.489999771118164,10.489999771118164,10.489999771118164,100.0
2023-03-09 15:22:00,BOKF,94.80999755859375,94.80999755859375,94.86000061035156,94.6500015258789,94.7249984741211,2117.0
2023-03-09 15:22:00,BPOP,62.13999938964844,62.13999938964844,62.13999938964844,62.060001373291016,62.08000183105469,3680.0
2023-03-09 15:22:00,BRKL,11.539999961853027,11.539999961853027,11.539999961853027,11.524999618530273,11.524999618530273,6460.0
2023-03-09 15:22:00,BTBT,1.0700000524520874,1.0700000524520874,1.0700000524520874,1.0700000524520874,1.0700000524520874,2783.0
2023-03-09 15:22:00,BUSE,22.510000228881836,22.510000228881836,22.510000228881836,22.510000228881836,22.510000228881836,433.0
2023-03-09 15:22:00,CARE,16.264999389648438,16.264999389648438,16.264999389648438,16.264999389648438,16.264999389648438,1066.0
2023-03-09 15:22:00,CASH,46.900001525878906,46.900001525878906,46.900001525878906,46.849998474121094,46.8650016784668,1708.0
2023-03-09 15:22:00,CBSH,61.7400016784668,61.7400016784668,61.7400016784668,61.61000061035156,61.654998779296875,7318.0
2023-03-09 15:22:00,CCB,41.814998626708984,41.814998626708984,41.814998626708984,41.814998626708984,41.814998626708984,166.0
2023-03-09 15:22:00,CCD,22.709999084472656,22.709999084472656,22.75,22.709999084472656,22.75,1644.0
2023-03-09 15:22:00,CCNE,22.56999969482422,22.56999969482422,22.56999969482422,22.549999237060547,22.549999237060547,1177.0
2023-03-09 15:22:00,CFB,12.239999771118164,12.239999771118164,12.239999771118164,12.220000267028809,12.229999542236328,844.0
2023-03-09 15:22:00,CFFN,7.505000114440918,7.505000114440918,7.505000114440918,7.494999885559082,7.499899864196777,10283.0
2023-03-09 15:22:00,CG,33.150001525878906,33.150001525878906,33.150001525878906,33.099998474121094,33.130001068115234,14020.0
2023-03-09 15:22:00,CGBD,14.859999656677246,14.859999656677246,14.859999656677246,14.850000381469727,14.850000381469727,4720.0
2023-03-09 15:22:00,CHY,12.079999923706055,12.079999923706055,12.079999923706055,12.079999923706055,12.079999923706055,228.0
2023-03-09 15:22:00,CIFR,1.424399971961975,1.424399971961975,1.4249999523162842,1.4199999570846558,1.4249999523162842,10922.0
2023-03-09 15:22:00,CINF,114.5999984741211,114.5999984741211,114.5999984741211,114.30999755859375,114.30999755859375,4752.0
2023-03-09 15:22:00,CLBK,19.690000534057617,19.690000534057617,19.690000534057617,19.68000030517578,19.68000030517578,1417.0
2023-03-09 15:22:00,CME,177.0,177.0,177.0,176.6999969482422,176.8300018310547,5688.0
2023-03-09 15:22:00,CNOB,22.0,22.0,22.0,21.979999542236328,21.979999542236328,1511.0
2023-03-09 15:22:00,COLB,24.774999618530273,24.774999618530273,24.774999618530273,24.7450008392334,24.760000228881836,9660.0
2023-03-09 15:22:00,COOP,43.58000183105469,43.58000183105469,43.64500045776367,43.58000183105469,43.64500045776367,1699.0
2023-03-09 15:22:00,CPSS,10.609999656677246,10.609999656677246,10.609999656677246,10.609999656677246,10.609999656677246,267.0
2023-03-09 15:22:00,CSQ,13.6850004196167,13.6850004196167,13.6850004196167,13.670000076293945,13.670000076293945,6737.0
2023-03-09 15:22:00,CSTR,15.130000114440918,15.130000114440918,15.130000114440918,15.130000114440918,15.130000114440918,730.0
2023-03-09 15:22:00,CSWC,18.065000534057617,18.065000534057617,18.065000534057617,18.049999237060547,18.059999465942383,2838.0
2023-03-09 15:22:00,CTBI,40.150001525878906,40.150001525878906,40.150001525878906,40.150001525878906,40.150001525878906,104.0
2023-03-09 15:22:00,CUBA,3.862499952316284,3.862499952316284,3.862499952316284,3.862499952316284,3.862499952316284,370.0
2023-03-09 15:22:00,CVBF,21.610000610351562,21.610000610351562,21.610000610351562,21.559999465942383,21.559999465942383,5335.0
2023-03-09 15:22:00,CVCY,24.3799991607666,24.3799991607666,24.3799991607666,24.299999237060547,24.299999237060547,977.0
2023-03-09 15:22:00,EBC,14.350000381469727,14.350000381469727,14.350000381469727,14.345000267028809,14.350000381469727,3033.0
2023-03-09 15:22:00,EBTC,33.58000183105469,33.58000183105469,33.58000183105469,33.58000183105469,33.58000183105469,222.0
2023-03-09 15:22:00,ECPG,50.25,50.25,50.25,50.25,50.25,309.0
2023-03-09 15:22:00,EGBN,40.029998779296875,40.029998779296875,40.029998779296875,39.970001220703125,40.0099983215332,3038.0
2023-03-09 15:22:00,EHTH,8.529999732971191,8.529999732971191,8.529999732971191,8.510000228881836,8.510000228881836,4000.0
2023-03-09 15:22:00,ESGRO,23.81999969482422,23.81999969482422,23.81999969482422,23.81999969482422,23.81999969482422,445.0
2023-03-09 15:22:00,ESGRP,23.06999969482422,23.06999969482422,23.06999969482422,23.06999969482422,23.06999969482422,506.0
2023-03-09 15:22:00,EWBC,67.07499694824219,67.07499694824219,67.07499694824219,66.9000015258789,66.9000015258789,2954.0
2023-03-09 15:22:00,EZPW,8.739999771118164,8.739999771118164,8.739999771118164,8.720000267028809,8.720000267028809,2367.0
2023-03-09 15:22:00,FANH,8.180000305175781,8.180000305175781,8.180000305175781,8.180000305175781,8.180000305175781,221.0
2023-03-09 15:22:00,FBMS,28.850000381469727,28.850000381469727,28.860000610351562,28.850000381469727,28.860000610351562,1089.0
2023-03-09 15:22:00,FBNC,38.529998779296875,38.529998779296875,38.529998779296875,38.46500015258789,38.46500015258789,1838.0
2023-03-09 15:22:00,FCFS,88.56999969482422,88.56999969482422,88.56999969482422,88.56999969482422,88.56999969482422,525.0
2023-03-09 15:22:00,FCRD,4.579999923706055,4.579999923706055,4.579999923706055,4.579999923706055,4.579999923706055,100.0
2023-03-09 15:22:00,FDUS,19.959999084472656,19.959999084472656,19.959999084472656,19.959999084472656,19.959999084472656,101.0
2023-03-09 15:22:00,FFBC,22.18000030517578,22.18000030517578,22.18000030517578,22.170000076293945,22.170000076293945,1061.0
2023-03-09 15:22:00,FFIC,17.1299991607666,17.1299991607666,17.1299991607666,17.1299991607666,17.1299991607666,1081.0
2023-03-09 15:22:00,FFIN,33.36000061035156,33.36000061035156,33.36000061035156,33.334999084472656,33.334999084472656,1718.0
2023-03-09 15:22:00,FFWM,12.75,12.75,12.75,12.739999771118164,12.739999771118164,1441.0
2023-03-09 15:22:00,FGBI,17.350000381469727,17.350000381469727,17.389999389648438,17.309999465942383,17.389999389648438,904.0
2023-03-09 15:22:00,FHB,23.8799991607666,23.8799991607666,23.899999618530273,23.8799991607666,23.899999618530273,2656.0
2023-03-09 15:22:00,FIBK,31.979999542236328,31.979999542236328,31.979999542236328,31.934999465942383,31.934999465942383,2597.0
2023-03-09 15:22:00,FITB,31.684999465942383,31.684999465942383,31.684999465942383,31.6200008392334,31.6299991607666,14668.0
2023-03-09 15:22:00,FLIC,16.09000015258789,16.09000015258789,16.100000381469727,16.09000015258789,16.100000381469727,561.0
2023-03-09 15:22:00,FMBH,28.190000534057617,28.190000534057617,28.190000534057617,28.190000534057617,28.190000534057617,679.0
2023-03-09 15:22:00,FMNB,13.180000305175781,13.180000305175781,13.180000305175781,13.15999984741211,13.15999984741211,2732.0
2023-03-09 15:22:00,FNCB,7.300000190734863,7.300000190734863,7.300000190734863,7.300000190734863,7.300000190734863,214.0
2023-03-09 15:22:00,FOCS,51.560001373291016,51.560001373291016,51.56999969482422,51.54999923706055,51.56999969482422,4708.0
2023-03-09 15:22:00,FRBK,1.684999942779541,1.684999942779541,1.684999942779541,1.684999942779541,1.684999942779541,100.0
2023-03-09 15:22:00,FRHC,71.48999786376953,71.48999786376953,71.58999633789062,71.48999786376953,71.58999633789062,900.0
2023-03-09 15:22:00,FRME,37.19559860229492,37.19559860229492,37.19559860229492,37.16999816894531,37.16999816894531,2450.0
2023-03-09 15:22:00,FRON,10.1899995803833,10.1899995803833,10.1899995803833,10.1899995803833,10.1899995803833,118.0
2023-03-09 15:22:00,FSEA,9.8100004196167,9.8100004196167,9.8100004196167,9.8100004196167,9.8100004196167,135.0
2023-03-09 15:22:00,FULT,15.569999694824219,15.569999694824219,15.574999809265137,15.550000190734863,15.555000305175781,3604.0
2023-03-09 15:22:00,FUTU,46.099998474121094,46.099998474121094,46.119998931884766,46.084999084472656,46.084999084472656,4207.0
2023-03-09 15:22:00,GAIN,13.420000076293945,13.420000076293945,13.420000076293945,13.404999732971191,13.40999984741211,3236.0
2023-03-09 15:22:00,GBDC,13.194999694824219,13.194999694824219,13.194999694824219,13.1850004196167,13.1899995803833,12273.0
2023-03-09 15:22:00,GGAL,12.609999656677246,12.609999656677246,12.609999656677246,12.592000007629395,12.609999656677246,1750.0
2023-03-09 15:22:00,GLAD,9.760000228881836,9.760000228881836,9.760000228881836,9.760000228881836,9.760000228881836,161.0
2023-03-09 15:22:00,GOCO,18.43000030517578,18.43000030517578,18.43000030517578,18.399999618530273,18.420000076293945,574.0
2023-03-09 15:22:00,GSHD,50.47999954223633,50.47999954223633,50.47999954223633,50.43000030517578,50.43000030517578,493.0
2023-03-09 15:22:00,HAFC,21.690000534057617,21.690000534057617,21.690000534057617,21.665000915527344,21.665000915527344,1991.0
2023-03-09 15:22:00,HBAN,13.779999732971191,13.779999732971191,13.779999732971191,13.755000114440918,13.760000228881836,33922.0
2023-03-09 15:22:00,HBT,21.895000457763672,21.895000457763672,21.93000030517578,21.895000457763672,21.93000030517578,630.0
2023-03-09 15:22:00,HFWA,24.395000457763672,24.395000457763672,24.40999984741211,24.395000457763672,24.395000457763672,969.0
2023-03-09 15:22:00,HGBL,2.5,2.5,2.5,2.4900999069213867,2.4900999069213867,6000.0
2023-03-09 15:22:00,HIVE,2.373800039291382,2.373800039291382,2.380000114440918,2.3701000213623047,2.375,3048.0
2023-03-09 15:22:00,HONE,12.609999656677246,12.609999656677246,12.609999656677246,12.600000381469727,12.600000381469727,1188.0
2023-03-09 15:22:00,HOPE,11.6899995803833,11.6899995803833,11.6899995803833,11.670000076293945,11.670000076293945,8443.0
2023-03-09 15:22:00,HRZN,11.630000114440918,11.630000114440918,11.630000114440918,11.630000114440918,11.630000114440918,244.0
2023-03-09 15:22:00,HTBI,27.670000076293945,27.670000076293945,27.700000762939453,27.670000076293945,27.700000762939453,629.0
2023-03-09 15:22:00,HTBK,10.770000457763672,10.770000457763672,10.770000457763672,10.739999771118164,10.744999885559082,3037.0
2023-03-09 15:22:00,HTLF,45.31999969482422,45.31999969482422,45.31999969482422,45.31999969482422,45.31999969482422,335.0
2023-03-09 15:22:00,HUT,1.2649999856948853,1.2649999856948853,1.268399953842163,1.2599999904632568,1.260599970817566,33537.0
2023-03-09 15:22:00,HWC,43.43000030517578,43.43000030517578,43.43000030517578,43.349998474121094,43.369998931884766,1964.0
2023-03-09 15:22:00,IBCP,20.405000686645508,20.405000686645508,20.405000686645508,20.405000686645508,20.405000686645508,156.0
2023-03-09 15:22:00,IBKR,85.98799896240234,85.98799896240234,86.02999877929688,85.94000244140625,85.96089935302734,4478.0
2023-03-09 15:22:00,IBOC,44.720001220703125,44.720001220703125,44.75,44.68000030517578,44.709999084472656,1406.0
2023-03-09 15:22:00,IBTX,52.279998779296875,52.279998779296875,52.279998779296875,52.150001525878906,52.150001525878906,975.0
2023-03-09 15:22:00,IGIC,8.300000190734863,8.300000190734863,8.300000190734863,8.300000190734863,8.300000190734863,235.0
2023-03-09 15:22:00,INDB,71.4000015258789,71.4000015258789,71.4000015258789,71.27999877929688,71.27999877929688,2222.0
2023-03-09 15:23:00,ABCB,42.380001068115234,42.380001068115234,42.380001068115234,42.31999969482422,42.31999969482422,1536.0
2023-03-09 15:23:00,ACAXW,0.07500000298023224,0.07500000298023224,0.07500000298023224,0.07500000298023224,0.07500000298023224,0.0
2023-03-09 15:23:00,ACGL,68.30500030517578,68.30500030517578,68.33999633789062,68.20999908447266,68.20999908447266,6365.0
2023-03-09 15:23:00,ACT,23.75,23.75,23.75,23.75,23.75,564.0
2023-03-09 15:23:00,AMRK,28.049999237060547,28.049999237060547,28.049999237060547,28.040000915527344,28.040000915527344,1004.0
2023-03-09 15:23:00,AMSF,51.439998626708984,51.439998626708984,51.439998626708984,51.439998626708984,51.439998626708984,1000.0
2023-03-09 15:23:00,AMTB,25.299999237060547,25.299999237060547,25.299999237060547,25.299999237060547,25.299999237060547,253.0
2023-03-09 15:23:00,APLD,2.009999990463257,2.009999990463257,2.0199999809265137,2.009999990463257,2.009999990463257,9385.0
2023-03-09 15:23:00,ARCC,18.559999465942383,18.559999465942383,18.559999465942383,18.524999618530273,18.524999618530273,28442.0
2023-03-09 15:23:00,ATLCP,20.200000762939453,20.200000762939453,20.200000762939453,20.200000762939453,20.200000762939453,100.0
2023-03-09 15:23:00,AUB,36.375,36.375,36.375,36.34000015258789,36.36000061035156,2974.0
2023-03-09 15:23:00,BANR,56.72999954223633,56.72999954223633,56.72999954223633,56.689998626708984,56.709999084472656,777.0
2023-03-09 15:23:00,BCBP,15.710000038146973,15.710000038146973,15.710000038146973,15.710000038146973,15.710000038146973,123.0
2023-03-09 15:23:00,BFST,18.5049991607666,18.5049991607666,18.510000228881836,18.5049991607666,18.510000228881836,1078.0
2023-03-09 15:23:00,BGCP,4.985000133514404,4.985000133514404,4.985000133514404,4.974999904632568,4.974999904632568,5420.0
2023-03-09 15:23:00,BHF,51.915000915527344,51.915000915527344,51.959999084472656,51.779998779296875,51.779998779296875,3103.0
2023-03-09 15:23:00,BHFAP,23.8700008392334,23.8700008392334,23.8700008392334,23.8700008392334,23.8700008392334,221.0
2023-03-09 15:23:00,BITF,0.7056999802589417,0.7056999802589417,0.7067999839782715,0.7056000232696533,0.7067999839782715,12756.0
2023-03-09 15:23:00,BMRC,26.940000534057617,26.940000534057617,26.950000762939453,26.8799991607666,26.889999389648438,1048.0
2023-03-09 15:23:00,BOKF,94.88999938964844,94.88999938964844,94.94000244140625,94.86000061035156,94.86000061035156,762.0
2023-03-09 15:23:00,BPOP,62.029998779296875,62.029998779296875,62.189998626708984,61.97999954223633,62.150001525878906,8411.0
2023-03-09 15:23:00,BRKL,11.555000305175781,11.555000305175781,11.555000305175781,11.539999961853027,11.539999961853027,986.0
2023-03-09 15:23:00,BRP,25.1299991607666,25.1299991607666,25.139999389648438,25.1299991607666,25.139999389648438,1021.0
2023-03-09 15:23:00,BSRR,19.229999542236328,19.229999542236328,19.229999542236328,19.229999542236328,19.229999542236328,100.0
2023-03-09 15:23:00,BTBT,1.0750000476837158,1.0750000476837158,1.0750000476837158,1.0700000524520874,1.0700000524520874,1346.0
2023-03-09 15:23:00,BUSE,22.559999465942383,22.559999465942383,22.559999465942383,22.540000915527344,22.540000915527344,486.0
2023-03-09 15:23:00,CAC,38.900001525878906,38.900001525878906,38.900001525878906,38.900001525878906,38.900001525878906,608.0
2023-03-09 15:23:00,CASH,46.98500061035156,46.98500061035156,46.98500061035156,46.98500061035156,46.98500061035156,352.0
2023-03-09 15:23:00,CATY,38.7599983215332,38.7599983215332,38.7599983215332,38.7400016784668,38.7400016784668,937.0
2023-03-09 15:23:00,CBSH,61.77000045776367,61.77000045776367,61.77000045776367,61.75,61.75,1014.0
2023-03-09 15:23:00,CCAP,14.800000190734863,14.800000190734863,14.829999923706055,14.800000190734863,14.829999923706055,3102.0
2023-03-09 15:23:00,CCB,41.915000915527344,41.915000915527344,41.91999816894531,41.84000015258789,41.84000015258789,1387.0
2023-03-09 15:23:00,CCBG,32.75,32.75,32.790000915527344,32.75,32.790000915527344,869.0
2023-03-09 15:23:00,CFB,12.260000228881836,12.260000228881836,12.260000228881836,12.260000228881836,12.260000228881836,500.0
2023-03-09 15:23:00,CFFN,7.525000095367432,7.525000095367432,7.525000095367432,7.505000114440918,7.505000114440918,5943.0
2023-03-09 15:23:00,CG,33.22999954223633,33.22999954223633,33.22999954223633,33.17499923706055,33.17499923706055,7883.0
2023-03-09 15:23:00,CGBD,14.869999885559082,14.869999885559082,14.879899978637695,14.859999656677246,14.869999885559082,3138.0
2023-03-09 15:23:00,CGO,9.680000305175781,9.680000305175781,9.680000305175781,9.645000457763672,9.645000457763672,827.0
2023-03-09 15:23:00,CHCO,91.6500015258789,91.6500015258789,91.6500015258789,91.55999755859375,91.56999969482422,1087.0
2023-03-09 15:23:00,CHI,11.760000228881836,11.760000228881836,11.760000228881836,11.75,11.75,613.0
2023-03-09 15:23:00,CHW,5.954999923706055,5.954999923706055,5.954999923706055,5.954999923706055,5.954999923706055,165.0
2023-03-09 15:23:00,CHY,12.079999923706055,12.079999923706055,12.079999923706055,12.079999923706055,12.079999923706055,201.0
2023-03-09 15:23:00,CIFR,1.4299999475479126,1.4299999475479126,1.4299999475479126,1.4249999523162842,1.4249999523162842,600.0
2023-03-09 15:23:00,CINF,114.8499984741211,114.8499984741211,114.90499877929688,114.80999755859375,114.80999755859375,1810.0
2023-03-09 15:23:00,CME,177.30999755859375,177.30999755859375,177.3800048828125,176.97500610351562,177.05999755859375,4496.0
2023-03-09 15:23:00,CNOB,22.010000228881836,22.010000228881836,22.010000228881836,22.010000228881836,22.010000228881836,778.0
2023-03-09 15:23:00,COLB,24.81999969482422,24.81999969482422,24.81999969482422,24.774999618530273,24.780000686645508,10347.0
2023-03-09 15:23:00,COOP,43.689998626708984,43.689998626708984,43.709999084472656,43.66999816894531,43.68000030517578,1834.0
2023-03-09 15:23:00,CPSS,10.609999656677246,10.609999656677246,10.609999656677246,10.609999656677246,10.609999656677246,528.0
2023-03-09 15:23:00,CSQ,13.710000038146973,13.710000038146973,13.710000038146973,13.68809986114502,13.6899995803833,3339.0
2023-03-09 15:23:00,CSTR,15.119999885559082,15.119999885559082,15.130000114440918,15.100000381469727,15.130000114440918,1036.0
2023-03-09 15:23:00,CSWC,18.100000381469727,18.100000381469727,18.100000381469727,18.079999923706055,18.079999923706055,2034.0
2023-03-09 15:23:00,CTBI,40.36000061035156,40.36000061035156,40.36000061035156,40.33000183105469,40.33000183105469,2586.0
2023-03-09 15:23:00,CVBF,21.6200008392334,21.6200008392334,21.6299991607666,21.610000610351562,21.6299991607666,2519.0
2023-03-09 15:23:00,DCOM,29.290000915527344,29.290000915527344,29.290000915527344,29.280000686645508,29.280000686645508,776.0
2023-03-09 15:23:00,DNAD,10.1899995803833,10.1899995803833,10.1899995803833,10.1899995803833,10.1899995803833,100.0
2023-03-09 15:23:00,DWACW,3.030100107192993,3.030100107192993,3.030100107192993,3.030100107192993,3.030100107192993,616.0
2023-03-09 15:23:00,EBC,14.354999542236328,14.354999542236328,14.369999885559082,14.345000267028809,14.359999656677246,14156.0
2023-03-09 15:23:00,ECPG,50.255001068115234,50.255001068115234,50.2599983215332,50.255001068115234,50.2599983215332,934.0
2023-03-09 15:23:00,EFSC,51.2599983215332,51.2599983215332,51.2599983215332,51.2400016784668,51.2400016784668,1846.0
2023-03-09 15:23:00,EGBN,40.084999084472656,40.084999084472656,40.09000015258789,40.040000915527344,40.040000915527344,1302.0
2023-03-09 15:23:00,EHTH,8.510000228881836,8.510000228881836,8.539999961853027,8.5,8.539999961853027,9673.0
2023-03-09 15:23:00,EQBK,28.0,28.0,28.0,28.0,28.0,1010.0
2023-03-09 15:23:00,ERIE,230.38999938964844,230.38999938964844,230.38999938964844,230.38999938964844,230.38999938964844,1118.0
2023-03-09 15:23:00,ESGR,230.00999450683594,230.00999450683594,230.00999450683594,230.00999450683594,230.00999450683594,541.0
2023-03-09 15:23:00,ESSA,18.799999237060547,18.799999237060547,18.799999237060547,18.799999237060547,18.799999237060547,134.0
2023-03-09 15:23:00,EWBC,67.13999938964844,67.13999938964844,67.20999908447266,67.11000061035156,67.11000061035156,3013.0
2023-03-09 15:23:00,EZPW,8.739999771118164,8.739999771118164,8.75,8.739999771118164,8.739999771118164,3712.0
2023-03-09 15:23:00,FBMS,28.864999771118164,28.864999771118164,28.8700008392334,28.850000381469727,28.860000610351562,2191.0
2023-03-09 15:23:00,FBNC,38.58000183105469,38.58000183105469,38.58000183105469,38.54999923706055,38.54999923706055,706.0
2023-03-09 15:23:00,FCFS,88.75,88.75,88.75,88.66999816894531,88.68000030517578,1522.0
2023-03-09 15:23:00,FCNCA,641.9500122070312,641.9500122070312,641.9500122070312,641.9500122070312,641.9500122070312,315.0
2023-03-09 15:23:00,FCRD,4.550000190734863,4.550000190734863,4.590000152587891,4.550000190734863,4.590000152587891,4497.0
2023-03-09 15:23:00,FEXD,10.460000038146973,10.460000038146973,10.460000038146973,10.460000038146973,10.460000038146973,100.0
2023-03-09 15:23:00,FFBC,22.239999771118164,22.239999771118164,22.239999771118164,22.200000762939453,22.200000762939453,938.0
2023-03-09 15:23:00,FFIC,17.15999984741211,17.15999984741211,17.15999984741211,17.15999984741211,17.15999984741211,232.0
2023-03-09 15:23:00,FFIN,33.470001220703125,33.470001220703125,33.470001220703125,33.41999816894531,33.41999816894531,1218.0
2023-03-09 15:23:00,FHB,23.899999618530273,23.899999618530273,23.90999984741211,23.895999908447266,23.905000686645508,4931.0
2023-03-09 15:23:00,FIBK,32.01499938964844,32.01499938964844,32.02000045776367,31.989999771118164,31.989999771118164,2383.0
2023-03-09 15:23:00,FITB,31.725000381469727,31.725000381469727,31.7450008392334,31.700000762939453,31.700000762939453,17843.0
2023-03-09 15:23:00,FITBO,21.889999389648438,21.889999389648438,21.889999389648438,21.889999389648438,21.889999389648438,216.0
2023-03-09 15:23:00,FLIC,16.110000610351562,16.110000610351562,16.110000610351562,16.110000610351562,16.110000610351562,716.0
2023-03-09 15:23:00,FMIV,10.149999618530273,10.149999618530273,10.149999618530273,10.149999618530273,10.149999618530273,101.0
2023-03-09 15:23:00,FOCS,51.564998626708984,51.564998626708984,51.564998626708984,51.55500030517578,51.560001373291016,3569.0
2023-03-09 15:23:00,FRBK,1.684999942779541,1.684999942779541,1.684999942779541,1.684999942779541,1.684999942779541,102.0
2023-03-09 15:23:00,FRHC,71.75,71.75,71.75,71.5999984741211,71.5999984741211,627.0
2023-03-09 15:23:00,FRME,37.209999084472656,37.209999084472656,37.209999084472656,37.209999084472656,37.209999084472656,217.0
2023-03-09 15:23:00,FSBC,25.530000686645508,25.530000686645508,25.530000686645508,25.530000686645508,25.530000686645508,207.0
2023-03-09 15:23:00,FSBW,33.154998779296875,33.154998779296875,33.154998779296875,33.154998779296875,33.154998779296875,114.0
2023-03-09 15:23:00,FSFG,19.139999389648438,19.139999389648438,19.139999389648438,19.139999389648438,19.139999389648438,409.0
2023-03-09 15:23:00,FULT,15.600000381469727,15.600000381469727,15.604999542236328,15.579999923706055,15.579999923706055,2853.0
2023-03-09 15:23:00,FUTU,46.150001525878906,46.150001525878906,46.150001525878906,46.10499954223633,46.10499954223633,2096.0
2023-03-09 15:23:00,FVCB,13.100000381469727,13.100000381469727,13.170000076293945,13.100000381469727,13.100000381469727,460.0
2023-03-09 15:23:00,GABC,35.724998474121094,35.724998474121094,35.724998474121094,35.689998626708984,35.709999084472656,791.0
2023-03-09 15:23:00,GBDC,13.225000381469727,13.225000381469727,13.225000381469727,13.194999694824219,13.199999809265137,5012.0
2023-03-09 15:23:00,GCMG,8.34000015258789,8.34000015258789,8.34000015258789,8.34000015258789,8.34000015258789,685.0
2023-03-09 15:23:00,GGAL,12.614999771118164,12.614999771118164,12.614999771118164,12.609999656677246,12.609999656677246,310.0
2023-03-09 15:23:00,GLAD,9.765000343322754,9.765000343322754,9.765000343322754,9.765000343322754,9.765000343322754,101.0
2023-03-09 15:23:00,GLRE,10.1899995803833,10.1899995803833,10.1899995803833,10.1899995803833,10.1899995803833,953.0
2023-03-09 15:23:00,GOCO,18.440000534057617,18.440000534057617,18.440000534057617,18.440000534057617,18.440000534057617,219.0
2023-03-09 15:23:00,GREE,0.4081000089645386,0.4081000089645386,0.4081000089645386,0.4081000089645386,0.4081000089645386,296.0
2023-03-09 15:23:00,GSBC,53.880001068115234,53.880001068115234,53.880001068115234,53.880001068115234,53.880001068115234,2182.0
2023-03-09 15:23:00,GSHD,50.65999984741211,50.65999984741211,50.65999984741211,50.59000015258789,50.59000015258789,1384.0
2023-03-09 15:23:00,HAFC,21.709999084472656,21.709999084472656,21.709999084472656,21.690000534057617,21.690000534057617,984.0
2023-03-09 15:23:00,HBAN,13.805000305175781,13.805000305175781,13.8100004196167,13.779999732971191,13.779999732971191,34548.0
2023-03-09 15:23:00,HBANP,18.860000610351562,18.860000610351562,18.915000915527344,18.860000610351562,18.860000610351562,1516.0
2023-03-09 15:23:00,HBNC,13.779999732971191,13.779999732971191,13.779999732971191,13.770000457763672,13.770000457763672,2802.0
2023-03-09 15:23:00,HBT,21.90999984741211,21.90999984741211,21.90999984741211,21.895000457763672,21.895000457763672,1047.0
2023-03-09 15:23:00,HFWA,24.420000076293945,24.420000076293945,24.420000076293945,24.395000457763672,24.395000457763672,978.0
2023-03-09 15:23:00,HGBL,2.490000009536743,2.490000009536743,2.5,2.490000009536743,2.5,10330.0
2023-03-09 15:23:00,HIVE,2.375,2.375,2.375,2.375,2.375,379.0
2023-03-09 15:23:00,HLNE,74.41999816894531,74.41999816894531,74.41999816894531,74.25,74.31999969482422,1459.0
2023-03-09 15:23:00,HMST,22.260000228881836,22.260000228881836,22.260000228881836,22.260000228881836,22.260000228881836,100.0
2023-03-09 15:23:00,HONE,12.619999885559082,12.619999885559082,12.619999885559082,12.609999656677246,12.609999656677246,1138.0
2023-03-09 15:23:00,HOPE,11.71500015258789,11.71500015258789,11.71500015258789,11.699999809265137,11.699999809265137,3336.0
2023-03-09 15:23:00,HRZN,11.664999961853027,11.664999961853027,11.664999961853027,11.649999618530273,11.649999618530273,1521.0
2023-03-09 15:23:00,HTBK,10.779999732971191,10.779999732971191,10.779999732971191,10.779999732971191,10.779999732971191,1064.0
2023-03-09 15:23:00,HTLF,45.340999603271484,45.340999603271484,45.340999603271484,45.340999603271484,45.340999603271484,276.0
2023-03-09 15:23:00,HUT,1.2699999809265137,1.2699999809265137,1.2799999713897705,1.2649999856948853,1.268399953842163,163719.0
2023-03-09 15:23:00,HWC,43.5099983215332,43.5099983215332,43.5099983215332,43.43000030517578,43.43000030517578,1465.0
2023-03-09 15:23:00,IBCP,20.450000762939453,20.450000762939453,20.450000762939453,20.440000534057617,20.440000534057617,1643.0
2023-03-09 15:23:00,IBKR,86.08000183105469,86.08000183105469,86.11499786376953,86.01000213623047,86.01000213623047,8088.0
2023-03-09 15:23:00,IBOC,44.790000915527344,44.790000915527344,44.810001373291016,44.7599983215332,44.7599983215332,1264.0
2023-03-09 15:23:00,IBTX,52.380001068115234,52.380001068115234,52.380001068115234,52.34000015258789,52.34000015258789,422.0
2023-03-09 15:23:00,INDB,71.45999908447266,71.45999908447266,71.45999908447266,71.45999908447266,71.45999908447266,687.0
2023-03-09 15:24:00,ABCB,42.310001373291016,42.310001373291016,42.369998931884766,42.310001373291016,42.369998931884766,2896.0
2023-03-09 15:24:00,ACGL,68.23069763183594,68.23069763183594,68.31999969482422,68.2218017578125,68.31999969482422,5592.0
2023-03-09 15:24:00,ACQR,10.20989990234375,10.20989990234375,10.20989990234375,10.20989990234375,10.20989990234375,300.0
2023-03-09 15:24:00,ACT,23.729999542236328,23.729999542236328,23.729999542236328,23.729999542236328,23.729999542236328,232.0
2023-03-09 15:24:00,AEAE,10.359999656677246,10.359999656677246,10.359999656677246,10.359999656677246,10.359999656677246,62500.0
2023-03-09 15:24:00,APLD,2.005000114440918,2.005000114440918,2.0199999809265137,2.005000114440918,2.009999990463257,2950.0
2023-03-09 15:24:00,ARBK,1.3600000143051147,1.3600000143051147,1.3600000143051147,1.3600000143051147,1.3600000143051147,133.0
2023-03-09 15:24:00,ARCC,18.549999237060547,18.549999237060547,18.579999923706055,18.549999237060547,18.559999465942383,25481.0
2023-03-09 15:24:00,AROW,28.309999465942383,28.309999465942383,28.309999465942383,28.229999542236328,28.229999542236328,2542.0
2023-03-09 15:24:00,ATLO,23.43000030517578,23.43000030517578,23.43000030517578,23.43000030517578,23.43000030517578,522.0
2023-03-09 15:24:00,AUB,36.34000015258789,36.34000015258789,36.349998474121094,36.334999084472656,36.349998474121094,6619.0
2023-03-09 15:24:00,BANR,56.775001525878906,56.775001525878906,56.80500030517578,56.775001525878906,56.80500030517578,647.0
2023-03-09 15:24:00,BFC,76.88999938964844,76.88999938964844,76.88999938964844,76.86000061035156,76.86000061035156,1483.0
2023-03-09 15:24:00,BFST,18.520000457763672,18.520000457763672,18.520000457763672,18.520000457763672,18.520000457763672,735.0
2023-03-09 15:24:00,BGCP,4.980000019073486,4.980000019073486,4.985000133514404,4.980000019073486,4.985000133514404,11507.0
2023-03-09 15:24:00,BHF,51.75,51.75,51.86000061035156,51.75,51.86000061035156,1704.0
2023-03-09 15:24:00,BITF,0.7050999999046326,0.7050999999046326,0.7099999785423279,0.699999988079071,0.7056999802589417,35087.0
2023-03-09 15:24:00,BKCC,3.5999999046325684,3.5999999046325684,3.5999999046325684,3.5999999046325684,3.5999999046325684,112.0
2023-03-09 15:24:00,BMRC,26.959999084472656,26.959999084472656,26.959999084472656,26.959999084472656,26.959999084472656,100.0
2023-03-09 15:24:00,BOKF,94.80999755859375,94.80999755859375,94.87000274658203,94.80999755859375,94.87000274658203,885.0
2023-03-09 15:24:00,BPOP,61.939998626708984,61.939998626708984,61.970001220703125,61.939998626708984,61.959999084472656,1155.0
2023-03-09 15:24:00,BRKL,11.520000457763672,11.520000457763672,11.550000190734863,11.520000457763672,11.550000190734863,2645.0
2023-03-09 15:24:00,BRP,25.1200008392334,25.1200008392334,25.1299991607666,25.1200008392334,25.1299991607666,326.0
2023-03-09 15:24:00,BSRR,19.239999771118164,19.239999771118164,19.239999771118164,19.229999542236328,19.229999542236328,491.0
2023-03-09 15:24:00,BTBT,1.0700000524520874,1.0700000524520874,1.0750000476837158,1.0700000524520874,1.0700000524520874,4540.0
2023-03-09 15:24:00,BWB,13.329999923706055,13.329999923706055,13.329999923706055,13.329999923706055,13.329999923706055,371.0
2023-03-09 15:24:00,CAC,38.91999816894531,38.91999816894531,38.93000030517578,38.91999816894531,38.93000030517578,589.0
2023-03-09 15:24:00,CACC,430.0400085449219,430.0400085449219,430.0400085449219,430.0400085449219,430.0400085449219,464.0
2023-03-09 15:24:00,CARE,16.264999389648438,16.264999389648438,16.264999389648438,16.264999389648438,16.264999389648438,156.0
2023-03-09 15:24:00,CASH,46.9900016784668,46.9900016784668,47.0,46.970001220703125,47.0,494.0
2023-03-09 15:24:00,CATY,38.72999954223633,38.72999954223633,38.7400016784668,38.72999954223633,38.7400016784668,804.0
2023-03-09 15:24:00,CBSH,61.68000030517578,61.68000030517578,61.7400016784668,61.68000030517578,61.7400016784668,1635.0
2023-03-09 15:24:00,CFFN,7.525000095367432,7.525000095367432,7.525000095367432,7.525000095367432,7.525000095367432,102.0
2023-03-09 15:24:00,CG,33.15999984741211,33.15999984741211,33.22999954223633,33.15999984741211,33.22999954223633,5663.0
2023-03-09 15:24:00,CGBD,14.85509967803955,14.85509967803955,14.85509967803955,14.850000381469727,14.850000381469727,849.0
2023-03-09 15:24:00,CHY,12.079999923706055,12.079999923706055,12.079999923706055,12.079999923706055,12.079999923706055,327.0
2023-03-09 15:24:00,CIFR,1.4299999475479126,1.4299999475479126,1.4299999475479126,1.4199999570846558,1.4199999570846558,713.0
2023-03-09 15:24:00,CINF,114.69999694824219,114.69999694824219,114.73999786376953,114.69999694824219,114.73999786376953,621.0
2023-03-09 15:24:00,CITEW,0.09009999781847,0.09009999781847,0.09009999781847,0.09009999781847,0.09009999781847,1500.0
2023-03-09 15:24:00,CME,177.1699981689453,177.1699981689453,177.30999755859375,177.1699981689453,177.3000030517578,2680.0
2023-03-09 15:24:00,CNOB,22.030000686645508,22.030000686645508,22.030000686645508,22.030000686645508,22.030000686645508,1032.0
2023-03-09 15:24:00,COLB,24.80500030517578,24.80500030517578,24.81999969482422,24.80500030517578,24.809999465942383,9466.0
2023-03-09 15:24:00,COOP,43.58000183105469,43.58000183105469,43.65999984741211,43.58000183105469,43.65999984741211,1631.0
2023-03-09 15:24:00,CSQ,13.65999984741211,13.65999984741211,13.704999923706055,13.65999984741211,13.704999923706055,5355.0
2023-03-09 15:24:00,CSWC,18.094999313354492,18.094999313354492,18.104999542236328,18.09000015258789,18.104999542236328,686.0
2023-03-09 15:24:00,CVBF,21.579999923706055,21.579999923706055,21.610000610351562,21.579999923706055,21.610000610351562,1942.0
2023-03-09 15:24:00,CZNC,21.989999771118164,21.989999771118164,21.989999771118164,21.989999771118164,21.989999771118164,697.0
2023-03-09 15:24:00,DWAC,14.069999694824219,14.069999694824219,14.069999694824219,14.069999694824219,14.069999694824219,225.0
2023-03-09 15:24:00,EBC,14.350000381469727,14.350000381469727,14.354999542236328,14.350000381469727,14.350000381469727,2986.0
2023-03-09 15:24:00,ECPG,50.220001220703125,50.220001220703125,50.22999954223633,50.220001220703125,50.22999954223633,918.0
2023-03-09 15:24:00,EHTH,8.470000267028809,8.470000267028809,8.5,8.470000267028809,8.5,20156.0
2023-03-09 15:24:00,EQBK,27.969999313354492,27.969999313354492,27.969999313354492,27.969999313354492,27.969999313354492,669.0
2023-03-09 15:24:00,ESQ,40.06999969482422,40.06999969482422,40.540000915527344,40.06999969482422,40.540000915527344,616.0
2023-03-09 15:24:00,EWBC,67.08000183105469,67.08000183105469,67.16000366210938,67.08000183105469,67.16000366210938,1374.0
2023-03-09 15:24:00,EZPW,8.74530029296875,8.74530029296875,8.74530029296875,8.744999885559082,8.744999885559082,873.0
2023-03-09 15:24:00,FBMS,28.854999542236328,28.854999542236328,28.854999542236328,28.850000381469727,28.850000381469727,887.0
2023-03-09 15:24:00,FBNC,38.57500076293945,38.57500076293945,38.60499954223633,38.54999923706055,38.60499954223633,1256.0
2023-03-09 15:24:00,FCFS,88.69999694824219,88.69999694824219,88.81999969482422,88.69999694824219,88.81999969482422,1702.0
2023-03-09 15:24:00,FCNCA,642.0,642.0,642.0,642.0,642.0,247.0
2023-03-09 15:24:00,FCRD,4.550000190734863,4.550000190734863,4.550000190734863,4.550000190734863,4.550000190734863,100.0
2023-03-09 15:24:00,FDUS,19.938100814819336,19.938100814819336,19.966999053955078,19.90999984741211,19.959999084472656,4069.0
2023-03-09 15:24:00,FEXD,10.458499908447266,10.458499908447266,10.460000038146973,10.454999923706055,10.454999923706055,1500.0
2023-03-09 15:24:00,FFBC,22.219999313354492,22.219999313354492,22.219999313354492,22.219999313354492,22.219999313354492,170.0
2023-03-09 15:24:00,FFIC,17.170000076293945,17.170000076293945,17.170000076293945,17.170000076293945,17.170000076293945,645.0
2023-03-09 15:24:00,FFIN,33.40999984741211,33.40999984741211,33.45000076293945,33.40999984741211,33.45000076293945,1329.0
2023-03-09 15:24:00,FFNW,14.75,14.75,14.75,14.75,14.75,104.0
2023-03-09 15:24:00,FFWM,12.760000228881836,12.760000228881836,12.770000457763672,12.760000228881836,12.770000457763672,647.0
2023-03-09 15:24:00,FHB,23.860000610351562,23.860000610351562,23.8700008392334,23.854999542236328,23.8700008392334,1724.0
2023-03-09 15:24:00,FIBK,31.985000610351562,31.985000610351562,32.01499938964844,31.985000610351562,32.01499938964844,1149.0
2023-03-09 15:24:00,FITB,31.690000534057617,31.690000534057617,31.729999542236328,31.684999465942383,31.729999542236328,14230.0
2023-03-09 15:24:00,FMNB,13.1899995803833,13.1899995803833,13.1899995803833,13.1899995803833,13.1899995803833,241.0
2023-03-09 15:24:00,FOCS,51.55500030517578,51.55500030517578,51.562400817871094,51.54999923706055,51.562400817871094,9292.0
2023-03-09 15:24:00,FRBK,1.6799999475479126,1.6799999475479126,1.6799999475479126,1.6799999475479126,1.6799999475479126,100.0
2023-03-09 15:24:00,FRHC,71.77999877929688,71.77999877929688,71.77999877929688,71.77999877929688,71.77999877929688,102.0
2023-03-09 15:24:00,FRME,37.25,37.25,37.25,37.2400016784668,37.25,660.0
2023-03-09 15:24:00,FULT,15.579999923706055,15.579999923706055,15.595000267028809,15.579999923706055,15.595000267028809,1788.0
2023-03-09 15:24:00,FUTU,46.1150016784668,46.1150016784668,46.17499923706055,46.1150016784668,46.150001525878906,1920.0
2023-03-09 15:24:00,FVCB,13.15999984741211,13.15999984741211,13.15999984741211,13.109999656677246,13.109999656677246,1066.0
2023-03-09 15:24:00,GABC,35.720001220703125,35.720001220703125,35.720001220703125,35.720001220703125,35.720001220703125,264.0
2023-03-09 15:24:00,GAIN,13.430000305175781,13.430000305175781,13.430000305175781,13.430000305175781,13.430000305175781,221.0
2023-03-09 15:24:00,GBDC,13.220999717712402,13.220999717712402,13.220999717712402,13.220000267028809,13.220000267028809,566.0
2023-03-09 15:24:00,GENQW,0.09229999780654907,0.09229999780654907,0.09989999979734421,0.08500000089406967,0.08500000089406967,15768.0
2023-03-09 15:24:00,GGAL,12.6072998046875,12.6072998046875,12.619999885559082,12.59000015258789,12.619999885559082,2142.0
2023-03-09 15:24:00,GLAD,9.769100189208984,9.769100189208984,9.769100189208984,9.769100189208984,9.769100189208984,984.0
2023-03-09 15:24:00,GOCO,18.600000381469727,18.600000381469727,18.600000381469727,18.459999084472656,18.459999084472656,320.0
2023-03-09 15:24:00,GSHD,50.53499984741211,50.53499984741211,50.599998474121094,50.52000045776367,50.599998474121094,1176.0
2023-03-09 15:24:00,HAFC,21.700000762939453,21.700000762939453,21.700000762939453,21.700000762939453,21.700000762939453,500.0
2023-03-09 15:24:00,HALL,11.069000244140625,11.069000244140625,11.069000244140625,11.069000244140625,11.069000244140625,165.0
2023-03-09 15:24:00,HBAN,13.78499984741211,13.78499984741211,13.805000305175781,13.78499984741211,13.805000305175781,58454.0
2023-03-09 15:24:00,HBANP,18.860000610351562,18.860000610351562,18.860000610351562,18.860000610351562,18.860000610351562,1036.0
2023-03-09 15:24:00,HBNC,13.760000228881836,13.760000228881836,13.779999732971191,13.760000228881836,13.779999732971191,1289.0
2023-03-09 15:24:00,HFWA,24.40999984741211,24.40999984741211,24.40999984741211,24.389999389648438,24.389999389648438,1538.0
2023-03-09 15:24:00,HGBL,2.5,2.5,2.5,2.5,2.5,1700.0
2023-03-09 15:24:00,HIVE,2.384999990463257,2.384999990463257,2.384999990463257,2.375,2.375,3186.0
2023-03-09 15:24:00,HLNE,74.33999633789062,74.33999633789062,74.33999633789062,74.33999633789062,74.33999633789062,314.0
2023-03-09 15:24:00,HONE,12.619999885559082,12.619999885559082,12.619999885559082,12.619999885559082,12.619999885559082,373.0
2023-03-09 15:24:00,HOPE,11.704999923706055,11.704999923706055,11.71500015258789,11.704999923706055,11.710000038146973,8347.0
2023-03-09 15:24:00,HPLTW,0.09000000357627869,0.09000000357627869,0.09000000357627869,0.08500000089406967,0.08500000089406967,752.0
2023-03-09 15:24:00,HRZN,11.649999618530273,11.649999618530273,11.652099609375,11.649999618530273,11.652099609375,886.0
2023-03-09 15:24:00,HTBK,10.779999732971191,10.779999732971191,10.789999961853027,10.779999732971191,10.789999961853027,2875.0
2023-03-09 15:24:00,HTLF,45.34000015258789,45.34000015258789,45.34000015258789,45.34000015258789,45.34000015258789,105.0
2023-03-09 15:24:00,HUT,1.2649999856948853,1.2649999856948853,1.2710000276565552,1.2599999904632568,1.2699999809265137,8398.0
2023-03-09 15:24:00,HWC,43.41999816894531,43.41999816894531,43.470001220703125,43.41999816894531,43.470001220703125,1021.0
2023-03-09 15:24:00,IBCP,20.43199920654297,20.43199920654297,20.43199920654297,20.43199920654297,20.43199920654297,277.0
2023-03-09 15:24:00,IBKR,85.90499877929688,85.90499877929688,86.08000183105469,85.90499877929688,86.08000183105469,3103.0
2023-03-09 15:24:00,IBOC,44.77000045776367,44.77000045776367,44.79999923706055,44.77000045776367,44.79999923706055,890.0
2023-03-09 15:24:00,IBTX,52.349998474121094,52.349998474121094,52.349998474121094,52.310001373291016,52.349998474121094,404.0
2023-03-09 15:24:00,ICMB,3.8803000450134277,3.8803000450134277,3.890000104904175,3.8803000450134277,3.890000104904175,1077.0
2023-03-09 15:24:00,INDB,71.41999816894531,71.41999816894531,71.43000030517578,71.41999816894531,71.43000030517578,688.0
2023-03-09 15:25:00,ABCB,42.35499954223633,42.35499954223633,42.380001068115234,42.34000015258789,42.369998931884766,2561.0
2023-03-09 15:25:00,ACGL,68.30000305175781,68.30000305175781,68.30000305175781,68.19999694824219,68.19999694824219,5185.0
2023-03-09 15:25:00,ACNB,34.54199981689453,34.54199981689453,34.54199981689453,34.54199981689453,34.54199981689453,308.0
2023-03-09 15:25:00,ACQR,10.204999923706055,10.204999923706055,10.204999923706055,10.204999923706055,10.204999923706055,100.0
2023-03-09 15:25:00,ACT,23.68000030517578,23.68000030517578,23.68000030517578,23.68000030517578,23.68000030517578,102.0
2023-03-09 15:25:00,AIB,10.510000228881836,10.510000228881836,10.510000228881836,10.510000228881836,10.510000228881836,1097.0
2023-03-09 15:25:00,AMAL,21.059999465942383,21.059999465942383,21.059999465942383,21.049999237060547,21.049999237060547,613.0
2023-03-09 15:25:00,AMRK,28.040000915527344,28.040000915527344,28.040000915527344,28.020000457763672,28.020000457763672,801.0
2023-03-09 15:25:00,AMTB,25.270000457763672,25.270000457763672,25.290000915527344,25.270000457763672,25.290000915527344,388.0
2023-03-09 15:25:00,APLD,2.0,2.0,2.009999990463257,2.0,2.005000114440918,5069.0
2023-03-09 15:25:00,ARCC,18.55500030517578,18.55500030517578,18.559999465942383,18.54199981689453,18.549999237060547,12642.0
2023-03-09 15:25:00,AUB,36.38999938964844,36.38999938964844,36.38999938964844,36.345001220703125,36.36000061035156,3938.0
2023-03-09 15:25:00,BANR,56.77000045776367,56.77000045776367,56.77000045776367,56.75,56.75,359.0
2023-03-09 15:25:00,BGCP,4.974999904632568,4.974999904632568,4.989999771118164,4.974999904632568,4.980000019073486,9348.0
2023-03-09 15:25:00,BHF,51.845001220703125,51.845001220703125,51.849998474121094,51.845001220703125,51.849998474121094,304.0
2023-03-09 15:25:00,BHFAO,24.059999465942383,24.059999465942383,24.059999465942383,24.059999465942383,24.059999465942383,100.0
2023-03-09 15:25:00,BHFAP,23.845800399780273,23.845800399780273,23.850000381469727,23.829999923706055,23.850000381469727,3663.0
2023-03-09 15:25:00,BITF,0.7013999819755554,0.7013999819755554,0.7050999999046326,0.699999988079071,0.7050999999046326,37255.0
2023-03-09 15:25:00,BKCC,3.5999999046325684,3.5999999046325684,3.5999999046325684,3.5999999046325684,3.5999999046325684,109.0
2023-03-09 15:25:00,BMRC,26.975000381469727,26.975000381469727,26.975000381469727,26.975000381469727,26.975000381469727,275.0
2023-03-09 15:25:00,BOTJ,13.0,13.0,13.0,12.989999771118164,12.989999771118164,1923.0
2023-03-09 15:25:00,BPOP,62.0,62.0,62.0,61.849998474121094,61.88999938964844,6685.0
2023-03-09 15:25:00,BRKL,11.53499984741211,11.53499984741211,11.53499984741211,11.529999732971191,11.529999732971191,692.0
2023-03-09 15:25:00,BRP,25.100000381469727,25.100000381469727,25.100000381469727,25.100000381469727,25.100000381469727,213.0
2023-03-09 15:25:00,BTBT,1.0800000429153442,1.0800000429153442,1.0800000429153442,1.0700000524520874,1.0700000524520874,20196.0
2023-03-09 15:25:00,BUSE,22.549999237060547,22.549999237060547,22.549999237060547,22.549999237060547,22.549999237060547,242.0
2023-03-09 15:25:00,BYFC,1.2199000120162964,1.2199000120162964,1.2199000120162964,1.2100000381469727,1.2100000381469727,3500.0
2023-03-09 15:25:00,CARE,16.264999389648438,16.264999389648438,16.264999389648438,16.264999389648438,16.264999389648438,244.0
2023-03-09 15:25:00,CASH,46.970001220703125,46.970001220703125,46.97999954223633,46.959999084472656,46.959999084472656,2065.0
2023-03-09 15:25:00,CATY,38.7400016784668,38.7400016784668,38.7400016784668,38.689998626708984,38.689998626708984,1004.0
2023-03-09 15:25:00,CBNK,18.799999237060547,18.799999237060547,18.799999237060547,18.790000915527344,18.790000915527344,364.0
2023-03-09 15:25:00,CBSH,61.72999954223633,61.72999954223633,61.72999954223633,61.65999984741211,61.65999984741211,1660.0
2023-03-09 15:25:00,CCNE,22.594999313354492,22.594999313354492,22.594999313354492,22.594999313354492,22.594999313354492,247.0
2023-03-09 15:25:00,CFB,12.270000457763672,12.270000457763672,12.270000457763672,12.270000457763672,12.270000457763672,346.0
2023-03-09 15:25:00,CFFN,7.525000095367432,7.525000095367432,7.53000020980835,7.519999980926514,7.519999980926514,522.0
2023-03-09 15:25:00,CG,33.19499969482422,33.19499969482422,33.19499969482422,33.15999984741211,33.15999984741211,2026.0
2023-03-09 15:25:00,CGBD,14.869999885559082,14.869999885559082,14.869999885559082,14.850000381469727,14.850000381469727,716.0
2023-03-09 15:25:00,CHCO,91.76000213623047,91.76000213623047,91.76000213623047,91.76000213623047,91.76000213623047,186.0
2023-03-09 15:25:00,CHMG,48.489898681640625,48.489898681640625,48.489898681640625,48.489898681640625,48.489898681640625,953.0
2023-03-09 15:25:00,CHW,5.954999923706055,5.954999923706055,5.954999923706055,5.954999923706055,5.954999923706055,121.0
2023-03-09 15:25:00,CHY,12.09000015258789,12.09000015258789,12.09000015258789,12.079999923706055,12.079999923706055,2100.0
2023-03-09 15:25:00,CINF,114.83999633789062,114.83999633789062,114.83999633789062,114.76000213623047,114.7699966430664,2221.0
2023-03-09 15:25:00,CITEW,0.09009999781847,0.09009999781847,0.09009999781847,0.09009999781847,0.09009999781847,717.0
2023-03-09 15:25:00,CLBK,19.719999313354492,19.719999313354492,19.729999542236328,19.719999313354492,19.729999542236328,1073.0
2023-03-09 15:25:00,CME,177.30999755859375,177.30999755859375,177.30999755859375,177.1199951171875,177.1199951171875,4396.0
2023-03-09 15:25:00,COLB,24.809999465942383,24.809999465942383,24.809999465942383,24.790000915527344,24.80500030517578,9282.0
2023-03-09 15:25:00,COOP,43.630001068115234,43.630001068115234,43.630001068115234,43.58000183105469,43.58000183105469,736.0
2023-03-09 15:25:00,CSQ,13.675000190734863,13.675000190734863,13.675000190734863,13.65999984741211,13.65999984741211,322.0
2023-03-09 15:25:00,CSWC,18.100000381469727,18.100000381469727,18.100000381469727,18.094999313354492,18.094999313354492,611.0
2023-03-09 15:25:00,CTBI,40.31999969482422,40.31999969482422,40.31999969482422,40.31999969482422,40.31999969482422,727.0
2023-03-09 15:25:00,CVBF,21.610000610351562,21.610000610351562,21.6200008392334,21.59000015258789,21.59000015258789,3728.0
2023-03-09 15:25:00,CVCY,24.489999771118164,24.489999771118164,24.489999771118164,24.489999771118164,24.489999771118164,330.0
2023-03-09 15:25:00,DGICA,14.989999771118164,14.989999771118164,14.989999771118164,14.989999771118164,14.989999771118164,1079.0
2023-03-09 15:25:00,DHIL,170.82000732421875,170.82000732421875,171.0,170.82000732421875,170.99000549316406,725.0
2023-03-09 15:25:00,DISAU,10.6899995803833,10.6899995803833,10.6899995803833,10.6899995803833,10.6899995803833,300.0
2023-03-09 15:25:00,EBC,14.329999923706055,14.329999923706055,14.34000015258789,14.319999694824219,14.34000015258789,4872.0
2023-03-09 15:25:00,EGBN,40.06999969482422,40.06999969482422,40.06999969482422,40.06999969482422,40.06999969482422,1069.0
2023-03-09 15:25:00,ESGR,230.55999755859375,230.55999755859375,230.6199951171875,230.55999755859375,230.6199951171875,249.0
2023-03-09 15:25:00,ESGRP,23.06999969482422,23.06999969482422,23.06999969482422,23.06999969482422,23.06999969482422,648.0
2023-03-09 15:25:00,ESQ,40.17499923706055,40.17499923706055,40.31999969482422,40.099998474121094,40.29499816894531,835.0
2023-03-09 15:25:00,EWBC,67.16000366210938,67.16000366210938,67.16000366210938,67.0199966430664,67.05000305175781,2934.0
2023-03-09 15:25:00,EZPW,8.75,8.75,8.75,8.75,8.75,411.0
2023-03-09 15:25:00,FBMS,28.829999923706055,28.829999923706055,28.84000015258789,28.809999465942383,28.84000015258789,1357.0
2023-03-09 15:25:00,FBNC,38.58000183105469,38.58000183105469,38.58000183105469,38.57500076293945,38.57500076293945,229.0
2023-03-09 15:25:00,FCFS,88.70500183105469,88.70500183105469,88.70500183105469,88.70500183105469,88.70500183105469,105.0
2023-03-09 15:25:00,FCNCA,641.9249877929688,641.9249877929688,641.9249877929688,641.9249877929688,641.9249877929688,971.0
2023-03-09 15:25:00,FCRD,4.570000171661377,4.570000171661377,4.570000171661377,4.550000190734863,4.550000190734863,300.0
2023-03-09 15:25:00,FEXD,10.454999923706055,10.454999923706055,10.454999923706055,10.454999923706055,10.454999923706055,100.0
2023-03-09 15:25:00,FFBC,22.219999313354492,22.219999313354492,22.229999542236328,22.200000762939453,22.200000762939453,1168.0
2023-03-09 15:25:00,FFIN,33.459999084472656,33.459999084472656,33.459999084472656,33.40999984741211,33.40999984741211,1344.0
2023-03-09 15:25:00,FFWM,12.760000228881836,12.760000228881836,12.779999732971191,12.75,12.75,3900.0
2023-03-09 15:25:00,FHB,23.889999389648438,23.889999389648438,23.889999389648438,23.860000610351562,23.864999771118164,1950.0
2023-03-09 15:25:00,FIBK,32.02000045776367,32.02000045776367,32.02000045776367,31.960100173950195,31.969999313354492,3706.0
2023-03-09 15:25:00,FITB,31.719999313354492,31.719999313354492,31.719999313354492,31.68000030517578,31.684999465942383,17883.0
2023-03-09 15:25:00,FITBP,24.06999969482422,24.06999969482422,24.06999969482422,24.06999969482422,24.06999969482422,100.0
2023-03-09 15:25:00,FMIV,10.150099754333496,10.150099754333496,10.15999984741211,10.149999618530273,10.149999618530273,822.0
2023-03-09 15:25:00,FOCS,51.54999923706055,51.54999923706055,51.560001373291016,51.54999923706055,51.55500030517578,3715.0
2023-03-09 15:25:00,FRME,37.27000045776367,37.27000045776367,37.27000045776367,37.22999954223633,37.27000045776367,905.0
2023-03-09 15:25:00,FULT,15.59000015258789,15.59000015258789,15.59000015258789,15.579999923706055,15.579999923706055,5418.0
2023-03-09 15:25:00,FUTU,46.14500045776367,46.14500045776367,46.150001525878906,46.09000015258789,46.099998474121094,2598.0
2023-03-09 15:25:00,FVCB,13.15999984741211,13.15999984741211,13.15999984741211,13.15999984741211,13.15999984741211,414.0
2023-03-09 15:25:00,GABC,35.72999954223633,35.72999954223633,35.72999954223633,35.72999954223633,35.72999954223633,154.0
2023-03-09 15:25:00,GAIN,13.431500434875488,13.431500434875488,13.439000129699707,13.431500434875488,13.439000129699707,575.0
2023-03-09 15:25:00,GBDC,13.210000038146973,13.210000038146973,13.220000267028809,13.204999923706055,13.220000267028809,7369.0
2023-03-09 15:25:00,GCBC,53.5,53.5,53.5,52.6172981262207,53.2400016784668,1525.0
2023-03-09 15:25:00,GGAL,12.609999656677246,12.609999656677246,12.609999656677246,12.609999656677246,12.609999656677246,509.0
2023-03-09 15:25:00,GLAD,9.766799926757812,9.766799926757812,9.766799926757812,9.7608003616333,9.7608003616333,640.0
2023-03-09 15:25:00,GSBC,53.91999816894531,53.91999816894531,53.91999816894531,53.91999816894531,53.91999816894531,388.0
2023-03-09 15:25:00,GSHD,50.47999954223633,50.47999954223633,50.47999954223633,50.47999954223633,50.47999954223633,213.0
2023-03-09 15:25:00,HBAN,13.795000076293945,13.795000076293945,13.800000190734863,13.78499984741211,13.78499984741211,81819.0
2023-03-09 15:25:00,HBCP,36.25,36.25,36.25,36.16999816894531,36.16999816894531,725.0
2023-03-09 15:25:00,HBNC,13.770000457763672,13.770000457763672,13.770000457763672,13.770000457763672,13.770000457763672,631.0
2023-03-09 15:25:00,HFWA,24.434999465942383,24.434999465942383,24.450000762939453,24.420000076293945,24.440000534057617,1408.0
2023-03-09 15:25:00,HGBL,2.4800000190734863,2.4800000190734863,2.490000009536743,2.4600000381469727,2.490000009536743,2339.0
2023-03-09 15:25:00,HIVE,2.378999948501587,2.378999948501587,2.380000114440918,2.375,2.380000114440918,2920.0
2023-03-09 15:25:00,HLNE,74.19999694824219,74.19999694824219,74.19999694824219,74.19999694824219,74.19999694824219,388.0
2023-03-09 15:25:00,HMST,22.219999313354492,22.219999313354492,22.219999313354492,22.190000534057617,22.190000534057617,533.0
2023-03-09 15:25:00,HONE,12.619999885559082,12.619999885559082,12.619999885559082,12.619999885559082,12.619999885559082,471.0
2023-03-09 15:25:00,HOPE,11.71500015258789,11.71500015258789,11.71500015258789,11.699999809265137,11.704999923706055,7850.0
2023-03-09 15:25:00,HTBI,27.704999923706055,27.704999923706055,27.704999923706055,27.704999923706055,27.704999923706055,100.0
2023-03-09 15:25:00,HTBK,10.800000190734863,10.800000190734863,10.800000190734863,10.789999961853027,10.789999961853027,834.0
2023-03-09 15:25:00,HTLF,45.369998931884766,45.369998931884766,45.369998931884766,45.31999969482422,45.31999969482422,1605.0
2023-03-09 15:25:00,HUIZ,1.3601000308990479,1.3601000308990479,1.3609999418258667,1.3600000143051147,1.3609999418258667,3700.0
2023-03-09 15:25:00,HUT,1.26010000705719,1.26010000705719,1.2699999809265137,1.26010000705719,1.2645000219345093,23147.0
2023-03-09 15:25:00,HVBC,30.670000076293945,30.670000076293945,30.670000076293945,30.670000076293945,30.670000076293945,100.0
2023-03-09 15:25:00,HWBK,24.84000015258789,24.84000015258789,24.84000015258789,24.84000015258789,24.84000015258789,286.0
2023-03-09 15:25:00,HWC,43.45000076293945,43.45000076293945,43.459999084472656,43.42499923706055,43.440799713134766,1801.0
2023-03-09 15:25:00,IBCP,20.489999771118164,20.489999771118164,20.489999771118164,20.469999313354492,20.469999313354492,221.0
2023-03-09 15:25:00,IBKR,85.9800033569336,85.9800033569336,86.01000213623047,85.84500122070312,85.87999725341797,10554.0
2023-03-09 15:25:00,IBOC,44.84000015258789,44.84000015258789,44.84000015258789,44.75749969482422,44.75749969482422,806.0
2023-03-09 15:25:00,IBTX,52.400001525878906,52.400001525878906,52.400001525878906,52.349998474121094,52.349998474121094,938.0
2023-03-09 15:25:00,INDB,71.44499969482422,71.44499969482422,71.48999786376953,71.4000015258789,71.44000244140625,1829.0
2023-03-09 15:26:00,ABCB,42.349998474121094,42.349998474121094,42.349998474121094,42.34000015258789,42.34000015258789,2299.0
2023-03-09 15:26:00,ACGL,68.33000183105469,68.33000183105469,68.33999633789062,68.30000305175781,68.30000305175781,6874.0
2023-03-09 15:26:00,ANZU,9.9399995803833,9.9399995803833,9.9399995803833,9.9399995803833,9.9399995803833,564.0
2023-03-09 15:26:00,APLD,2.0100998878479004,2.0100998878479004,2.0199999809265137,1.9950000047683716,2.005000114440918,48780.0
2023-03-09 15:26:00,ARBK,1.3600000143051147,1.3600000143051147,1.3600000143051147,1.3600000143051147,1.3600000143051147,180.0
2023-03-09 15:26:00,ARCC,18.565000534057617,18.565000534057617,18.56999969482422,18.554000854492188,18.559999465942383,18323.0
2023-03-09 15:26:00,AUB,36.3849983215332,36.3849983215332,36.3849983215332,36.380001068115234,36.380001068115234,604.0
2023-03-09 15:26:00,BANF,85.62999725341797,85.62999725341797,85.62999725341797,85.62999725341797,85.62999725341797,297.0
2023-03-09 15:26:00,BANR,56.77000045776367,56.77000045776367,56.77000045776367,56.77000045776367,56.77000045776367,267.0
2023-03-09 15:26:00,BFIN,9.979999542236328,9.979999542236328,9.979999542236328,9.979999542236328,9.979999542236328,336.0
2023-03-09 15:26:00,BFST,18.540000915527344,18.540000915527344,18.540000915527344,18.540000915527344,18.540000915527344,213.0
2023-03-09 15:26:00,BGCP,4.974999904632568,4.974999904632568,4.980000019073486,4.974999904632568,4.974999904632568,2147.0
2023-03-09 15:26:00,BHF,51.869998931884766,51.869998931884766,51.880001068115234,51.849998474121094,51.880001068115234,990.0
2023-03-09 15:26:00,BITF,0.7038999795913696,0.7038999795913696,0.7038999795913696,0.7002000212669373,0.7006999850273132,52873.0
2023-03-09 15:26:00,BOKF,94.91999816894531,94.91999816894531,94.98999786376953,94.91999816894531,94.9800033569336,1011.0
2023-03-09 15:26:00,BOTJ,12.999899864196777,12.999899864196777,13.0,12.999899864196777,13.0,13800.0
2023-03-09 15:26:00,BPOP,62.01499938964844,62.01499938964844,62.04999923706055,62.01499938964844,62.029998779296875,670.0
2023-03-09 15:26:00,BRKL,11.550000190734863,11.550000190734863,11.550000190734863,11.53499984741211,11.53499984741211,4539.0
2023-03-09 15:26:00,BRP,25.155000686645508,25.155000686645508,25.155000686645508,25.110000610351562,25.135000228881836,542.0
2023-03-09 15:26:00,BUSE,22.549999237060547,22.549999237060547,22.549999237060547,22.549999237060547,22.549999237060547,448.0
2023-03-09 15:26:00,BYFC,1.2079999446868896,1.2079999446868896,1.2200000286102295,1.2079999446868896,1.2200000286102295,2260.0
2023-03-09 15:26:00,CATY,38.7599983215332,38.7599983215332,38.77000045776367,38.7599983215332,38.77000045776367,1506.0
2023-03-09 15:26:00,CBSH,61.744998931884766,61.744998931884766,61.7599983215332,61.73500061035156,61.73500061035156,951.0
2023-03-09 15:26:00,CCBG,32.97800064086914,32.97800064086914,32.97800064086914,32.97800064086914,32.97800064086914,230.0
2023-03-09 15:26:00,CCD,22.729999542236328,22.729999542236328,22.729999542236328,22.729999542236328,22.729999542236328,905.0
2023-03-09 15:26:00,CFFN,7.525000095367432,7.525000095367432,7.53000020980835,7.525000095367432,7.53000020980835,1697.0
2023-03-09 15:26:00,CG,33.2400016784668,33.2400016784668,33.2400016784668,33.220001220703125,33.220001220703125,4248.0
2023-03-09 15:26:00,CHCO,91.83000183105469,91.83000183105469,91.83000183105469,91.76000213623047,91.76000213623047,698.0
2023-03-09 15:26:00,CHY,12.109999656677246,12.109999656677246,12.109999656677246,12.108599662780762,12.109999656677246,620.0
2023-03-09 15:26:00,CIFR,1.4299999475479126,1.4299999475479126,1.4299999475479126,1.4299999475479126,1.4299999475479126,321.0
2023-03-09 15:26:00,CINF,114.86499786376953,114.86499786376953,114.86499786376953,114.86499786376953,114.86499786376953,162.0
2023-03-09 15:26:00,CLBK,19.739999771118164,19.739999771118164,19.739999771118164,19.739999771118164,19.739999771118164,293.0
2023-03-09 15:26:00,CME,177.2899932861328,177.2899932861328,177.35000610351562,177.27000427246094,177.27999877929688,6051.0
2023-03-09 15:26:00,CNNB,16.25,16.25,16.260000228881836,16.25,16.260000228881836,2092.0
2023-03-09 15:26:00,COLB,24.825000762939453,24.825000762939453,24.829999923706055,24.815000534057617,24.81999969482422,8030.0
2023-03-09 15:26:00,COOP,43.845001220703125,43.845001220703125,43.845001220703125,43.66999816894531,43.66999816894531,7323.0
2023-03-09 15:26:00,CSWC,18.09000015258789,18.09000015258789,18.100000381469727,18.09000015258789,18.100000381469727,4878.0
2023-03-09 15:26:00,CVBF,21.6299991607666,21.6299991607666,21.6299991607666,21.6200008392334,21.6200008392334,1163.0
2023-03-09 15:26:00,CVCY,24.5,24.5,24.5,24.5,24.5,558.0
2023-03-09 15:26:00,DCOM,29.329999923706055,29.329999923706055,29.329999923706055,29.329999923706055,29.329999923706055,100.0
2023-03-09 15:26:00,DGICA,14.979999542236328,14.979999542236328,14.989999771118164,14.979999542236328,14.989999771118164,1000.0
2023-03-09 15:26:00,DHIL,170.81500244140625,170.81500244140625,170.81500244140625,170.81500244140625,170.81500244140625,181.0
2023-03-09 15:26:00,EBC,14.324999809265137,14.324999809265137,14.324999809265137,14.324999809265137,14.324999809265137,550.0
2023-03-09 15:26:00,ECPG,50.18000030517578,50.18000030517578,50.18000030517578,50.16999816894531,50.16999816894531,682.0
2023-03-09 15:26:00,EFSC,51.310001373291016,51.310001373291016,51.310001373291016,51.310001373291016,51.310001373291016,262.0
2023-03-09 15:26:00,EGBN,40.13999938964844,40.13999938964844,40.13999938964844,40.08000183105469,40.08000183105469,519.0
2023-03-09 15:26:00,EQBK,28.010000228881836,28.010000228881836,28.010000228881836,28.010000228881836,28.010000228881836,414.0
2023-03-09 15:26:00,ESGRP,23.172300338745117,23.172300338745117,23.172300338745117,23.172300338745117,23.172300338745117,100.0
2023-03-09 15:26:00,ESQ,40.130001068115234,40.130001068115234,40.25,40.125,40.18000030517578,1157.0
2023-03-09 15:26:00,ESSA,18.780000686645508,18.780000686645508,18.799999237060547,18.760000228881836,18.799999237060547,1692.0
2023-03-09 15:26:00,EWBC,67.19000244140625,67.19000244140625,67.19000244140625,67.16999816894531,67.16999816894531,904.0
2023-03-09 15:26:00,EZPW,8.760000228881836,8.760000228881836,8.770000457763672,8.7524995803833,8.760000228881836,984.0
2023-03-09 15:26:00,FBNC,38.529998779296875,38.529998779296875,38.58000183105469,38.5099983215332,38.58000183105469,6357.0
2023-03-09 15:26:00,FCFS,88.69000244140625,88.69000244140625,88.69000244140625,88.69000244140625,88.69000244140625,359.0
2023-03-09 15:26:00,FDUS,19.96500015258789,19.96500015258789,19.96500015258789,19.96500015258789,19.96500015258789,416.0
2023-03-09 15:26:00,FFBC,22.24799919128418,22.24799919128418,22.24799919128418,22.24799919128418,22.24799919128418,765.0
2023-03-09 15:26:00,FFIC,17.200000762939453,17.200000762939453,17.200000762939453,17.200000762939453,17.200000762939453,275.0
2023-03-09 15:26:00,FFIN,33.4900016784668,33.4900016784668,33.4900016784668,33.470001220703125,33.470001220703125,1196.0
2023-03-09 15:26:00,FFWM,12.770000457763672,12.770000457763672,12.770000457763672,12.770000457763672,12.770000457763672,201.0
2023-03-09 15:26:00,FHB,23.889999389648438,23.889999389648438,23.889999389648438,23.8799991607666,23.889999389648438,1504.0
2023-03-09 15:26:00,FIBK,32.040000915527344,32.040000915527344,32.040000915527344,32.02000045776367,32.02000045776367,1251.0
2023-03-09 15:26:00,FISI,23.1299991607666,23.1299991607666,23.1299991607666,23.1299991607666,23.1299991607666,847.0
2023-03-09 15:26:00,FITB,31.739999771118164,31.739999771118164,31.739999771118164,31.700000762939453,31.709999084472656,12462.0
2023-03-09 15:26:00,FITBI,25.149999618530273,25.149999618530273,25.149999618530273,25.100000381469727,25.100000381469727,1122.0
2023-03-09 15:26:00,FITBP,24.030000686645508,24.030000686645508,24.040000915527344,24.030000686645508,24.030000686645508,338.0
2023-03-09 15:26:00,FLIC,16.1200008392334,16.1200008392334,16.1200008392334,16.1200008392334,16.1200008392334,202.0
2023-03-09 15:26:00,FMNB,13.1899995803833,13.1899995803833,13.1899995803833,13.1899995803833,13.1899995803833,573.0
2023-03-09 15:26:00,FNWB,13.449999809265137,13.449999809265137,13.449999809265137,13.449999809265137,13.449999809265137,536.0
2023-03-09 15:26:00,FOCS,51.55500030517578,51.55500030517578,51.560001373291016,51.54999923706055,51.560001373291016,2183.0
2023-03-09 15:26:00,FRBK,1.684999942779541,1.684999942779541,1.684999942779541,1.684999942779541,1.684999942779541,118.0
2023-03-09 15:26:00,FRHC,71.51000213623047,71.51000213623047,71.51000213623047,71.51000213623047,71.51000213623047,410.0
2023-03-09 15:26:00,FRME,37.25,37.25,37.25,37.25,37.25,304.0
2023-03-09 15:26:00,FSBW,33.154998779296875,33.154998779296875,33.154998779296875,33.150001525878906,33.150001525878906,405.0
2023-03-09 15:26:00,FULT,15.600000381469727,15.600000381469727,15.600000381469727,15.595000267028809,15.595000267028809,1265.0
2023-03-09 15:26:00,FUTU,46.130001068115234,46.130001068115234,46.130001068115234,46.130001068115234,46.130001068115234,694.0
2023-03-09 15:26:00,FVCB,13.210000038146973,13.210000038146973,13.210000038146973,13.199999809265137,13.199999809265137,472.0
2023-03-09 15:26:00,GBDC,13.210000038146973,13.210000038146973,13.21500015258789,13.204299926757812,13.204299926757812,9550.0
2023-03-09 15:26:00,GCBC,53.599998474121094,53.599998474121094,53.599998474121094,53.46039962768555,53.46039962768555,567.0
2023-03-09 15:26:00,GGAA,10.84000015258789,10.84000015258789,10.84000015258789,10.84000015258789,10.84000015258789,100.0
2023-03-09 15:26:00,GLBZ,7.860000133514404,7.860000133514404,7.860000133514404,7.849999904632568,7.855000019073486,752.0
2023-03-09 15:26:00,GSHD,50.599998474121094,50.599998474121094,50.599998474121094,50.560001373291016,50.560001373291016,1789.0
2023-03-09 15:26:00,HAFC,21.729999542236328,21.729999542236328,21.729999542236328,21.729999542236328,21.729999542236328,565.0
2023-03-09 15:26:00,HBAN,13.809900283813477,13.809900283813477,13.8100004196167,13.789999961853027,13.795000076293945,29953.0
2023-03-09 15:26:00,HBNC,13.779999732971191,13.779999732971191,13.779999732971191,13.770000457763672,13.770000457763672,590.0
2023-03-09 15:26:00,HFWA,24.450000762939453,24.450000762939453,24.450000762939453,24.450000762939453,24.450000762939453,499.0
2023-03-09 15:26:00,HGBL,2.4549999237060547,2.4549999237060547,2.4600000381469727,2.4549999237060547,2.4600000381469727,600.0
2023-03-09 15:26:00,HIVE,2.375,2.375,2.375,2.3701000213623047,2.375,2404.0
2023-03-09 15:26:00,HMPT,1.9299999475479126,1.9299999475479126,1.9299999475479126,1.9299999475479126,1.9299999475479126,100.0
2023-03-09 15:26:00,HOPE,11.720000267028809,11.720000267028809,11.729999542236328,11.704999923706055,11.710000038146973,8499.0
2023-03-09 15:26:00,HRZN,11.66569995880127,11.66569995880127,11.680000305175781,11.66569995880127,11.680000305175781,1399.0
2023-03-09 15:26:00,HTBK,10.8149995803833,10.8149995803833,10.819999694824219,10.8149995803833,10.819999694824219,346.0
2023-03-09 15:26:00,HUT,1.269700050354004,1.269700050354004,1.2699999809265137,1.2599999904632568,1.268399953842163,62629.0
2023-03-09 15:26:00,HWC,43.4900016784668,43.4900016784668,43.4900016784668,43.470001220703125,43.470001220703125,959.0
2023-03-09 15:26:00,IBCP,20.459999084472656,20.459999084472656,20.459999084472656,20.459999084472656,20.459999084472656,226.0
2023-03-09 15:26:00,IBKR,85.87999725341797,85.87999725341797,86.0,85.87999725341797,85.98999786376953,7548.0
2023-03-09 15:26:00,IBOC,44.83000183105469,44.83000183105469,44.83000183105469,44.83000183105469,44.83000183105469,633.0
2023-03-09 15:26:00,INDB,71.51000213623047,71.51000213623047,71.51000213623047,71.4800033569336,71.4800033569336,607.0
2023-03-09 15:27:00,ABCB,42.279998779296875,42.279998779296875,42.36000061035156,42.279998779296875,42.34000015258789,3761.0
2023-03-09 15:27:00,ACGL,68.36499786376953,68.36499786376953,68.40989685058594,68.31999969482422,68.31999969482422,17830.0
2023-03-09 15:27:00,ACGLN,18.540000915527344,18.540000915527344,18.540000915527344,18.540000915527344,18.540000915527344,413.0
2023-03-09 15:27:00,ACT,23.739999771118164,23.739999771118164,23.739999771118164,23.739999771118164,23.739999771118164,390.0
2023-03-09 15:27:00,AMAL,21.100000381469727,21.100000381469727,21.100000381469727,21.100000381469727,21.100000381469727,216.0
2023-03-09 15:27:00,AMRK,28.040000915527344,28.040000915527344,28.040000915527344,28.040000915527344,28.040000915527344,105.0
2023-03-09 15:27:00,AMTB,25.281299591064453,25.281299591064453,25.281299591064453,25.281299591064453,25.281299591064453,326.0
2023-03-09 15:27:00,APLD,2.0169999599456787,2.0169999599456787,2.0199999809265137,2.015000104904175,2.0199999809265137,1030.0
2023-03-09 15:27:00,APXIW,0.07999999821186066,0.07999999821186066,0.07999999821186066,0.07999999821186066,0.07999999821186066,0.0
2023-03-09 15:27:00,ARCC,18.575000762939453,18.575000762939453,18.579999923706055,18.55500030517578,18.559999465942383,40782.0
2023-03-09 15:27:00,AUB,36.3849983215332,36.3849983215332,36.400001525878906,36.369998931884766,36.369998931884766,1910.0
2023-03-09 15:27:00,BANR,56.849998474121094,56.849998474121094,56.880001068115234,56.814998626708984,56.814998626708984,1409.0
2023-03-09 15:27:00,BCBP,15.704999923706055,15.704999923706055,15.704999923706055,15.704999923706055,15.704999923706055,100.0
2023-03-09 15:27:00,BCML,19.3700008392334,19.3700008392334,19.3700008392334,19.3700008392334,19.3700008392334,133.0
2023-03-09 15:27:00,BFST,18.56999969482422,18.56999969482422,18.56999969482422,18.56999969482422,18.56999969482422,414.0
2023-03-09 15:27:00,BGCP,4.974999904632568,4.974999904632568,4.980000019073486,4.974999904632568,4.980000019073486,2675.0
2023-03-09 15:27:00,BHF,51.93000030517578,51.93000030517578,51.93000030517578,51.880001068115234,51.93000030517578,1271.0
2023-03-09 15:27:00,BHFAO,24.149999618530273,24.149999618530273,24.389999389648438,24.149999618530273,24.389999389648438,210.0
2023-03-09 15:27:00,BITF,0.7056999802589417,0.7056999802589417,0.7075999975204468,0.7002999782562256,0.7002999782562256,10689.0
2023-03-09 15:27:00,BKCC,3.5999999046325684,3.5999999046325684,3.605299949645996,3.5999999046325684,3.6050000190734863,12048.0
2023-03-09 15:27:00,BOKF,94.95999908447266,94.95999908447266,94.95999908447266,94.95999908447266,94.95999908447266,658.0
2023-03-09 15:27:00,BPOP,62.029998779296875,62.029998779296875,62.060001373291016,62.0099983215332,62.0099983215332,1466.0
2023-03-09 15:27:00,BRKL,11.550000190734863,11.550000190734863,11.5600004196167,11.550000190734863,11.555000305175781,2297.0
2023-03-09 15:27:00,BRP,25.145000457763672,25.145000457763672,25.15999984741211,25.145000457763672,25.15999984741211,475.0
2023-03-09 15:27:00,BTBT,1.070099949836731,1.070099949836731,1.0750000476837158,1.0700000524520874,1.0707999467849731,12500.0
2023-03-09 15:27:00,BUSE,22.579999923706055,22.579999923706055,22.579999923706055,22.559999465942383,22.559999465942383,1320.0
2023-03-09 15:27:00,BYTS,10.190099716186523,10.190099716186523,10.190199851989746,10.1899995803833,10.1899995803833,732.0
2023-03-09 15:27:00,BYTSU,10.170000076293945,10.170000076293945,10.170000076293945,10.170000076293945,10.170000076293945,750.0
2023-03-09 15:27:00,CASH,47.0099983215332,47.0099983215332,47.02000045776367,47.0099983215332,47.02000045776367,2293.0
2023-03-09 15:27:00,CATY,38.77000045776367,38.77000045776367,38.77000045776367,38.77000045776367,38.77000045776367,358.0
2023-03-09 15:27:00,CBSH,61.75,61.75,61.79999923706055,61.75,61.77000045776367,2229.0
2023-03-09 15:27:00,CCAP,14.84000015258789,14.84000015258789,14.84000015258789,14.800000190734863,14.800000190734863,966.0
2023-03-09 15:27:00,CCD,22.760000228881836,22.760000228881836,22.760000228881836,22.75,22.75,1118.0
2023-03-09 15:27:00,CFFN,7.525000095367432,7.525000095367432,7.525000095367432,7.525000095367432,7.525000095367432,208.0
2023-03-09 15:27:00,CG,33.2599983215332,33.2599983215332,33.2599983215332,33.25,33.25,3030.0
2023-03-09 15:27:00,CGBD,14.880000114440918,14.880000114440918,14.880000114440918,14.869999885559082,14.869999885559082,1873.0
2023-03-09 15:27:00,CHY,12.119999885559082,12.119999885559082,12.119999885559082,12.114999771118164,12.119999885559082,900.0
2023-03-09 15:27:00,CIFR,1.4199999570846558,1.4199999570846558,1.4199999570846558,1.4199999570846558,1.4199999570846558,19590.0
2023-03-09 15:27:00,CINF,114.9800033569336,114.9800033569336,115.0,114.94000244140625,114.94000244140625,1599.0
2023-03-09 15:27:00,CLBK,19.7450008392334,19.7450008392334,19.75,19.7450008392334,19.75,295.0
2023-03-09 15:27:00,CME,177.3300018310547,177.3300018310547,177.38999938964844,177.3000030517578,177.3000030517578,2854.0
2023-03-09 15:27:00,CNOB,22.045000076293945,22.045000076293945,22.045000076293945,22.045000076293945,22.045000076293945,1395.0
2023-03-09 15:27:00,COLB,24.829999923706055,24.829999923706055,24.834999084472656,24.815000534057617,24.829999923706055,8868.0
2023-03-09 15:27:00,COOP,43.84000015258789,43.84000015258789,43.849998474121094,43.84000015258789,43.849998474121094,2007.0
2023-03-09 15:27:00,CRZN,10.229900360107422,10.229900360107422,10.229900360107422,10.229900360107422,10.229900360107422,100.0
2023-03-09 15:27:00,CSQ,13.720000267028809,13.720000267028809,13.720000267028809,13.720000267028809,13.720000267028809,408.0
2023-03-09 15:27:00,CSWC,18.104999542236328,18.104999542236328,18.104999542236328,18.104999542236328,18.104999542236328,101.0
2023-03-09 15:27:00,CVBF,21.635000228881836,21.635000228881836,21.639999389648438,21.635000228881836,21.639999389648438,2212.0
2023-03-09 15:27:00,CVLY,24.125,24.125,24.125,24.125,24.125,189.0
2023-03-09 15:27:00,DCOM,29.350000381469727,29.350000381469727,29.350000381469727,29.350000381469727,29.350000381469727,331.0
2023-03-09 15:27:00,DCOMP,18.59000015258789,18.59000015258789,18.59000015258789,18.59000015258789,18.59000015258789,279.0
2023-03-09 15:27:00,DGICA,15.0,15.0,15.0,15.0,15.0,147.0
2023-03-09 15:27:00,DWAC,14.079899787902832,14.079899787902832,14.079899787902832,14.079899787902832,14.079899787902832,614.0
2023-03-09 15:27:00,EBC,14.3149995803833,14.3149995803833,14.324999809265137,14.3149995803833,14.324999809265137,3364.0
2023-03-09 15:27:00,ECPG,50.22999954223633,50.22999954223633,50.22999954223633,50.209999084472656,50.209999084472656,712.0
2023-03-09 15:27:00,EFSC,51.36000061035156,51.36000061035156,51.36000061035156,51.36000061035156,51.36000061035156,282.0
2023-03-09 15:27:00,EGBN,40.119998931884766,40.119998931884766,40.119998931884766,40.119998931884766,40.119998931884766,476.0
2023-03-09 15:27:00,EHTH,8.510000228881836,8.510000228881836,8.510000228881836,8.453700065612793,8.453700065612793,3273.0
2023-03-09 15:27:00,EMLDU,10.239999771118164,10.239999771118164,10.239999771118164,10.239999771118164,10.239999771118164,0.0
2023-03-09 15:27:00,EQBK,28.030000686645508,28.030000686645508,28.030000686645508,28.020000457763672,28.020000457763672,366.0
2023-03-09 15:27:00,ESGR,230.2899932861328,230.2899932861328,230.2899932861328,230.2899932861328,230.2899932861328,254.0
2023-03-09 15:27:00,ESQ,40.029998779296875,40.029998779296875,40.2599983215332,40.0099983215332,40.0099983215332,1863.0
2023-03-09 15:27:00,EWBC,67.2300033569336,67.2300033569336,67.23500061035156,67.20999908447266,67.20999908447266,4235.0
2023-03-09 15:27:00,EZPW,8.770000457763672,8.770000457763672,8.770000457763672,8.770000457763672,8.770000457763672,242.0
2023-03-09 15:27:00,FBNC,38.529998779296875,38.529998779296875,38.529998779296875,38.529998779296875,38.529998779296875,228.0
2023-03-09 15:27:00,FCFS,88.8499984741211,88.8499984741211,88.8499984741211,88.73999786376953,88.73999786376953,2017.0
2023-03-09 15:27:00,FCRD,4.570000171661377,4.570000171661377,4.579999923706055,4.550000190734863,4.550000190734863,300.0
2023-03-09 15:27:00,FDUS,19.969999313354492,19.969999313354492,19.969999313354492,19.930099487304688,19.930099487304688,1274.0
2023-03-09 15:27:00,FFBW,12.359999656677246,12.359999656677246,12.359999656677246,12.359999656677246,12.359999656677246,2477.0
2023-03-09 15:27:00,FFIC,17.209999084472656,17.209999084472656,17.209999084472656,17.209999084472656,17.209999084472656,109.0
2023-03-09 15:27:00,FFIN,33.48500061035156,33.48500061035156,33.48500061035156,33.47999954223633,33.47999954223633,208.0
2023-03-09 15:27:00,FHB,23.889999389648438,23.889999389648438,23.905000686645508,23.8799991607666,23.899999618530273,2611.0
2023-03-09 15:27:00,FIBK,32.02000045776367,32.02000045776367,32.049800872802734,32.0,32.049800872802734,2707.0
2023-03-09 15:27:00,FISI,23.149999618530273,23.149999618530273,23.149999618530273,23.149999618530273,23.149999618530273,671.0
2023-03-09 15:27:00,FITB,31.760000228881836,31.760000228881836,31.760000228881836,31.739999771118164,31.739999771118164,16659.0
2023-03-09 15:27:00,FITBP,24.040000915527344,24.040000915527344,24.040000915527344,24.040000915527344,24.040000915527344,200.0
2023-03-09 15:27:00,FLFV,10.364999771118164,10.364999771118164,10.364999771118164,10.359999656677246,10.364999771118164,5661.0
2023-03-09 15:27:00,FMNB,13.1899995803833,13.1899995803833,13.1899995803833,13.1899995803833,13.1899995803833,203.0
2023-03-09 15:27:00,FNCB,7.300000190734863,7.300000190734863,7.300000190734863,7.300000190734863,7.300000190734863,104.0
2023-03-09 15:27:00,FOCS,51.564998626708984,51.564998626708984,51.56999969482422,51.54999923706055,51.55500030517578,14780.0
2023-03-09 15:27:00,FRBA,12.65999984741211,12.65999984741211,12.65999984741211,12.65999984741211,12.65999984741211,415.0
2023-03-09 15:27:00,FRBK,1.6799999475479126,1.6799999475479126,1.684999942779541,1.6799999475479126,1.684999942779541,300.0
2023-03-09 15:27:00,FRME,37.29999923706055,37.29999923706055,37.29999923706055,37.29999923706055,37.29999923706055,525.0
2023-03-09 15:27:00,FULT,15.600000381469727,15.600000381469727,15.604999542236328,15.600000381469727,15.604999542236328,3307.0
2023-03-09 15:27:00,FULTP,20.780000686645508,20.780000686645508,20.780000686645508,20.780000686645508,20.780000686645508,121.0
2023-03-09 15:27:00,FUTU,46.08000183105469,46.08000183105469,46.11000061035156,46.06999969482422,46.099998474121094,4672.0
2023-03-09 15:27:00,FVCB,13.210000038146973,13.210000038146973,13.210000038146973,13.210000038146973,13.210000038146973,540.0
2023-03-09 15:27:00,FWAC,10.181300163269043,10.181300163269043,10.181300163269043,10.181300163269043,10.181300163269043,100.0
2023-03-09 15:27:00,GBDC,13.225000381469727,13.225000381469727,13.225000381469727,13.204999923706055,13.204999923706055,5426.0
2023-03-09 15:27:00,GCBC,53.61000061035156,53.61000061035156,53.720001220703125,53.599998474121094,53.70000076293945,720.0
2023-03-09 15:27:00,GCMG,8.350000381469727,8.350000381469727,8.350000381469727,8.350000381469727,8.350000381469727,384.0
2023-03-09 15:27:00,GGAA,10.84000015258789,10.84000015258789,10.84000015258789,10.84000015258789,10.84000015258789,987.0
2023-03-09 15:27:00,GGAL,12.619999885559082,12.619999885559082,12.619999885559082,12.619999885559082,12.619999885559082,468.0
2023-03-09 15:27:00,GLAD,9.765000343322754,9.765000343322754,9.765000343322754,9.765000343322754,9.765000343322754,246.0
2023-03-09 15:27:00,HAFC,21.770000457763672,21.770000457763672,21.770000457763672,21.7549991607666,21.76740074157715,1075.0
2023-03-09 15:27:00,HBAN,13.8149995803833,13.8149995803833,13.819999694824219,13.805000305175781,13.805000305175781,60306.0
2023-03-09 15:27:00,HFWA,24.475000381469727,24.475000381469727,24.479999542236328,24.450000762939453,24.450000762939453,509.0
2023-03-09 15:27:00,HGBL,2.4549999237060547,2.4549999237060547,2.4549999237060547,2.4549999237060547,2.4549999237060547,388.0
2023-03-09 15:27:00,HIVE,2.380000114440918,2.380000114440918,2.380000114440918,2.3701000213623047,2.375,51784.0
2023-03-09 15:27:00,HLNE,74.36000061035156,74.36000061035156,74.36000061035156,74.36000061035156,74.36000061035156,214.0
2023-03-09 15:27:00,HMPT,1.9299999475479126,1.9299999475479126,1.9299999475479126,1.9299999475479126,1.9299999475479126,2070.0
2023-03-09 15:27:00,HMST,22.229999542236328,22.229999542236328,22.229999542236328,22.219999313354492,22.219999313354492,371.0
2023-03-09 15:27:00,HNNA,8.15999984741211,8.15999984741211,8.199999809265137,8.15999984741211,8.199999809265137,796.0
2023-03-09 15:27:00,HOPE,11.710000038146973,11.710000038146973,11.720000267028809,11.710000038146973,11.720000267028809,1725.0
2023-03-09 15:27:00,HRZN,11.652000427246094,11.652000427246094,11.652000427246094,11.652000427246094,11.652000427246094,200.0
2023-03-09 15:27:00,HUT,1.278499960899353,1.278499960899353,1.2799999713897705,1.2699999809265137,1.2699999809265137,62344.0
2023-03-09 15:27:00,HWC,43.459999084472656,43.459999084472656,43.529998779296875,43.459999084472656,43.5,3417.0
2023-03-09 15:27:00,IBCP,20.520000457763672,20.520000457763672,20.520000457763672,20.520000457763672,20.520000457763672,110.0
2023-03-09 15:27:00,IBKR,85.86750030517578,85.86750030517578,85.87999725341797,85.79000091552734,85.8550033569336,8044.0
2023-03-09 15:27:00,IGIC,8.319999694824219,8.319999694824219,8.319999694824219,8.319999694824219,8.319999694824219,108.0
2023-03-09 15:27:00,INDB,71.5250015258789,71.5250015258789,71.55999755859375,71.5,71.5,826.0
2023-03-09 15:28:00,ABCB,42.209999084472656,42.209999084472656,42.290000915527344,42.209999084472656,42.26300048828125,1859.0
2023-03-09 15:28:00,ACGL,68.2699966430664,68.2699966430664,68.33999633789062,68.2699966430664,68.33999633789062,6561.0
2023-03-09 15:28:00,AMRK,28.030000686645508,28.030000686645508,28.030000686645508,28.030000686645508,28.030000686645508,650.0
2023-03-09 15:28:00,AMTB,25.260000228881836,25.260000228881836,25.260000228881836,25.260000228881836,25.260000228881836,536.0
2023-03-09 15:28:00,ANZU,9.930000305175781,9.930000305175781,9.9399995803833,9.930000305175781,9.9399995803833,536.0
2023-03-09 15:28:00,APLD,2.0292000770568848,2.0292000770568848,2.0292000770568848,2.015000104904175,2.0199999809265137,2400.0
2023-03-09 15:28:00,ARCC,18.549999237060547,18.549999237060547,18.575000762939453,18.545000076293945,18.575000762939453,18840.0
2023-03-09 15:28:00,AUB,36.349998474121094,36.349998474121094,36.3849983215332,36.349998474121094,36.3849983215332,9896.0
2023-03-09 15:28:00,BANR,56.72999954223633,56.72999954223633,56.790000915527344,56.72999954223633,56.790000915527344,1961.0
2023-03-09 15:28:00,BCBP,15.704999923706055,15.704999923706055,15.704999923706055,15.704999923706055,15.704999923706055,146.0
2023-03-09 15:28:00,BFST,18.549999237060547,18.549999237060547,18.549999237060547,18.549999237060547,18.549999237060547,343.0
2023-03-09 15:28:00,BGCP,4.974999904632568,4.974999904632568,4.974999904632568,4.974999904632568,4.974999904632568,2844.0
2023-03-09 15:28:00,BHF,51.900001525878906,51.900001525878906,51.959999084472656,51.880001068115234,51.915000915527344,5753.0
2023-03-09 15:28:00,BHFAM,16.360000610351562,16.360000610351562,16.360000610351562,16.299999237060547,16.299999237060547,1737.0
2023-03-09 15:28:00,BITF,0.7089999914169312,0.7089999914169312,0.7099999785423279,0.7045000195503235,0.7046999931335449,6694.0
2023-03-09 15:28:00,BKCC,3.5999999046325684,3.5999999046325684,3.6050000190734863,3.5999999046325684,3.6050000190734863,1208.0
2023-03-09 15:28:00,BOKF,94.8499984741211,94.8499984741211,94.91999816894531,94.83000183105469,94.91999816894531,1828.0
2023-03-09 15:28:00,BPOP,61.9900016784668,61.9900016784668,62.0,61.93000030517578,62.0,5065.0
2023-03-09 15:28:00,BRKL,11.539999961853027,11.539999961853027,11.550000190734863,11.539999961853027,11.550000190734863,1120.0
2023-03-09 15:28:00,BRP,25.1299991607666,25.1299991607666,25.1299991607666,25.1299991607666,25.1299991607666,885.0
2023-03-09 15:28:00,BTBT,1.0700000524520874,1.0700000524520874,1.0700000524520874,1.0700000524520874,1.0700000524520874,10093.0
2023-03-09 15:28:00,BUSE,22.476499557495117,22.476499557495117,22.549999237060547,22.476499557495117,22.549999237060547,899.0
2023-03-09 15:28:00,BWB,13.34000015258789,13.34000015258789,13.34000015258789,13.34000015258789,13.34000015258789,387.0
2023-03-09 15:28:00,BWFG,27.8700008392334,27.8700008392334,27.8700008392334,27.8700008392334,27.8700008392334,473.0
2023-03-09 15:28:00,CARE,16.25,16.25,16.25,16.25,16.25,280.0
2023-03-09 15:28:00,CASH,47.04999923706055,47.04999923706055,47.04999923706055,46.994998931884766,47.0099983215332,1295.0
2023-03-09 15:28:00,CATY,38.72999954223633,38.72999954223633,38.7400016784668,38.720001220703125,38.7400016784668,1854.0
2023-03-09 15:28:00,CBSH,61.71500015258789,61.71500015258789,61.73500061035156,61.709999084472656,61.709999084472656,622.0
2023-03-09 15:28:00,CCAP,14.800100326538086,14.800100326538086,14.800800323486328,14.800000190734863,14.800100326538086,3423.0
2023-03-09 15:28:00,CCB,41.900001525878906,41.900001525878906,41.915000915527344,41.900001525878906,41.915000915527344,331.0
2023-03-09 15:28:00,CCNE,22.610000610351562,22.610000610351562,22.610000610351562,22.600000381469727,22.610000610351562,1437.0
2023-03-09 15:28:00,CFFN,7.525000095367432,7.525000095367432,7.525000095367432,7.525000095367432,7.525000095367432,957.0
2023-03-09 15:28:00,CG,33.22999954223633,33.22999954223633,33.25,33.220001220703125,33.25,9633.0
2023-03-09 15:28:00,CGBD,14.869999885559082,14.869999885559082,14.880000114440918,14.869999885559082,14.880000114440918,1349.0
2023-03-09 15:28:00,CHI,11.75570011138916,11.75570011138916,11.770000457763672,11.75570011138916,11.770000457763672,900.0
2023-03-09 15:28:00,CIFR,1.4299999475479126,1.4299999475479126,1.4299999475479126,1.4299999475479126,1.4299999475479126,122.0
2023-03-09 15:28:00,CINF,114.9000015258789,114.9000015258789,114.94000244140625,114.82499694824219,114.93000030517578,3454.0
2023-03-09 15:28:00,CME,177.27000427246094,177.27000427246094,177.32000732421875,177.24000549316406,177.32000732421875,3598.0
2023-03-09 15:28:00,CNNB,16.25,16.25,16.25,16.25,16.25,900.0
2023-03-09 15:28:00,CNOB,21.985000610351562,21.985000610351562,22.058000564575195,21.979999542236328,22.040000915527344,4375.0
2023-03-09 15:28:00,COLB,24.75,24.75,24.81999969482422,24.739999771118164,24.81999969482422,28789.0
2023-03-09 15:28:00,COOP,43.84000015258789,43.84000015258789,43.880001068115234,43.810001373291016,43.8650016784668,2153.0
2023-03-09 15:28:00,CSQ,13.694999694824219,13.694999694824219,13.710000038146973,13.680000305175781,13.710000038146973,2313.0
2023-03-09 15:28:00,CSTR,15.119999885559082,15.119999885559082,15.119999885559082,15.119999885559082,15.119999885559082,963.0
2023-03-09 15:28:00,CSWC,18.129899978637695,18.129899978637695,18.139999389648438,18.110000610351562,18.110000610351562,4862.0
2023-03-09 15:28:00,CVBF,21.6200008392334,21.6200008392334,21.639999389648438,21.610000610351562,21.639999389648438,1934.0
2023-03-09 15:28:00,CZNC,22.149999618530273,22.149999618530273,22.149999618530273,22.139999389648438,22.139999389648438,547.0
2023-03-09 15:28:00,DCOM,29.329999923706055,29.329999923706055,29.329999923706055,29.329999923706055,29.329999923706055,283.0
2023-03-09 15:28:00,DHIL,171.0050048828125,171.0050048828125,171.0050048828125,171.0050048828125,171.0050048828125,840.0
2023-03-09 15:28:00,DISAU,10.720000267028809,10.720000267028809,10.729999542236328,10.720000267028809,10.729999542236328,300.0
2023-03-09 15:28:00,DWACW,3.0302999019622803,3.0302999019622803,3.0302999019622803,3.0299999713897705,3.0299999713897705,1079.0
2023-03-09 15:28:00,EBC,14.324999809265137,14.324999809265137,14.324999809265137,14.3100004196167,14.3149995803833,8479.0
2023-03-09 15:28:00,ECPG,50.189998626708984,50.189998626708984,50.209999084472656,50.189998626708984,50.209999084472656,863.0
2023-03-09 15:28:00,EGBN,40.09000015258789,40.09000015258789,40.119998931884766,40.09000015258789,40.119998931884766,1155.0
2023-03-09 15:28:00,EHTH,8.505000114440918,8.505000114440918,8.51729965209961,8.505000114440918,8.510000228881836,1581.0
2023-03-09 15:28:00,EMLDU,10.210100173950195,10.210100173950195,10.210100173950195,10.210000038146973,10.210000038146973,200.0
2023-03-09 15:28:00,ENTFW,0.04010000079870224,0.04010000079870224,0.04019999876618385,0.04010000079870224,0.04010000079870224,1500.0
2023-03-09 15:28:00,EQBK,28.030000686645508,28.030000686645508,28.030000686645508,28.030000686645508,28.030000686645508,560.0
2023-03-09 15:28:00,ESGRP,23.229999542236328,23.229999542236328,23.229999542236328,23.229999542236328,23.229999542236328,521.0
2023-03-09 15:28:00,ESQ,39.81999969482422,39.81999969482422,40.14500045776367,39.81999969482422,40.14500045776367,3161.0
2023-03-09 15:28:00,EWBC,67.16000366210938,67.16000366210938,67.2300033569336,67.1500015258789,67.22000122070312,2411.0
2023-03-09 15:28:00,EZPW,8.765000343322754,8.765000343322754,8.765000343322754,8.760000228881836,8.760000228881836,414.0
2023-03-09 15:28:00,FANH,8.199999809265137,8.199999809265137,8.199999809265137,8.199999809265137,8.199999809265137,335.0
2023-03-09 15:28:00,FBMS,28.809999465942383,28.809999465942383,28.809999465942383,28.809999465942383,28.809999465942383,1993.0
2023-03-09 15:28:00,FBNC,38.52000045776367,38.52000045776367,38.54999923706055,38.52000045776367,38.52000045776367,325.0
2023-03-09 15:28:00,FCFS,88.80999755859375,88.80999755859375,88.8499984741211,88.80999755859375,88.8499984741211,2056.0
2023-03-09 15:28:00,FCNCA,642.5700073242188,642.5700073242188,642.5700073242188,642.5700073242188,642.5700073242188,946.0
2023-03-09 15:28:00,FCRD,4.579999923706055,4.579999923706055,4.590000152587891,4.579999923706055,4.590000152587891,1096.0
2023-03-09 15:28:00,FDUS,19.940000534057617,19.940000534057617,19.940000534057617,19.940000534057617,19.940000534057617,298.0
2023-03-09 15:28:00,FFBC,22.239999771118164,22.239999771118164,22.25,22.239999771118164,22.25,1214.0
2023-03-09 15:28:00,FFIC,17.200000762939453,17.200000762939453,17.200000762939453,17.200000762939453,17.200000762939453,1130.0
2023-03-09 15:28:00,FFIN,33.470001220703125,33.470001220703125,33.474998474121094,33.470001220703125,33.474998474121094,875.0
2023-03-09 15:28:00,FFWM,12.760000228881836,12.760000228881836,12.779999732971191,12.760000228881836,12.770000457763672,4921.0
2023-03-09 15:28:00,FIBK,32.0099983215332,32.0099983215332,32.02000045776367,31.979999542236328,32.02000045776367,3291.0
2023-03-09 15:28:00,FITB,31.719999313354492,31.719999313354492,31.760000228881836,31.709999084472656,31.760000228881836,18803.0
2023-03-09 15:28:00,FITBI,25.100000381469727,25.100000381469727,25.100000381469727,25.100000381469727,25.100000381469727,200.0
2023-03-09 15:28:00,FITBP,24.040000915527344,24.040000915527344,24.040000915527344,24.040000915527344,24.040000915527344,200.0
2023-03-09 15:28:00,FLIC,16.110000610351562,16.110000610351562,16.110000610351562,16.110000610351562,16.110000610351562,410.0
2023-03-09 15:28:00,FMNB,13.1766996383667,13.1766996383667,13.1899995803833,13.1766996383667,13.1899995803833,417.0
2023-03-09 15:28:00,FOCS,51.564998626708984,51.564998626708984,51.56999969482422,51.560001373291016,51.56999969482422,3451.0
2023-03-09 15:28:00,FRBK,1.6799999475479126,1.6799999475479126,1.6799999475479126,1.6799999475479126,1.6799999475479126,625.0
2023-03-09 15:28:00,FRHC,71.45999908447266,71.45999908447266,71.4800033569336,71.43000030517578,71.43000030517578,450.0
2023-03-09 15:28:00,FSBW,33.150001525878906,33.150001525878906,33.150001525878906,33.150001525878906,33.150001525878906,133.0
2023-03-09 15:28:00,FULT,15.59000015258789,15.59000015258789,15.59000015258789,15.579999923706055,15.59000015258789,1668.0
2023-03-09 15:28:00,FUTU,46.029998779296875,46.029998779296875,46.09000015258789,46.029998779296875,46.09000015258789,3284.0
2023-03-09 15:28:00,FVCB,13.220000267028809,13.220000267028809,13.220000267028809,13.220000267028809,13.220000267028809,426.0
2023-03-09 15:28:00,GAIN,13.449999809265137,13.449999809265137,13.449999809265137,13.449999809265137,13.449999809265137,543.0
2023-03-09 15:28:00,GBDC,13.21500015258789,13.21500015258789,13.225000381469727,13.21500015258789,13.225000381469727,1461.0
2023-03-09 15:28:00,GCBC,53.59000015258789,53.59000015258789,53.59000015258789,53.59000015258789,53.59000015258789,624.0
2023-03-09 15:28:00,GCMG,8.34000015258789,8.34000015258789,8.34000015258789,8.34000015258789,8.34000015258789,100.0
2023-03-09 15:28:00,GEEXW,0.07999999821186066,0.07999999821186066,0.07999999821186066,0.07999999821186066,0.07999999821186066,0.0
2023-03-09 15:28:00,GGAL,12.631999969482422,12.631999969482422,12.639900207519531,12.619999885559082,12.619999885559082,3427.0
2023-03-09 15:28:00,GLAD,9.760000228881836,9.760000228881836,9.760000228881836,9.760000228881836,9.760000228881836,561.0
2023-03-09 15:28:00,GLRE,10.284899711608887,10.284899711608887,10.284899711608887,10.284899711608887,10.284899711608887,128.0
2023-03-09 15:28:00,GOCO,18.459999084472656,18.459999084472656,18.459999084472656,18.459999084472656,18.459999084472656,280.0
2023-03-09 15:28:00,GREE,0.4081000089645386,0.4081000089645386,0.4081000089645386,0.4081000089645386,0.4081000089645386,371.0
2023-03-09 15:28:00,HAFC,21.719999313354492,21.719999313354492,21.75,21.719999313354492,21.75,1132.0
2023-03-09 15:28:00,HBAN,13.795000076293945,13.795000076293945,13.8149995803833,13.795000076293945,13.8149995803833,64803.0
2023-03-09 15:28:00,HBNC,13.78499984741211,13.78499984741211,13.789999961853027,13.78499984741211,13.789999961853027,683.0
2023-03-09 15:28:00,HCNE,10.130000114440918,10.130000114440918,10.130000114440918,10.129599571228027,10.129599571228027,0.0
2023-03-09 15:28:00,HFWA,24.450000762939453,24.450000762939453,24.475000381469727,24.44499969482422,24.475000381469727,1513.0
2023-03-09 15:28:00,HIVE,2.3794000148773193,2.3794000148773193,2.3794000148773193,2.375,2.376699924468994,6019.0
2023-03-09 15:28:00,HLNE,74.31999969482422,74.31999969482422,74.33000183105469,74.31999969482422,74.33000183105469,590.0
2023-03-09 15:28:00,HMST,22.190000534057617,22.190000534057617,22.219999313354492,22.190000534057617,22.219999313354492,548.0
2023-03-09 15:28:00,HONE,12.619999885559082,12.619999885559082,12.619999885559082,12.619999885559082,12.619999885559082,549.0
2023-03-09 15:28:00,HOPE,11.698599815368652,11.698599815368652,11.710000038146973,11.6899995803833,11.710000038146973,1889.0
2023-03-09 15:28:00,HRZN,11.649999618530273,11.649999618530273,11.650099754333496,11.649999618530273,11.650099754333496,1245.0
2023-03-09 15:28:00,HTBK,10.78499984741211,10.78499984741211,10.8149995803833,10.78499984741211,10.8149995803833,7333.0
2023-03-09 15:28:00,HTLF,45.349998474121094,45.349998474121094,45.380001068115234,45.349998474121094,45.380001068115234,550.0
2023-03-09 15:28:00,HUT,1.2798999547958374,1.2798999547958374,1.2799999713897705,1.2700999975204468,1.2785999774932861,30017.0
2023-03-09 15:28:00,HWC,43.400001525878906,43.400001525878906,43.470001220703125,43.400001525878906,43.45000076293945,1155.0
2023-03-09 15:28:00,IBCP,20.520000457763672,20.520000457763672,20.520000457763672,20.520000457763672,20.520000457763672,155.0
2023-03-09 15:28:00,IBKR,85.81999969482422,85.81999969482422,85.8550033569336,85.72000122070312,85.8499984741211,7957.0
2023-03-09 15:28:00,IBTX,52.47999954223633,52.47999954223633,52.47999954223633,52.400001525878906,52.400001525878906,1233.0
2023-03-09 15:28:00,IGIC,8.3100004196167,8.3100004196167,8.324999809265137,8.3100004196167,8.3149995803833,1061.0
2023-03-09 15:28:00,INDB,71.5,71.5,71.52999877929688,71.44999694824219,71.5199966430664,1866.0
2023-03-09 15:29:00,ABCB,42.2400016784668,42.2400016784668,42.2400016784668,42.23500061035156,42.23500061035156,862.0
2023-03-09 15:29:00,ACGL,68.2300033569336,68.2300033569336,68.2699966430664,68.2300033569336,68.26000213623047,4399.0
2023-03-09 15:29:00,AMAL,21.06999969482422,21.06999969482422,21.06999969482422,21.06999969482422,21.06999969482422,544.0
2023-03-09 15:29:00,ANZU,9.9399995803833,9.9399995803833,9.9399995803833,9.9399995803833,9.9399995803833,567.0
2023-03-09 15:29:00,APLD,2.0299999713897705,2.0299999713897705,2.0299999713897705,2.0299999713897705,2.0299999713897705,728.0
2023-03-09 15:29:00,ARCC,18.54990005493164,18.54990005493164,18.549999237060547,18.540000915527344,18.549999237060547,11469.0
2023-03-09 15:29:00,AUB,36.29999923706055,36.29999923706055,36.31999969482422,36.29999923706055,36.310001373291016,4039.0
2023-03-09 15:29:00,AUBN,23.93000030517578,23.93000030517578,23.93000030517578,23.93000030517578,23.93000030517578,100.0
2023-03-09 15:29:00,BANF,85.47000122070312,85.47000122070312,85.47000122070312,85.47000122070312,85.47000122070312,134.0
2023-03-09 15:29:00,BANR,56.720001220703125,56.720001220703125,56.720001220703125,56.720001220703125,56.720001220703125,596.0
2023-03-09 15:29:00,BFIN,9.969900131225586,9.969900131225586,9.969900131225586,9.969900131225586,9.969900131225586,180.0
2023-03-09 15:29:00,BGCP,4.975900173187256,4.975900173187256,4.975900173187256,4.974999904632568,4.974999904632568,2398.0
2023-03-09 15:29:00,BHF,51.86000061035156,51.86000061035156,51.91999816894531,51.86000061035156,51.91999816894531,2169.0
2023-03-09 15:29:00,BITF,0.7095999717712402,0.7095999717712402,0.7095999717712402,0.7080000042915344,0.7080000042915344,1850.0
2023-03-09 15:29:00,BKCC,3.6098999977111816,3.6098999977111816,3.6098999977111816,3.6098999977111816,3.6098999977111816,201.0
2023-03-09 15:29:00,BLFY,11.260000228881836,11.260000228881836,11.260000228881836,11.260000228881836,11.260000228881836,839.0
2023-03-09 15:29:00,BMRC,26.985000610351562,26.985000610351562,27.040000915527344,26.985000610351562,27.040000915527344,299.0
2023-03-09 15:29:00,BPOP,61.9900016784668,61.9900016784668,62.02790069580078,61.970001220703125,62.02790069580078,1877.0
2023-03-09 15:29:00,BRKL,11.539999961853027,11.539999961853027,11.545000076293945,11.53499984741211,11.53499984741211,1753.0
2023-03-09 15:29:00,BRP,25.06999969482422,25.06999969482422,25.09000015258789,25.06999969482422,25.09000015258789,206.0
2023-03-09 15:29:00,BTBT,1.0700000524520874,1.0700000524520874,1.0750000476837158,1.0700000524520874,1.0700000524520874,1144.0
2023-03-09 15:29:00,BUSE,22.510000228881836,22.510000228881836,22.510000228881836,22.510000228881836,22.510000228881836,278.0
2023-03-09 15:29:00,CACC,431.6000061035156,431.6000061035156,431.6000061035156,431.6000061035156,431.6000061035156,107.0
2023-03-09 15:29:00,CASH,47.02000045776367,47.02000045776367,47.04999923706055,47.02000045776367,47.04999923706055,1177.0
2023-03-09 15:29:00,CBNK,18.743799209594727,18.743799209594727,18.743799209594727,18.743799209594727,18.743799209594727,466.0
2023-03-09 15:29:00,CBSH,61.71500015258789,61.71500015258789,61.71500015258789,61.70000076293945,61.70000076293945,1236.0
2023-03-09 15:29:00,CCAP,14.800000190734863,14.800000190734863,14.800000190734863,14.800000190734863,14.800000190734863,925.0
2023-03-09 15:29:00,CFB,12.270000457763672,12.270000457763672,12.270000457763672,12.270000457763672,12.270000457763672,194.0
2023-03-09 15:29:00,CFFN,7.525000095367432,7.525000095367432,7.525000095367432,7.525000095367432,7.525000095367432,712.0
2023-03-09 15:29:00,CG,33.20000076293945,33.20000076293945,33.22999954223633,33.20000076293945,33.22999954223633,4358.0
2023-03-09 15:29:00,CGBD,14.859999656677246,14.859999656677246,14.859999656677246,14.859999656677246,14.859999656677246,365.0
2023-03-09 15:29:00,CGO,9.654999732971191,9.654999732971191,9.654999732971191,9.654999732971191,9.654999732971191,100.0
2023-03-09 15:29:00,CHEAU,10.510000228881836,10.510000228881836,10.510000228881836,10.510000228881836,10.510000228881836,100.0
2023-03-09 15:29:00,CHY,12.119999885559082,12.119999885559082,12.119999885559082,12.119999885559082,12.119999885559082,228.0
2023-03-09 15:29:00,CIFR,1.4199999570846558,1.4199999570846558,1.4299999475479126,1.4199999570846558,1.4299999475479126,276.0
2023-03-09 15:29:00,CINF,114.91000366210938,114.91000366210938,114.91000366210938,114.9000015258789,114.9000015258789,1142.0
2023-03-09 15:29:00,CME,177.1999969482422,177.1999969482422,177.30999755859375,177.1699981689453,177.2550048828125,5453.0
2023-03-09 15:29:00,COLB,24.739999771118164,24.739999771118164,24.760000228881836,24.739999771118164,24.75,8743.0
2023-03-09 15:29:00,COOP,43.88999938964844,43.88999938964844,43.88999938964844,43.83000183105469,43.83000183105469,749.0
2023-03-09 15:29:00,CSQ,13.710000038146973,13.710000038146973,13.710000038146973,13.710000038146973,13.710000038146973,205.0
2023-03-09 15:29:00,CSWC,18.110000610351562,18.110000610351562,18.110000610351562,18.110000610351562,18.110000610351562,1776.0
2023-03-09 15:29:00,CVBF,21.600000381469727,21.600000381469727,21.6200008392334,21.600000381469727,21.6200008392334,1417.0
2023-03-09 15:29:00,CVLY,24.190000534057617,24.190000534057617,24.190000534057617,24.190000534057617,24.190000534057617,344.0
2023-03-09 15:29:00,DCOM,29.372499465942383,29.372499465942383,29.40999984741211,29.360000610351562,29.389999389648438,5773.0
2023-03-09 15:29:00,EBC,14.335000038146973,14.335000038146973,14.335000038146973,14.324999809265137,14.329999923706055,5255.0
2023-03-09 15:29:00,EFSC,51.349998474121094,51.349998474121094,51.349998474121094,51.29999923706055,51.314998626708984,671.0
2023-03-09 15:29:00,EGBN,40.06999969482422,40.06999969482422,40.06999969482422,40.06999969482422,40.06999969482422,1209.0
2023-03-09 15:29:00,EMLDU,10.210100173950195,10.210100173950195,10.210100173950195,10.210100173950195,10.210100173950195,300.0
2023-03-09 15:29:00,ENTFW,0.04010000079870224,0.04010000079870224,0.04010000079870224,0.04010000079870224,0.04010000079870224,1100.0
2023-03-09 15:29:00,EQBK,28.110000610351562,28.110000610351562,28.1200008392334,28.040000915527344,28.040000915527344,6640.0
2023-03-09 15:29:00,ERIE,230.2899932861328,230.2899932861328,230.2899932861328,230.2899932861328,230.2899932861328,367.0
2023-03-09 15:29:00,ESQ,39.79999923706055,39.79999923706055,40.0,39.79999923706055,40.0,355.0
2023-03-09 15:29:00,EWBC,67.06999969482422,67.06999969482422,67.12999725341797,67.06999969482422,67.12999725341797,3976.0
2023-03-09 15:29:00,EZPW,8.765000343322754,8.765000343322754,8.770000457763672,8.765000343322754,8.765000343322754,535.0
2023-03-09 15:29:00,FATPW,0.09350000321865082,0.09350000321865082,0.09350000321865082,0.09000000357627869,0.09000000357627869,1900.0
2023-03-09 15:29:00,FBNC,38.525001525878906,38.525001525878906,38.540000915527344,38.5,38.51499938964844,1673.0
2023-03-09 15:29:00,FCFS,88.8499984741211,88.8499984741211,88.8499984741211,88.82499694824219,88.82499694824219,295.0
2023-03-09 15:29:00,FCRD,4.579999923706055,4.579999923706055,4.579999923706055,4.579999923706055,4.579999923706055,397.0
2023-03-09 15:29:00,FFBC,22.229999542236328,22.229999542236328,22.25,22.229999542236328,22.25,431.0
2023-03-09 15:29:00,FFIC,17.15999984741211,17.15999984741211,17.164199829101562,17.15999984741211,17.164199829101562,1282.0
2023-03-09 15:29:00,FFIN,33.43000030517578,33.43000030517578,33.45000076293945,33.43000030517578,33.45000076293945,1049.0
2023-03-09 15:29:00,FFWM,12.760000228881836,12.760000228881836,12.760000228881836,12.760000228881836,12.760000228881836,163.0
2023-03-09 15:29:00,FHB,23.860000610351562,23.860000610351562,23.8700008392334,23.860000610351562,23.8700008392334,1235.0
2023-03-09 15:29:00,FIBK,31.9950008392334,31.9950008392334,32.01499938964844,31.9950008392334,32.01499938964844,953.0
2023-03-09 15:29:00,FITB,31.690000534057617,31.690000534057617,31.729999542236328,31.690000534057617,31.719999313354492,17570.0
2023-03-09 15:29:00,FITBI,25.06999969482422,25.06999969482422,25.079999923706055,25.06999969482422,25.071399688720703,3744.0
2023-03-09 15:29:00,FITBP,24.079999923706055,24.079999923706055,24.079999923706055,24.079999923706055,24.079999923706055,200.0
2023-03-09 15:29:00,FMNB,13.180000305175781,13.180000305175781,13.180000305175781,13.180000305175781,13.180000305175781,594.0
2023-03-09 15:29:00,FNCB,7.269999980926514,7.269999980926514,7.269999980926514,7.269999980926514,7.269999980926514,333.0
2023-03-09 15:29:00,FOCS,51.564998626708984,51.564998626708984,51.56999969482422,51.564998626708984,51.564998626708984,5320.0
2023-03-09 15:29:00,FRBA,12.670000076293945,12.670000076293945,12.670000076293945,12.670000076293945,12.670000076293945,153.0
2023-03-09 15:29:00,FRBK,1.6799999475479126,1.6799999475479126,1.6799999475479126,1.6749999523162842,1.6749999523162842,1747.0
2023-03-09 15:29:00,FRHC,71.63999938964844,71.63999938964844,71.63999938964844,71.4749984741211,71.4749984741211,673.0
2023-03-09 15:29:00,FRME,37.29499816894531,37.29499816894531,37.29499816894531,37.29499816894531,37.29499816894531,173.0
2023-03-09 15:29:00,FULT,15.579999923706055,15.579999923706055,15.59000015258789,15.579999923706055,15.585000038146973,1231.0
2023-03-09 15:29:00,FUTU,46.060001373291016,46.060001373291016,46.09000015258789,46.029998779296875,46.029998779296875,5373.0
2023-03-09 15:29:00,FVCB,13.220000267028809,13.220000267028809,13.220000267028809,13.220000267028809,13.220000267028809,438.0
2023-03-09 15:29:00,GBDC,13.21500015258789,13.21500015258789,13.21500015258789,13.213000297546387,13.213000297546387,550.0
2023-03-09 15:29:00,GCMG,8.34000015258789,8.34000015258789,8.34000015258789,8.34000015258789,8.34000015258789,537.0
2023-03-09 15:29:00,GEEXW,0.08020000159740448,0.08020000159740448,0.08020000159740448,0.08020000159740448,0.08020000159740448,500.0
2023-03-09 15:29:00,GGAA,10.819999694824219,10.819999694824219,10.829999923706055,10.819999694824219,10.829999923706055,1381.0
2023-03-09 15:29:00,GOCO,18.459999084472656,18.459999084472656,18.459999084472656,18.459999084472656,18.459999084472656,178.0
2023-03-09 15:29:00,GREE,0.40735000371932983,0.40735000371932983,0.4081000089645386,0.40735000371932983,0.4081000089645386,1416.0
2023-03-09 15:29:00,GROW,2.660099983215332,2.660099983215332,2.660099983215332,2.660099983215332,2.660099983215332,125.0
2023-03-09 15:29:00,GSHD,50.650001525878906,50.650001525878906,50.650001525878906,50.650001525878906,50.650001525878906,112.0
2023-03-09 15:29:00,HBAN,13.789999961853027,13.789999961853027,13.800000190734863,13.789999961853027,13.800000190734863,24545.0
2023-03-09 15:29:00,HBCP,36.220001220703125,36.220001220703125,36.220001220703125,36.220001220703125,36.220001220703125,362.0
2023-03-09 15:29:00,HBNC,13.779999732971191,13.779999732971191,13.779999732971191,13.779999732971191,13.779999732971191,333.0
2023-03-09 15:29:00,HFWA,24.440000534057617,24.440000534057617,24.459999084472656,24.440000534057617,24.459999084472656,435.0
2023-03-09 15:29:00,HIVE,2.369499921798706,2.369499921798706,2.375,2.359999895095825,2.375,12517.0
2023-03-09 15:29:00,HMST,22.18000030517578,22.18000030517578,22.18000030517578,22.18000030517578,22.18000030517578,344.0
2023-03-09 15:29:00,HONE,12.619999885559082,12.619999885559082,12.619999885559082,12.619999885559082,12.619999885559082,177.0
2023-03-09 15:29:00,HOPE,11.680000305175781,11.680000305175781,11.699999809265137,11.680000305175781,11.694999694824219,2561.0
2023-03-09 15:29:00,HTLF,45.400001525878906,45.400001525878906,45.400001525878906,45.400001525878906,45.400001525878906,175.0
2023-03-09 15:29:00,HUT,1.2740000486373901,1.2740000486373901,1.2799999713897705,1.2700999975204468,1.274999976158142,8130.0
2023-03-09 15:29:00,HWC,43.380001068115234,43.380001068115234,43.38999938964844,43.380001068115234,43.38999938964844,1006.0
2023-03-09 15:29:00,IBKR,85.76000213623047,85.76000213623047,85.86000061035156,85.76000213623047,85.79000091552734,22844.0
2023-03-09 15:29:00,IBOC,44.814998626708984,44.814998626708984,44.84000015258789,44.810001373291016,44.84000015258789,1533.0
2023-03-09 15:29:00,IBTX,52.39500045776367,52.39500045776367,52.39500045776367,52.39500045776367,52.39500045776367,100.0
2023-03-09 15:29:00,INDB,71.44999694824219,71.44999694824219,71.44999694824219,71.44999694824219,71.44999694824219,621.0
2023-03-09 15:30:00,ABCB,42.25,42.25,42.25,42.20000076293945,42.209999084472656,2254.0
2023-03-09 15:30:00,ACGL,68.22000122070312,68.22000122070312,68.22000122070312,68.19499969482422,68.22000122070312,6580.0
2023-03-09 15:30:00,ACQR,10.204999923706055,10.204999923706055,10.204999923706055,10.204999923706055,10.204999923706055,100.0
2023-03-09 15:30:00,ACT,23.739999771118164,23.739999771118164,23.739999771118164,23.739999771118164,23.739999771118164,203.0
2023-03-09 15:30:00,AEAE,10.359999656677246,10.359999656677246,10.359999656677246,10.359999656677246,10.359999656677246,100.0
2023-03-09 15:30:00,ALRS,18.809999465942383,18.809999465942383,18.809999465942383,18.809999465942383,18.809999465942383,634.0
2023-03-09 15:30:00,AMAL,21.06999969482422,21.06999969482422,21.06999969482422,21.06999969482422,21.06999969482422,303.0
2023-03-09 15:30:00,AMRK,28.010000228881836,28.010000228881836,28.010000228881836,28.010000228881836,28.010000228881836,144.0
2023-03-09 15:30:00,AMTB,25.272499084472656,25.272499084472656,25.272499084472656,25.239999771118164,25.239999771118164,985.0
2023-03-09 15:30:00,APLD,2.0299999713897705,2.0299999713897705,2.0299999713897705,2.0199999809265137,2.0250000953674316,1484.0
2023-03-09 15:30:00,ARBK,1.3600000143051147,1.3600000143051147,1.3626999855041504,1.3600000143051147,1.3626999855041504,928.0
2023-03-09 15:30:00,ARCC,18.535200119018555,18.535200119018555,18.548999786376953,18.530000686645508,18.540000915527344,15902.0
2023-03-09 15:30:00,ATLO,23.43000030517578,23.43000030517578,23.43000030517578,23.43000030517578,23.43000030517578,711.0
2023-03-09 15:30:00,AUB,36.31999969482422,36.31999969482422,36.31999969482422,36.279998779296875,36.290000915527344,6526.0
2023-03-09 15:30:00,BANF,85.48999786376953,85.48999786376953,85.48999786376953,85.47000122070312,85.47000122070312,626.0
2023-03-09 15:30:00,BANR,56.73500061035156,56.73500061035156,56.75,56.68000030517578,56.689998626708984,2522.0
2023-03-09 15:30:00,BFST,18.549999237060547,18.549999237060547,18.549999237060547,18.520000457763672,18.53499984741211,788.0
2023-03-09 15:30:00,BGCP,4.974999904632568,4.974999904632568,4.974999904632568,4.974999904632568,4.974999904632568,1341.0
2023-03-09 15:30:00,BHF,51.82500076293945,51.82500076293945,51.83000183105469,51.82500076293945,51.83000183105469,1005.0
2023-03-09 15:30:00,BHFAN,18.549999237060547,18.549999237060547,18.549999237060547,18.540000915527344,18.540000915527344,302.0
2023-03-09 15:30:00,BITF,0.7080000042915344,0.7080000042915344,0.7095999717712402,0.7077999711036682,0.7092999815940857,12828.0
2023-03-09 15:30:00,BKCC,3.5999999046325684,3.5999999046325684,3.6050000190734863,3.5999999046325684,3.5999999046325684,1910.0
2023-03-09 15:30:00,BKSC,16.139999389648438,16.139999389648438,16.149999618530273,16.139999389648438,16.149999618530273,1063.0
2023-03-09 15:30:00,BLFY,11.262999534606934,11.262999534606934,11.262999534606934,11.260000228881836,11.260000228881836,573.0
2023-03-09 15:30:00,BMRC,27.030000686645508,27.030000686645508,27.030000686645508,27.030000686645508,27.030000686645508,100.0
2023-03-09 15:30:00,BOKF,94.9000015258789,94.9000015258789,94.9000015258789,94.72000122070312,94.7699966430664,1965.0
2023-03-09 15:30:00,BPOP,62.040000915527344,62.040000915527344,62.040000915527344,61.900001525878906,61.93000030517578,4187.0
2023-03-09 15:30:00,BRKL,11.539999961853027,11.539999961853027,11.539999961853027,11.524999618530273,11.53499984741211,4338.0
2023-03-09 15:30:00,BRP,25.145000457763672,25.145000457763672,25.170000076293945,25.100000381469727,25.1299991607666,3775.0
2023-03-09 15:30:00,BTBT,1.0715999603271484,1.0715999603271484,1.0750000476837158,1.0715999603271484,1.0750000476837158,434.0
2023-03-09 15:30:00,BUSE,22.489999771118164,22.489999771118164,22.489999771118164,22.489999771118164,22.489999771118164,433.0
2023-03-09 15:30:00,BWB,13.329999923706055,13.329999923706055,13.329999923706055,13.329999923706055,13.329999923706055,186.0
2023-03-09 15:30:00,CACC,430.57000732421875,430.57000732421875,430.57000732421875,430.57000732421875,430.57000732421875,372.0
2023-03-09 15:30:00,CASH,47.00749969482422,47.00749969482422,47.025001525878906,46.994998931884766,47.0,1646.0
2023-03-09 15:30:00,CATY,38.71500015258789,38.71500015258789,38.71500015258789,38.68000030517578,38.689998626708984,2051.0
2023-03-09 15:30:00,CBSH,61.7400016784668,61.7400016784668,61.7400016784668,61.66999816894531,61.71500015258789,3186.0
2023-03-09 15:30:00,CCB,41.88999938964844,41.88999938964844,41.939998626708984,41.88999938964844,41.939998626708984,865.0
2023-03-09 15:30:00,CCNE,22.579999923706055,22.579999923706055,22.59000015258789,22.559999465942383,22.59000015258789,1098.0
2023-03-09 15:30:00,CFB,12.260000228881836,12.260000228881836,12.260000228881836,12.260000228881836,12.260000228881836,607.0
2023-03-09 15:30:00,CFFN,7.519999980926514,7.519999980926514,7.525000095367432,7.510000228881836,7.519999980926514,7383.0
2023-03-09 15:30:00,CG,33.20000076293945,33.20000076293945,33.20000076293945,33.1781005859375,33.20000076293945,7990.0
2023-03-09 15:30:00,CGBD,14.853500366210938,14.853500366210938,14.853500366210938,14.850000381469727,14.850000381469727,1473.0
2023-03-09 15:30:00,CGO,9.654999732971191,9.654999732971191,9.654999732971191,9.654999732971191,9.654999732971191,200.0
2023-03-09 15:30:00,CHCO,91.62000274658203,91.62000274658203,91.62999725341797,91.62000274658203,91.62000274658203,812.0
2023-03-09 15:30:00,CHI,11.75,11.75,11.760000228881836,11.75,11.760000228881836,611.0
2023-03-09 15:30:00,CHY,12.109999656677246,12.109999656677246,12.119999885559082,12.109999656677246,12.119999885559082,980.0
2023-03-09 15:30:00,CIFR,1.4249999523162842,1.4249999523162842,1.4249999523162842,1.4249999523162842,1.4249999523162842,268.0
2023-03-09 15:30:00,CINF,114.80000305175781,114.80000305175781,114.8499984741211,114.76000213623047,114.8499984741211,1639.0
2023-03-09 15:30:00,CLBK,19.760000228881836,19.760000228881836,19.760000228881836,19.729999542236328,19.729999542236328,1088.0
2023-03-09 15:30:00,CME,177.27000427246094,177.27000427246094,177.27000427246094,177.1300048828125,177.17999267578125,3890.0
2023-03-09 15:30:00,CNOB,22.020000457763672,22.020000457763672,22.020000457763672,21.969999313354492,21.969999313354492,4750.0
2023-03-09 15:30:00,COLB,24.760000228881836,24.760000228881836,24.760000228881836,24.719999313354492,24.735000610351562,11189.0
2023-03-09 15:30:00,COOP,43.83000183105469,43.83000183105469,43.83000183105469,43.790000915527344,43.79999923706055,2274.0
2023-03-09 15:30:00,CPSS,10.5625,10.5625,10.5625,10.489999771118164,10.489999771118164,210.0
2023-03-09 15:30:00,CSQ,13.690500259399414,13.690500259399414,13.70989990234375,13.690500259399414,13.70989990234375,679.0
2023-03-09 15:30:00,CSWC,18.09000015258789,18.09000015258789,18.09000015258789,18.09000015258789,18.09000015258789,522.0
2023-03-09 15:30:00,CUBA,3.859999895095825,3.859999895095825,3.859999895095825,3.859999895095825,3.859999895095825,224.0
2023-03-09 15:30:00,CVBF,21.59000015258789,21.59000015258789,21.610000610351562,21.579999923706055,21.59000015258789,4069.0
2023-03-09 15:30:00,CVCY,24.40519905090332,24.40519905090332,24.40999984741211,24.399999618530273,24.40250015258789,1665.0
2023-03-09 15:30:00,DCOM,29.43000030517578,29.43000030517578,29.43000030517578,29.3799991607666,29.420000076293945,2710.0
2023-03-09 15:30:00,DGICA,15.0,15.0,15.0,15.0,15.0,102.0
2023-03-09 15:30:00,DISA,10.710000038146973,10.710000038146973,10.710000038146973,10.710000038146973,10.710000038146973,0.0
2023-03-09 15:30:00,DISAU,10.680000305175781,10.680000305175781,10.720000267028809,10.680000305175781,10.680000305175781,1021.0
2023-03-09 15:30:00,DWAC,14.0600004196167,14.0600004196167,14.0600004196167,14.0600004196167,14.0600004196167,131.0
2023-03-09 15:30:00,EBC,14.345000267028809,14.345000267028809,14.345000267028809,14.324999809265137,14.329999923706055,11757.0
2023-03-09 15:30:00,ECPG,50.150001525878906,50.150001525878906,50.150001525878906,50.150001525878906,50.150001525878906,261.0
2023-03-09 15:30:00,EFSC,51.31999969482422,51.31999969482422,51.31999969482422,51.27000045776367,51.27000045776367,1059.0
2023-03-09 15:30:00,EGBN,40.099998474121094,40.099998474121094,40.099998474121094,40.08000183105469,40.08000183105469,242.0
2023-03-09 15:30:00,EQBK,28.094999313354492,28.094999313354492,28.094999313354492,28.094999313354492,28.094999313354492,201.0
2023-03-09 15:30:00,ESACU,10.510000228881836,10.510000228881836,10.510000228881836,10.510000228881836,10.510000228881836,0.0
2023-03-09 15:30:00,ESGRO,23.81999969482422,23.81999969482422,23.81999969482422,23.81999969482422,23.81999969482422,346.0
2023-03-09 15:30:00,ESQ,40.03499984741211,40.03499984741211,40.099998474121094,39.9900016784668,40.0,1783.0
2023-03-09 15:30:00,EWBC,67.13999938964844,67.13999938964844,67.13999938964844,67.0,67.04000091552734,3917.0
2023-03-09 15:30:00,EZPW,8.760000228881836,8.760000228881836,8.765000343322754,8.75,8.765000343322754,7683.0
2023-03-09 15:30:00,FANH,8.229999542236328,8.229999542236328,8.229999542236328,8.229999542236328,8.229999542236328,631.0
2023-03-09 15:30:00,FBMS,28.770000457763672,28.770000457763672,28.770000457763672,28.75,28.75,1280.0
2023-03-09 15:30:00,FBNC,38.529998779296875,38.529998779296875,38.529998779296875,38.4900016784668,38.5099983215332,2627.0
2023-03-09 15:30:00,FCFS,88.84500122070312,88.84500122070312,88.8499984741211,88.81999969482422,88.8499984741211,1896.0
2023-03-09 15:30:00,FCRD,4.539999961853027,4.539999961853027,4.586699962615967,4.539999961853027,4.579999923706055,3644.0
2023-03-09 15:30:00,FDUS,19.940000534057617,19.940000534057617,19.940000534057617,19.940000534057617,19.940000534057617,228.0
2023-03-09 15:30:00,FFBC,22.229999542236328,22.229999542236328,22.229999542236328,22.204999923706055,22.21500015258789,2797.0
2023-03-09 15:30:00,FFIC,17.170000076293945,17.170000076293945,17.170000076293945,17.15999984741211,17.15999984741211,702.0
2023-03-09 15:30:00,FFIN,33.47999954223633,33.47999954223633,33.47999954223633,33.40999984741211,33.40999984741211,1715.0
2023-03-09 15:30:00,FFWM,12.760000228881836,12.760000228881836,12.760000228881836,12.739999771118164,12.75,1124.0
2023-03-09 15:30:00,FHB,23.889999389648438,23.889999389648438,23.889999389648438,23.860000610351562,23.860000610351562,3121.0
2023-03-09 15:30:00,FIBK,32.0099983215332,32.0099983215332,32.0099983215332,31.989999771118164,31.9950008392334,4304.0
2023-03-09 15:30:00,FINW,9.010000228881836,9.010000228881836,9.010000228881836,9.010000228881836,9.010000228881836,101.0
2023-03-09 15:30:00,FITB,31.690000534057617,31.690000534057617,31.699899673461914,31.670000076293945,31.69499969482422,20590.0
2023-03-09 15:30:00,FITBP,24.079999923706055,24.079999923706055,24.079999923706055,24.079999923706055,24.079999923706055,700.0
2023-03-09 15:30:00,FLIC,16.110000610351562,16.110000610351562,16.110000610351562,16.09000015258789,16.100000381469727,1901.0
2023-03-09 15:30:00,FMNB,13.180000305175781,13.180000305175781,13.180000305175781,13.180000305175781,13.180000305175781,344.0
2023-03-09 15:30:00,FOCS,51.56999969482422,51.56999969482422,51.56999969482422,51.564998626708984,51.564998626708984,2479.0
2023-03-09 15:30:00,FRBK,1.6749999523162842,1.6749999523162842,1.6799999475479126,1.6749999523162842,1.6799999475479126,821.0
2023-03-09 15:30:00,FRHC,71.44999694824219,71.44999694824219,71.44999694824219,71.44999694824219,71.44999694824219,100.0
2023-03-09 15:30:00,FRME,37.26499938964844,37.26499938964844,37.27000045776367,37.2400016784668,37.2599983215332,1846.0
2023-03-09 15:30:00,FRST,10.637999534606934,10.637999534606934,10.637999534606934,10.637999534606934,10.637999534606934,265.0
2023-03-09 15:30:00,FSBW,33.154998779296875,33.154998779296875,33.154998779296875,33.154998779296875,33.154998779296875,370.0
2023-03-09 15:30:00,FULT,15.59000015258789,15.59000015258789,15.59000015258789,15.5600004196167,15.569999694824219,5592.0
2023-03-09 15:30:00,FUTU,46.07500076293945,46.07500076293945,46.08000183105469,46.0099983215332,46.02000045776367,6717.0
2023-03-09 15:30:00,FVCB,13.220000267028809,13.220000267028809,13.220000267028809,13.220000267028809,13.220000267028809,410.0
2023-03-09 15:30:00,GABC,35.720001220703125,35.720001220703125,35.720001220703125,35.720001220703125,35.720001220703125,341.0
2023-03-09 15:30:00,GAIN,13.4399995803833,13.4399995803833,13.449999809265137,13.4399995803833,13.449999809265137,758.0
2023-03-09 15:30:00,GBDC,13.21500015258789,13.21500015258789,13.21500015258789,13.210000038146973,13.21500015258789,844.0
2023-03-09 15:30:00,GECC,9.389200210571289,9.389200210571289,9.389200210571289,9.389200210571289,9.389200210571289,120.0
2023-03-09 15:30:00,GEEXW,0.08030000329017639,0.08030000329017639,0.08030000329017639,0.08030000329017639,0.08030000329017639,500.0
2023-03-09 15:30:00,GGAL,12.619999885559082,12.619999885559082,12.619999885559082,12.619999885559082,12.619999885559082,420.0
2023-03-09 15:30:00,GOCO,18.459999084472656,18.459999084472656,18.459999084472656,18.459999084472656,18.459999084472656,102.0
2023-03-09 15:30:00,GSHD,50.5099983215332,50.5099983215332,50.61000061035156,50.5099983215332,50.61000061035156,905.0
2023-03-09 15:30:00,HAFC,21.75,21.75,21.75,21.719999313354492,21.719999313354492,1656.0
2023-03-09 15:30:00,HBAN,13.795000076293945,13.795000076293945,13.800000190734863,13.774999618530273,13.789999961853027,105403.0
2023-03-09 15:30:00,HBCP,36.209999084472656,36.209999084472656,36.25,36.209999084472656,36.25,1111.0
2023-03-09 15:30:00,HBNC,13.779999732971191,13.779999732971191,13.78499984741211,13.779999732971191,13.78499984741211,1170.0
2023-03-09 15:30:00,HBT,21.90999984741211,21.90999984741211,21.90999984741211,21.90999984741211,21.90999984741211,241.0
2023-03-09 15:30:00,HFWA,24.420000076293945,24.420000076293945,24.43000030517578,24.40999984741211,24.43000030517578,2208.0
2023-03-09 15:30:00,HIVE,2.365000009536743,2.365000009536743,2.365000009536743,2.360100030899048,2.360100030899048,2145.0
2023-03-09 15:30:00,HLNE,74.23999786376953,74.23999786376953,74.23999786376953,74.23999786376953,74.23999786376953,868.0
2023-03-09 15:30:00,HMST,22.149999618530273,22.149999618530273,22.149999618530273,22.149999618530273,22.149999618530273,297.0
2023-03-09 15:30:00,HONE,12.619999885559082,12.619999885559082,12.619999885559082,12.604999542236328,12.609999656677246,2298.0
2023-03-09 15:30:00,HOPE,11.680000305175781,11.680000305175781,11.6850004196167,11.664999961853027,11.670000076293945,5047.0
2023-03-09 15:30:00,HRZN,11.630000114440918,11.630000114440918,11.640000343322754,11.630000114440918,11.640000343322754,368.0
2023-03-09 15:30:00,HTBI,27.69499969482422,27.69499969482422,27.69499969482422,27.69499969482422,27.69499969482422,425.0
2023-03-09 15:30:00,HTBK,10.779999732971191,10.779999732971191,10.779999732971191,10.765000343322754,10.779999732971191,1515.0
2023-03-09 15:30:00,HTLF,45.400001525878906,45.400001525878906,45.400001525878906,45.34000015258789,45.34000015258789,717.0
2023-03-09 15:30:00,HUT,1.2798999547958374,1.2798999547958374,1.2798999547958374,1.2699999809265137,1.2699999809265137,21728.0
2023-03-09 15:30:00,HWC,43.491798400878906,43.491798400878906,43.491798400878906,43.33000183105469,43.36000061035156,4537.0
2023-03-09 15:30:00,IBCP,20.520000457763672,20.520000457763672,20.520000457763672,20.510000228881836,20.520000457763672,889.0
2023-03-09 15:30:00,IBKR,85.75,85.75,85.75,85.58000183105469,85.75,9031.0
2023-03-09 15:30:00,IBOC,44.810001373291016,44.810001373291016,44.810001373291016,44.7599983215332,44.7599983215332,2200.0
2023-03-09 15:30:00,IBTX,52.30500030517578,52.30500030517578,52.43000030517578,52.279998779296875,52.375,3885.0
2023-03-09 15:30:00,INBK,23.315000534057617,23.315000534057617,23.315000534057617,23.315000534057617,23.315000534057617,402.0
2023-03-09 15:30:00,INDB,71.44000244140625,71.44000244140625,71.4800033569336,71.40499877929688,71.41000366210938,2377.0
2023-03-09 15:31:00,ABCB,42.30009841918945,42.30009841918945,42.314998626708984,42.29100036621094,42.29999923706055,1090.0
2023-03-09 15:31:00,ACGL,68.30999755859375,68.30999755859375,68.30999755859375,68.2300033569336,68.2300033569336,7771.0
2023-03-09 15:31:00,ACT,23.75,23.75,23.75,23.739999771118164,23.739999771118164,687.0
2023-03-09 15:31:00,AMRK,28.03499984741211,28.03499984741211,28.03499984741211,28.014999389648438,28.030000686645508,966.0
2023-03-09 15:31:00,ANZU,9.9399995803833,9.9399995803833,9.9399995803833,9.9399995803833,9.9399995803833,566.0
2023-03-09 15:31:00,APLD,2.0299999713897705,2.0299999713897705,2.0299999713897705,2.0250000953674316,2.0299999713897705,890.0
2023-03-09 15:31:00,ARCC,18.53499984741211,18.53499984741211,18.545000076293945,18.53499984741211,18.538999557495117,27897.0
2023-03-09 15:31:00,AROW,28.329999923706055,28.329999923706055,28.329999923706055,28.329999923706055,28.329999923706055,281.0
2023-03-09 15:31:00,AUB,36.36000061035156,36.36000061035156,36.375,36.314998626708984,36.314998626708984,5400.0
2023-03-09 15:31:00,BANF,85.5250015258789,85.5250015258789,85.5250015258789,85.48500061035156,85.48500061035156,847.0
2023-03-09 15:31:00,BANR,56.875,56.875,56.93000030517578,56.779998779296875,56.779998779296875,1187.0
2023-03-09 15:31:00,BGCP,4.974999904632568,4.974999904632568,4.974999904632568,4.974999904632568,4.974999904632568,2430.0
2023-03-09 15:31:00,BHF,51.88249969482422,51.88249969482422,51.88249969482422,51.84000015258789,51.84000015258789,2666.0
2023-03-09 15:31:00,BHFAM,16.334999084472656,16.334999084472656,16.334999084472656,16.334999084472656,16.334999084472656,105.0
2023-03-09 15:31:00,BITF,0.7073000073432922,0.7073000073432922,0.7093999981880188,0.7073000073432922,0.7081000208854675,11947.0
2023-03-09 15:31:00,BKCC,3.5999999046325684,3.5999999046325684,3.5999999046325684,3.5999999046325684,3.5999999046325684,246.0
2023-03-09 15:31:00,BOKF,95.08000183105469,95.08000183105469,95.08000183105469,95.0250015258789,95.0250015258789,974.0
2023-03-09 15:31:00,BPOP,62.11000061035156,62.11000061035156,62.13999938964844,62.084999084472656,62.084999084472656,2884.0
2023-03-09 15:31:00,BPRN,33.817501068115234,33.817501068115234,33.817501068115234,33.817501068115234,33.817501068115234,731.0
2023-03-09 15:31:00,BRKL,11.5600004196167,11.5600004196167,11.5600004196167,11.550000190734863,11.550000190734863,1472.0
2023-03-09 15:31:00,BRP,25.209999084472656,25.209999084472656,25.219999313354492,25.157499313354492,25.157499313354492,1091.0
2023-03-09 15:31:00,BUSE,22.530000686645508,22.530000686645508,22.530000686645508,22.530000686645508,22.530000686645508,539.0
2023-03-09 15:31:00,CARE,16.299999237060547,16.299999237060547,16.299999237060547,16.2450008392334,16.2450008392334,2598.0
2023-03-09 15:31:00,CASH,47.08000183105469,47.08000183105469,47.08000183105469,47.08000183105469,47.08000183105469,705.0
2023-03-09 15:31:00,CATC,70.29000091552734,70.29000091552734,70.29000091552734,70.29000091552734,70.29000091552734,226.0
2023-03-09 15:31:00,CATY,38.77000045776367,38.77000045776367,38.77000045776367,38.77000045776367,38.77000045776367,609.0
2023-03-09 15:31:00,CBSH,61.779998779296875,61.779998779296875,61.790000915527344,61.744998931884766,61.744998931884766,1314.0
2023-03-09 15:31:00,CCAP,14.8100004196167,14.8100004196167,14.8100004196167,14.8100004196167,14.8100004196167,570.0
2023-03-09 15:31:00,CCB,41.9900016784668,41.9900016784668,41.9900016784668,41.97999954223633,41.97999954223633,620.0
2023-03-09 15:31:00,CCD,22.710500717163086,22.710500717163086,22.718000411987305,22.710500717163086,22.711999893188477,700.0
2023-03-09 15:31:00,CFFN,7.519999980926514,7.519999980926514,7.519999980926514,7.514999866485596,7.514999866485596,4442.0
2023-03-09 15:31:00,CG,33.209999084472656,33.209999084472656,33.22999954223633,33.20000076293945,33.20500183105469,7435.0
2023-03-09 15:31:00,CGBD,14.850000381469727,14.850000381469727,14.850000381469727,14.850000381469727,14.850000381469727,1068.0
2023-03-09 15:31:00,CGO,9.6850004196167,9.6850004196167,9.6850004196167,9.6850004196167,9.6850004196167,187.0
2023-03-09 15:31:00,CHEAU,10.510000228881836,10.510000228881836,10.510000228881836,10.510000228881836,10.510000228881836,100.0
2023-03-09 15:31:00,CHI,11.760000228881836,11.760000228881836,11.760000228881836,11.760000228881836,11.760000228881836,100.0
2023-03-09 15:31:00,CHY,12.100000381469727,12.100000381469727,12.100000381469727,12.100000381469727,12.100000381469727,100.0
2023-03-09 15:31:00,CIFR,1.4299999475479126,1.4299999475479126,1.4299999475479126,1.4299999475479126,1.4299999475479126,452.0
2023-03-09 15:31:00,CINF,114.93000030517578,114.93000030517578,114.95500183105469,114.81999969482422,114.81999969482422,1396.0
2023-03-09 15:31:00,CME,177.39999389648438,177.39999389648438,177.4199981689453,177.24000549316406,177.24000549316406,4731.0
2023-03-09 15:31:00,CNOB,22.030000686645508,22.030000686645508,22.030000686645508,22.030000686645508,22.030000686645508,406.0
2023-03-09 15:31:00,COLB,24.790000915527344,24.790000915527344,24.790000915527344,24.760000228881836,24.764999389648438,5924.0
2023-03-09 15:31:00,COOP,43.88999938964844,43.88999938964844,43.91999816894531,43.869998931884766,43.869998931884766,1711.0
2023-03-09 15:31:00,CSQ,13.694999694824219,13.694999694824219,13.694999694824219,13.694999694824219,13.694999694824219,393.0
2023-03-09 15:31:00,CVBF,21.6299991607666,21.6299991607666,21.6299991607666,21.59000015258789,21.59000015258789,3695.0
2023-03-09 15:31:00,CVCY,24.415000915527344,24.415000915527344,24.415000915527344,24.415000915527344,24.415000915527344,196.0
2023-03-09 15:31:00,DWAC,14.050000190734863,14.050000190734863,14.055000305175781,14.050000190734863,14.055000305175781,637.0
2023-03-09 15:31:00,DWACW,3.109999895095825,3.109999895095825,3.109999895095825,3.109999895095825,3.109999895095825,1000.0
2023-03-09 15:31:00,EBC,14.354999542236328,14.354999542236328,14.359999656677246,14.345000267028809,14.345000267028809,2839.0
2023-03-09 15:31:00,ECPG,50.189998626708984,50.189998626708984,50.20000076293945,50.18000030517578,50.18000030517578,1081.0
2023-03-09 15:31:00,EFSC,51.369998931884766,51.369998931884766,51.369998931884766,51.369998931884766,51.369998931884766,455.0
2023-03-09 15:31:00,EGBN,40.150001525878906,40.150001525878906,40.150001525878906,40.099998474121094,40.10499954223633,732.0
2023-03-09 15:31:00,EHTH,8.539999961853027,8.539999961853027,8.539999961853027,8.515000343322754,8.515000343322754,2566.0
2023-03-09 15:31:00,ENTFW,0.041999999433755875,0.041999999433755875,0.041999999433755875,0.04010000079870224,0.04010000079870224,1200.0
2023-03-09 15:31:00,ESQ,39.900001525878906,39.900001525878906,40.150001525878906,39.900001525878906,40.11000061035156,2499.0
2023-03-09 15:31:00,EWBC,67.16999816894531,67.16999816894531,67.19000244140625,67.12000274658203,67.13999938964844,3843.0
2023-03-09 15:31:00,FBNC,38.59000015258789,38.59000015258789,38.59000015258789,38.54999923706055,38.54999923706055,1143.0
2023-03-09 15:31:00,FCFS,88.88500213623047,88.88500213623047,88.88999938964844,88.88500213623047,88.88999938964844,873.0
2023-03-09 15:31:00,FCRD,4.579999923706055,4.579999923706055,4.590000152587891,4.579999923706055,4.579999923706055,558.0
2023-03-09 15:31:00,FFBC,22.260000228881836,22.260000228881836,22.260000228881836,22.260000228881836,22.260000228881836,208.0
2023-03-09 15:31:00,FFIC,17.200000762939453,17.200000762939453,17.200000762939453,17.200000762939453,17.200000762939453,330.0
2023-03-09 15:31:00,FFIN,33.51499938964844,33.51499938964844,33.51499938964844,33.51499938964844,33.51499938964844,287.0
2023-03-09 15:31:00,FFNW,14.670000076293945,14.670000076293945,14.75,14.670000076293945,14.710000038146973,1003.0
2023-03-09 15:31:00,FFWM,12.779999732971191,12.779999732971191,12.779999732971191,12.760000228881836,12.760000228881836,1697.0
2023-03-09 15:31:00,FHB,23.934999465942383,23.934999465942383,23.940000534057617,23.90999984741211,23.90999984741211,2714.0
2023-03-09 15:31:00,FIBK,32.064998626708984,32.064998626708984,32.064998626708984,32.040000915527344,32.040000915527344,1460.0
2023-03-09 15:31:00,FITB,31.739999771118164,31.739999771118164,31.739999771118164,31.69499969482422,31.700000762939453,9833.0
2023-03-09 15:31:00,FLIC,16.149999618530273,16.149999618530273,16.149999618530273,16.1200008392334,16.1200008392334,953.0
2023-03-09 15:31:00,FMNB,13.1850004196167,13.1850004196167,13.1850004196167,13.1850004196167,13.1850004196167,200.0
2023-03-09 15:31:00,FOCS,51.564998626708984,51.564998626708984,51.56999969482422,51.564998626708984,51.56999969482422,3010.0
2023-03-09 15:31:00,FRBA,12.65999984741211,12.65999984741211,12.65999984741211,12.65999984741211,12.65999984741211,406.0
2023-03-09 15:31:00,FRBK,1.6749999523162842,1.6749999523162842,1.6749999523162842,1.6749999523162842,1.6749999523162842,305.0
2023-03-09 15:31:00,FRHC,71.4000015258789,71.4000015258789,71.41000366210938,71.4000015258789,71.41000366210938,719.0
2023-03-09 15:31:00,FSBW,33.15999984741211,33.15999984741211,33.15999984741211,33.15999984741211,33.15999984741211,254.0
2023-03-09 15:31:00,FULT,15.604999542236328,15.604999542236328,15.609999656677246,15.595000267028809,15.600000381469727,2713.0
2023-03-09 15:31:00,FUTU,46.13999938964844,46.13999938964844,46.13999938964844,46.08000183105469,46.09000015258789,4858.0
2023-03-09 15:31:00,FVCB,13.220000267028809,13.220000267028809,13.220000267028809,13.199999809265137,13.220000267028809,852.0
2023-03-09 15:31:00,GABC,35.73249816894531,35.73249816894531,35.73249816894531,35.73249816894531,35.73249816894531,226.0
2023-03-09 15:31:00,GBDC,13.204999923706055,13.204999923706055,13.210000038146973,13.204999923706055,13.210000038146973,3884.0
2023-03-09 15:31:00,GECC,9.40999984741211,9.40999984741211,9.40999984741211,9.399999618530273,9.399999618530273,293.0
2023-03-09 15:31:00,GGAL,12.619999885559082,12.619999885559082,12.640000343322754,12.619999885559082,12.619999885559082,702.0
2023-03-09 15:31:00,GLAD,9.750100135803223,9.750100135803223,9.758700370788574,9.75,9.75160026550293,1582.0
2023-03-09 15:31:00,GLRE,10.234800338745117,10.234800338745117,10.234800338745117,10.234800338745117,10.234800338745117,383.0
2023-03-09 15:31:00,GROW,2.6600000858306885,2.6600000858306885,2.6600000858306885,2.6600000858306885,2.6600000858306885,353.0
2023-03-09 15:31:00,GSHD,50.599998474121094,50.599998474121094,50.650001525878906,50.599998474121094,50.599998474121094,2178.0
2023-03-09 15:31:00,HBAN,13.805000305175781,13.805000305175781,13.8100004196167,13.795000076293945,13.800000190734863,36469.0
2023-03-09 15:31:00,HBNC,13.800000190734863,13.800000190734863,13.8100004196167,13.800000190734863,13.800000190734863,716.0
2023-03-09 15:31:00,HBT,21.8799991607666,21.8799991607666,21.940000534057617,21.8799991607666,21.940000534057617,430.0
2023-03-09 15:31:00,HFWA,24.424999237060547,24.424999237060547,24.424999237060547,24.40999984741211,24.420000076293945,813.0
2023-03-09 15:31:00,HIVE,2.365000009536743,2.365000009536743,2.365000009536743,2.365000009536743,2.365000009536743,835.0
2023-03-09 15:31:00,HLNE,74.0999984741211,74.0999984741211,74.26000213623047,74.0250015258789,74.26000213623047,12743.0
2023-03-09 15:31:00,HMST,22.21500015258789,22.21500015258789,22.21500015258789,22.21500015258789,22.21500015258789,366.0
2023-03-09 15:31:00,HOPE,11.699999809265137,11.699999809265137,11.699999809265137,11.6850004196167,11.6899995803833,1472.0
2023-03-09 15:31:00,HRZN,11.635000228881836,11.635000228881836,11.635000228881836,11.635000228881836,11.635000228881836,250.0
2023-03-09 15:31:00,HTBK,10.789999961853027,10.789999961853027,10.789999961853027,10.779999732971191,10.779999732971191,1274.0
2023-03-09 15:31:00,HUT,1.2798999547958374,1.2798999547958374,1.2799999713897705,1.2719999551773071,1.2797000408172607,11147.0
2023-03-09 15:31:00,HWC,43.470001220703125,43.470001220703125,43.47999954223633,43.45000076293945,43.470001220703125,2077.0
2023-03-09 15:31:00,IBKR,85.77999877929688,85.77999877929688,85.79000091552734,85.75,85.75,2696.0
2023-03-09 15:31:00,IBOC,44.84000015258789,44.84000015258789,44.84000015258789,44.84000015258789,44.84000015258789,131.0
2023-03-09 15:31:00,IGIC,8.289999961853027,8.289999961853027,8.289999961853027,8.289999961853027,8.289999961853027,219.0
2023-03-09 15:31:00,INDB,71.51000213623047,71.51000213623047,71.51000213623047,71.45999908447266,71.51000213623047,867.0
2023-03-09 15:32:00,ABCB,42.40999984741211,42.40999984741211,42.43000030517578,42.38999938964844,42.43000030517578,2003.0
2023-03-09 15:32:00,ACGL,68.38999938964844,68.38999938964844,68.38999938964844,68.31500244140625,68.31500244140625,11211.0
2023-03-09 15:32:00,ACT,23.780000686645508,23.780000686645508,23.780000686645508,23.75,23.75,1189.0
2023-03-09 15:32:00,AMAL,21.125,21.125,21.125,21.125,21.125,100.0
2023-03-09 15:32:00,AMSF,51.45000076293945,51.45000076293945,51.45000076293945,51.45000076293945,51.45000076293945,775.0
2023-03-09 15:32:00,APLD,2.0350000858306885,2.0350000858306885,2.0350000858306885,2.0250000953674316,2.0299999713897705,6317.0
2023-03-09 15:32:00,APMI,10.175000190734863,10.175000190734863,10.175000190734863,10.175000190734863,10.175000190734863,600.0
2023-03-09 15:32:00,ARCC,18.562700271606445,18.562700271606445,18.562700271606445,18.53499984741211,18.53499984741211,24704.0
2023-03-09 15:32:00,AROW,28.329999923706055,28.329999923706055,28.329999923706055,28.329999923706055,28.329999923706055,284.0
2023-03-09 15:32:00,AUB,36.375,36.375,36.380001068115234,36.36000061035156,36.3650016784668,11799.0
2023-03-09 15:32:00,BANF,85.68000030517578,85.68000030517578,85.68000030517578,85.68000030517578,85.68000030517578,430.0
2023-03-09 15:32:00,BANR,56.970001220703125,56.970001220703125,56.970001220703125,56.900001525878906,56.900001525878906,1299.0
2023-03-09 15:32:00,BCML,19.3700008392334,19.3700008392334,19.3700008392334,19.3700008392334,19.3700008392334,118.0
2023-03-09 15:32:00,BFST,18.584999084472656,18.584999084472656,18.584999084472656,18.584999084472656,18.584999084472656,131.0
2023-03-09 15:32:00,BGCP,4.989999771118164,4.989999771118164,4.989999771118164,4.972499847412109,4.974999904632568,13797.0
2023-03-09 15:32:00,BHF,51.98500061035156,51.98500061035156,51.98500061035156,51.8849983215332,51.8849983215332,1250.0
2023-03-09 15:32:00,BHFAO,24.385000228881836,24.385000228881836,24.385000228881836,24.385000228881836,24.385000228881836,200.0
2023-03-09 15:32:00,BHFAP,23.850099563598633,23.850099563598633,23.850099563598633,23.850000381469727,23.850000381469727,200.0
2023-03-09 15:32:00,BITF,0.7125999927520752,0.7125999927520752,0.7125999927520752,0.7080000042915344,0.7080000042915344,7300.0
2023-03-09 15:32:00,BKSC,15.957799911499023,15.957799911499023,15.957799911499023,15.957799911499023,15.957799911499023,1162.0
2023-03-09 15:32:00,BMRC,27.030000686645508,27.030000686645508,27.030000686645508,27.030000686645508,27.030000686645508,510.0
2023-03-09 15:32:00,BOCNU,10.449999809265137,10.449999809265137,10.449999809265137,10.449999809265137,10.449999809265137,100.0
2023-03-09 15:32:00,BOKF,95.20999908447266,95.20999908447266,95.20999908447266,95.20999908447266,95.20999908447266,259.0
2023-03-09 15:32:00,BPOP,62.165000915527344,62.165000915527344,62.18000030517578,62.125,62.125,10933.0
2023-03-09 15:32:00,BRKL,11.579999923706055,11.579999923706055,11.579999923706055,11.569999694824219,11.569999694824219,1983.0
2023-03-09 15:32:00,BRP,25.260000228881836,25.260000228881836,25.280000686645508,25.235000610351562,25.235000610351562,1344.0
2023-03-09 15:32:00,BTBT,1.0750000476837158,1.0750000476837158,1.0800000429153442,1.0750000476837158,1.0800000429153442,1569.0
2023-03-09 15:32:00,BUSE,22.559999465942383,22.559999465942383,22.559999465942383,22.559999465942383,22.559999465942383,616.0
2023-03-09 15:32:00,CAC,39.0,39.0,39.0,38.970001220703125,38.970001220703125,782.0
2023-03-09 15:32:00,CACC,431.3900146484375,431.3900146484375,431.3900146484375,431.3900146484375,431.3900146484375,1068.0
2023-03-09 15:32:00,CASH,47.13999938964844,47.13999938964844,47.13999938964844,47.102500915527344,47.10499954223633,1605.0
2023-03-09 15:32:00,CATY,38.83000183105469,38.83000183105469,38.83000183105469,38.810001373291016,38.810001373291016,614.0
2023-03-09 15:32:00,CBSH,61.869998931884766,61.869998931884766,61.869998931884766,61.779998779296875,61.779998779296875,1458.0
2023-03-09 15:32:00,CCB,42.08000183105469,42.08000183105469,42.08000183105469,42.08000183105469,42.08000183105469,524.0
2023-03-09 15:32:00,CCD,22.710500717163086,22.710500717163086,22.710500717163086,22.710500717163086,22.710500717163086,145.0
2023-03-09 15:32:00,CCNE,22.59000015258789,22.59000015258789,22.59000015258789,22.59000015258789,22.59000015258789,369.0
2023-03-09 15:32:00,CFFN,7.53000020980835,7.53000020980835,7.534999847412109,7.519999980926514,7.519999980926514,7209.0
2023-03-09 15:32:00,CG,33.27000045776367,33.27000045776367,33.27000045776367,33.20000076293945,33.209999084472656,11979.0
2023-03-09 15:32:00,CGBD,14.869999885559082,14.869999885559082,14.869999885559082,14.859999656677246,14.859999656677246,2122.0
2023-03-09 15:32:00,CHCO,91.7300033569336,91.7300033569336,91.7300033569336,91.63999938964844,91.63999938964844,1210.0
2023-03-09 15:32:00,CHI,11.770000457763672,11.770000457763672,11.770000457763672,11.770000457763672,11.770000457763672,300.0
2023-03-09 15:32:00,CHY,12.119999885559082,12.119999885559082,12.119999885559082,12.109999656677246,12.109999656677246,440.0
2023-03-09 15:32:00,CIFR,1.4249999523162842,1.4249999523162842,1.4249999523162842,1.4249999523162842,1.4249999523162842,625.0
2023-03-09 15:32:00,CINF,115.15750122070312,115.15750122070312,115.20500183105469,115.0,115.0,2540.0
2023-03-09 15:32:00,CLBK,19.780000686645508,19.780000686645508,19.780000686645508,19.780000686645508,19.780000686645508,222.0
2023-03-09 15:32:00,CLINW,0.07050000131130219,0.07050000131130219,0.07050000131130219,0.07050000131130219,0.07050000131130219,300.0
2023-03-09 15:32:00,CME,177.77000427246094,177.77000427246094,177.77000427246094,177.3800048828125,177.38999938964844,6465.0
2023-03-09 15:32:00,CNOB,22.059999465942383,22.059999465942383,22.059999465942383,22.020000457763672,22.020000457763672,529.0
2023-03-09 15:32:00,COLB,24.81999969482422,24.81999969482422,24.81999969482422,24.78499984741211,24.790000915527344,13920.0
2023-03-09 15:32:00,COOP,44.0,44.0,44.0,43.858001708984375,43.858001708984375,2107.0
2023-03-09 15:32:00,CSQ,13.725000381469727,13.725000381469727,13.725000381469727,13.725000381469727,13.725000381469727,300.0
2023-03-09 15:32:00,CSTR,15.109999656677246,15.109999656677246,15.109999656677246,15.109999656677246,15.109999656677246,215.0
2023-03-09 15:32:00,CSWC,18.110000610351562,18.110000610351562,18.110000610351562,18.09000015258789,18.09000015258789,2087.0
2023-03-09 15:32:00,CVBF,21.655000686645508,21.655000686645508,21.65999984741211,21.6299991607666,21.639999389648438,3209.0
2023-03-09 15:32:00,CVLY,24.1200008392334,24.1200008392334,24.1200008392334,24.1200008392334,24.1200008392334,146.0
2023-03-09 15:32:00,DCOM,29.5,29.5,29.5,29.5,29.5,415.0
2023-03-09 15:32:00,DGICA,15.020000457763672,15.020000457763672,15.020000457763672,15.020000457763672,15.020000457763672,221.0
2023-03-09 15:32:00,DWAC,14.069999694824219,14.069999694824219,14.069999694824219,14.0600004196167,14.0600004196167,246.0
2023-03-09 15:32:00,EBC,14.375,14.375,14.380000114440918,14.354999542236328,14.354999542236328,11515.0
2023-03-09 15:32:00,ECPG,50.220001220703125,50.220001220703125,50.220001220703125,50.20000076293945,50.20000076293945,705.0
2023-03-09 15:32:00,EGBN,40.17499923706055,40.17499923706055,40.17499923706055,40.1349983215332,40.1349983215332,637.0
2023-03-09 15:32:00,EHTH,8.600000381469727,8.600000381469727,8.609999656677246,8.544599533081055,8.544599533081055,11607.0
2023-03-09 15:32:00,EQBK,28.1299991607666,28.1299991607666,28.1299991607666,28.100000381469727,28.100000381469727,521.0
2023-03-09 15:32:00,ERIE,230.86000061035156,230.86000061035156,230.86000061035156,230.86000061035156,230.86000061035156,828.0
2023-03-09 15:32:00,ESACU,10.479999542236328,10.479999542236328,10.479999542236328,10.479999542236328,10.479999542236328,100.0
2023-03-09 15:32:00,ESGR,230.02499389648438,230.02499389648438,230.02499389648438,230.02499389648438,230.02499389648438,204.0
2023-03-09 15:32:00,ESGRP,23.15559959411621,23.15559959411621,23.15559959411621,23.15559959411621,23.15559959411621,121.0
2023-03-09 15:32:00,EWBC,67.25,67.25,67.25,67.16000366210938,67.16999816894531,8674.0
2023-03-09 15:32:00,EZPW,8.770000457763672,8.770000457763672,8.770000457763672,8.770000457763672,8.770000457763672,423.0
2023-03-09 15:32:00,FBIZ,33.29999923706055,33.29999923706055,33.29999923706055,33.29999923706055,33.29999923706055,103.0
2023-03-09 15:32:00,FBMS,28.84000015258789,28.84000015258789,28.84000015258789,28.770000457763672,28.770000457763672,2068.0
2023-03-09 15:32:00,FBNC,38.650001525878906,38.650001525878906,38.650001525878906,38.58000183105469,38.58000183105469,1539.0
2023-03-09 15:32:00,FCFS,88.72000122070312,88.72000122070312,88.83000183105469,88.69999694824219,88.83000183105469,3214.0
2023-03-09 15:32:00,FCNCA,643.3599853515625,643.3599853515625,643.3599853515625,642.5700073242188,642.5700073242188,1697.0
2023-03-09 15:32:00,FCRD,4.579999923706055,4.579999923706055,4.579999923706055,4.579999923706055,4.579999923706055,100.0
2023-03-09 15:32:00,FFBC,22.299999237060547,22.299999237060547,22.299999237060547,22.260000228881836,22.260000228881836,1369.0
2023-03-09 15:32:00,FFIC,17.209999084472656,17.209999084472656,17.209999084472656,17.209999084472656,17.209999084472656,487.0
2023-03-09 15:32:00,FFIN,33.540000915527344,33.540000915527344,33.540000915527344,33.52000045776367,33.52000045776367,1134.0
2023-03-09 15:32:00,FFWM,12.789999961853027,12.789999961853027,12.789999961853027,12.789999961853027,12.789999961853027,426.0
2023-03-09 15:32:00,FHB,23.979999542236328,23.979999542236328,23.979999542236328,23.93000030517578,23.93000030517578,3502.0
2023-03-09 15:32:00,FIBK,32.08000183105469,32.08000183105469,32.084999084472656,32.04999923706055,32.04999923706055,3673.0
2023-03-09 15:32:00,FITB,31.799999237060547,31.799999237060547,31.799999237060547,31.735000610351562,31.739999771118164,57868.0
2023-03-09 15:32:00,FITBP,24.079999923706055,24.079999923706055,24.079999923706055,24.079999923706055,24.079999923706055,1800.0
2023-03-09 15:32:00,FMNB,13.194999694824219,13.194999694824219,13.194999694824219,13.1899995803833,13.1899995803833,422.0
2023-03-09 15:32:00,FOCS,51.564998626708984,51.564998626708984,51.56999969482422,51.564998626708984,51.564998626708984,9487.0
2023-03-09 15:32:00,FRBK,1.6799999475479126,1.6799999475479126,1.6799999475479126,1.6749999523162842,1.6749999523162842,2174.0
2023-03-09 15:32:00,FRHC,71.66000366210938,71.66000366210938,71.69000244140625,71.66000366210938,71.66000366210938,1039.0
2023-03-09 15:32:00,FRME,37.349998474121094,37.349998474121094,37.349998474121094,37.31999969482422,37.31999969482422,730.0
2023-03-09 15:32:00,FSBC,25.559999465942383,25.559999465942383,25.559999465942383,25.559999465942383,25.559999465942383,261.0
2023-03-09 15:32:00,FSBW,33.20000076293945,33.20000076293945,33.20000076293945,33.20000076293945,33.20000076293945,100.0
2023-03-09 15:32:00,FULT,15.619999885559082,15.619999885559082,15.619999885559082,15.600000381469727,15.604999542236328,5270.0
2023-03-09 15:32:00,FUND,8.40999984741211,8.40999984741211,8.40999984741211,8.40999984741211,8.40999984741211,100.0
2023-03-09 15:32:00,FUTU,46.224998474121094,46.224998474121094,46.224998474121094,46.1349983215332,46.1349983215332,3581.0
2023-03-09 15:32:00,FVCB,13.25,13.25,13.260000228881836,13.25,13.25,500.0
2023-03-09 15:32:00,GAIN,13.449899673461914,13.449899673461914,13.449899673461914,13.449899673461914,13.449899673461914,466.0
2023-03-09 15:32:00,GBDC,13.204999923706055,13.204999923706055,13.204999923706055,13.204999923706055,13.204999923706055,607.0
2023-03-09 15:32:00,GCMG,8.34000015258789,8.34000015258789,8.34000015258789,8.34000015258789,8.34000015258789,150.0
2023-03-09 15:32:00,GENQW,0.08460099995136261,0.08460099995136261,0.08460099995136261,0.08460099995136261,0.08460099995136261,200.0
2023-03-09 15:32:00,GGAL,12.649999618530273,12.649999618530273,12.649999618530273,12.625,12.640000343322754,952.0
2023-03-09 15:32:00,GLAD,9.760000228881836,9.760000228881836,9.760000228881836,9.760000228881836,9.760000228881836,333.0
2023-03-09 15:32:00,GOCO,18.549999237060547,18.549999237060547,18.549999237060547,18.549999237060547,18.549999237060547,127.0
2023-03-09 15:32:00,GSHD,50.63999938964844,50.63999938964844,50.63999938964844,50.59000015258789,50.59000015258789,648.0
2023-03-09 15:32:00,HAFC,21.790000915527344,21.790000915527344,21.790000915527344,21.790000915527344,21.790000915527344,623.0
2023-03-09 15:32:00,HBAN,13.824999809265137,13.824999809265137,13.829999923706055,13.805000305175781,13.805000305175781,71712.0
2023-03-09 15:32:00,HBNC,13.819999694824219,13.819999694824219,13.84000015258789,13.819999694824219,13.819999694824219,2909.0
2023-03-09 15:32:00,HFWA,24.434999465942383,24.434999465942383,24.434999465942383,24.420000076293945,24.420000076293945,855.0
2023-03-09 15:32:00,HIVE,2.3701000213623047,2.3701000213623047,2.3798999786376953,2.365000009536743,2.369999885559082,7017.0
2023-03-09 15:32:00,HLNE,73.98999786376953,73.98999786376953,74.0199966430664,73.94999694824219,74.0199966430664,1860.0
2023-03-09 15:32:00,HMST,22.260000228881836,22.260000228881836,22.290000915527344,22.260000228881836,22.290000915527344,816.0
2023-03-09 15:32:00,HONE,12.640000343322754,12.640000343322754,12.640000343322754,12.630000114440918,12.630000114440918,961.0
2023-03-09 15:32:00,HOPE,11.710000038146973,11.710000038146973,11.710000038146973,11.6899995803833,11.6899995803833,5822.0
2023-03-09 15:32:00,HTBI,27.729999542236328,27.729999542236328,27.729999542236328,27.729999542236328,27.729999542236328,767.0
2023-03-09 15:32:00,HTLF,45.45000076293945,45.45000076293945,45.45000076293945,45.45000076293945,45.45000076293945,441.0
2023-03-09 15:32:00,HUT,1.2799999713897705,1.2799999713897705,1.284999966621399,1.273800015449524,1.2799999713897705,142333.0
2023-03-09 15:32:00,HWC,43.540000915527344,43.540000915527344,43.54999923706055,43.4900016784668,43.4900016784668,2732.0
2023-03-09 15:32:00,HYW,5.5,5.5,5.510000228881836,5.5,5.510000228881836,200.0
2023-03-09 15:32:00,IBKR,85.9489974975586,85.9489974975586,85.9489974975586,85.73999786376953,85.80000305175781,20855.0
2023-03-09 15:32:00,IBOC,44.93000030517578,44.93000030517578,44.93000030517578,44.86000061035156,44.86000061035156,1496.0
2023-03-09 15:32:00,IBTX,52.400001525878906,52.400001525878906,52.43000030517578,52.380001068115234,52.400001525878906,1786.0
2023-03-09 15:32:00,IGIC,8.239999771118164,8.239999771118164,8.239999771118164,8.239999771118164,8.239999771118164,1416.0
2023-03-09 15:32:00,INDB,71.5999984741211,71.5999984741211,71.5999984741211,71.54499816894531,71.54499816894531,1232.0
2023-03-09 15:33:00,ABCB,42.459999084472656,42.459999084472656,42.459999084472656,42.38999938964844,42.44499969482422,2708.0
2023-03-09 15:33:00,ACGL,68.31999969482422,68.31999969482422,68.4000015258789,68.29000091552734,68.4000015258789,2973.0
2023-03-09 15:33:00,ACT,23.75,23.75,23.780000686645508,23.75,23.780000686645508,923.0
2023-03-09 15:33:00,AMAL,21.100000381469727,21.100000381469727,21.100000381469727,21.100000381469727,21.100000381469727,401.0
2023-03-09 15:33:00,AMRK,28.049999237060547,28.049999237060547,28.049999237060547,28.045000076293945,28.045000076293945,214.0
2023-03-09 15:33:00,AMSF,51.400001525878906,51.400001525878906,51.400001525878906,51.400001525878906,51.400001525878906,1127.0
2023-03-09 15:33:00,AMTB,25.389999389648438,25.389999389648438,25.389999389648438,25.360000610351562,25.360000610351562,816.0
2023-03-09 15:33:00,ANZU,9.9399995803833,9.9399995803833,9.9399995803833,9.9399995803833,9.9399995803833,565.0
2023-03-09 15:33:00,APLD,2.0343000888824463,2.0343000888824463,2.0399999618530273,2.0299999713897705,2.0399999618530273,1288.0
2023-03-09 15:33:00,ARBK,1.3898999691009521,1.3898999691009521,1.3898999691009521,1.3898999691009521,1.3898999691009521,275.0
2023-03-09 15:33:00,ARCC,18.549299240112305,18.549299240112305,18.565000534057617,18.540000915527344,18.565000534057617,12842.0
2023-03-09 15:33:00,AUB,36.36000061035156,36.36000061035156,36.3849983215332,36.36000061035156,36.380001068115234,7328.0
2023-03-09 15:33:00,BANF,85.79499816894531,85.79499816894531,85.79499816894531,85.79499816894531,85.79499816894531,503.0
2023-03-09 15:33:00,BANR,56.939998626708984,56.939998626708984,56.97999954223633,56.86000061035156,56.970001220703125,2474.0
2023-03-09 15:33:00,BCBP,15.729999542236328,15.729999542236328,15.729999542236328,15.720000267028809,15.720000267028809,488.0
2023-03-09 15:33:00,BFIN,9.95009994506836,9.95009994506836,9.95009994506836,9.9399995803833,9.949999809265137,3024.0
2023-03-09 15:33:00,BFST,18.59000015258789,18.59000015258789,18.59000015258789,18.59000015258789,18.59000015258789,410.0
2023-03-09 15:33:00,BGCP,4.980000019073486,4.980000019073486,4.985000133514404,4.974999904632568,4.985000133514404,19936.0
2023-03-09 15:33:00,BHF,51.900001525878906,51.900001525878906,51.98500061035156,51.880001068115234,51.98500061035156,3555.0
2023-03-09 15:33:00,BHFAM,16.350000381469727,16.350000381469727,16.350000381469727,16.350000381469727,16.350000381469727,107.0
2023-03-09 15:33:00,BHFAO,24.549999237060547,24.549999237060547,24.549999237060547,24.549999237060547,24.549999237060547,486.0
2023-03-09 15:33:00,BITF,0.7141000032424927,0.7141000032424927,0.7149999737739563,0.7110000252723694,0.7149999737739563,18073.0
2023-03-09 15:33:00,BKCC,3.607300043106079,3.607300043106079,3.607300043106079,3.6050000190734863,3.6050000190734863,406.0
2023-03-09 15:33:00,BLFY,11.270000457763672,11.270000457763672,11.274999618530273,11.260000228881836,11.274999618530273,1745.0
2023-03-09 15:33:00,BMRC,27.075000762939453,27.075000762939453,27.079999923706055,27.075000762939453,27.079999923706055,372.0
2023-03-09 15:33:00,BOKF,95.45999908447266,95.45999908447266,95.45999908447266,95.29000091552734,95.43000030517578,3095.0
2023-03-09 15:33:00,BPOP,62.19499969482422,62.19499969482422,62.22999954223633,62.060001373291016,62.15999984741211,16528.0
2023-03-09 15:33:00,BRKL,11.600000381469727,11.600000381469727,11.600000381469727,11.5600004196167,11.569999694824219,7318.0
2023-03-09 15:33:00,BRP,25.18000030517578,25.18000030517578,25.25,25.18000030517578,25.25,587.0
2023-03-09 15:33:00,BTBT,1.0793999433517456,1.0793999433517456,1.0793999433517456,1.0746999979019165,1.0750000476837158,675.0
2023-03-09 15:33:00,BUSE,22.6299991607666,22.6299991607666,22.6299991607666,22.579999923706055,22.579999923706055,1411.0
2023-03-09 15:33:00,BWB,13.34000015258789,13.34000015258789,13.359999656677246,13.34000015258789,13.359999656677246,682.0
2023-03-09 15:33:00,CARE,16.270000457763672,16.270000457763672,16.290000915527344,16.270000457763672,16.290000915527344,968.0
2023-03-09 15:33:00,CASH,47.150001525878906,47.150001525878906,47.150001525878906,47.06999969482422,47.150001525878906,4064.0
2023-03-09 15:33:00,CATC,70.47000122070312,70.47000122070312,70.47000122070312,70.41999816894531,70.41999816894531,746.0
2023-03-09 15:33:00,CATY,38.81999969482422,38.81999969482422,38.84000015258789,38.810001373291016,38.84000015258789,1710.0
2023-03-09 15:33:00,CBAN,11.739999771118164,11.739999771118164,11.739999771118164,11.739999771118164,11.739999771118164,541.0
2023-03-09 15:33:00,CBSH,61.900001525878906,61.900001525878906,61.900001525878906,61.79999923706055,61.875,4229.0
2023-03-09 15:33:00,CCAP,14.850000381469727,14.850000381469727,14.850000381469727,14.819999694824219,14.819999694824219,1805.0
2023-03-09 15:33:00,CFB,12.289999961853027,12.289999961853027,12.289999961853027,12.279999732971191,12.279999732971191,732.0
2023-03-09 15:33:00,CFFN,7.53000020980835,7.53000020980835,7.53000020980835,7.53000020980835,7.53000020980835,5001.0
2023-03-09 15:33:00,CG,33.26499938964844,33.26499938964844,33.27000045776367,33.22999954223633,33.27000045776367,12304.0
2023-03-09 15:33:00,CGBD,14.864999771118164,14.864999771118164,14.864999771118164,14.864999771118164,14.864999771118164,338.0
2023-03-09 15:33:00,CHI,11.789999961853027,11.789999961853027,11.789999961853027,11.779999732971191,11.779999732971191,2517.0
2023-03-09 15:33:00,CHY,12.109999656677246,12.109999656677246,12.109999656677246,12.109999656677246,12.109999656677246,100.0
2023-03-09 15:33:00,CIFR,1.4299999475479126,1.4299999475479126,1.4299999475479126,1.4299999475479126,1.4299999475479126,300.0
2023-03-09 15:33:00,CINF,115.09500122070312,115.09500122070312,115.18000030517578,115.02999877929688,115.16000366210938,3559.0
2023-03-09 15:33:00,CIVB,20.735000610351562,20.735000610351562,20.735000610351562,20.735000610351562,20.735000610351562,200.0
2023-03-09 15:33:00,CLBK,19.780000686645508,19.780000686645508,19.790000915527344,19.780000686645508,19.790000915527344,280.0
2023-03-09 15:33:00,CME,177.5399932861328,177.5399932861328,177.75999450683594,177.52000427246094,177.75999450683594,4655.0
2023-03-09 15:33:00,CNOB,22.049999237060547,22.049999237060547,22.059999465942383,22.049999237060547,22.059999465942383,1145.0
2023-03-09 15:33:00,COLB,24.844999313354492,24.844999313354492,24.850000381469727,24.80500030517578,24.829999923706055,16552.0
2023-03-09 15:33:00,COOP,43.92499923706055,43.92499923706055,44.029998779296875,43.900001525878906,44.029998779296875,3616.0
2023-03-09 15:33:00,CSQ,13.71780014038086,13.71780014038086,13.720000267028809,13.71500015258789,13.720000267028809,727.0
2023-03-09 15:33:00,CSTR,15.145000457763672,15.145000457763672,15.145000457763672,15.119999885559082,15.119999885559082,1575.0
2023-03-09 15:33:00,CSWC,18.110000610351562,18.110000610351562,18.110000610351562,18.110000610351562,18.110000610351562,255.0
2023-03-09 15:33:00,CTBI,40.4900016784668,40.4900016784668,40.4900016784668,40.4900016784668,40.4900016784668,102.0
2023-03-09 15:33:00,CVBF,21.670000076293945,21.670000076293945,21.670000076293945,21.6200008392334,21.65999984741211,7809.0
2023-03-09 15:33:00,CZNC,22.15999984741211,22.15999984741211,22.15999984741211,22.15999984741211,22.15999984741211,291.0
2023-03-09 15:33:00,DCOM,29.530000686645508,29.530000686645508,29.530000686645508,29.510000228881836,29.510000228881836,801.0
2023-03-09 15:33:00,DWAC,14.069999694824219,14.069999694824219,14.069999694824219,14.069999694824219,14.069999694824219,230.0
2023-03-09 15:33:00,EBC,14.359999656677246,14.359999656677246,14.369999885559082,14.350000381469727,14.369999885559082,6813.0
2023-03-09 15:33:00,ECPG,50.189998626708984,50.189998626708984,50.22999954223633,50.189998626708984,50.22999954223633,374.0
2023-03-09 15:33:00,EFSC,51.43000030517578,51.43000030517578,51.43000030517578,51.43000030517578,51.43000030517578,157.0
2023-03-09 15:33:00,EGBN,40.185001373291016,40.185001373291016,40.20000076293945,40.15999984741211,40.189998626708984,1928.0
2023-03-09 15:33:00,EHTH,8.579999923706055,8.579999923706055,8.619999885559082,8.579999923706055,8.619999885559082,1191.0
2023-03-09 15:33:00,EQBK,28.139999389648438,28.139999389648438,28.139999389648438,28.139999389648438,28.139999389648438,279.0
2023-03-09 15:33:00,EWBC,67.30000305175781,67.30000305175781,67.30000305175781,67.19999694824219,67.23999786376953,9186.0
2023-03-09 15:33:00,EZPW,8.770000457763672,8.770000457763672,8.774999618530273,8.765000343322754,8.770000457763672,3064.0
2023-03-09 15:33:00,FBMS,28.860000610351562,28.860000610351562,28.860000610351562,28.84000015258789,28.850000381469727,1588.0
2023-03-09 15:33:00,FBNC,38.650001525878906,38.650001525878906,38.66999816894531,38.61000061035156,38.66999816894531,4000.0
2023-03-09 15:33:00,FCFS,88.5999984741211,88.5999984741211,88.63999938964844,88.58000183105469,88.63999938964844,949.0
2023-03-09 15:33:00,FCRD,4.559999942779541,4.559999942779541,4.599999904632568,4.559999942779541,4.579999923706055,418.0
2023-03-09 15:33:00,FFBC,22.31999969482422,22.31999969482422,22.31999969482422,22.280000686645508,22.299999237060547,2443.0
2023-03-09 15:33:00,FFIC,17.200000762939453,17.200000762939453,17.219999313354492,17.200000762939453,17.209999084472656,695.0
2023-03-09 15:33:00,FFIN,33.53499984741211,33.53499984741211,33.560001373291016,33.51499938964844,33.560001373291016,2288.0
2023-03-09 15:33:00,FFWM,12.819999694824219,12.819999694824219,12.819999694824219,12.800000190734863,12.800000190734863,2319.0
2023-03-09 15:33:00,FHB,23.969999313354492,23.969999313354492,23.979999542236328,23.940000534057617,23.966999053955078,5072.0
2023-03-09 15:33:00,FIBK,32.130001068115234,32.130001068115234,32.13999938964844,32.060001373291016,32.09000015258789,5427.0
2023-03-09 15:33:00,FISI,23.200000762939453,23.200000762939453,23.200000762939453,23.200000762939453,23.200000762939453,449.0
2023-03-09 15:33:00,FITB,31.81999969482422,31.81999969482422,31.829999923706055,31.780000686645508,31.799999237060547,34174.0
2023-03-09 15:33:00,FITBO,22.020000457763672,22.020000457763672,22.020000457763672,22.020000457763672,22.020000457763672,265.0
2023-03-09 15:33:00,FLIC,16.170000076293945,16.170000076293945,16.170000076293945,16.170000076293945,16.170000076293945,301.0
2023-03-09 15:33:00,FMNB,13.1899995803833,13.1899995803833,13.1899995803833,13.1899995803833,13.1899995803833,939.0
2023-03-09 15:33:00,FOCS,51.56999969482422,51.56999969482422,51.56999969482422,51.560001373291016,51.564998626708984,6159.0
2023-03-09 15:33:00,FRBK,1.6799999475479126,1.6799999475479126,1.6799999475479126,1.6799999475479126,1.6799999475479126,1596.0
2023-03-09 15:33:00,FRHC,71.69000244140625,71.69000244140625,71.80000305175781,71.69000244140625,71.80000305175781,1241.0
2023-03-09 15:33:00,FRME,37.38999938964844,37.38999938964844,37.38999938964844,37.33000183105469,37.33000183105469,1679.0
2023-03-09 15:33:00,FSBC,25.600000381469727,25.600000381469727,25.600000381469727,25.600000381469727,25.600000381469727,111.0
2023-03-09 15:33:00,FSBW,33.20000076293945,33.20000076293945,33.20000076293945,33.20000076293945,33.20000076293945,302.0
2023-03-09 15:33:00,FULT,15.635000228881836,15.635000228881836,15.640000343322754,15.604999542236328,15.625,5328.0
2023-03-09 15:33:00,FULTP,20.940000534057617,20.940000534057617,20.940000534057617,20.940000534057617,20.940000534057617,131.0
2023-03-09 15:33:00,FUNC,19.530000686645508,19.530000686645508,19.530000686645508,19.530000686645508,19.530000686645508,234.0
2023-03-09 15:33:00,FUND,8.401700019836426,8.401700019836426,8.401700019836426,8.401700019836426,8.401700019836426,562.0
2023-03-09 15:33:00,FUTU,46.25,46.25,46.25,46.20000076293945,46.25,6205.0
2023-03-09 15:33:00,FVCB,13.25,13.25,13.25,13.25,13.25,339.0
2023-03-09 15:33:00,GABC,35.845001220703125,35.845001220703125,35.845001220703125,35.79999923706055,35.79999923706055,1049.0
2023-03-09 15:33:00,GAIN,13.4399995803833,13.4399995803833,13.449999809265137,13.4399995803833,13.449999809265137,318.0
2023-03-09 15:33:00,GBDC,13.199999809265137,13.199999809265137,13.199999809265137,13.199999809265137,13.199999809265137,721.0
2023-03-09 15:33:00,GCMG,8.329999923706055,8.329999923706055,8.34000015258789,8.329999923706055,8.34000015258789,1374.0
2023-03-09 15:33:00,GGAL,12.630000114440918,12.630000114440918,12.649999618530273,12.630000114440918,12.640000343322754,4091.0
2023-03-09 15:33:00,GREE,0.4081000089645386,0.4081000089645386,0.4081000089645386,0.4065999984741211,0.4065999984741211,1749.0
2023-03-09 15:33:00,GSHD,50.58000183105469,50.58000183105469,50.650001525878906,50.58000183105469,50.630001068115234,428.0
2023-03-09 15:33:00,HAFC,21.809999465942383,21.809999465942383,21.809999465942383,21.770000457763672,21.795000076293945,1430.0
2023-03-09 15:33:00,HBAN,13.84000015258789,13.84000015258789,13.84000015258789,13.8149995803833,13.829999923706055,105021.0
2023-03-09 15:33:00,HBANP,18.915000915527344,18.915000915527344,18.915000915527344,18.915000915527344,18.915000915527344,1043.0
2023-03-09 15:33:00,HBNC,13.8100004196167,13.8100004196167,13.829999923706055,13.8100004196167,13.829999923706055,1921.0
2023-03-09 15:33:00,HFWA,24.469999313354492,24.469999313354492,24.469999313354492,24.450000762939453,24.450000762939453,3798.0
2023-03-09 15:33:00,HIVE,2.375,2.375,2.3791000843048096,2.3726999759674072,2.3791000843048096,5849.0
2023-03-09 15:33:00,HLNE,74.04000091552734,74.04000091552734,74.04000091552734,73.99500274658203,73.99500274658203,781.0
2023-03-09 15:33:00,HONE,12.649999618530273,12.649999618530273,12.649999618530273,12.640000343322754,12.640000343322754,586.0
2023-03-09 15:33:00,HOPE,11.720000267028809,11.720000267028809,11.720000267028809,11.699999809265137,11.710000038146973,3490.0
2023-03-09 15:33:00,HRZN,11.649999618530273,11.649999618530273,11.664999961853027,11.649999618530273,11.649999618530273,388.0
2023-03-09 15:33:00,HTBK,10.805000305175781,10.805000305175781,10.8100004196167,10.800000190734863,10.800000190734863,1387.0
2023-03-09 15:33:00,HTLF,45.54999923706055,45.54999923706055,45.54999923706055,45.459999084472656,45.470001220703125,1051.0
2023-03-09 15:33:00,HUT,1.2899999618530273,1.2899999618530273,1.2999000549316406,1.2819000482559204,1.285099983215332,113602.0
2023-03-09 15:33:00,HWC,43.599998474121094,43.599998474121094,43.599998474121094,43.52000045776367,43.58000183105469,3988.0
2023-03-09 15:33:00,HYW,5.489999771118164,5.489999771118164,5.489999771118164,5.489999771118164,5.489999771118164,400.0
2023-03-09 15:33:00,IBCP,20.59000015258789,20.59000015258789,20.59000015258789,20.59000015258789,20.59000015258789,408.0
2023-03-09 15:33:00,IBKR,85.8550033569336,85.8550033569336,86.0199966430664,85.80000305175781,85.94999694824219,16649.0
2023-03-09 15:33:00,IBOC,44.942501068115234,44.942501068115234,44.959999084472656,44.942501068115234,44.959999084472656,877.0
2023-03-09 15:33:00,IBTX,52.529998779296875,52.529998779296875,52.529998779296875,52.43000030517578,52.529998779296875,1323.0
2023-03-09 15:33:00,IGTA,10.289999961853027,10.289999961853027,10.289999961853027,10.289999961853027,10.289999961853027,600.0
2023-03-09 15:33:00,INDB,71.70999908447266,71.70999908447266,71.70999908447266,71.61000061035156,71.66999816894531,3820.0
2023-03-09 15:34:00,ABCB,42.52000045776367,42.52000045776367,42.52000045776367,42.5,42.5,827.0
2023-03-09 15:34:00,ACGL,68.33000183105469,68.33000183105469,68.37000274658203,68.31999969482422,68.31999969482422,6634.0
2023-03-09 15:34:00,ACGLN,18.760000228881836,18.760000228881836,18.760000228881836,18.760000228881836,18.760000228881836,581.0
2023-03-09 15:34:00,ACT,23.7549991607666,23.7549991607666,23.7549991607666,23.7549991607666,23.7549991607666,382.0
2023-03-09 15:34:00,AHG,0.40299999713897705,0.40299999713897705,0.40299999713897705,0.40299999713897705,0.40299999713897705,500.0
2023-03-09 15:34:00,AMRK,28.045000076293945,28.045000076293945,28.045000076293945,28.045000076293945,28.045000076293945,959.0
2023-03-09 15:34:00,AMSF,51.459999084472656,51.459999084472656,51.459999084472656,51.459999084472656,51.459999084472656,245.0
2023-03-09 15:34:00,APLD,2.0399999618530273,2.0399999618530273,2.0399999618530273,2.0350000858306885,2.0350000858306885,1974.0
2023-03-09 15:34:00,ARBK,1.3854999542236328,1.3854999542236328,1.3854999542236328,1.3854999542236328,1.3854999542236328,200.0
2023-03-09 15:34:00,ARCC,18.559999465942383,18.559999465942383,18.559999465942383,18.54520034790039,18.549999237060547,3547.0
2023-03-09 15:34:00,AROW,28.3700008392334,28.3700008392334,28.3700008392334,28.34000015258789,28.34000015258789,550.0
2023-03-09 15:34:00,ATLCP,20.290000915527344,20.290000915527344,20.29010009765625,20.290000915527344,20.29010009765625,400.0
2023-03-09 15:34:00,AUB,36.43000030517578,36.43000030517578,36.43000030517578,36.38999938964844,36.38999938964844,3059.0
2023-03-09 15:34:00,BANR,57.025001525878906,57.025001525878906,57.025001525878906,57.0,57.0,1048.0
2023-03-09 15:34:00,BFIN,10.0,10.0,10.0,10.0,10.0,4985.0
2023-03-09 15:34:00,BGCP,4.985000133514404,4.985000133514404,4.985000133514404,4.980000019073486,4.985000133514404,2268.0
2023-03-09 15:34:00,BHF,51.915000915527344,51.915000915527344,51.91999816894531,51.90999984741211,51.90999984741211,1604.0
2023-03-09 15:34:00,BHFAM,16.3700008392334,16.3700008392334,16.3700008392334,16.360000610351562,16.360000610351562,576.0
2023-03-09 15:34:00,BHFAO,24.059999465942383,24.059999465942383,24.059999465942383,24.059999465942383,24.059999465942383,100.0
2023-03-09 15:34:00,BITF,0.7195000052452087,0.7195000052452087,0.7200000286102295,0.7123000025749207,0.7123000025749207,50524.0
2023-03-09 15:34:00,BMRC,27.125,27.125,27.125,27.045000076293945,27.100000381469727,8352.0
2023-03-09 15:34:00,BOKF,95.56999969482422,95.56999969482422,95.56999969482422,95.56999969482422,95.56999969482422,456.0
2023-03-09 15:34:00,BPOP,62.150001525878906,62.150001525878906,62.22999954223633,62.150001525878906,62.18000030517578,4068.0
2023-03-09 15:34:00,BRKL,11.59000015258789,11.59000015258789,11.600000381469727,11.59000015258789,11.600000381469727,2349.0
2023-03-09 15:34:00,BRP,25.209999084472656,25.209999084472656,25.270000457763672,25.19499969482422,25.19499969482422,2426.0
2023-03-09 15:34:00,BSRR,19.235000610351562,19.235000610351562,19.235000610351562,19.235000610351562,19.235000610351562,397.0
2023-03-09 15:34:00,BSVN,27.479999542236328,27.479999542236328,27.479999542236328,27.479999542236328,27.479999542236328,198.0
2023-03-09 15:34:00,BTBT,1.0750000476837158,1.0750000476837158,1.0800000429153442,1.0750000476837158,1.0791000127792358,1644.0
2023-03-09 15:34:00,BUSE,22.604999542236328,22.604999542236328,22.604999542236328,22.604999542236328,22.604999542236328,113.0
2023-03-09 15:34:00,CASH,47.15999984741211,47.15999984741211,47.209999084472656,47.15999984741211,47.18000030517578,3090.0
2023-03-09 15:34:00,CATC,70.4800033569336,70.4800033569336,70.58999633789062,70.47000122070312,70.47000122070312,464.0
2023-03-09 15:34:00,CATY,38.880001068115234,38.880001068115234,38.88999938964844,38.880001068115234,38.88999938964844,482.0
2023-03-09 15:34:00,CBAN,11.739999771118164,11.739999771118164,11.739999771118164,11.725000381469727,11.725000381469727,341.0
2023-03-09 15:34:00,CBSH,61.880001068115234,61.880001068115234,61.880001068115234,61.880001068115234,61.880001068115234,572.0
2023-03-09 15:34:00,CCNE,22.6200008392334,22.6200008392334,22.6299991607666,22.6200008392334,22.6299991607666,232.0
2023-03-09 15:34:00,CFFN,7.525000095367432,7.525000095367432,7.53000020980835,7.525000095367432,7.53000020980835,2421.0
2023-03-09 15:34:00,CG,33.255001068115234,33.255001068115234,33.279998779296875,33.255001068115234,33.27000045776367,3026.0
2023-03-09 15:34:00,CGBD,14.862000465393066,14.862000465393066,14.862000465393066,14.862000465393066,14.862000465393066,142.0
2023-03-09 15:34:00,CHCO,91.7300033569336,91.7300033569336,91.7300033569336,91.7300033569336,91.7300033569336,1866.0
2023-03-09 15:34:00,CHW,5.95419979095459,5.95419979095459,5.954999923706055,5.95419979095459,5.954999923706055,851.0
2023-03-09 15:34:00,CHY,12.109999656677246,12.109999656677246,12.109999656677246,12.109999656677246,12.109999656677246,200.0
2023-03-09 15:34:00,CIFR,1.430999994277954,1.430999994277954,1.430999994277954,1.4200999736785889,1.4200999736785889,1519.0
2023-03-09 15:34:00,CINF,115.05999755859375,115.05999755859375,115.19000244140625,115.05000305175781,115.18000030517578,1240.0
2023-03-09 15:34:00,CLBK,19.780000686645508,19.780000686645508,19.780000686645508,19.780000686645508,19.780000686645508,1128.0
2023-03-09 15:34:00,CME,177.60000610351562,177.60000610351562,177.66000366210938,177.57000732421875,177.57000732421875,3605.0
2023-03-09 15:34:00,CNOB,22.100000381469727,22.100000381469727,22.100000381469727,22.06999969482422,22.06999969482422,424.0
2023-03-09 15:34:00,COLB,24.815000534057617,24.815000534057617,24.8799991607666,24.815000534057617,24.84000015258789,24579.0
2023-03-09 15:34:00,COOP,43.959999084472656,43.959999084472656,43.970001220703125,43.88999938964844,43.88999938964844,3232.0
2023-03-09 15:34:00,CPSS,10.470000267028809,10.470000267028809,10.470000267028809,10.470000267028809,10.470000267028809,163.0
2023-03-09 15:34:00,CSQ,13.710100173950195,13.710100173950195,13.710100173950195,13.710100173950195,13.710100173950195,651.0
2023-03-09 15:34:00,CSTR,15.149999618530273,15.149999618530273,15.170000076293945,15.149999618530273,15.170000076293945,851.0
2023-03-09 15:34:00,CSWC,18.110000610351562,18.110000610351562,18.11400032043457,18.110000610351562,18.11400032043457,1131.0
2023-03-09 15:34:00,CTBI,40.400001525878906,40.400001525878906,40.400001525878906,40.400001525878906,40.400001525878906,233.0
2023-03-09 15:34:00,CVBF,21.649999618530273,21.649999618530273,21.68000030517578,21.649999618530273,21.670000076293945,4513.0
2023-03-09 15:34:00,CZFS,78.20999908447266,78.20999908447266,78.20999908447266,78.20999908447266,78.20999908447266,225.0
2023-03-09 15:34:00,DCOM,29.540000915527344,29.540000915527344,29.540000915527344,29.520000457763672,29.520000457763672,1091.0
2023-03-09 15:34:00,DWAC,14.069999694824219,14.069999694824219,14.069999694824219,14.069999694824219,14.069999694824219,367.0
2023-03-09 15:34:00,EBC,14.364999771118164,14.364999771118164,14.380000114440918,14.364999771118164,14.380000114440918,2420.0
2023-03-09 15:34:00,EFSC,51.46500015258789,51.46500015258789,51.46500015258789,51.46500015258789,51.46500015258789,323.0
2023-03-09 15:34:00,EGBN,40.16999816894531,40.16999816894531,40.16999816894531,40.16999816894531,40.16999816894531,581.0
2023-03-09 15:34:00,EHTH,8.59000015258789,8.59000015258789,8.59000015258789,8.560099601745605,8.560099601745605,583.0
2023-03-09 15:34:00,ESGR,230.02499389648438,230.02499389648438,230.02499389648438,230.02499389648438,230.02499389648438,344.0
2023-03-09 15:34:00,ESQ,40.470001220703125,40.470001220703125,40.470001220703125,40.29999923706055,40.29999923706055,769.0
2023-03-09 15:34:00,EWBC,67.1500015258789,67.1500015258789,67.27999877929688,67.1500015258789,67.25,6830.0
2023-03-09 15:34:00,EZPW,8.774999618530273,8.774999618530273,8.774999618530273,8.770000457763672,8.770000457763672,1201.0
2023-03-09 15:34:00,FBIZ,33.310001373291016,33.310001373291016,33.310001373291016,33.310001373291016,33.310001373291016,135.0
2023-03-09 15:34:00,FBMS,28.8799991607666,28.8799991607666,28.8799991607666,28.8799991607666,28.8799991607666,1070.0
2023-03-09 15:34:00,FBNC,38.619998931884766,38.619998931884766,38.665000915527344,38.619998931884766,38.665000915527344,551.0
2023-03-09 15:34:00,FCFS,88.69000244140625,88.69000244140625,88.69000244140625,88.69000244140625,88.69000244140625,381.0
2023-03-09 15:34:00,FCNCA,644.9199829101562,644.9199829101562,645.1900024414062,644.9199829101562,645.1900024414062,899.0
2023-03-09 15:34:00,FCRD,4.559999942779541,4.559999942779541,4.559999942779541,4.559999942779541,4.559999942779541,100.0
2023-03-09 15:34:00,FDBC,47.529998779296875,47.529998779296875,47.529998779296875,47.529998779296875,47.529998779296875,502.0
2023-03-09 15:34:00,FFBC,22.31999969482422,22.31999969482422,22.31999969482422,22.290000915527344,22.300100326538086,5376.0
2023-03-09 15:34:00,FFIC,17.209999084472656,17.209999084472656,17.209999084472656,17.209999084472656,17.209999084472656,951.0
2023-03-09 15:34:00,FFIN,33.584999084472656,33.584999084472656,33.61989974975586,33.56999969482422,33.59000015258789,1249.0
2023-03-09 15:34:00,FFWM,12.82800006866455,12.82800006866455,12.82800006866455,12.8100004196167,12.8100004196167,2221.0
2023-03-09 15:34:00,FHB,23.989999771118164,23.989999771118164,24.030000686645508,23.989999771118164,24.0,2783.0
2023-03-09 15:34:00,FIBK,32.13999938964844,32.13999938964844,32.16999816894531,32.13999938964844,32.150001525878906,1908.0
2023-03-09 15:34:00,FITB,31.80500030517578,31.80500030517578,31.841699600219727,31.80500030517578,31.81999969482422,16268.0
2023-03-09 15:34:00,FITBI,25.09000015258789,25.09000015258789,25.09000015258789,25.079999923706055,25.079999923706055,409.0
2023-03-09 15:34:00,FITBO,22.06999969482422,22.06999969482422,22.06999969482422,22.040000915527344,22.040000915527344,285.0
2023-03-09 15:34:00,FLFV,10.360899925231934,10.360899925231934,10.364999771118164,10.359999656677246,10.364999771118164,2215.0
2023-03-09 15:34:00,FLIC,16.174999237060547,16.174999237060547,16.174999237060547,16.174999237060547,16.174999237060547,102.0
2023-03-09 15:34:00,FOCS,51.564998626708984,51.564998626708984,51.56999969482422,51.564998626708984,51.564998626708984,3830.0
2023-03-09 15:34:00,FRBK,1.690000057220459,1.690000057220459,1.690000057220459,1.6799999475479126,1.6799999475479126,2432.0
2023-03-09 15:34:00,FRHC,71.58000183105469,71.58000183105469,71.58000183105469,71.58000183105469,71.58000183105469,112.0
2023-03-09 15:34:00,FULT,15.635000228881836,15.635000228881836,15.649999618530273,15.635000228881836,15.640000343322754,4822.0
2023-03-09 15:34:00,FUTU,46.2400016784668,46.2400016784668,46.279998779296875,46.23500061035156,46.23500061035156,7162.0
2023-03-09 15:34:00,FVCB,13.25,13.25,13.25,13.25,13.25,300.0
2023-03-09 15:34:00,GABC,35.845001220703125,35.845001220703125,35.845001220703125,35.845001220703125,35.845001220703125,156.0
2023-03-09 15:34:00,GAIN,13.449000358581543,13.449000358581543,13.449999809265137,13.449000358581543,13.449999809265137,439.0
2023-03-09 15:34:00,GBDC,13.21500015258789,13.21500015258789,13.21500015258789,13.199999809265137,13.20989990234375,5807.0
2023-03-09 15:34:00,GENQW,0.08460000157356262,0.08460000157356262,0.08460000157356262,0.08460000157356262,0.08460000157356262,100.0
2023-03-09 15:34:00,GLAD,9.760000228881836,9.760000228881836,9.760000228881836,9.760000228881836,9.760000228881836,200.0
2023-03-09 15:34:00,GLRE,10.229999542236328,10.229999542236328,10.229999542236328,10.229999542236328,10.229999542236328,200.0
2023-03-09 15:34:00,GREE,0.4081000089645386,0.4081000089645386,0.4081000089645386,0.4081000089645386,0.4081000089645386,150.0
2023-03-09 15:34:00,GSHD,50.6150016784668,50.6150016784668,50.689998626708984,50.6150016784668,50.650001525878906,1656.0
2023-03-09 15:34:00,HAFC,21.809999465942383,21.809999465942383,21.809999465942383,21.809999465942383,21.809999465942383,490.0
2023-03-09 15:34:00,HBAN,13.829999923706055,13.829999923706055,13.850000381469727,13.829999923706055,13.835000038146973,48633.0
2023-03-09 15:34:00,HBANP,18.8700008392334,18.8700008392334,18.97760009765625,18.8700008392334,18.97760009765625,1570.0
2023-03-09 15:34:00,HBNC,13.84000015258789,13.84000015258789,13.84000015258789,13.84000015258789,13.84000015258789,120.0
2023-03-09 15:34:00,HIVE,2.3798000812530518,2.3798000812530518,2.380000114440918,2.372499942779541,2.380000114440918,1342.0
2023-03-09 15:34:00,HMST,22.3700008392334,22.3700008392334,22.3700008392334,22.3700008392334,22.3700008392334,211.0
2023-03-09 15:34:00,HONE,12.649999618530273,12.649999618530273,12.649999618530273,12.649999618530273,12.649999618530273,1162.0
2023-03-09 15:34:00,HOPE,11.704999923706055,11.704999923706055,11.729999542236328,11.704999923706055,11.720000267028809,2115.0
2023-03-09 15:34:00,HTBK,10.8100004196167,10.8100004196167,10.8100004196167,10.8100004196167,10.8100004196167,531.0
2023-03-09 15:34:00,HUT,1.2949999570846558,1.2949999570846558,1.2999999523162842,1.2899999618530273,1.2900999784469604,4813.0
2023-03-09 15:34:00,HWC,43.61000061035156,43.61000061035156,43.650001525878906,43.61000061035156,43.61000061035156,973.0
2023-03-09 15:34:00,IBKR,85.91999816894531,85.91999816894531,85.94000244140625,85.87000274658203,85.87000274658203,8846.0
2023-03-09 15:34:00,IBOC,44.91999816894531,44.91999816894531,44.95000076293945,44.91999816894531,44.95000076293945,618.0
2023-03-09 15:34:00,IBTX,52.56999969482422,52.56999969482422,52.58000183105469,52.54999923706055,52.58000183105469,666.0
2023-03-09 15:34:00,IGIC,8.239999771118164,8.239999771118164,8.239999771118164,8.239999771118164,8.239999771118164,200.0
2023-03-09 15:34:00,IGTA,10.295000076293945,10.295000076293945,10.295000076293945,10.295000076293945,10.295000076293945,200.0
2023-03-09 15:34:00,INDB,71.75,71.75,71.76000213623047,71.75,71.75,401.0
2023-03-09 15:35:00,ABCB,42.470001220703125,42.470001220703125,42.47999954223633,42.459999084472656,42.47999954223633,1240.0
2023-03-09 15:35:00,ACGL,68.37000274658203,68.37000274658203,68.37000274658203,68.31999969482422,68.32499694824219,4268.0
2023-03-09 15:35:00,AHG,0.40060099959373474,0.40060099959373474,0.40060099959373474,0.40060099959373474,0.40060099959373474,500.0
2023-03-09 15:35:00,AIHS,0.8730000257492065,0.8730000257492065,0.8849999904632568,0.8730000257492065,0.8849999904632568,1101.0
2023-03-09 15:35:00,AMRK,28.06999969482422,28.06999969482422,28.06999969482422,28.059999465942383,28.059999465942383,875.0
2023-03-09 15:35:00,AMSF,51.400001525878906,51.400001525878906,51.400001525878906,51.400001525878906,51.400001525878906,698.0
2023-03-09 15:35:00,ANZU,9.9399995803833,9.9399995803833,9.9399995803833,9.9399995803833,9.9399995803833,563.0
2023-03-09 15:35:00,APLD,2.0399999618530273,2.0399999618530273,2.0399999618530273,2.0350000858306885,2.0350000858306885,2016.0
2023-03-09 15:35:00,ARCC,18.55660057067871,18.55660057067871,18.559999465942383,18.553199768066406,18.55500030517578,5963.0
2023-03-09 15:35:00,AROW,28.30500030517578,28.30500030517578,28.350000381469727,28.30500030517578,28.350000381469727,1499.0
2023-03-09 15:35:00,ATLCP,20.284000396728516,20.284000396728516,20.284000396728516,20.280000686645508,20.280000686645508,409.0
2023-03-09 15:35:00,AUB,36.38999938964844,36.38999938964844,36.41999816894531,36.38999938964844,36.40999984741211,5205.0
2023-03-09 15:35:00,BANF,85.66999816894531,85.66999816894531,85.87000274658203,85.66999816894531,85.87000274658203,308.0
2023-03-09 15:35:00,BANR,56.90999984741211,56.90999984741211,56.91999816894531,56.90999984741211,56.91999816894531,492.0
2023-03-09 15:35:00,BGCP,4.985000133514404,4.985000133514404,4.985000133514404,4.980000019073486,4.980100154876709,2354.0
2023-03-09 15:35:00,BHF,51.904998779296875,51.904998779296875,51.93000030517578,51.904998779296875,51.90999984741211,4437.0
2023-03-09 15:35:00,BITF,0.7156000137329102,0.7156000137329102,0.7193999886512756,0.7152000069618225,0.7193999886512756,8169.0
2023-03-09 15:35:00,BKCC,3.5999999046325684,3.5999999046325684,3.6092000007629395,3.5999999046325684,3.6092000007629395,1719.0
2023-03-09 15:35:00,BLFY,11.260000228881836,11.260000228881836,11.260000228881836,11.260000228881836,11.260000228881836,448.0
2023-03-09 15:35:00,BMRC,27.170000076293945,27.170000076293945,27.170000076293945,27.170000076293945,27.170000076293945,361.0
2023-03-09 15:35:00,BOKF,95.4800033569336,95.4800033569336,95.51000213623047,95.47000122070312,95.51000213623047,1177.0
2023-03-09 15:35:00,BPOP,62.099998474121094,62.099998474121094,62.150001525878906,62.09000015258789,62.150001525878906,2603.0
2023-03-09 15:35:00,BRKL,11.59000015258789,11.59000015258789,11.59000015258789,11.59000015258789,11.59000015258789,230.0
2023-03-09 15:35:00,BRP,25.219999313354492,25.219999313354492,25.219999313354492,25.209999084472656,25.209999084472656,421.0
2023-03-09 15:35:00,BTBT,1.0703999996185303,1.0703999996185303,1.0784000158309937,1.070099949836731,1.0784000158309937,26479.0
2023-03-09 15:35:00,BTCS,1.1972999572753906,1.1972999572753906,1.1972999572753906,1.1972999572753906,1.1972999572753906,200.0
2023-03-09 15:35:00,CALB,24.169099807739258,24.169099807739258,24.200000762939453,24.169099807739258,24.200000762939453,305.0
2023-03-09 15:35:00,CASH,47.150001525878906,47.150001525878906,47.150001525878906,47.150001525878906,47.150001525878906,1330.0
2023-03-09 15:35:00,CATY,38.85419845581055,38.85419845581055,38.85419845581055,38.85419845581055,38.85419845581055,743.0
2023-03-09 15:35:00,CBSH,61.87189865112305,61.87189865112305,61.87189865112305,61.87189865112305,61.87189865112305,419.0
2023-03-09 15:35:00,CFB,12.279999732971191,12.279999732971191,12.279999732971191,12.279999732971191,12.279999732971191,132.0
2023-03-09 15:35:00,CFFN,7.525000095367432,7.525000095367432,7.525000095367432,7.525000095367432,7.525000095367432,670.0
2023-03-09 15:35:00,CG,33.27000045776367,33.27000045776367,33.27000045776367,33.2400016784668,33.25,10090.0
2023-03-09 15:35:00,CGBD,14.869999885559082,14.869999885559082,14.869999885559082,14.864999771118164,14.864999771118164,2472.0
2023-03-09 15:35:00,CHI,11.779999732971191,11.779999732971191,11.779999732971191,11.770000457763672,11.774999618530273,1200.0
2023-03-09 15:35:00,CHY,12.109999656677246,12.109999656677246,12.109999656677246,12.109999656677246,12.109999656677246,200.0
2023-03-09 15:35:00,CIFR,1.4500000476837158,1.4500000476837158,1.4800000190734863,1.440000057220459,1.440000057220459,44448.0
2023-03-09 15:35:00,CINF,115.05000305175781,115.05000305175781,115.05000305175781,115.05000305175781,115.05000305175781,422.0
2023-03-09 15:35:00,CLBK,19.809999465942383,19.809999465942383,19.809999465942383,19.790000915527344,19.790000915527344,879.0
2023-03-09 15:35:00,CME,177.55999755859375,177.55999755859375,177.58999633789062,177.5399932861328,177.55999755859375,3107.0
2023-03-09 15:35:00,CNOB,22.06999969482422,22.06999969482422,22.06999969482422,22.06999969482422,22.06999969482422,359.0
2023-03-09 15:35:00,COLB,24.795000076293945,24.795000076293945,24.84000015258789,24.795000076293945,24.809999465942383,25695.0
2023-03-09 15:35:00,COOP,43.90999984741211,43.90999984741211,43.90999984741211,43.880001068115234,43.90999984741211,1116.0
2023-03-09 15:35:00,CSQ,13.720000267028809,13.720000267028809,13.720000267028809,13.720000267028809,13.720000267028809,283.0
2023-03-09 15:35:00,CVBF,21.6299991607666,21.6299991607666,21.639999389648438,21.6299991607666,21.639999389648438,1713.0
2023-03-09 15:35:00,CVLY,24.020000457763672,24.020000457763672,24.020000457763672,24.020000457763672,24.020000457763672,196.0
2023-03-09 15:35:00,CZWI,11.9399995803833,11.9399995803833,11.9399995803833,11.9399995803833,11.9399995803833,100.0
2023-03-09 15:35:00,DCOM,29.549999237060547,29.549999237060547,29.549999237060547,29.549999237060547,29.549999237060547,100.0
2023-03-09 15:35:00,DNAD,10.1899995803833,10.1899995803833,10.1899995803833,10.1899995803833,10.1899995803833,100.0
2023-03-09 15:35:00,EBC,14.354999542236328,14.354999542236328,14.359999656677246,14.350000381469727,14.359999656677246,1884.0
2023-03-09 15:35:00,ECPG,50.18000030517578,50.18000030517578,50.18000030517578,50.18000030517578,50.18000030517578,1498.0
2023-03-09 15:35:00,EHTH,8.59000015258789,8.59000015258789,8.59000015258789,8.59000015258789,8.59000015258789,134.0
2023-03-09 15:35:00,ESQ,40.599998474121094,40.599998474121094,40.599998474121094,40.58000183105469,40.58000183105469,564.0
2023-03-09 15:35:00,EVOJ,10.020000457763672,10.020000457763672,10.020000457763672,10.020000457763672,10.020000457763672,750.0
2023-03-09 15:35:00,EWBC,67.06999969482422,67.06999969482422,67.16000366210938,67.05000305175781,67.12999725341797,9133.0
2023-03-09 15:35:00,EZPW,8.774999618530273,8.774999618530273,8.774999618530273,8.772500038146973,8.772500038146973,505.0
2023-03-09 15:35:00,FBNC,38.650001525878906,38.650001525878906,38.654998779296875,38.650001525878906,38.650001525878906,602.0
2023-03-09 15:35:00,FCFS,88.80999755859375,88.80999755859375,88.8499984741211,88.7300033569336,88.7300033569336,1980.0
2023-03-09 15:35:00,FCRD,4.574999809265137,4.574999809265137,4.574999809265137,4.559999942779541,4.559999942779541,500.0
2023-03-09 15:35:00,FFBC,22.270000457763672,22.270000457763672,22.295000076293945,22.270000457763672,22.295000076293945,2531.0
2023-03-09 15:35:00,FFIN,33.540000915527344,33.540000915527344,33.54999923706055,33.540000915527344,33.54999923706055,354.0
2023-03-09 15:35:00,FFWM,12.8100004196167,12.8100004196167,12.8100004196167,12.800000190734863,12.8100004196167,817.0
2023-03-09 15:35:00,FGBI,17.5,17.5,17.5,17.5,17.5,283.0
2023-03-09 15:35:00,FHB,23.979999542236328,23.979999542236328,23.979999542236328,23.979999542236328,23.979999542236328,440.0
2023-03-09 15:35:00,FIBK,32.11000061035156,32.11000061035156,32.119998931884766,32.11000061035156,32.119998931884766,700.0
2023-03-09 15:35:00,FINW,9.029999732971191,9.029999732971191,9.029999732971191,9.010000228881836,9.029999732971191,400.0
2023-03-09 15:35:00,FITB,31.825000762939453,31.825000762939453,31.825000762939453,31.799999237060547,31.80500030517578,19421.0
2023-03-09 15:35:00,FITBP,24.079999923706055,24.079999923706055,24.143999099731445,24.079999923706055,24.143999099731445,900.0
2023-03-09 15:35:00,FLIC,16.149999618530273,16.149999618530273,16.170000076293945,16.149999618530273,16.170000076293945,445.0
2023-03-09 15:35:00,FNCB,7.300000190734863,7.300000190734863,7.300000190734863,7.300000190734863,7.300000190734863,181.0
2023-03-09 15:35:00,FOCS,51.56999969482422,51.56999969482422,51.56999969482422,51.560001373291016,51.564998626708984,3756.0
2023-03-09 15:35:00,FRHC,71.7699966430664,71.7699966430664,71.7699966430664,71.7699966430664,71.7699966430664,517.0
2023-03-09 15:35:00,FRME,37.36000061035156,37.36000061035156,37.38999938964844,37.36000061035156,37.38999938964844,1549.0
2023-03-09 15:35:00,FULT,15.640000343322754,15.640000343322754,15.640000343322754,15.630000114440918,15.631999969482422,4888.0
2023-03-09 15:35:00,FUTU,46.255001068115234,46.255001068115234,46.255001068115234,46.21500015258789,46.25,1463.0
2023-03-09 15:35:00,FVCB,13.25,13.25,13.25,13.25,13.25,316.0
2023-03-09 15:35:00,GBDC,13.210000038146973,13.210000038146973,13.210000038146973,13.210000038146973,13.210000038146973,120.0
2023-03-09 15:35:00,GGAL,12.619999885559082,12.619999885559082,12.630000114440918,12.619999885559082,12.630000114440918,1788.0
2023-03-09 15:35:00,GLAD,9.760000228881836,9.760000228881836,9.760000228881836,9.760000228881836,9.760000228881836,296.0
2023-03-09 15:35:00,GLRE,10.229999542236328,10.229999542236328,10.260000228881836,10.229999542236328,10.229999542236328,500.0
2023-03-09 15:35:00,GOCO,18.6200008392334,18.6200008392334,18.6200008392334,18.6200008392334,18.6200008392334,736.0
2023-03-09 15:35:00,GSHD,50.685001373291016,50.685001373291016,50.689998626708984,50.63999938964844,50.63999938964844,337.0
2023-03-09 15:35:00,GTAC,10.420000076293945,10.420000076293945,10.420000076293945,10.420000076293945,10.420000076293945,11500.0
2023-03-09 15:35:00,HAIAU,10.479999542236328,10.479999542236328,10.479999542236328,10.479999542236328,10.479999542236328,200.0
2023-03-09 15:35:00,HBAN,13.84000015258789,13.84000015258789,13.84000015258789,13.829999923706055,13.835000038146973,30953.0
2023-03-09 15:35:00,HBANP,18.979299545288086,18.979299545288086,18.979299545288086,18.979299545288086,18.979299545288086,393.0
2023-03-09 15:35:00,HBNC,13.829999923706055,13.829999923706055,13.829999923706055,13.829999923706055,13.829999923706055,1941.0
2023-03-09 15:35:00,HIVE,2.369999885559082,2.369999885559082,2.371000051498413,2.369999885559082,2.371000051498413,13951.0
2023-03-09 15:35:00,HMPT,1.9528000354766846,1.9528000354766846,1.9528000354766846,1.9528000354766846,1.9528000354766846,100.0
2023-03-09 15:35:00,HMST,22.31999969482422,22.31999969482422,22.325000762939453,22.31999969482422,22.325000762939453,200.0
2023-03-09 15:35:00,HONE,12.680000305175781,12.680000305175781,12.680000305175781,12.649999618530273,12.649999618530273,4919.0
2023-03-09 15:35:00,HOPE,11.701000213623047,11.701000213623047,11.704999923706055,11.699999809265137,11.699999809265137,979.0
2023-03-09 15:35:00,HRZN,11.668800354003906,11.668800354003906,11.668800354003906,11.649999618530273,11.649999618530273,727.0
2023-03-09 15:35:00,HTBK,10.8149995803833,10.8149995803833,10.8149995803833,10.8100004196167,10.8100004196167,1090.0
2023-03-09 15:35:00,HTLF,45.5099983215332,45.5099983215332,45.529998779296875,45.5099983215332,45.529998779296875,637.0
2023-03-09 15:35:00,HUT,1.29830002784729,1.29830002784729,1.2999999523162842,1.2949999570846558,1.2999000549316406,10830.0
2023-03-09 15:35:00,HWC,43.56999969482422,43.56999969482422,43.59000015258789,43.56999969482422,43.59000015258789,1319.0
2023-03-09 15:35:00,IBKR,85.83000183105469,85.83000183105469,86.0,85.83000183105469,85.88999938964844,13467.0
2023-03-09 15:35:00,IBOC,44.90999984741211,44.90999984741211,44.90999984741211,44.90999984741211,44.90999984741211,128.0
2023-03-09 15:35:00,IGIC,8.239999771118164,8.239999771118164,8.239999771118164,8.239999771118164,8.239999771118164,100.0
2023-03-09 15:35:00,IGTA,10.300000190734863,10.300000190734863,10.300000190734863,10.300000190734863,10.300000190734863,25000.0
2023-03-09 15:35:00,INDB,71.7300033569336,71.7300033569336,71.7300033569336,71.7300033569336,71.7300033569336,119.0
2023-03-09 15:35:00,IOAC,10.630000114440918,10.630000114440918,10.630000114440918,10.630000114440918,10.630000114440918,100.0
2023-03-09 15:36:00,ABCB,42.439998626708984,42.439998626708984,42.470001220703125,42.439998626708984,42.470001220703125,941.0
2023-03-09 15:36:00,ACGL,68.36000061035156,68.36000061035156,68.41000366210938,68.36000061035156,68.36499786376953,10759.0
2023-03-09 15:36:00,ACGLO,22.059999465942383,22.059999465942383,22.059999465942383,22.059999465942383,22.059999465942383,171.0
2023-03-09 15:36:00,ACQR,10.208600044250488,10.208600044250488,10.208600044250488,10.208600044250488,10.208600044250488,200.0
2023-03-09 15:36:00,ACT,23.719999313354492,23.719999313354492,23.719999313354492,23.719999313354492,23.719999313354492,300.0
2023-03-09 15:36:00,AHG,0.40299999713897705,0.40299999713897705,0.40299999713897705,0.40299999713897705,0.40299999713897705,500.0
2023-03-09 15:36:00,AMAL,21.09000015258789,21.09000015258789,21.110000610351562,21.09000015258789,21.100000381469727,544.0
2023-03-09 15:36:00,AMRK,28.06999969482422,28.06999969482422,28.075000762939453,28.06999969482422,28.075000762939453,491.0
2023-03-09 15:36:00,APLD,2.0399999618530273,2.0399999618530273,2.0399999618530273,2.0350000858306885,2.0350000858306885,1488.0
2023-03-09 15:36:00,ARBK,1.399999976158142,1.399999976158142,1.399999976158142,1.399999976158142,1.399999976158142,117.0
2023-03-09 15:36:00,ARCC,18.530000686645508,18.530000686645508,18.559999465942383,18.530000686645508,18.559999465942383,29194.0
2023-03-09 15:36:00,AUB,36.369998931884766,36.369998931884766,36.40999984741211,36.369998931884766,36.404998779296875,6202.0
2023-03-09 15:36:00,BANF,85.68000030517578,85.68000030517578,85.68000030517578,85.68000030517578,85.68000030517578,394.0
2023-03-09 15:36:00,BANR,56.869998931884766,56.869998931884766,56.869998931884766,56.869998931884766,56.869998931884766,350.0
2023-03-09 15:36:00,BCML,19.385000228881836,19.385000228881836,19.385000228881836,19.385000228881836,19.385000228881836,123.0
2023-03-09 15:36:00,BFST,18.579999923706055,18.579999923706055,18.579999923706055,18.579999923706055,18.579999923706055,391.0
2023-03-09 15:36:00,BGCP,4.974999904632568,4.974999904632568,4.985000133514404,4.974999904632568,4.985000133514404,13552.0
2023-03-09 15:36:00,BHF,51.845001220703125,51.845001220703125,51.93000030517578,51.845001220703125,51.93000030517578,4096.0
2023-03-09 15:36:00,BHFAN,18.639999389648438,18.639999389648438,18.639999389648438,18.625,18.625,245.0
2023-03-09 15:36:00,BHFAO,24.574800491333008,24.574800491333008,24.574800491333008,24.574800491333008,24.574800491333008,1000.0
2023-03-09 15:36:00,BHFAP,23.899999618530273,23.899999618530273,23.899999618530273,23.899999618530273,23.899999618530273,823.0
2023-03-09 15:36:00,BITF,0.7171000242233276,0.7171000242233276,0.7196999788284302,0.7124000191688538,0.7124999761581421,24183.0
2023-03-09 15:36:00,BKCC,3.6098999977111816,3.6098999977111816,3.6098999977111816,3.5999999046325684,3.600100040435791,4431.0
2023-03-09 15:36:00,BOKF,95.36000061035156,95.36000061035156,95.44000244140625,95.36000061035156,95.44000244140625,1542.0
2023-03-09 15:36:00,BPOP,62.125,62.125,62.13999938964844,62.060001373291016,62.09000015258789,5591.0
2023-03-09 15:36:00,BRKL,11.579999923706055,11.579999923706055,11.585000038146973,11.579999923706055,11.585000038146973,1585.0
2023-03-09 15:36:00,BRP,25.200000762939453,25.200000762939453,25.200000762939453,25.200000762939453,25.200000762939453,719.0
2023-03-09 15:36:00,BSVN,27.479999542236328,27.479999542236328,27.479999542236328,27.479999542236328,27.479999542236328,121.0
2023-03-09 15:36:00,BTBT,1.0700000524520874,1.0700000524520874,1.0799000263214111,1.0700000524520874,1.070099949836731,5869.0
2023-03-09 15:36:00,BUSE,22.559999465942383,22.559999465942383,22.579999923706055,22.559999465942383,22.579999923706055,544.0
2023-03-09 15:36:00,BWB,13.319999694824219,13.319999694824219,13.329999923706055,13.319999694824219,13.329999923706055,774.0
2023-03-09 15:36:00,BYFC,1.2000999450683594,1.2000999450683594,1.2055000066757202,1.2000000476837158,1.2055000066757202,6212.0
2023-03-09 15:36:00,CASH,47.15999984741211,47.15999984741211,47.189998626708984,47.15999984741211,47.189998626708984,1645.0
2023-03-09 15:36:00,CATY,38.810001373291016,38.810001373291016,38.81999969482422,38.810001373291016,38.81999969482422,782.0
2023-03-09 15:36:00,CBSH,61.8650016784668,61.8650016784668,61.880001068115234,61.84000015258789,61.875,2688.0
2023-03-09 15:36:00,CFB,12.289999961853027,12.289999961853027,12.289999961853027,12.289999961853027,12.289999961853027,188.0
2023-03-09 15:36:00,CFFN,7.519999980926514,7.519999980926514,7.519999980926514,7.519999980926514,7.519999980926514,3476.0
2023-03-09 15:36:00,CG,33.22999954223633,33.22999954223633,33.27000045776367,33.21500015258789,33.27000045776367,12289.0
2023-03-09 15:36:00,CGBD,14.854999542236328,14.854999542236328,14.864999771118164,14.854999542236328,14.864999771118164,832.0
2023-03-09 15:36:00,CGO,9.670000076293945,9.670000076293945,9.670000076293945,9.670000076293945,9.670000076293945,142.0
2023-03-09 15:36:00,CHI,11.779999732971191,11.779999732971191,11.779999732971191,11.770000457763672,11.770000457763672,860.0
2023-03-09 15:36:00,CHW,5.957300186157227,5.957300186157227,5.957300186157227,5.957300186157227,5.957300186157227,251.0
2023-03-09 15:36:00,CHY,12.09000015258789,12.09000015258789,12.100000381469727,12.09000015258789,12.100000381469727,1050.0
2023-03-09 15:36:00,CIFR,1.4450000524520874,1.4450000524520874,1.4700000286102295,1.4450000524520874,1.4600000381469727,18781.0
2023-03-09 15:36:00,CINF,115.0199966430664,115.0199966430664,115.18000030517578,115.0199966430664,115.05500030517578,5274.0
2023-03-09 15:36:00,CITEW,0.09009999781847,0.09009999781847,0.09009999781847,0.09009999781847,0.09009999781847,30401.0
2023-03-09 15:36:00,CME,177.64999389648438,177.64999389648438,177.64999389648438,177.49000549316406,177.5500030517578,21561.0
2023-03-09 15:36:00,CNOB,22.059999465942383,22.059999465942383,22.059999465942383,22.059999465942383,22.059999465942383,342.0
2023-03-09 15:36:00,COLB,24.790700912475586,24.790700912475586,24.829999923706055,24.790000915527344,24.795000076293945,29592.0
2023-03-09 15:36:00,COOP,43.83000183105469,43.83000183105469,43.88999938964844,43.83000183105469,43.88999938964844,2534.0
2023-03-09 15:36:00,CSQ,13.708000183105469,13.708000183105469,13.708000183105469,13.694000244140625,13.694000244140625,489.0
2023-03-09 15:36:00,CSTR,15.119999885559082,15.119999885559082,15.135000228881836,15.119999885559082,15.135000228881836,635.0
2023-03-09 15:36:00,CSWC,18.100000381469727,18.100000381469727,18.114999771118164,18.100000381469727,18.114999771118164,1531.0
2023-03-09 15:36:00,CVBF,21.610000610351562,21.610000610351562,21.6299991607666,21.610000610351562,21.6299991607666,4043.0
2023-03-09 15:36:00,CVCY,24.354999542236328,24.354999542236328,24.40999984741211,24.354999542236328,24.40999984741211,361.0
2023-03-09 15:36:00,CZFS,79.0,79.0,79.0,79.0,79.0,436.0
2023-03-09 15:36:00,CZWI,12.0600004196167,12.0600004196167,12.0600004196167,12.0600004196167,12.0600004196167,421.0
2023-03-09 15:36:00,DCOM,29.5,29.5,29.540000915527344,29.5,29.540000915527344,650.0
2023-03-09 15:36:00,DHIL,170.74000549316406,170.74000549316406,170.74000549316406,170.74000549316406,170.74000549316406,215.0
2023-03-09 15:36:00,DWAC,14.061400413513184,14.061400413513184,14.061400413513184,14.061400413513184,14.061400413513184,300.0
2023-03-09 15:36:00,DWACW,3.055000066757202,3.055000066757202,3.055000066757202,3.055000066757202,3.055000066757202,867.0
2023-03-09 15:36:00,EBC,14.364999771118164,14.364999771118164,14.369999885559082,14.354999542236328,14.359999656677246,9083.0
2023-03-09 15:36:00,ECBK,15.029999732971191,15.029999732971191,15.029999732971191,15.029999732971191,15.029999732971191,300.0
2023-03-09 15:36:00,EFSC,51.400001525878906,51.400001525878906,51.46500015258789,51.400001525878906,51.46500015258789,962.0
2023-03-09 15:36:00,EHTH,8.5600004196167,8.5600004196167,8.609999656677246,8.5600004196167,8.600000381469727,2121.0
2023-03-09 15:36:00,EQBK,28.100000381469727,28.100000381469727,28.110000610351562,28.100000381469727,28.110000610351562,395.0
2023-03-09 15:36:00,ESGRP,23.06999969482422,23.06999969482422,23.06999969482422,23.06999969482422,23.06999969482422,625.0
2023-03-09 15:36:00,ESQ,41.0,41.0,41.0,40.709999084472656,40.709999084472656,1917.0
2023-03-09 15:36:00,EWBC,67.05999755859375,67.05999755859375,67.12000274658203,67.05000305175781,67.05999755859375,4621.0
2023-03-09 15:36:00,EZPW,8.755000114440918,8.755000114440918,8.774999618530273,8.755000114440918,8.774999618530273,1458.0
2023-03-09 15:36:00,FATPW,0.09350000321865082,0.09350000321865082,0.09350000321865082,0.09350000321865082,0.09350000321865082,1532.0
2023-03-09 15:36:00,FBNC,38.86000061035156,38.86000061035156,38.93000030517578,38.650001525878906,38.650001525878906,12192.0
2023-03-09 15:36:00,FCFS,88.76000213623047,88.76000213623047,88.79000091552734,88.76000213623047,88.79000091552734,2937.0
2023-03-09 15:36:00,FCNCA,645.5599975585938,645.5599975585938,645.6900024414062,645.5599975585938,645.6900024414062,1413.0
2023-03-09 15:36:00,FFBC,22.239999771118164,22.239999771118164,22.270000457763672,22.239999771118164,22.270000457763672,789.0
2023-03-09 15:36:00,FFIN,33.5099983215332,33.5099983215332,33.55379867553711,33.5099983215332,33.55379867553711,2337.0
2023-03-09 15:36:00,FFWM,12.800000190734863,12.800000190734863,12.8100004196167,12.789999961853027,12.8100004196167,1620.0
2023-03-09 15:36:00,FHB,23.950000762939453,23.950000762939453,23.989999771118164,23.950000762939453,23.989999771118164,1527.0
2023-03-09 15:36:00,FIBK,32.11000061035156,32.11000061035156,32.1150016784668,32.09000015258789,32.09000015258789,1496.0
2023-03-09 15:36:00,FINW,9.029999732971191,9.029999732971191,9.029999732971191,9.029999732971191,9.029999732971191,148.0
2023-03-09 15:36:00,FITB,31.780000686645508,31.780000686645508,31.844999313354492,31.774999618530273,31.81999969482422,31770.0
2023-03-09 15:36:00,FITBP,24.079999923706055,24.079999923706055,24.079999923706055,24.079999923706055,24.079999923706055,200.0
2023-03-09 15:36:00,FLIC,16.1299991607666,16.1299991607666,16.1299991607666,16.1299991607666,16.1299991607666,130.0
2023-03-09 15:36:00,FOCS,51.564998626708984,51.564998626708984,51.56999969482422,51.560001373291016,51.564998626708984,6374.0
2023-03-09 15:36:00,FRBK,1.690000057220459,1.690000057220459,1.690000057220459,1.690000057220459,1.690000057220459,136.0
2023-03-09 15:36:00,FRME,37.31999969482422,37.31999969482422,37.349998474121094,37.31999969482422,37.349998474121094,523.0
2023-03-09 15:36:00,FRON,10.194999694824219,10.194999694824219,10.194999694824219,10.194999694824219,10.194999694824219,1969.0
2023-03-09 15:36:00,FULT,15.619999885559082,15.619999885559082,15.640000343322754,15.619999885559082,15.635000228881836,4218.0
2023-03-09 15:36:00,FUTU,46.16999816894531,46.16999816894531,46.255001068115234,46.1697998046875,46.255001068115234,5845.0
2023-03-09 15:36:00,FVCB,13.25,13.25,13.25,13.25,13.25,533.0
2023-03-09 15:36:00,GABC,35.790000915527344,35.790000915527344,35.84000015258789,35.790000915527344,35.84000015258789,493.0
2023-03-09 15:36:00,GBDC,13.194999694824219,13.194999694824219,13.219900131225586,13.194999694824219,13.21500015258789,1512.0
2023-03-09 15:36:00,GCMG,8.324000358581543,8.324000358581543,8.324000358581543,8.324000358581543,8.324000358581543,146.0
2023-03-09 15:36:00,GECC,9.40999984741211,9.40999984741211,9.40999984741211,9.40999984741211,9.40999984741211,700.0
2023-03-09 15:36:00,GGAL,12.630000114440918,12.630000114440918,12.630000114440918,12.619999885559082,12.619999885559082,1557.0
2023-03-09 15:36:00,GLRE,10.229999542236328,10.229999542236328,10.229999542236328,10.229999542236328,10.229999542236328,683.0
2023-03-09 15:36:00,GREE,0.40744999051094055,0.40744999051094055,0.40744999051094055,0.40744999051094055,0.40744999051094055,900.0
2023-03-09 15:36:00,GSHD,50.59000015258789,50.59000015258789,50.689998626708984,50.59000015258789,50.689998626708984,919.0
2023-03-09 15:36:00,HBAN,13.824999809265137,13.824999809265137,13.850000381469727,13.823699951171875,13.84000015258789,129258.0
2023-03-09 15:36:00,HBCP,36.36000061035156,36.36000061035156,36.36000061035156,36.36000061035156,36.36000061035156,162.0
2023-03-09 15:36:00,HFWA,24.4950008392334,24.4950008392334,24.4950008392334,24.4950008392334,24.4950008392334,396.0
2023-03-09 15:36:00,HIVE,2.360100030899048,2.360100030899048,2.375,2.359999895095825,2.375,2696.0
2023-03-09 15:36:00,HLNE,73.9000015258789,73.9000015258789,74.06999969482422,73.88999938964844,73.98999786376953,7786.0
2023-03-09 15:36:00,HMST,22.270000457763672,22.270000457763672,22.31999969482422,22.270000457763672,22.31999969482422,506.0
2023-03-09 15:36:00,HONE,12.680000305175781,12.680000305175781,12.680000305175781,12.670000076293945,12.680000305175781,2443.0
2023-03-09 15:36:00,HOPE,11.694999694824219,11.694999694824219,11.699999809265137,11.694999694824219,11.699999809265137,2241.0
2023-03-09 15:36:00,HRZN,11.649999618530273,11.649999618530273,11.652700424194336,11.649999618530273,11.652700424194336,707.0
2023-03-09 15:36:00,HTBK,10.8100004196167,10.8100004196167,10.8100004196167,10.8100004196167,10.8100004196167,623.0
2023-03-09 15:36:00,HTLF,45.459999084472656,45.459999084472656,45.5,45.459999084472656,45.5,642.0
2023-03-09 15:36:00,HUT,1.2949999570846558,1.2949999570846558,1.2949999570846558,1.2899999618530273,1.2949999570846558,9071.0
2023-03-09 15:36:00,HWC,43.529998779296875,43.529998779296875,43.57500076293945,43.529998779296875,43.54999923706055,2402.0
2023-03-09 15:36:00,IBKR,85.70500183105469,85.70500183105469,85.8499984741211,85.69000244140625,85.81500244140625,4714.0
2023-03-09 15:36:00,IBOC,44.834999084472656,44.834999084472656,44.88999938964844,44.83000183105469,44.88999938964844,2768.0
2023-03-09 15:36:00,IBTX,52.47999954223633,52.47999954223633,52.47999954223633,52.47999954223633,52.47999954223633,943.0
2023-03-09 15:36:00,ICMB,3.819999933242798,3.819999933242798,3.880000114440918,3.819999933242798,3.880000114440918,4001.0
2023-03-09 15:36:00,IGTA,10.289999961853027,10.289999961853027,10.300000190734863,10.289999961853027,10.300000190734863,84640.0
2023-03-09 15:36:00,INDB,71.68000030517578,71.68000030517578,71.7300033569336,71.66000366210938,71.7300033569336,622.0
2023-03-09 15:37:00,ABCB,42.439998626708984,42.439998626708984,42.46099853515625,42.439998626708984,42.439998626708984,2057.0
2023-03-09 15:37:00,ACAX,10.300000190734863,10.300000190734863,10.300000190734863,10.300000190734863,10.300000190734863,100.0
2023-03-09 15:37:00,ACGL,68.36000061035156,68.36000061035156,68.41000366210938,68.36000061035156,68.37000274658203,8282.0
2023-03-09 15:37:00,ACGLO,22.06999969482422,22.06999969482422,22.09000015258789,22.059999465942383,22.09000015258789,1100.0
2023-03-09 15:37:00,ACT,23.670000076293945,23.670000076293945,23.670000076293945,23.670000076293945,23.670000076293945,138.0
2023-03-09 15:37:00,AHG,0.40299999713897705,0.40299999713897705,0.40299999713897705,0.40299999713897705,0.40299999713897705,663.0
2023-03-09 15:37:00,ALPAU,10.100000381469727,10.100000381469727,10.100000381469727,10.100000381469727,10.100000381469727,100.0
2023-03-09 15:37:00,AMRK,28.059999465942383,28.059999465942383,28.060100555419922,28.040000915527344,28.059999465942383,3592.0
2023-03-09 15:37:00,AMTB,25.34000015258789,25.34000015258789,25.3799991607666,25.34000015258789,25.3799991607666,900.0
2023-03-09 15:37:00,ANZU,9.930000305175781,9.930000305175781,9.9399995803833,9.930000305175781,9.9399995803833,1839.0
2023-03-09 15:37:00,APLD,2.0350000858306885,2.0350000858306885,2.0399999618530273,2.0350000858306885,2.0350000858306885,1501.0
2023-03-09 15:37:00,ARCC,18.514999389648438,18.514999389648438,18.530000686645508,18.514999389648438,18.530000686645508,12445.0
2023-03-09 15:37:00,ATLC,28.670000076293945,28.670000076293945,28.670000076293945,28.670000076293945,28.670000076293945,356.0
2023-03-09 15:37:00,AUB,36.375,36.375,36.38999938964844,36.369998931884766,36.369998931884766,3455.0
2023-03-09 15:37:00,BANF,85.79000091552734,85.79000091552734,85.79000091552734,85.79000091552734,85.79000091552734,442.0
2023-03-09 15:37:00,BANR,56.81999969482422,56.81999969482422,56.849998474121094,56.81999969482422,56.84000015258789,988.0
2023-03-09 15:37:00,BCBP,15.720000267028809,15.720000267028809,15.720000267028809,15.720000267028809,15.720000267028809,145.0
2023-03-09 15:37:00,BFST,18.549999237060547,18.549999237060547,18.56999969482422,18.549999237060547,18.56999969482422,887.0
2023-03-09 15:37:00,BGCP,4.96999979019165,4.96999979019165,4.974999904632568,4.96999979019165,4.974999904632568,2098.0
2023-03-09 15:37:00,BHF,51.78499984741211,51.78499984741211,51.810001373291016,51.77000045776367,51.810001373291016,2121.0
2023-03-09 15:37:00,BHFAO,24.479999542236328,24.479999542236328,24.479999542236328,24.479999542236328,24.479999542236328,129.0
2023-03-09 15:37:00,BHFAP,23.850000381469727,23.850000381469727,23.850000381469727,23.850000381469727,23.850000381469727,561.0
2023-03-09 15:37:00,BITF,0.7135999798774719,0.7135999798774719,0.7171000242233276,0.7135999798774719,0.7171000242233276,3844.0
2023-03-09 15:37:00,BKCC,3.5999999046325684,3.5999999046325684,3.609299898147583,3.5999999046325684,3.5999999046325684,3014.0
2023-03-09 15:37:00,BMRC,27.049999237060547,27.049999237060547,27.110000610351562,27.040000915527344,27.110000610351562,1572.0
2023-03-09 15:37:00,BOKF,95.37999725341797,95.37999725341797,95.37999725341797,95.23999786376953,95.3499984741211,1722.0
2023-03-09 15:37:00,BPOP,62.099998474121094,62.099998474121094,62.119998931884766,62.06999969482422,62.119998931884766,3653.0
2023-03-09 15:37:00,BRKL,11.569999694824219,11.569999694824219,11.569999694824219,11.5649995803833,11.569999694824219,5295.0
2023-03-09 15:37:00,BRP,25.209999084472656,25.209999084472656,25.25,25.149999618530273,25.190000534057617,23213.0
2023-03-09 15:37:00,BUSE,22.549999237060547,22.549999237060547,22.559999465942383,22.549999237060547,22.559999465942383,628.0
2023-03-09 15:37:00,BYFC,1.2000000476837158,1.2000000476837158,1.2000000476837158,1.2000000476837158,1.2000000476837158,2200.0
2023-03-09 15:37:00,CAC,39.040000915527344,39.040000915527344,39.040000915527344,39.040000915527344,39.040000915527344,299.0
2023-03-09 15:37:00,CACC,430.7799987792969,430.7799987792969,431.0299987792969,430.7799987792969,431.0299987792969,319.0
2023-03-09 15:37:00,CARE,16.209999084472656,16.209999084472656,16.209999084472656,16.209999084472656,16.209999084472656,619.0
2023-03-09 15:37:00,CATY,38.79999923706055,38.79999923706055,38.81999969482422,38.79999923706055,38.810001373291016,1045.0
2023-03-09 15:37:00,CBSH,61.83000183105469,61.83000183105469,61.85499954223633,61.810001373291016,61.83000183105469,1652.0
2023-03-09 15:37:00,CCAP,14.829999923706055,14.829999923706055,14.829999923706055,14.829999923706055,14.829999923706055,657.0
2023-03-09 15:37:00,CCBG,32.875,32.875,32.875,32.875,32.875,340.0
2023-03-09 15:37:00,CCNE,22.59000015258789,22.59000015258789,22.59000015258789,22.59000015258789,22.59000015258789,475.0
2023-03-09 15:37:00,CFB,12.279999732971191,12.279999732971191,12.279999732971191,12.279999732971191,12.279999732971191,416.0
2023-03-09 15:37:00,CFFN,7.514999866485596,7.514999866485596,7.514999866485596,7.510000228881836,7.514999866485596,1633.0
2023-03-09 15:37:00,CG,33.220001220703125,33.220001220703125,33.2400016784668,33.189998626708984,33.22999954223633,10401.0
2023-03-09 15:37:00,CGBD,14.869999885559082,14.869999885559082,14.869999885559082,14.850000381469727,14.850000381469727,2334.0
2023-03-09 15:37:00,CHW,5.95989990234375,5.95989990234375,5.95989990234375,5.95989990234375,5.95989990234375,1002.0
2023-03-09 15:37:00,CHY,12.09000015258789,12.09000015258789,12.09000015258789,12.09000015258789,12.09000015258789,700.0
2023-03-09 15:37:00,CIFR,1.4499000310897827,1.4499000310897827,1.4499000310897827,1.4463000297546387,1.4499000310897827,8001.0
2023-03-09 15:37:00,CINF,114.94000244140625,114.94000244140625,115.00499725341797,114.8949966430664,115.00499725341797,1562.0
2023-03-09 15:37:00,CLBK,19.764999389648438,19.764999389648438,19.809999465942383,19.764999389648438,19.799999237060547,8579.0
2023-03-09 15:37:00,CLOE,11.100000381469727,11.100000381469727,11.100000381469727,11.100000381469727,11.100000381469727,0.0
2023-03-09 15:37:00,CLOEU,11.180000305175781,11.180000305175781,11.180000305175781,11.180000305175781,11.180000305175781,0.0
2023-03-09 15:37:00,CME,177.35000610351562,177.35000610351562,177.64999389648438,177.3000030517578,177.64999389648438,5633.0
2023-03-09 15:37:00,CNOB,22.049999237060547,22.049999237060547,22.06999969482422,22.049999237060547,22.06999969482422,998.0
2023-03-09 15:37:00,COLB,24.774999618530273,24.774999618530273,24.829999923706055,24.774999618530273,24.799100875854492,16418.0
2023-03-09 15:37:00,COOP,43.869998931884766,43.869998931884766,43.900001525878906,43.86000061035156,43.869998931884766,2092.0
2023-03-09 15:37:00,CSQ,13.702699661254883,13.702699661254883,13.702699661254883,13.697699546813965,13.699999809265137,748.0
2023-03-09 15:37:00,CSTR,15.130000114440918,15.130000114440918,15.130000114440918,15.130000114440918,15.130000114440918,295.0
2023-03-09 15:37:00,CSWC,18.086999893188477,18.086999893188477,18.09000015258789,18.086999893188477,18.09000015258789,291.0
2023-03-09 15:37:00,CVBF,21.59000015258789,21.59000015258789,21.6200008392334,21.584999084472656,21.600000381469727,3614.0
2023-03-09 15:37:00,CVCY,24.354999542236328,24.354999542236328,24.395000457763672,24.354999542236328,24.395000457763672,262.0
2023-03-09 15:37:00,DCOM,29.5,29.5,29.5,29.479999542236328,29.5,4561.0
2023-03-09 15:37:00,DCOMP,18.600000381469727,18.600000381469727,18.600000381469727,18.600000381469727,18.600000381469727,124.0
2023-03-09 15:37:00,DHIL,170.50999450683594,170.50999450683594,170.52000427246094,170.50999450683594,170.52000427246094,475.0
2023-03-09 15:37:00,DWAC,14.065400123596191,14.065400123596191,14.065400123596191,14.065400123596191,14.065400123596191,187.0
2023-03-09 15:37:00,EBC,14.34000015258789,14.34000015258789,14.369999885559082,14.34000015258789,14.369999885559082,12143.0
2023-03-09 15:37:00,EGBN,40.099998474121094,40.099998474121094,40.119998931884766,40.099998474121094,40.119998931884766,1210.0
2023-03-09 15:37:00,EHTH,8.5600004196167,8.5600004196167,8.5600004196167,8.5600004196167,8.5600004196167,1078.0
2023-03-09 15:37:00,ERIE,230.67999267578125,230.67999267578125,230.67999267578125,230.5399932861328,230.5399932861328,964.0
2023-03-09 15:37:00,ESGRO,23.809999465942383,23.809999465942383,23.81999969482422,23.809999465942383,23.81999969482422,840.0
2023-03-09 15:37:00,ESGRP,23.06999969482422,23.06999969482422,23.079999923706055,23.065799713134766,23.06999969482422,1542.0
2023-03-09 15:37:00,ESSA,18.719999313354492,18.719999313354492,18.719999313354492,18.719999313354492,18.719999313354492,106.0
2023-03-09 15:37:00,EWBC,67.03880310058594,67.03880310058594,67.08999633789062,66.98999786376953,67.08499908447266,4795.0
2023-03-09 15:37:00,EZPW,8.755000114440918,8.755000114440918,8.755000114440918,8.75,8.755000114440918,601.0
2023-03-09 15:37:00,FBNC,38.68000030517578,38.68000030517578,38.779998779296875,38.650001525878906,38.779998779296875,3330.0
2023-03-09 15:37:00,FCFS,88.7249984741211,88.7249984741211,88.7699966430664,88.7249984741211,88.7699966430664,894.0
2023-03-09 15:37:00,FCNCA,645.7000122070312,645.7000122070312,645.7000122070312,645.7000122070312,645.7000122070312,529.0
2023-03-09 15:37:00,FCNCO,21.34000015258789,21.34000015258789,21.34000015258789,21.34000015258789,21.34000015258789,203.0
2023-03-09 15:37:00,FCRD,4.570000171661377,4.570000171661377,4.570000171661377,4.570000171661377,4.570000171661377,500.0
2023-03-09 15:37:00,FDUS,19.950000762939453,19.950000762939453,19.950000762939453,19.950000762939453,19.950000762939453,865.0
2023-03-09 15:37:00,FFBC,22.209999084472656,22.209999084472656,22.239999771118164,22.200000762939453,22.229999542236328,7059.0
2023-03-09 15:37:00,FFIC,17.190000534057617,17.190000534057617,17.200000762939453,17.190000534057617,17.200000762939453,1494.0
2023-03-09 15:37:00,FFIN,33.52880096435547,33.52880096435547,33.540000915527344,33.52000045776367,33.52000045776367,1553.0
2023-03-09 15:37:00,FFWM,12.800000190734863,12.800000190734863,12.8100004196167,12.800000190734863,12.800000190734863,2025.0
2023-03-09 15:37:00,FHB,23.940000534057617,23.940000534057617,23.969999313354492,23.915599822998047,23.959999084472656,3485.0
2023-03-09 15:37:00,FIBK,32.04999923706055,32.04999923706055,32.099998474121094,32.04999923706055,32.09000015258789,1828.0
2023-03-09 15:37:00,FITB,31.764999389648438,31.764999389648438,31.799999237060547,31.760000228881836,31.780000686645508,14783.0
2023-03-09 15:37:00,FITBP,24.079999923706055,24.079999923706055,24.079999923706055,24.079999923706055,24.079999923706055,472.0
2023-03-09 15:37:00,FLIC,16.1299991607666,16.1299991607666,16.1299991607666,16.1299991607666,16.1299991607666,501.0
2023-03-09 15:37:00,FMNB,13.1899995803833,13.1899995803833,13.1899995803833,13.1899995803833,13.1899995803833,105.0
2023-03-09 15:37:00,FNLC,28.030000686645508,28.030000686645508,28.030000686645508,28.030000686645508,28.030000686645508,154.0
2023-03-09 15:37:00,FOCS,51.564998626708984,51.564998626708984,51.56999969482422,51.564998626708984,51.564998626708984,1171.0
2023-03-09 15:37:00,FRBK,1.684999942779541,1.684999942779541,1.684999942779541,1.684999942779541,1.684999942779541,100.0
2023-03-09 15:37:00,FRME,37.279998779296875,37.279998779296875,37.349998474121094,37.279998779296875,37.33000183105469,2712.0
2023-03-09 15:37:00,FRST,10.640000343322754,10.640000343322754,10.65999984741211,10.640000343322754,10.65999984741211,1501.0
2023-03-09 15:37:00,FSBC,25.600000381469727,25.600000381469727,25.600000381469727,25.600000381469727,25.600000381469727,109.0
2023-03-09 15:37:00,FULT,15.625,15.625,15.640000343322754,15.619999885559082,15.630000114440918,5390.0
2023-03-09 15:37:00,FUTU,46.11000061035156,46.11000061035156,46.18000030517578,46.11000061035156,46.18000030517578,4986.0
2023-03-09 15:37:00,FVCB,13.25,13.25,13.25,13.25,13.25,539.0
2023-03-09 15:37:00,FXNC,18.389999389648438,18.389999389648438,18.389999389648438,18.3700008392334,18.3700008392334,1000.0
2023-03-09 15:37:00,GABC,35.790000915527344,35.790000915527344,35.790000915527344,35.790000915527344,35.790000915527344,227.0
2023-03-09 15:37:00,GAIN,13.420000076293945,13.420000076293945,13.420000076293945,13.420000076293945,13.420000076293945,101.0
2023-03-09 15:37:00,GBDC,13.1899995803833,13.1899995803833,13.194999694824219,13.1899995803833,13.194999694824219,729.0
2023-03-09 15:37:00,GCBC,54.02000045776367,54.02000045776367,54.04999923706055,53.599998474121094,53.599998474121094,1070.0
2023-03-09 15:37:00,GGAL,12.609999656677246,12.609999656677246,12.619999885559082,12.609999656677246,12.619999885559082,1180.0
2023-03-09 15:37:00,GHIX,10.046299934387207,10.046299934387207,10.050000190734863,10.046299934387207,10.050000190734863,200.0
2023-03-09 15:37:00,GLAD,9.75,9.75,9.755000114440918,9.75,9.755000114440918,6481.0
2023-03-09 15:37:00,GSHD,50.599998474121094,50.599998474121094,50.63999938964844,50.55500030517578,50.599998474121094,2040.0
2023-03-09 15:37:00,HAFC,21.770000457763672,21.770000457763672,21.770000457763672,21.770000457763672,21.770000457763672,466.0
2023-03-09 15:37:00,HAIAU,10.471599578857422,10.471599578857422,10.471599578857422,10.449999809265137,10.449999809265137,400.0
2023-03-09 15:37:00,HBAN,13.8149995803833,13.8149995803833,13.829999923706055,13.8149995803833,13.829999923706055,39571.0
2023-03-09 15:37:00,HBNC,13.800000190734863,13.800000190734863,13.800000190734863,13.800000190734863,13.800000190734863,1779.0
2023-03-09 15:37:00,HBT,21.940000534057617,21.940000534057617,21.940000534057617,21.940000534057617,21.940000534057617,397.0
2023-03-09 15:37:00,HIVE,2.369999885559082,2.369999885559082,2.369999885559082,2.365000009536743,2.365000009536743,463.0
2023-03-09 15:37:00,HLNE,73.83999633789062,73.83999633789062,73.83999633789062,73.83999633789062,73.83999633789062,656.0
2023-03-09 15:37:00,HMST,22.293699264526367,22.293699264526367,22.293699264526367,22.274999618530273,22.290000915527344,1029.0
2023-03-09 15:37:00,HONE,12.680000305175781,12.680000305175781,12.680000305175781,12.680000305175781,12.680000305175781,1427.0
2023-03-09 15:37:00,HOPE,11.694999694824219,11.694999694824219,11.710000038146973,11.6850004196167,11.699999809265137,6611.0
2023-03-09 15:37:00,HRZN,11.635299682617188,11.635299682617188,11.640000343322754,11.635299682617188,11.640000343322754,501.0
2023-03-09 15:37:00,HTBI,27.725000381469727,27.725000381469727,27.725000381469727,27.725000381469727,27.725000381469727,349.0
2023-03-09 15:37:00,HTBK,10.805000305175781,10.805000305175781,10.8100004196167,10.805000305175781,10.8100004196167,381.0
2023-03-09 15:37:00,HTLF,45.459999084472656,45.459999084472656,45.470001220703125,45.459999084472656,45.470001220703125,514.0
2023-03-09 15:37:00,HUT,1.2898999452590942,1.2898999452590942,1.2997000217437744,1.2799999713897705,1.2997000217437744,27185.0
2023-03-09 15:37:00,HWC,43.54999923706055,43.54999923706055,43.56999969482422,43.5099983215332,43.540000915527344,2433.0
2023-03-09 15:37:00,IBKR,85.7300033569336,85.7300033569336,85.74500274658203,85.69499969482422,85.69499969482422,6570.0
2023-03-09 15:37:00,IBOC,44.849998474121094,44.849998474121094,44.849998474121094,44.845001220703125,44.849998474121094,1620.0
2023-03-09 15:37:00,IGTA,10.300399780273438,10.300399780273438,10.3100004196167,10.300399780273438,10.3100004196167,266.0
2023-03-09 15:37:00,INDB,71.61000061035156,71.61000061035156,71.61499786376953,71.56999969482422,71.5999984741211,1275.0
2023-03-09 15:38:00,ABCB,42.45000076293945,42.45000076293945,42.45000076293945,42.400001525878906,42.43000030517578,3815.0
2023-03-09 15:38:00,ACGL,68.37999725341797,68.37999725341797,68.37999725341797,68.33999633789062,68.36000061035156,10068.0
2023-03-09 15:38:00,AHG,0.4000000059604645,0.4000000059604645,0.4009999930858612,0.4000000059604645,0.4009999930858612,1500.0
2023-03-09 15:38:00,AMAL,21.079999923706055,21.079999923706055,21.079999923706055,21.079999923706055,21.079999923706055,730.0
2023-03-09 15:38:00,AMNB,31.149999618530273,31.149999618530273,31.149999618530273,31.1200008392334,31.1200008392334,1460.0
2023-03-09 15:38:00,APLD,2.0350000858306885,2.0350000858306885,2.0399999618530273,2.0350000858306885,2.0350000858306885,1753.0
2023-03-09 15:38:00,ARCC,18.514999389648438,18.514999389648438,18.520000457763672,18.510000228881836,18.514999389648438,8196.0
2023-03-09 15:38:00,AUB,36.33000183105469,36.33000183105469,36.369998931884766,36.33000183105469,36.369998931884766,19956.0
2023-03-09 15:38:00,BANR,57.209999084472656,57.209999084472656,57.220001220703125,56.880001068115234,56.880001068115234,7145.0
2023-03-09 15:38:00,BFST,18.559999465942383,18.559999465942383,18.559999465942383,18.559999465942383,18.559999465942383,963.0
2023-03-09 15:38:00,BGCP,4.974999904632568,4.974999904632568,4.980000019073486,4.96999979019165,4.974999904632568,1315.0
2023-03-09 15:38:00,BHF,51.814998626708984,51.814998626708984,51.814998626708984,51.7400016784668,51.779998779296875,4798.0
2023-03-09 15:38:00,BHFAM,16.350000381469727,16.350000381469727,16.350000381469727,16.350000381469727,16.350000381469727,133.0
2023-03-09 15:38:00,BKCC,3.5899999141693115,3.5899999141693115,3.6050000190734863,3.5899999141693115,3.6050000190734863,19013.0
2023-03-09 15:38:00,BOKF,95.31999969482422,95.31999969482422,95.37999725341797,95.31999969482422,95.37999725341797,1195.0
2023-03-09 15:38:00,BPOP,62.150001525878906,62.150001525878906,62.18000030517578,62.060001373291016,62.08000183105469,9225.0
2023-03-09 15:38:00,BRKL,11.579999923706055,11.579999923706055,11.579999923706055,11.569999694824219,11.569999694824219,1948.0
2023-03-09 15:38:00,BRP,25.229999542236328,25.229999542236328,25.280000686645508,25.229999542236328,25.280000686645508,755.0
2023-03-09 15:38:00,BTBT,1.0779999494552612,1.0779999494552612,1.0779999494552612,1.0750000476837158,1.0750000476837158,356.0
2023-03-09 15:38:00,BTCS,1.1924999952316284,1.1924999952316284,1.1924999952316284,1.1924999952316284,1.1924999952316284,1004.0
2023-03-09 15:38:00,BUSE,22.530000686645508,22.530000686645508,22.530000686645508,22.530000686645508,22.530000686645508,449.0
2023-03-09 15:38:00,BWB,13.289999961853027,13.289999961853027,13.300000190734863,13.289999961853027,13.300000190734863,727.0
2023-03-09 15:38:00,CACC,431.42999267578125,431.42999267578125,431.42999267578125,431.1400146484375,431.1400146484375,1229.0
2023-03-09 15:38:00,CARE,16.21500015258789,16.21500015258789,16.21500015258789,16.21500015258789,16.21500015258789,174.0
2023-03-09 15:38:00,CASH,47.13999938964844,47.13999938964844,47.13999938964844,47.06999969482422,47.06999969482422,1746.0
2023-03-09 15:38:00,CATY,38.84000015258789,38.84000015258789,38.84000015258789,38.779998779296875,38.779998779296875,1799.0
2023-03-09 15:38:00,CBSH,61.86000061035156,61.86000061035156,61.86000061035156,61.790000915527344,61.790000915527344,1959.0
2023-03-09 15:38:00,CCAP,14.819999694824219,14.819999694824219,14.819999694824219,14.819999694824219,14.819999694824219,662.0
2023-03-09 15:38:00,CCB,42.209999084472656,42.209999084472656,42.209999084472656,42.150001525878906,42.150001525878906,689.0
2023-03-09 15:38:00,CFFN,7.519999980926514,7.519999980926514,7.519999980926514,7.510000228881836,7.510000228881836,689.0
2023-03-09 15:38:00,CG,33.2599983215332,33.2599983215332,33.2599983215332,33.21500015258789,33.220001220703125,5639.0
2023-03-09 15:38:00,CGBD,14.859999656677246,14.859999656677246,14.869999885559082,14.859999656677246,14.869999885559082,1454.0
2023-03-09 15:38:00,CHY,12.09000015258789,12.09000015258789,12.095000267028809,12.09000015258789,12.09000015258789,804.0
2023-03-09 15:38:00,CINF,115.0999984741211,115.0999984741211,115.0999984741211,114.98999786376953,114.98999786376953,1732.0
2023-03-09 15:38:00,CITEW,0.09009999781847,0.09009999781847,0.09009999781847,0.09009999781847,0.09009999781847,100.0
2023-03-09 15:38:00,CLBK,19.75950050354004,19.75950050354004,19.75950050354004,19.75950050354004,19.75950050354004,849.0
2023-03-09 15:38:00,CME,177.52000427246094,177.52000427246094,177.52000427246094,177.25999450683594,177.3000030517578,2976.0
2023-03-09 15:38:00,CNOB,22.059999465942383,22.059999465942383,22.059999465942383,22.040000915527344,22.040000915527344,1424.0
2023-03-09 15:38:00,COLB,24.795000076293945,24.795000076293945,24.80500030517578,24.760000228881836,24.770000457763672,33694.0
2023-03-09 15:38:00,COOP,44.0,44.0,44.0099983215332,43.814998626708984,43.81999969482422,12440.0
2023-03-09 15:38:00,CPSS,10.479999542236328,10.479999542236328,10.479999542236328,10.479999542236328,10.479999542236328,218.0
2023-03-09 15:38:00,CSQ,13.704999923706055,13.704999923706055,13.705499649047852,13.699999809265137,13.704999923706055,832.0
2023-03-09 15:38:00,CSWC,18.100000381469727,18.100000381469727,18.100000381469727,18.084699630737305,18.084699630737305,1129.0
2023-03-09 15:38:00,CTBI,40.400001525878906,40.400001525878906,40.41999816894531,40.400001525878906,40.41999816894531,609.0
2023-03-09 15:38:00,CVBF,21.6200008392334,21.6200008392334,21.6200008392334,21.579999923706055,21.610000610351562,4521.0
2023-03-09 15:38:00,CVCY,24.354999542236328,24.354999542236328,24.354999542236328,24.350000381469727,24.350000381469727,262.0
2023-03-09 15:38:00,DCOM,29.510000228881836,29.510000228881836,29.510000228881836,29.469999313354492,29.485000610351562,3160.0
2023-03-09 15:38:00,DCOMP,18.58329963684082,18.58329963684082,18.59000015258789,18.58329963684082,18.59000015258789,224.0
2023-03-09 15:38:00,DWAC,14.074999809265137,14.074999809265137,14.079999923706055,14.069999694824219,14.069999694824219,1313.0
2023-03-09 15:38:00,EBC,14.319999694824219,14.319999694824219,14.34000015258789,14.3100004196167,14.34000015258789,16468.0
2023-03-09 15:38:00,ECPG,50.119998931884766,50.119998931884766,50.119998931884766,50.119998931884766,50.119998931884766,155.0
2023-03-09 15:38:00,EFSC,51.380001068115234,51.380001068115234,51.459999084472656,51.380001068115234,51.459999084472656,5600.0
2023-03-09 15:38:00,EGBN,40.189998626708984,40.189998626708984,40.189998626708984,40.08000183105469,40.08000183105469,2329.0
2023-03-09 15:38:00,EHTH,8.579999923706055,8.579999923706055,8.579999923706055,8.550000190734863,8.559900283813477,726.0
2023-03-09 15:38:00,EQBK,28.125,28.125,28.125,28.125,28.125,101.0
2023-03-09 15:38:00,EWBC,67.12000274658203,67.12000274658203,67.12000274658203,67.01000213623047,67.02999877929688,9219.0
2023-03-09 15:38:00,EZPW,8.760000228881836,8.760000228881836,8.765000343322754,8.75,8.755000114440918,4928.0
2023-03-09 15:38:00,FBMS,28.809999465942383,28.809999465942383,28.809999465942383,28.809999465942383,28.809999465942383,450.0
2023-03-09 15:38:00,FBNC,38.689998626708984,38.689998626708984,38.7400016784668,38.689998626708984,38.70000076293945,949.0
2023-03-09 15:38:00,FCFS,88.73750305175781,88.73750305175781,88.75,88.73750305175781,88.75,614.0
2023-03-09 15:38:00,FCNCA,644.9949951171875,644.9949951171875,644.9949951171875,644.989990234375,644.989990234375,655.0
2023-03-09 15:38:00,FCRD,4.570000171661377,4.570000171661377,4.574999809265137,4.570000171661377,4.570000171661377,400.0
2023-03-09 15:38:00,FDUS,19.93000030517578,19.93000030517578,19.93000030517578,19.93000030517578,19.93000030517578,239.0
2023-03-09 15:38:00,FFBC,22.25,22.25,22.25,22.209999084472656,22.209999084472656,4936.0
2023-03-09 15:38:00,FFIN,33.54999923706055,33.54999923706055,33.54999923706055,33.529998779296875,33.529998779296875,1069.0
2023-03-09 15:38:00,FFWM,12.819999694824219,12.819999694824219,12.819999694824219,12.789999961853027,12.795000076293945,1434.0
2023-03-09 15:38:00,FHB,23.989999771118164,23.989999771118164,23.989999771118164,23.93000030517578,23.940000534057617,3326.0
2023-03-09 15:38:00,FIBK,32.099998474121094,32.099998474121094,32.099998474121094,32.04999923706055,32.04999923706055,1302.0
2023-03-09 15:38:00,FITB,31.815000534057617,31.815000534057617,31.815000534057617,31.7450008392334,31.770000457763672,19588.0
2023-03-09 15:38:00,FLIC,16.1299991607666,16.1299991607666,16.1299991607666,16.1200008392334,16.1200008392334,1041.0
2023-03-09 15:38:00,FMNB,13.180000305175781,13.180000305175781,13.1899995803833,13.170000076293945,13.1899995803833,1610.0
2023-03-09 15:38:00,FOCS,51.56999969482422,51.56999969482422,51.56999969482422,51.560001373291016,51.564998626708984,3774.0
2023-03-09 15:38:00,FRBK,1.6861000061035156,1.6861000061035156,1.6861000061035156,1.6861000061035156,1.6861000061035156,617.0
2023-03-09 15:38:00,FRME,37.36000061035156,37.36000061035156,37.36000061035156,37.34000015258789,37.349998474121094,516.0
2023-03-09 15:38:00,FULT,15.640000343322754,15.640000343322754,15.640000343322754,15.609999656677246,15.619999885559082,7696.0
2023-03-09 15:38:00,FUTU,46.209999084472656,46.209999084472656,46.220001220703125,46.11000061035156,46.11000061035156,5847.0
2023-03-09 15:38:00,FXNC,18.670000076293945,18.670000076293945,18.670000076293945,18.03499984741211,18.389999389648438,5351.0
2023-03-09 15:38:00,GAIN,13.420000076293945,13.420000076293945,13.420000076293945,13.420000076293945,13.420000076293945,101.0
2023-03-09 15:38:00,GBDC,13.194999694824219,13.194999694824219,13.194999694824219,13.194999694824219,13.194999694824219,841.0
2023-03-09 15:38:00,GCBC,54.150001525878906,54.150001525878906,54.150001525878906,54.150001525878906,54.150001525878906,101.0
2023-03-09 15:38:00,GCMG,8.319999694824219,8.319999694824219,8.319999694824219,8.319999694824219,8.319999694824219,2396.0
2023-03-09 15:38:00,GGAL,12.617899894714355,12.617899894714355,12.617899894714355,12.617899894714355,12.617899894714355,1163.0
2023-03-09 15:38:00,GREE,0.4081000089645386,0.4081000089645386,0.4081000089645386,0.40744999051094055,0.40744999051094055,487.0
2023-03-09 15:38:00,GSHD,50.7599983215332,50.7599983215332,50.790000915527344,50.61000061035156,50.6349983215332,3105.0
2023-03-09 15:38:00,HAFC,21.780000686645508,21.780000686645508,21.780000686645508,21.780000686645508,21.780000686645508,622.0
2023-03-09 15:38:00,HBAN,13.824999809265137,13.824999809265137,13.829999923706055,13.805000305175781,13.8149995803833,193438.0
2023-03-09 15:38:00,HCVI,10.104999542236328,10.104999542236328,10.112600326538086,10.104999542236328,10.112600326538086,200.0
2023-03-09 15:38:00,HFWA,24.40999984741211,24.40999984741211,24.459999084472656,24.40999984741211,24.459999084472656,2351.0
2023-03-09 15:38:00,HIVE,2.359999895095825,2.359999895095825,2.3698999881744385,2.359999895095825,2.3698999881744385,2800.0
2023-03-09 15:38:00,HLNE,73.86000061035156,73.86000061035156,73.91000366210938,73.75499725341797,73.80500030517578,1726.0
2023-03-09 15:38:00,HMST,22.309999465942383,22.309999465942383,22.309999465942383,22.299999237060547,22.299999237060547,1114.0
2023-03-09 15:38:00,HONE,12.680000305175781,12.680000305175781,12.680000305175781,12.680000305175781,12.680000305175781,290.0
2023-03-09 15:38:00,HOPE,11.710000038146973,11.710000038146973,11.710000038146973,11.694999694824219,11.694999694824219,3576.0
2023-03-09 15:38:00,HPLTW,0.11309999972581863,0.11309999972581863,0.11309999972581863,0.10010000318288803,0.10010000318288803,1332.0
2023-03-09 15:38:00,HTBK,10.8100004196167,10.8100004196167,10.8100004196167,10.800000190734863,10.800000190734863,2229.0
2023-03-09 15:38:00,HTLF,45.46500015258789,45.46500015258789,45.46500015258789,45.459999084472656,45.459999084472656,714.0
2023-03-09 15:38:00,HUT,1.2883000373840332,1.2883000373840332,1.2883000373840332,1.2799999713897705,1.2800999879837036,12285.0
2023-03-09 15:38:00,HWC,43.61000061035156,43.61000061035156,43.61000061035156,43.4900016784668,43.52000045776367,2171.0
2023-03-09 15:38:00,IBCP,20.565000534057617,20.565000534057617,20.56999969482422,20.549999237060547,20.549999237060547,856.0
2023-03-09 15:38:00,IBKR,85.55999755859375,85.55999755859375,85.67009735107422,85.52999877929688,85.67009735107422,28803.0
2023-03-09 15:38:00,IBOC,44.900001525878906,44.900001525878906,44.90999984741211,44.81999969482422,44.81999969482422,2406.0
2023-03-09 15:38:00,IBTX,52.439998626708984,52.439998626708984,52.439998626708984,52.3849983215332,52.3849983215332,407.0
2023-03-09 15:38:00,IGIC,8.300000190734863,8.300000190734863,8.300000190734863,8.300000190734863,8.300000190734863,100.0
2023-03-09 15:38:00,INBK,23.2450008392334,23.2450008392334,23.2450008392334,23.2450008392334,23.2450008392334,250.0
2023-03-09 15:38:00,INDB,71.54000091552734,71.54000091552734,71.54000091552734,71.4800033569336,71.4800033569336,664.0
2023-03-09 15:39:00,ABCB,42.560001373291016,42.560001373291016,42.560001373291016,42.529998779296875,42.529998779296875,628.0
2023-03-09 15:39:00,ACGL,68.41999816894531,68.41999816894531,68.41999816894531,68.37000274658203,68.38999938964844,5837.0
2023-03-09 15:39:00,ACT,23.709999084472656,23.709999084472656,23.709999084472656,23.709999084472656,23.709999084472656,842.0
2023-03-09 15:39:00,AMAL,21.09000015258789,21.09000015258789,21.09000015258789,21.079999923706055,21.079999923706055,685.0
2023-03-09 15:39:00,AMSF,51.47999954223633,51.47999954223633,51.47999954223633,51.47999954223633,51.47999954223633,455.0
2023-03-09 15:39:00,AMTB,25.40999984741211,25.40999984741211,25.40999984741211,25.40999984741211,25.40999984741211,350.0
2023-03-09 15:39:00,APLD,2.0399999618530273,2.0399999618530273,2.0399999618530273,2.0313000679016113,2.0350000858306885,1777.0
2023-03-09 15:39:00,ARCC,18.520000457763672,18.520000457763672,18.530000686645508,18.510000228881836,18.514999389648438,37208.0
2023-03-09 15:39:00,ATLC,28.670000076293945,28.670000076293945,28.670000076293945,28.65999984741211,28.65999984741211,673.0
2023-03-09 15:39:00,ATLCP,20.270000457763672,20.270000457763672,20.270000457763672,20.270000457763672,20.270000457763672,200.0
2023-03-09 15:39:00,ATLO,23.399999618530273,23.399999618530273,23.43000030517578,23.399999618530273,23.420000076293945,565.0
2023-03-09 15:39:00,AUB,36.38999938964844,36.38999938964844,36.38999938964844,36.33000183105469,36.34000015258789,12140.0
2023-03-09 15:39:00,BANF,85.91999816894531,85.91999816894531,85.91999816894531,85.83000183105469,85.83000183105469,876.0
2023-03-09 15:39:00,BANR,57.23500061035156,57.23500061035156,57.23500061035156,57.220001220703125,57.22999954223633,661.0
2023-03-09 15:39:00,BCBP,15.710000038146973,15.710000038146973,15.710000038146973,15.710000038146973,15.710000038146973,260.0
2023-03-09 15:39:00,BGCP,4.985000133514404,4.985000133514404,4.989999771118164,4.974999904632568,4.974999904632568,46861.0
2023-03-09 15:39:00,BHF,51.81999969482422,51.81999969482422,51.849998474121094,51.79999923706055,51.79999923706055,1845.0
2023-03-09 15:39:00,BITF,0.7236999869346619,0.7236999869346619,0.7254999876022339,0.7135999798774719,0.7170000076293945,22840.0
2023-03-09 15:39:00,BKCC,3.5850000381469727,3.5850000381469727,3.591599941253662,3.5799999237060547,3.591599941253662,16861.0
2023-03-09 15:39:00,BMRC,27.09000015258789,27.09000015258789,27.09000015258789,27.049999237060547,27.049999237060547,370.0
2023-03-09 15:39:00,BOKF,95.49500274658203,95.49500274658203,95.55999755859375,95.49500274658203,95.55999755859375,693.0
2023-03-09 15:39:00,BPOP,62.18000030517578,62.18000030517578,62.18000030517578,62.119998931884766,62.150001525878906,9188.0
2023-03-09 15:39:00,BRKL,11.600000381469727,11.600000381469727,11.600000381469727,11.585000038146973,11.585000038146973,3203.0
2023-03-09 15:39:00,BRP,25.200000762939453,25.200000762939453,25.280000686645508,25.200000762939453,25.280000686645508,1475.0
2023-03-09 15:39:00,BSRR,19.25,19.25,19.25,19.25,19.25,305.0
2023-03-09 15:39:00,BUSE,22.579999923706055,22.579999923706055,22.579999923706055,22.559999465942383,22.559999465942383,613.0
2023-03-09 15:39:00,CAC,39.04999923706055,39.04999923706055,39.04999923706055,39.04999923706055,39.04999923706055,305.0
2023-03-09 15:39:00,CASH,47.209999084472656,47.209999084472656,47.209999084472656,47.165000915527344,47.165000915527344,1234.0
2023-03-09 15:39:00,CATC,70.55000305175781,70.55000305175781,70.55000305175781,70.55000305175781,70.55000305175781,141.0
2023-03-09 15:39:00,CATY,38.900001525878906,38.900001525878906,38.900001525878906,38.900001525878906,38.900001525878906,391.0
2023-03-09 15:39:00,CBSH,61.97999954223633,61.97999954223633,61.97999954223633,61.900001525878906,61.900001525878906,1505.0
2023-03-09 15:39:00,CFB,12.300000190734863,12.300000190734863,12.300000190734863,12.300000190734863,12.300000190734863,100.0
2023-03-09 15:39:00,CFFN,7.525000095367432,7.525000095367432,7.525000095367432,7.514999866485596,7.514999866485596,4373.0
2023-03-09 15:39:00,CG,33.290000915527344,33.290000915527344,33.290000915527344,33.25,33.2599983215332,7941.0
2023-03-09 15:39:00,CGBD,14.859999656677246,14.859999656677246,14.859999656677246,14.859999656677246,14.859999656677246,942.0
2023-03-09 15:39:00,CHI,11.793600082397461,11.793600082397461,11.793600082397461,11.779999732971191,11.779999732971191,825.0
2023-03-09 15:39:00,CHW,5.954999923706055,5.954999923706055,5.954999923706055,5.954999923706055,5.954999923706055,100.0
2023-03-09 15:39:00,CHY,12.100000381469727,12.100000381469727,12.100000381469727,12.09000015258789,12.09000015258789,220.0
2023-03-09 15:39:00,CIFR,1.4515000581741333,1.4515000581741333,1.4600000381469727,1.4500000476837158,1.4500000476837158,12300.0
2023-03-09 15:39:00,CINF,115.2699966430664,115.2699966430664,115.2699966430664,115.11000061035156,115.11000061035156,2271.0
2023-03-09 15:39:00,CME,177.6699981689453,177.6699981689453,177.6699981689453,177.49000549316406,177.49000549316406,9967.0
2023-03-09 15:39:00,COLB,24.834999084472656,24.834999084472656,24.834999084472656,24.799999237060547,24.799999237060547,17505.0
2023-03-09 15:39:00,COOP,44.0,44.0,44.0,43.939998626708984,44.0,19309.0
2023-03-09 15:39:00,CSQ,13.710000038146973,13.710000038146973,13.710000038146973,13.710000038146973,13.710000038146973,211.0
2023-03-09 15:39:00,CSTR,15.130000114440918,15.130000114440918,15.130000114440918,15.130000114440918,15.130000114440918,709.0
2023-03-09 15:39:00,CVBF,21.6299991607666,21.6299991607666,21.639999389648438,21.614999771118164,21.614999771118164,4691.0
2023-03-09 15:39:00,CVCY,24.354999542236328,24.354999542236328,24.354999542236328,24.350000381469727,24.350000381469727,1144.0
2023-03-09 15:39:00,DCOM,29.5,29.5,29.540000915527344,29.5,29.530000686645508,1864.0
2023-03-09 15:39:00,DGICA,15.010000228881836,15.010000228881836,15.010000228881836,15.010000228881836,15.010000228881836,652.0
2023-03-09 15:39:00,EBC,14.324999809265137,14.324999809265137,14.329999923706055,14.3149995803833,14.319999694824219,15133.0
2023-03-09 15:39:00,ECPG,50.119998931884766,50.119998931884766,50.119998931884766,50.119998931884766,50.119998931884766,537.0
2023-03-09 15:39:00,EFSC,51.40999984741211,51.40999984741211,51.40999984741211,51.40999984741211,51.40999984741211,3413.0
2023-03-09 15:39:00,EGBN,40.25,40.25,40.25,40.150001525878906,40.150001525878906,929.0
2023-03-09 15:39:00,EHTH,8.59000015258789,8.59000015258789,8.59000015258789,8.59000015258789,8.59000015258789,100.0
2023-03-09 15:39:00,EQBK,28.139999389648438,28.139999389648438,28.139999389648438,28.135000228881836,28.135000228881836,285.0
2023-03-09 15:39:00,ESGR,230.1300048828125,230.1300048828125,230.1300048828125,230.1300048828125,230.1300048828125,214.0
2023-03-09 15:39:00,ESQ,41.0,41.0,41.0,41.0,41.0,218.0
2023-03-09 15:39:00,EWBC,67.25900268554688,67.25900268554688,67.2699966430664,67.1500015258789,67.1500015258789,4986.0
2023-03-09 15:39:00,EZPW,8.770000457763672,8.770000457763672,8.770000457763672,8.760000228881836,8.760000228881836,1582.0
2023-03-09 15:39:00,FBMS,28.850000381469727,28.850000381469727,28.850000381469727,28.81999969482422,28.81999969482422,1189.0
2023-03-09 15:39:00,FBNC,38.72999954223633,38.72999954223633,38.7599983215332,38.689998626708984,38.689998626708984,1372.0
2023-03-09 15:39:00,FCFS,88.75,88.75,88.76000213623047,88.73999786376953,88.73999786376953,2261.0
2023-03-09 15:39:00,FCNCA,644.6900024414062,644.6900024414062,645.8099975585938,644.6900024414062,645.0250244140625,1099.0
2023-03-09 15:39:00,FCRD,4.590000152587891,4.590000152587891,4.590000152587891,4.570000171661377,4.570000171661377,802.0
2023-03-09 15:39:00,FFBC,22.280000686645508,22.280000686645508,22.280000686645508,22.270000457763672,22.270000457763672,1050.0
2023-03-09 15:39:00,FFIC,17.209999084472656,17.209999084472656,17.209999084472656,17.209999084472656,17.209999084472656,711.0
2023-03-09 15:39:00,FFIN,33.58000183105469,33.58000183105469,33.58000183105469,33.560001373291016,33.560001373291016,1604.0
2023-03-09 15:39:00,FFWM,12.84000015258789,12.84000015258789,12.84000015258789,12.84000015258789,12.84000015258789,263.0
2023-03-09 15:39:00,FHB,23.989999771118164,23.989999771118164,23.989999771118164,23.979999542236328,23.979999542236328,1785.0
2023-03-09 15:39:00,FIBK,32.130001068115234,32.130001068115234,32.130001068115234,32.099998474121094,32.099998474121094,1865.0
2023-03-09 15:39:00,FISI,23.170000076293945,23.170000076293945,23.170000076293945,23.170000076293945,23.170000076293945,160.0
2023-03-09 15:39:00,FITB,31.875,31.875,31.8799991607666,31.81999969482422,31.81999969482422,24606.0
2023-03-09 15:39:00,FITBP,24.09000015258789,24.09000015258789,24.09000015258789,24.09000015258789,24.09000015258789,100.0
2023-03-09 15:39:00,FLIC,16.139999389648438,16.139999389648438,16.139999389648438,16.139999389648438,16.139999389648438,367.0
2023-03-09 15:39:00,FMNB,13.199999809265137,13.199999809265137,13.199999809265137,13.1899995803833,13.1899995803833,741.0
2023-03-09 15:39:00,FNCB,7.300000190734863,7.300000190734863,7.300000190734863,7.300000190734863,7.300000190734863,106.0
2023-03-09 15:39:00,FNLC,28.049999237060547,28.049999237060547,28.049999237060547,28.049999237060547,28.049999237060547,420.0
2023-03-09 15:39:00,FOCS,51.55500030517578,51.55500030517578,51.56999969482422,51.55500030517578,51.564998626708984,8484.0
2023-03-09 15:39:00,FRBA,12.719900131225586,12.719900131225586,12.719900131225586,12.719900131225586,12.719900131225586,117.0
2023-03-09 15:39:00,FRHC,71.68000030517578,71.68000030517578,71.68000030517578,71.68000030517578,71.68000030517578,195.0
2023-03-09 15:39:00,FRME,37.41999816894531,37.41999816894531,37.41999816894531,37.38999938964844,37.38999938964844,872.0
2023-03-09 15:39:00,FULT,15.65999984741211,15.65999984741211,15.65999984741211,15.635000228881836,15.640000343322754,2191.0
2023-03-09 15:39:00,FUTU,46.290000915527344,46.290000915527344,46.290000915527344,46.224998474121094,46.22999954223633,2444.0
2023-03-09 15:39:00,FVCB,13.229999542236328,13.229999542236328,13.25,13.229999542236328,13.25,1041.0
2023-03-09 15:39:00,GABC,35.869998931884766,35.869998931884766,35.869998931884766,35.869998931884766,35.869998931884766,147.0
2023-03-09 15:39:00,GAIN,13.414999961853027,13.414999961853027,13.425000190734863,13.40999984741211,13.425000190734863,2887.0
2023-03-09 15:39:00,GBDC,13.194999694824219,13.194999694824219,13.194999694824219,13.1899995803833,13.194999694824219,1092.0
2023-03-09 15:39:00,GCBC,54.25,54.25,54.25,54.25,54.25,415.0
2023-03-09 15:39:00,GGAL,12.625,12.625,12.625,12.600099563598633,12.600099563598633,1350.0
2023-03-09 15:39:00,GLRE,10.279999732971191,10.279999732971191,10.279999732971191,10.270000457763672,10.270000457763672,401.0
2023-03-09 15:39:00,GSHD,50.790000915527344,50.790000915527344,50.790000915527344,50.790000915527344,50.790000915527344,365.0
2023-03-09 15:39:00,HAFC,21.809999465942383,21.809999465942383,21.809999465942383,21.809999465942383,21.809999465942383,531.0
2023-03-09 15:39:00,HBAN,13.859999656677246,13.859999656677246,13.859999656677246,13.824999809265137,13.824999809265137,198637.0
2023-03-09 15:39:00,HBANP,18.860000610351562,18.860000610351562,18.899999618530273,18.860000610351562,18.899999618530273,1265.0
2023-03-09 15:39:00,HBCP,36.31999969482422,36.31999969482422,36.31999969482422,36.31999969482422,36.31999969482422,190.0
2023-03-09 15:39:00,HBNC,13.850000381469727,13.850000381469727,13.850000381469727,13.829999923706055,13.829999923706055,1681.0
2023-03-09 15:39:00,HBT,21.94499969482422,21.94499969482422,21.94499969482422,21.94499969482422,21.94499969482422,176.0
2023-03-09 15:39:00,HFWA,24.440000534057617,24.440000534057617,24.440000534057617,24.40999984741211,24.40999984741211,330.0
2023-03-09 15:39:00,HLNE,73.8949966430664,73.8949966430664,73.8949966430664,73.8949966430664,73.8949966430664,249.0
2023-03-09 15:39:00,HMST,22.299999237060547,22.299999237060547,22.329999923706055,22.299999237060547,22.329999923706055,424.0
2023-03-09 15:39:00,HONE,12.6899995803833,12.6899995803833,12.6899995803833,12.680000305175781,12.680000305175781,1351.0
2023-03-09 15:39:00,HOPE,11.720000267028809,11.720000267028809,11.720000267028809,11.720000267028809,11.720000267028809,1349.0
2023-03-09 15:39:00,HRZN,11.630000114440918,11.630000114440918,11.635000228881836,11.630000114440918,11.630000114440918,1495.0
2023-03-09 15:39:00,HTBI,27.709999084472656,27.709999084472656,27.709999084472656,27.709999084472656,27.709999084472656,350.0
2023-03-09 15:39:00,HTBK,10.84000015258789,10.84000015258789,10.84000015258789,10.812100410461426,10.8149995803833,2863.0
2023-03-09 15:39:00,HTLF,45.4900016784668,45.4900016784668,45.4900016784668,45.4900016784668,45.4900016784668,930.0
2023-03-09 15:39:00,HUT,1.2884999513626099,1.2884999513626099,1.2884999513626099,1.2799999713897705,1.2877999544143677,605.0
2023-03-09 15:39:00,HWC,43.65999984741211,43.65999984741211,43.66999816894531,43.622501373291016,43.622501373291016,1162.0
2023-03-09 15:39:00,IBKR,85.58000183105469,85.58000183105469,85.58000183105469,85.45999908447266,85.56500244140625,11923.0
2023-03-09 15:39:00,IBOC,44.95000076293945,44.95000076293945,44.95000076293945,44.93000030517578,44.93000030517578,900.0
2023-03-09 15:39:00,IBTX,52.529998779296875,52.529998779296875,52.529998779296875,52.41999816894531,52.41999816894531,1248.0
2023-03-09 15:39:00,IGIC,8.300000190734863,8.300000190734863,8.300000190734863,8.300000190734863,8.300000190734863,100.0
2023-03-09 15:39:00,INBK,23.200000762939453,23.200000762939453,23.204999923706055,23.200000762939453,23.204999923706055,216.0
2023-03-09 15:39:00,INDB,71.6500015258789,71.6500015258789,71.6500015258789,71.61000061035156,71.62000274658203,1150.0
2023-03-09 15:40:00,ABCB,42.529998779296875,42.529998779296875,42.529998779296875,42.51499938964844,42.52000045776367,1140.0
2023-03-09 15:40:00,ACGL,68.41999816894531,68.41999816894531,68.44999694824219,68.41500091552734,68.43000030517578,6777.0
2023-03-09 15:40:00,ACQR,10.208000183105469,10.208000183105469,10.208000183105469,10.208000183105469,10.208000183105469,200.0
2023-03-09 15:40:00,AMRK,28.059999465942383,28.059999465942383,28.059999465942383,28.059999465942383,28.059999465942383,331.0
2023-03-09 15:40:00,APLD,2.059999942779541,2.059999942779541,2.059999942779541,2.0350000858306885,2.0350000858306885,14493.0
2023-03-09 15:40:00,ARCC,18.520000457763672,18.520000457763672,18.52910041809082,18.514999389648438,18.514999389648438,5574.0
2023-03-09 15:40:00,ATLC,28.690099716186523,28.690099716186523,28.690099716186523,28.690000534057617,28.690000534057617,347.0
2023-03-09 15:40:00,AUB,36.38999938964844,36.38999938964844,36.39500045776367,36.369998931884766,36.38999938964844,6891.0
2023-03-09 15:40:00,BANF,85.79000091552734,85.79000091552734,85.79000091552734,85.79000091552734,85.79000091552734,571.0
2023-03-09 15:40:00,BANR,57.02000045776367,57.02000045776367,57.25,57.02000045776367,57.25,8007.0
2023-03-09 15:40:00,BFIN,9.979999542236328,9.979999542236328,9.979999542236328,9.979999542236328,9.979999542236328,1109.0
2023-03-09 15:40:00,BGCP,4.989999771118164,4.989999771118164,4.989999771118164,4.985000133514404,4.989999771118164,17549.0
2023-03-09 15:40:00,BHF,51.7599983215332,51.7599983215332,51.790000915527344,51.7599983215332,51.779998779296875,2323.0
2023-03-09 15:40:00,BITF,0.7159000039100647,0.7159000039100647,0.723800003528595,0.7159000039100647,0.723800003528595,15225.0
2023-03-09 15:40:00,BKCC,3.5799999237060547,3.5799999237060547,3.588399887084961,3.5799999237060547,3.5880000591278076,355.0
2023-03-09 15:40:00,BPOP,62.19499969482422,62.19499969482422,62.21500015258789,62.119998931884766,62.150001525878906,9378.0
2023-03-09 15:40:00,BRKL,11.600000381469727,11.600000381469727,11.609999656677246,11.59000015258789,11.59000015258789,11768.0
2023-03-09 15:40:00,BRP,25.149999618530273,25.149999618530273,25.200000762939453,25.149999618530273,25.200000762939453,573.0
2023-03-09 15:40:00,BTBT,1.0755000114440918,1.0755000114440918,1.0755000114440918,1.0750000476837158,1.0750000476837158,217.0
2023-03-09 15:40:00,BUSE,22.584999084472656,22.584999084472656,22.584999084472656,22.584999084472656,22.584999084472656,755.0
2023-03-09 15:40:00,CALB,24.200000762939453,24.200000762939453,24.299999237060547,24.10300064086914,24.299999237060547,1111.0
2023-03-09 15:40:00,CASH,47.16999816894531,47.16999816894531,47.20000076293945,47.130001068115234,47.20000076293945,1530.0
2023-03-09 15:40:00,CATC,70.56999969482422,70.56999969482422,70.56999969482422,70.55000305175781,70.55000305175781,212.0
2023-03-09 15:40:00,CATY,38.880001068115234,38.880001068115234,38.90999984741211,38.880001068115234,38.90999984741211,1231.0
2023-03-09 15:40:00,CBSH,61.959999084472656,61.959999084472656,61.959999084472656,61.91999816894531,61.91999816894531,1576.0
2023-03-09 15:40:00,CFB,12.3100004196167,12.3100004196167,12.3100004196167,12.3100004196167,12.3100004196167,291.0
2023-03-09 15:40:00,CFFN,7.519999980926514,7.519999980926514,7.519999980926514,7.519999980926514,7.519999980926514,142.0
2023-03-09 15:40:00,CG,33.25,33.25,33.28499984741211,33.25,33.279998779296875,10140.0
2023-03-09 15:40:00,CGBD,14.859999656677246,14.859999656677246,14.859999656677246,14.859999656677246,14.859999656677246,155.0
2023-03-09 15:40:00,CHI,11.819999694824219,11.819999694824219,11.819999694824219,11.781499862670898,11.781499862670898,3215.0
2023-03-09 15:40:00,CHW,5.954999923706055,5.954999923706055,5.954999923706055,5.954999923706055,5.954999923706055,100.0
2023-03-09 15:40:00,CHY,12.100000381469727,12.100000381469727,12.100000381469727,12.09000015258789,12.09000015258789,200.0
2023-03-09 15:40:00,CIFR,1.4500000476837158,1.4500000476837158,1.4550000429153442,1.4450000524520874,1.4500000476837158,10011.0
2023-03-09 15:40:00,CINF,115.18000030517578,115.18000030517578,115.18000030517578,115.18000030517578,115.18000030517578,549.0
2023-03-09 15:40:00,CLBK,19.739999771118164,19.739999771118164,19.739999771118164,19.739999771118164,19.739999771118164,272.0
2023-03-09 15:40:00,CMCAW,0.10159999877214432,0.10159999877214432,0.10159999877214432,0.10159999877214432,0.10159999877214432,800.0
2023-03-09 15:40:00,CME,177.5800018310547,177.5800018310547,177.6999969482422,177.5449981689453,177.6999969482422,6323.0
2023-03-09 15:40:00,CNGLW,0.02759999968111515,0.02759999968111515,0.02759999968111515,0.02759999968111515,0.02759999968111515,0.0
2023-03-09 15:40:00,CNOB,22.06999969482422,22.06999969482422,22.06999969482422,22.06999969482422,22.06999969482422,267.0
2023-03-09 15:40:00,COFS,27.950000762939453,27.950000762939453,28.0,27.950000762939453,27.950000762939453,728.0
2023-03-09 15:40:00,COLB,24.829999923706055,24.829999923706055,24.84000015258789,24.81999969482422,24.834999084472656,24278.0
2023-03-09 15:40:00,COOP,44.040000915527344,44.040000915527344,44.060001373291016,43.974998474121094,43.974998474121094,2151.0
2023-03-09 15:40:00,CSQ,13.699799537658691,13.699799537658691,13.729999542236328,13.699799537658691,13.729999542236328,4530.0
2023-03-09 15:40:00,CSWC,18.100000381469727,18.100000381469727,18.100000381469727,18.100000381469727,18.100000381469727,1095.0
2023-03-09 15:40:00,CTBI,40.5,40.5,40.5,40.5,40.5,357.0
2023-03-09 15:40:00,CVBF,21.610000610351562,21.610000610351562,21.635000228881836,21.610000610351562,21.635000228881836,6605.0
2023-03-09 15:40:00,CVLY,24.190000534057617,24.190000534057617,24.190000534057617,24.190000534057617,24.190000534057617,324.0
2023-03-09 15:40:00,CZNC,22.170000076293945,22.170000076293945,22.170000076293945,22.170000076293945,22.170000076293945,131.0
2023-03-09 15:40:00,DCOM,29.510000228881836,29.510000228881836,29.510000228881836,29.5,29.5,1104.0
2023-03-09 15:40:00,DWAC,14.074999809265137,14.074999809265137,14.079999923706055,14.074999809265137,14.079999923706055,252.0
2023-03-09 15:40:00,EBC,14.324999809265137,14.324999809265137,14.329999923706055,14.319999694824219,14.324999809265137,7590.0
2023-03-09 15:40:00,ECPG,50.13999938964844,50.13999938964844,50.13999938964844,50.13999938964844,50.13999938964844,739.0
2023-03-09 15:40:00,EFSC,51.349998474121094,51.349998474121094,51.3650016784668,51.349998474121094,51.349998474121094,505.0
2023-03-09 15:40:00,EGBN,40.22999954223633,40.22999954223633,40.290000915527344,40.22999954223633,40.244998931884766,2299.0
2023-03-09 15:40:00,EHTH,8.59000015258789,8.59000015258789,8.59000015258789,8.59000015258789,8.59000015258789,508.0
2023-03-09 15:40:00,EQBK,28.139999389648438,28.139999389648438,28.139999389648438,28.139999389648438,28.139999389648438,100.0
2023-03-09 15:40:00,EWBC,67.20500183105469,67.20500183105469,67.25,67.19000244140625,67.25,5401.0
2023-03-09 15:40:00,EZPW,8.760000228881836,8.760000228881836,8.774999618530273,8.760000228881836,8.774999618530273,1546.0
2023-03-09 15:40:00,FBMS,28.860000610351562,28.860000610351562,28.860000610351562,28.860000610351562,28.860000610351562,182.0
2023-03-09 15:40:00,FBNC,38.7400016784668,38.7400016784668,38.7400016784668,38.7400016784668,38.7400016784668,226.0
2023-03-09 15:40:00,FCFS,88.77999877929688,88.77999877929688,88.77999877929688,88.7300033569336,88.7300033569336,7304.0
2023-03-09 15:40:00,FCNCA,646.3800048828125,646.3800048828125,646.3800048828125,645.6699829101562,645.6699829101562,2964.0
2023-03-09 15:40:00,FCRD,4.579999923706055,4.579999923706055,4.579999923706055,4.579999923706055,4.579999923706055,400.0
2023-03-09 15:40:00,FDUS,19.934999465942383,19.934999465942383,19.934999465942383,19.934999465942383,19.934999465942383,156.0
2023-03-09 15:40:00,FFBC,22.280000686645508,22.280000686645508,22.290000915527344,22.280000686645508,22.290000915527344,572.0
2023-03-09 15:40:00,FFIC,17.25,17.25,17.25,17.229999542236328,17.229999542236328,683.0
2023-03-09 15:40:00,FFIN,33.59000015258789,33.59000015258789,33.599998474121094,33.568599700927734,33.56999969482422,2966.0
2023-03-09 15:40:00,FFWM,12.850000381469727,12.850000381469727,12.850000381469727,12.850000381469727,12.850000381469727,230.0
2023-03-09 15:40:00,FHB,24.020000457763672,24.020000457763672,24.030000686645508,24.020000457763672,24.024999618530273,958.0
2023-03-09 15:40:00,FIBK,32.119998931884766,32.119998931884766,32.119998931884766,32.11000061035156,32.119998931884766,2210.0
2023-03-09 15:40:00,FISI,23.18000030517578,23.18000030517578,23.18000030517578,23.18000030517578,23.18000030517578,116.0
2023-03-09 15:40:00,FITB,31.83799934387207,31.83799934387207,31.875,31.834999084472656,31.875,21514.0
2023-03-09 15:40:00,FITBP,24.079999923706055,24.079999923706055,24.079999923706055,24.079999923706055,24.079999923706055,100.0
2023-03-09 15:40:00,FLIC,16.145000457763672,16.145000457763672,16.145000457763672,16.145000457763672,16.145000457763672,100.0
2023-03-09 15:40:00,FMNB,13.204999923706055,13.204999923706055,13.204999923706055,13.204999923706055,13.204999923706055,468.0
2023-03-09 15:40:00,FNLC,28.059999465942383,28.059999465942383,28.059999465942383,28.059999465942383,28.059999465942383,236.0
2023-03-09 15:40:00,FOCS,51.55500030517578,51.55500030517578,51.560001373291016,51.54999923706055,51.54999923706055,6552.0
2023-03-09 15:40:00,FRME,37.39500045776367,37.39500045776367,37.39500045776367,37.39500045776367,37.39500045776367,312.0
2023-03-09 15:40:00,FSBW,33.20000076293945,33.20000076293945,33.20000076293945,33.20000076293945,33.20000076293945,428.0
2023-03-09 15:40:00,FSRX,10.109999656677246,10.109999656677246,10.109999656677246,10.109999656677246,10.109999656677246,117.0
2023-03-09 15:40:00,FULT,15.640000343322754,15.640000343322754,15.65999984741211,15.640000343322754,15.649999618530273,3968.0
2023-03-09 15:40:00,FUTU,46.27000045776367,46.27000045776367,46.310001373291016,46.26499938964844,46.290000915527344,5928.0
2023-03-09 15:40:00,FVCB,13.25,13.25,13.25,13.25,13.25,286.0
2023-03-09 15:40:00,GABC,35.842498779296875,35.842498779296875,35.842498779296875,35.842498779296875,35.842498779296875,193.0
2023-03-09 15:40:00,GAIN,13.40999984741211,13.40999984741211,13.410300254821777,13.40999984741211,13.40999984741211,1319.0
2023-03-09 15:40:00,GBDC,13.204999923706055,13.204999923706055,13.204999923706055,13.194999694824219,13.194999694824219,3817.0
2023-03-09 15:40:00,GCBC,54.349998474121094,54.349998474121094,54.349998474121094,54.349998474121094,54.349998474121094,179.0
2023-03-09 15:40:00,GGAL,12.619999885559082,12.619999885559082,12.619999885559082,12.619999885559082,12.619999885559082,184.0
2023-03-09 15:40:00,GLRE,10.255000114440918,10.255000114440918,10.255000114440918,10.255000114440918,10.255000114440918,156.0
2023-03-09 15:40:00,GSBC,54.040000915527344,54.040000915527344,54.040000915527344,54.040000915527344,54.040000915527344,206.0
2023-03-09 15:40:00,GSHD,50.77000045776367,50.77000045776367,50.849998474121094,50.709999084472656,50.849998474121094,3081.0
2023-03-09 15:40:00,HAFC,21.815000534057617,21.815000534057617,21.81999969482422,21.815000534057617,21.815000534057617,476.0
2023-03-09 15:40:00,HAIAW,0.09009999781847,0.09009999781847,0.10000000149011612,0.09009999781847,0.10000000149011612,367.0
2023-03-09 15:40:00,HBAN,13.84000015258789,13.84000015258789,13.85990047454834,13.84000015258789,13.854999542236328,53962.0
2023-03-09 15:40:00,HBANP,18.899999618530273,18.899999618530273,18.899999618530273,18.899999618530273,18.899999618530273,225.0
2023-03-09 15:40:00,HBNC,13.84000015258789,13.84000015258789,13.850000381469727,13.84000015258789,13.850000381469727,1231.0
2023-03-09 15:40:00,HBT,21.940000534057617,21.940000534057617,21.940000534057617,21.940000534057617,21.940000534057617,369.0
2023-03-09 15:40:00,HFWA,24.489999771118164,24.489999771118164,24.489999771118164,24.459999084472656,24.459999084472656,610.0
2023-03-09 15:40:00,HIFS,255.02000427246094,255.02000427246094,255.02000427246094,255.02000427246094,255.02000427246094,471.0
2023-03-09 15:40:00,HIVE,2.365000009536743,2.365000009536743,2.368499994277954,2.365000009536743,2.368499994277954,455.0
2023-03-09 15:40:00,HMPT,1.940000057220459,1.940000057220459,1.940000057220459,1.940000057220459,1.940000057220459,100.0
2023-03-09 15:40:00,HMST,22.299999237060547,22.299999237060547,22.299999237060547,22.280000686645508,22.299999237060547,741.0
2023-03-09 15:40:00,HONE,12.680000305175781,12.680000305175781,12.6850004196167,12.680000305175781,12.6850004196167,497.0
2023-03-09 15:40:00,HOPE,11.704999923706055,11.704999923706055,11.729999542236328,11.704999923706055,11.725000381469727,3531.0
2023-03-09 15:40:00,HRZN,11.630000114440918,11.630000114440918,11.630000114440918,11.630000114440918,11.630000114440918,621.0
2023-03-09 15:40:00,HTBK,10.830100059509277,10.830100059509277,10.830100059509277,10.830100059509277,10.830100059509277,343.0
2023-03-09 15:40:00,HTLF,45.5,45.5,45.5,45.5,45.5,592.0
2023-03-09 15:40:00,HUT,1.284999966621399,1.284999966621399,1.2899999618530273,1.2799999713897705,1.2800999879837036,8348.0
2023-03-09 15:40:00,HVBC,30.690000534057617,30.690000534057617,30.690000534057617,30.690000534057617,30.690000534057617,100.0
2023-03-09 15:40:00,HWC,43.61000061035156,43.61000061035156,43.650001525878906,43.61000061035156,43.630001068115234,3129.0
2023-03-09 15:40:00,IBKR,85.5199966430664,85.5199966430664,85.6500015258789,85.5199966430664,85.5999984741211,10579.0
2023-03-09 15:40:00,IBOC,44.90999984741211,44.90999984741211,44.970001220703125,44.90999984741211,44.959999084472656,2092.0
2023-03-09 15:40:00,IBTX,52.56999969482422,52.56999969482422,52.56999969482422,52.56999969482422,52.56999969482422,669.0
2023-03-09 15:40:00,IGIC,8.300000190734863,8.300000190734863,8.300000190734863,8.300000190734863,8.300000190734863,400.0
2023-03-09 15:40:00,INDB,71.62000274658203,71.62000274658203,71.6500015258789,71.62000274658203,71.6500015258789,541.0
2023-03-09 15:41:00,ABCB,42.470001220703125,42.470001220703125,42.47999954223633,42.470001220703125,42.47999954223633,391.0
2023-03-09 15:41:00,ACGL,68.38999938964844,68.38999938964844,68.41999816894531,68.37999725341797,68.41000366210938,21593.0
2023-03-09 15:41:00,ACQR,10.204999923706055,10.204999923706055,10.204999923706055,10.204999923706055,10.204999923706055,100.0
2023-03-09 15:41:00,AMAL,21.06999969482422,21.06999969482422,21.06999969482422,21.06999969482422,21.06999969482422,136.0
2023-03-09 15:41:00,AMTB,25.360000610351562,25.360000610351562,25.40999984741211,25.360000610351562,25.40999984741211,388.0
2023-03-09 15:41:00,APLD,2.057499885559082,2.057499885559082,2.059999942779541,2.055000066757202,2.055000066757202,14131.0
2023-03-09 15:41:00,ARCC,18.524999618530273,18.524999618530273,18.530000686645508,18.521499633789062,18.52989959716797,4153.0
2023-03-09 15:41:00,ATLCP,20.2450008392334,20.2450008392334,20.2450008392334,20.239999771118164,20.239999771118164,800.0
2023-03-09 15:41:00,AUB,36.36000061035156,36.36000061035156,36.38999938964844,36.36000061035156,36.38999938964844,3298.0
2023-03-09 15:41:00,BANR,56.96500015258789,56.96500015258789,56.97999954223633,56.96500015258789,56.97999954223633,1147.0
2023-03-09 15:41:00,BGCP,4.985000133514404,4.985000133514404,4.989999771118164,4.985000133514404,4.985000133514404,3690.0
2023-03-09 15:41:00,BHF,51.73500061035156,51.73500061035156,51.75,51.70000076293945,51.720001220703125,7785.0
2023-03-09 15:41:00,BHFAO,24.429500579833984,24.429500579833984,24.429500579833984,24.420000076293945,24.420000076293945,512.0
2023-03-09 15:41:00,BITF,0.7159000039100647,0.7159000039100647,0.7163000106811523,0.7159000039100647,0.7163000106811523,1259.0
2023-03-09 15:41:00,BNNRU,10.210000038146973,10.210000038146973,10.210000038146973,10.210000038146973,10.210000038146973,2000.0
2023-03-09 15:41:00,BOCNU,10.460000038146973,10.460000038146973,10.460000038146973,10.460000038146973,10.460000038146973,100.0
2023-03-09 15:41:00,BOKF,95.33000183105469,95.33000183105469,95.44000244140625,95.33000183105469,95.44000244140625,2136.0
2023-03-09 15:41:00,BPOP,62.09000015258789,62.09000015258789,62.19499969482422,62.09000015258789,62.19499969482422,5998.0
2023-03-09 15:41:00,BRKL,11.600000381469727,11.600000381469727,11.609999656677246,11.59000015258789,11.609999656677246,4018.0
2023-03-09 15:41:00,BTBT,1.0799000263214111,1.0799000263214111,1.0799000263214111,1.0786000490188599,1.0786000490188599,580.0
2023-03-09 15:41:00,CARE,16.219999313354492,16.219999313354492,16.219999313354492,16.209999084472656,16.209999084472656,1040.0
2023-03-09 15:41:00,CASH,47.16999816894531,47.16999816894531,47.17499923706055,47.11000061035156,47.1349983215332,2649.0
2023-03-09 15:41:00,CATY,38.834999084472656,38.834999084472656,38.84000015258789,38.834999084472656,38.84000015258789,1390.0
2023-03-09 15:41:00,CBSH,61.904998779296875,61.904998779296875,61.90999984741211,61.88999938964844,61.90999984741211,1864.0
2023-03-09 15:41:00,CCBG,32.88999938964844,32.88999938964844,32.88999938964844,32.88999938964844,32.88999938964844,184.0
2023-03-09 15:41:00,CCD,22.760000228881836,22.760000228881836,22.760000228881836,22.760000228881836,22.760000228881836,140.0
2023-03-09 15:41:00,CFFN,7.519999980926514,7.519999980926514,7.527500152587891,7.519999980926514,7.519999980926514,5046.0
2023-03-09 15:41:00,CG,33.224998474121094,33.224998474121094,33.25,33.224998474121094,33.2400016784668,10324.0
2023-03-09 15:41:00,CGBD,14.869999885559082,14.869999885559082,14.869999885559082,14.854999542236328,14.854999542236328,3578.0
2023-03-09 15:41:00,CHW,5.954999923706055,5.954999923706055,5.954999923706055,5.954999923706055,5.954999923706055,101.0
2023-03-09 15:41:00,CHY,12.09000015258789,12.09000015258789,12.09000015258789,12.09000015258789,12.09000015258789,110.0
2023-03-09 15:41:00,CIFR,1.4450000524520874,1.4450000524520874,1.4450000524520874,1.4450000524520874,1.4450000524520874,100.0
2023-03-09 15:41:00,CINF,115.20500183105469,115.20500183105469,115.20500183105469,115.1500015258789,115.19499969482422,2900.0
2023-03-09 15:41:00,CLBK,19.729999542236328,19.729999542236328,19.729999542236328,19.729999542236328,19.729999542236328,364.0
2023-03-09 15:41:00,CMCAW,0.10159999877214432,0.10159999877214432,0.10159999877214432,0.10159999877214432,0.10159999877214432,400.0
2023-03-09 15:41:00,CME,177.72500610351562,177.72500610351562,177.72999572753906,177.5749969482422,177.5749969482422,5228.0
2023-03-09 15:41:00,COLB,24.80500030517578,24.80500030517578,24.829299926757812,24.799999237060547,24.829299926757812,18581.0
2023-03-09 15:41:00,COOP,44.029998779296875,44.029998779296875,44.029998779296875,43.959999084472656,43.9900016784668,3940.0
2023-03-09 15:41:00,CSTR,15.119999885559082,15.119999885559082,15.119999885559082,15.119999885559082,15.119999885559082,352.0
2023-03-09 15:41:00,CSWC,18.09429931640625,18.09429931640625,18.100000381469727,18.09429931640625,18.100000381469727,560.0
2023-03-09 15:41:00,CVBF,21.594999313354492,21.594999313354492,21.600000381469727,21.59000015258789,21.600000381469727,3199.0
2023-03-09 15:41:00,CZNC,22.084400177001953,22.084400177001953,22.084400177001953,22.084400177001953,22.084400177001953,140.0
2023-03-09 15:41:00,DCOM,29.5,29.5,29.5,29.489999771118164,29.489999771118164,1175.0
2023-03-09 15:41:00,DWAC,14.069999694824219,14.069999694824219,14.074999809265137,14.069999694824219,14.070099830627441,1306.0
2023-03-09 15:41:00,EBC,14.3149995803833,14.3149995803833,14.324999809265137,14.3100004196167,14.324999809265137,6415.0
2023-03-09 15:41:00,EFSC,51.244998931884766,51.244998931884766,51.36000061035156,51.244998931884766,51.36000061035156,931.0
2023-03-09 15:41:00,EGBN,40.189998626708984,40.189998626708984,40.220001220703125,40.189998626708984,40.220001220703125,602.0
2023-03-09 15:41:00,EHTH,8.579999923706055,8.579999923706055,8.579999923706055,8.579999923706055,8.579999923706055,421.0
2023-03-09 15:41:00,EQBK,28.139999389648438,28.139999389648438,28.139999389648438,28.139999389648438,28.139999389648438,535.0
2023-03-09 15:41:00,EWBC,67.19999694824219,67.19999694824219,67.19999694824219,67.18000030517578,67.18000030517578,1638.0
2023-03-09 15:41:00,EZPW,8.755000114440918,8.755000114440918,8.760000228881836,8.755000114440918,8.760000228881836,1076.0
2023-03-09 15:41:00,FBMS,28.834999084472656,28.834999084472656,28.860000610351562,28.829999923706055,28.860000610351562,690.0
2023-03-09 15:41:00,FBNC,38.70000076293945,38.70000076293945,38.709999084472656,38.70000076293945,38.709999084472656,2166.0
2023-03-09 15:41:00,FCFS,88.66999816894531,88.66999816894531,88.7699966430664,88.66999816894531,88.7699966430664,4047.0
2023-03-09 15:41:00,FFBC,22.259899139404297,22.259899139404297,22.270000457763672,22.259899139404297,22.270000457763672,2560.0
2023-03-09 15:41:00,FFIC,17.209999084472656,17.209999084472656,17.229999542236328,17.209999084472656,17.229999542236328,1523.0
2023-03-09 15:41:00,FFIN,33.560001373291016,33.560001373291016,33.58000183105469,33.560001373291016,33.56999969482422,1296.0
2023-03-09 15:41:00,FFWM,12.829999923706055,12.829999923706055,12.836000442504883,12.829999923706055,12.836000442504883,1270.0
2023-03-09 15:41:00,FHB,23.989999771118164,23.989999771118164,24.010000228881836,23.989999771118164,24.010000228881836,1258.0
2023-03-09 15:41:00,FIBK,32.09000015258789,32.09000015258789,32.11989974975586,32.08000183105469,32.11989974975586,2564.0
2023-03-09 15:41:00,FITB,31.825000762939453,31.825000762939453,31.850000381469727,31.81999969482422,31.834999084472656,27285.0
2023-03-09 15:41:00,FITBP,24.079999923706055,24.079999923706055,24.170000076293945,24.079999923706055,24.170000076293945,625.0
2023-03-09 15:41:00,FMNB,13.199999809265137,13.199999809265137,13.199999809265137,13.1899995803833,13.199999809265137,1180.0
2023-03-09 15:41:00,FNCB,7.25,7.25,7.275000095367432,7.25,7.275000095367432,2429.0
2023-03-09 15:41:00,FOCS,51.54999923706055,51.54999923706055,51.560001373291016,51.54999923706055,51.55500030517578,5074.0
2023-03-09 15:41:00,FRBK,1.6799999475479126,1.6799999475479126,1.684999942779541,1.6799999475479126,1.684999942779541,2230.0
2023-03-09 15:41:00,FRHC,71.68499755859375,71.68499755859375,71.68499755859375,71.68499755859375,71.68499755859375,394.0
2023-03-09 15:41:00,FRME,37.41999816894531,37.41999816894531,37.41999816894531,37.380001068115234,37.38999938964844,674.0
2023-03-09 15:41:00,FULT,15.635000228881836,15.635000228881836,15.640000343322754,15.630000114440918,15.640000343322754,3222.0
2023-03-09 15:41:00,FUTU,46.310001373291016,46.310001373291016,46.36000061035156,46.29999923706055,46.29999923706055,5613.0
2023-03-09 15:41:00,FVCB,13.25,13.25,13.25,13.25,13.25,492.0
2023-03-09 15:41:00,GABC,35.81999969482422,35.81999969482422,35.81999969482422,35.81999969482422,35.81999969482422,239.0
2023-03-09 15:41:00,GAIN,13.40999984741211,13.40999984741211,13.40999984741211,13.40999984741211,13.40999984741211,650.0
2023-03-09 15:41:00,GBDC,13.207300186157227,13.207300186157227,13.208600044250488,13.204999923706055,13.204999923706055,921.0
2023-03-09 15:41:00,GCBC,54.88999938964844,54.88999938964844,54.88999938964844,54.88999938964844,54.88999938964844,462.0
2023-03-09 15:41:00,GEEXW,0.07999999821186066,0.07999999821186066,0.07999999821186066,0.07999999821186066,0.07999999821186066,1000.0
2023-03-09 15:41:00,GGAL,12.619999885559082,12.619999885559082,12.619999885559082,12.619999885559082,12.619999885559082,350.0
2023-03-09 15:41:00,GREE,0.4131999909877777,0.4131999909877777,0.4131999909877777,0.4050000011920929,0.4068000018596649,29012.0
2023-03-09 15:41:00,HAFC,21.799999237060547,21.799999237060547,21.799999237060547,21.799999237060547,21.799999237060547,1107.0
2023-03-09 15:41:00,HBAN,13.845000267028809,13.845000267028809,13.850000381469727,13.835000038146973,13.84000015258789,75917.0
2023-03-09 15:41:00,HBNC,13.84000015258789,13.84000015258789,13.84000015258789,13.84000015258789,13.84000015258789,307.0
2023-03-09 15:41:00,HIVE,2.359999895095825,2.359999895095825,2.369999885559082,2.359999895095825,2.365000009536743,640.0
2023-03-09 15:41:00,HLNE,73.91999816894531,73.91999816894531,73.91999816894531,73.91999816894531,73.91999816894531,488.0
2023-03-09 15:41:00,HMST,22.239999771118164,22.239999771118164,22.239999771118164,22.239999771118164,22.239999771118164,283.0
2023-03-09 15:41:00,HONE,12.680000305175781,12.680000305175781,12.680000305175781,12.675000190734863,12.675000190734863,1348.0
2023-03-09 15:41:00,HOPE,11.710000038146973,11.710000038146973,11.710000038146973,11.694999694824219,11.704999923706055,3256.0
2023-03-09 15:41:00,HRZN,11.634699821472168,11.634699821472168,11.640000343322754,11.634699821472168,11.635000228881836,424.0
2023-03-09 15:41:00,HTBK,10.829999923706055,10.829999923706055,10.829999923706055,10.829999923706055,10.829999923706055,1020.0
2023-03-09 15:41:00,HTLF,45.4900016784668,45.4900016784668,45.4900016784668,45.4900016784668,45.4900016784668,276.0
2023-03-09 15:41:00,HTLFP,25.200000762939453,25.200000762939453,25.200000762939453,25.200000762939453,25.200000762939453,136.0
2023-03-09 15:41:00,HUT,1.284999966621399,1.284999966621399,1.2899999618530273,1.2799999713897705,1.2799999713897705,10319.0
2023-03-09 15:41:00,HWC,43.56999969482422,43.56999969482422,43.599998474121094,43.560001373291016,43.599998474121094,1181.0
2023-03-09 15:41:00,IBCP,20.549999237060547,20.549999237060547,20.549999237060547,20.549999237060547,20.549999237060547,299.0
2023-03-09 15:41:00,IBKR,85.43000030517578,85.43000030517578,85.50499725341797,85.40599822998047,85.5,7791.0
2023-03-09 15:41:00,IBTX,52.540000915527344,52.540000915527344,52.540000915527344,52.529998779296875,52.529998779296875,1095.0
2023-03-09 15:41:00,IGTA,10.289999961853027,10.289999961853027,10.289999961853027,10.289999961853027,10.289999961853027,195.0
2023-03-09 15:41:00,INDB,71.59500122070312,71.59500122070312,71.59500122070312,71.59500122070312,71.59500122070312,764.0
2023-03-09 15:42:00,ABCB,42.40999984741211,42.40999984741211,42.459999084472656,42.40999984741211,42.439998626708984,1759.0
2023-03-09 15:42:00,ACGL,68.40499877929688,68.40499877929688,68.44999694824219,68.375,68.375,9325.0
2023-03-09 15:42:00,ACT,23.65999984741211,23.65999984741211,23.690000534057617,23.65999984741211,23.690000534057617,430.0
2023-03-09 15:42:00,ALRS,18.799999237060547,18.799999237060547,18.799999237060547,18.790000915527344,18.790000915527344,688.0
2023-03-09 15:42:00,AMAL,21.079999923706055,21.079999923706055,21.079999923706055,21.079999923706055,21.079999923706055,235.0
2023-03-09 15:42:00,AMRK,28.040000915527344,28.040000915527344,28.049999237060547,28.040000915527344,28.049999237060547,897.0
2023-03-09 15:42:00,APLD,2.057499885559082,2.057499885559082,2.059999942779541,2.049999952316284,2.055000066757202,2199.0
2023-03-09 15:42:00,ARCC,18.524999618530273,18.524999618530273,18.530000686645508,18.520000457763672,18.524999618530273,11606.0
2023-03-09 15:42:00,AROW,28.309999465942383,28.309999465942383,28.31999969482422,28.309999465942383,28.31999969482422,460.0
2023-03-09 15:42:00,ATLCP,20.209999084472656,20.209999084472656,20.209999084472656,20.209999084472656,20.209999084472656,100.0
2023-03-09 15:42:00,ATLO,23.31999969482422,23.31999969482422,23.43000030517578,23.31999969482422,23.43000030517578,620.0
2023-03-09 15:42:00,AUB,36.34000015258789,36.34000015258789,36.36000061035156,36.31999969482422,36.349998474121094,11848.0
2023-03-09 15:42:00,BANF,85.80500030517578,85.80500030517578,85.87000274658203,85.80500030517578,85.87000274658203,355.0
2023-03-09 15:42:00,BANR,56.939998626708984,56.939998626708984,57.0099983215332,56.939998626708984,57.0,1283.0
2023-03-09 15:42:00,BCBP,15.710000038146973,15.710000038146973,15.710000038146973,15.704999923706055,15.704999923706055,772.0
2023-03-09 15:42:00,BFST,18.559999465942383,18.559999465942383,18.57990074157715,18.559999465942383,18.57990074157715,1651.0
2023-03-09 15:42:00,BGCP,4.974999904632568,4.974999904632568,4.989999771118164,4.974999904632568,4.985000133514404,13315.0
2023-03-09 15:42:00,BHF,51.65999984741211,51.65999984741211,51.72999954223633,51.65999984741211,51.709999084472656,4368.0
2023-03-09 15:42:00,BHFAO,24.25,24.25,24.25,24.25,24.25,100.0
2023-03-09 15:42:00,BITF,0.7178999781608582,0.7178999781608582,0.7188000082969666,0.7158989906311035,0.7159000039100647,8325.0
2023-03-09 15:42:00,BKCC,3.589900016784668,3.589900016784668,3.589900016784668,3.5799999237060547,3.5799999237060547,2816.0
2023-03-09 15:42:00,BLFY,11.220000267028809,11.220000267028809,11.220000267028809,11.220000267028809,11.220000267028809,135.0
2023-03-09 15:42:00,BMRC,27.110000610351562,27.110000610351562,27.110000610351562,27.059999465942383,27.059999465942383,852.0
2023-03-09 15:42:00,BPOP,62.06999969482422,62.06999969482422,62.154998779296875,62.060001373291016,62.08000183105469,9382.0
2023-03-09 15:42:00,BRKL,11.59000015258789,11.59000015258789,11.600000381469727,11.59000015258789,11.600000381469727,3763.0
2023-03-09 15:42:00,BRP,25.190000534057617,25.190000534057617,25.200000762939453,25.149999618530273,25.149999618530273,1581.0
2023-03-09 15:42:00,BTBT,1.0700000524520874,1.0700000524520874,1.0703999996185303,1.0700000524520874,1.0703999996185303,7625.0
2023-03-09 15:42:00,BUSE,22.559999465942383,22.559999465942383,22.56999969482422,22.559999465942383,22.559999465942383,1007.0
2023-03-09 15:42:00,BWB,13.270000457763672,13.270000457763672,13.270000457763672,13.270000457763672,13.270000457763672,100.0
2023-03-09 15:42:00,CACC,431.3599853515625,431.3599853515625,431.4100036621094,431.3599853515625,431.4100036621094,731.0
2023-03-09 15:42:00,CASH,47.150001525878906,47.150001525878906,47.150001525878906,47.150001525878906,47.150001525878906,1281.0
2023-03-09 15:42:00,CATY,38.81999969482422,38.81999969482422,38.84000015258789,38.81999969482422,38.84000015258789,1504.0
2023-03-09 15:42:00,CBSH,61.869998931884766,61.869998931884766,61.91999816894531,61.86000061035156,61.880001068115234,3620.0
2023-03-09 15:42:00,CCBG,32.86000061035156,32.86000061035156,32.880001068115234,32.86000061035156,32.880001068115234,468.0
2023-03-09 15:42:00,CFB,12.300000190734863,12.300000190734863,12.300000190734863,12.300000190734863,12.300000190734863,423.0
2023-03-09 15:42:00,CFFN,7.519999980926514,7.519999980926514,7.519999980926514,7.514999866485596,7.514999866485596,1574.0
2023-03-09 15:42:00,CG,33.2599983215332,33.2599983215332,33.290000915527344,33.224998474121094,33.224998474121094,14760.0
2023-03-09 15:42:00,CGBD,14.864999771118164,14.864999771118164,14.869999885559082,14.864999771118164,14.869999885559082,400.0
2023-03-09 15:42:00,CHEAU,10.510000228881836,10.510000228881836,10.510000228881836,10.510000228881836,10.510000228881836,100.0
2023-03-09 15:42:00,CHI,11.819999694824219,11.819999694824219,11.819999694824219,11.8100004196167,11.8100004196167,1354.0
2023-03-09 15:42:00,CHY,12.09000015258789,12.09000015258789,12.09000015258789,12.09000015258789,12.09000015258789,200.0
2023-03-09 15:42:00,CIFR,1.4450000524520874,1.4450000524520874,1.4450000524520874,1.4450000524520874,1.4450000524520874,500.0
2023-03-09 15:42:00,CINF,115.20999908447266,115.20999908447266,115.30000305175781,115.20999908447266,115.22000122070312,3230.0
2023-03-09 15:42:00,CMCAW,0.10159999877214432,0.10159999877214432,0.10159999877214432,0.10159999877214432,0.10159999877214432,800.0
2023-03-09 15:42:00,CME,177.72999572753906,177.72999572753906,177.8800048828125,177.72500610351562,177.72500610351562,8355.0
2023-03-09 15:42:00,CNOB,22.049999237060547,22.049999237060547,22.079999923706055,22.040000915527344,22.049999237060547,557.0
2023-03-09 15:42:00,COLB,24.78499984741211,24.78499984741211,24.81999969482422,24.78499984741211,24.80500030517578,13461.0
2023-03-09 15:42:00,COOL,10.060099601745605,10.060099601745605,10.060099601745605,10.0600004196167,10.0600004196167,0.0
2023-03-09 15:42:00,COOP,44.02000045776367,44.02000045776367,44.06999969482422,44.02000045776367,44.029998779296875,3972.0
2023-03-09 15:42:00,CSQ,13.705699920654297,13.705699920654297,13.705699920654297,13.705699920654297,13.705699920654297,155.0
2023-03-09 15:42:00,CSWC,18.100000381469727,18.100000381469727,18.100099563598633,18.100000381469727,18.100000381469727,1605.0
2023-03-09 15:42:00,CVBF,21.53499984741211,21.53499984741211,21.600000381469727,21.53499984741211,21.59000015258789,21877.0
2023-03-09 15:42:00,DCOM,29.469999313354492,29.469999313354492,29.5,29.469999313354492,29.479999542236328,1208.0
2023-03-09 15:42:00,DHIL,171.16000366210938,171.16000366210938,171.16000366210938,171.16000366210938,171.16000366210938,125.0
2023-03-09 15:42:00,EBC,14.3149995803833,14.3149995803833,14.335000038146973,14.3100004196167,14.3100004196167,14592.0
2023-03-09 15:42:00,ECPG,50.099998474121094,50.099998474121094,50.150001525878906,50.099998474121094,50.150001525878906,1376.0
2023-03-09 15:42:00,EFSC,51.33000183105469,51.33000183105469,51.33000183105469,51.33000183105469,51.33000183105469,214.0
2023-03-09 15:42:00,EGBN,40.209999084472656,40.209999084472656,40.209999084472656,40.18000030517578,40.18000030517578,782.0
2023-03-09 15:42:00,ESGR,230.35000610351562,230.35000610351562,230.35000610351562,230.13499450683594,230.13499450683594,408.0
2023-03-09 15:42:00,ESSA,18.707500457763672,18.707500457763672,18.707500457763672,18.707500457763672,18.707500457763672,138.0
2023-03-09 15:42:00,EWBC,67.16000366210938,67.16000366210938,67.23999786376953,67.12999725341797,67.16000366210938,5668.0
2023-03-09 15:42:00,EZPW,8.755000114440918,8.755000114440918,8.765000343322754,8.75,8.760000228881836,2616.0
2023-03-09 15:42:00,FATPW,0.09319999814033508,0.09319999814033508,0.09319999814033508,0.09000000357627869,0.09000000357627869,200.0
2023-03-09 15:42:00,FBMS,28.829999923706055,28.829999923706055,28.84000015258789,28.81999969482422,28.829999923706055,1502.0
2023-03-09 15:42:00,FBNC,38.72999954223633,38.72999954223633,38.7400016784668,38.66999816894531,38.66999816894531,2533.0
2023-03-09 15:42:00,FCBC,28.56999969482422,28.56999969482422,28.56999969482422,28.56999969482422,28.56999969482422,216.0
2023-03-09 15:42:00,FCFS,88.52999877929688,88.52999877929688,88.55000305175781,88.52999877929688,88.55000305175781,712.0
2023-03-09 15:42:00,FCRD,4.579999923706055,4.579999923706055,4.579999923706055,4.579999923706055,4.579999923706055,400.0
2023-03-09 15:42:00,FDUS,19.920000076293945,19.920000076293945,19.925100326538086,19.920000076293945,19.925100326538086,1600.0
2023-03-09 15:42:00,FFBC,22.25,22.25,22.264999389648438,22.25,22.25,3527.0
2023-03-09 15:42:00,FFIN,33.54999923706055,33.54999923706055,33.58000183105469,33.540000915527344,33.560001373291016,1623.0
2023-03-09 15:42:00,FFWM,12.8149995803833,12.8149995803833,12.829999923706055,12.8100004196167,12.829999923706055,1862.0
2023-03-09 15:42:00,FHB,23.989999771118164,23.989999771118164,24.010000228881836,23.969999313354492,23.985000610351562,4060.0
2023-03-09 15:42:00,FIBK,32.09000015258789,32.09000015258789,32.11000061035156,32.08000183105469,32.09000015258789,2026.0
2023-03-09 15:42:00,FINW,9.39840030670166,9.39840030670166,9.39840030670166,9.39840030670166,9.39840030670166,100.0
2023-03-09 15:42:00,FISI,23.149999618530273,23.149999618530273,23.15999984741211,23.149999618530273,23.15999984741211,263.0
2023-03-09 15:42:00,FITB,31.795000076293945,31.795000076293945,31.850000381469727,31.795000076293945,31.81999969482422,31560.0
2023-03-09 15:42:00,FLIC,16.149999618530273,16.149999618530273,16.149999618530273,16.149999618530273,16.149999618530273,257.0
2023-03-09 15:42:00,FMBH,28.1200008392334,28.1200008392334,28.200000762939453,28.11009979248047,28.190000534057617,2900.0
2023-03-09 15:42:00,FMNB,13.19260025024414,13.19260025024414,13.19260025024414,13.19260025024414,13.19260025024414,201.0
2023-03-09 15:42:00,FOCS,51.54999923706055,51.54999923706055,51.560001373291016,51.54999923706055,51.55500030517578,5061.0
2023-03-09 15:42:00,FRME,37.369998931884766,37.369998931884766,37.41999816894531,37.349998474121094,37.380001068115234,2211.0
2023-03-09 15:42:00,FRON,10.194999694824219,10.194999694824219,10.194999694824219,10.194999694824219,10.194999694824219,2000.0
2023-03-09 15:42:00,FULT,15.630000114440918,15.630000114440918,15.649999618530273,15.625,15.630000114440918,8590.0
2023-03-09 15:42:00,FUND,8.430000305175781,8.430000305175781,8.430000305175781,8.430000305175781,8.430000305175781,700.0
2023-03-09 15:42:00,FUTU,46.20000076293945,46.20000076293945,46.279998779296875,46.15999984741211,46.27000045776367,4899.0
2023-03-09 15:42:00,GAIN,13.40999984741211,13.40999984741211,13.40999984741211,13.40999984741211,13.40999984741211,642.0
2023-03-09 15:42:00,GBDC,13.207900047302246,13.207900047302246,13.207900047302246,13.204999923706055,13.204999923706055,3002.0
2023-03-09 15:42:00,GCBC,53.63999938964844,53.63999938964844,54.36000061035156,53.599998474121094,54.36000061035156,1367.0
2023-03-09 15:42:00,GCMG,8.329999923706055,8.329999923706055,8.329999923706055,8.329999923706055,8.329999923706055,840.0
2023-03-09 15:42:00,GGAL,12.609999656677246,12.609999656677246,12.630000114440918,12.600000381469727,12.619999885559082,1885.0
2023-03-09 15:42:00,GLRE,10.229999542236328,10.229999542236328,10.229999542236328,10.229999542236328,10.229999542236328,200.0
2023-03-09 15:42:00,GNTY,29.18000030517578,29.18000030517578,29.18000030517578,29.100000381469727,29.100000381469727,391.0
2023-03-09 15:42:00,GSHD,50.72999954223633,50.72999954223633,50.779998779296875,50.72999954223633,50.779998779296875,607.0
2023-03-09 15:42:00,HAFC,21.760000228881836,21.760000228881836,21.760000228881836,21.760000228881836,21.760000228881836,392.0
2023-03-09 15:42:00,HBAN,13.835000038146973,13.835000038146973,13.857199668884277,13.830100059509277,13.84000015258789,89129.0
2023-03-09 15:42:00,HBNC,13.850000381469727,13.850000381469727,13.850000381469727,13.84000015258789,13.84000015258789,543.0
2023-03-09 15:42:00,HBT,21.940000534057617,21.940000534057617,21.940000534057617,21.940000534057617,21.940000534057617,125.0
2023-03-09 15:42:00,HFWA,24.469999313354492,24.469999313354492,24.479999542236328,24.469999313354492,24.479999542236328,1241.0
2023-03-09 15:42:00,HIVE,2.359999895095825,2.359999895095825,2.359999895095825,2.359999895095825,2.359999895095825,5630.0
2023-03-09 15:42:00,HLNE,73.77999877929688,73.77999877929688,73.83999633789062,73.77999877929688,73.79000091552734,1222.0
2023-03-09 15:42:00,HMST,22.270000457763672,22.270000457763672,22.270000457763672,22.270000457763672,22.270000457763672,225.0
2023-03-09 15:42:00,HONE,12.680000305175781,12.680000305175781,12.680000305175781,12.680000305175781,12.680000305175781,400.0
2023-03-09 15:42:00,HOPE,11.699999809265137,11.699999809265137,11.720000267028809,11.699999809265137,11.704999923706055,3378.0
2023-03-09 15:42:00,HPLTU,10.1899995803833,10.1899995803833,10.1899995803833,10.180000305175781,10.180000305175781,0.0
2023-03-09 15:42:00,HRZN,11.635000228881836,11.635000228881836,11.635000228881836,11.635000228881836,11.635000228881836,212.0
2023-03-09 15:42:00,HTBI,27.71500015258789,27.71500015258789,27.71500015258789,27.71500015258789,27.71500015258789,217.0
2023-03-09 15:42:00,HTBK,10.819999694824219,10.819999694824219,10.829999923706055,10.819999694824219,10.829999923706055,1681.0
2023-03-09 15:42:00,HUT,1.2877999544143677,1.2877999544143677,1.2898999452590942,1.2799999713897705,1.287500023841858,5811.0
2023-03-09 15:42:00,HWC,43.54499816894531,43.54499816894531,43.6077995300293,43.540000915527344,43.540000915527344,3952.0
2023-03-09 15:42:00,HYW,5.489999771118164,5.489999771118164,5.489999771118164,5.489999771118164,5.489999771118164,602.0
2023-03-09 15:42:00,IBKR,85.42500305175781,85.42500305175781,85.5,85.4000015258789,85.42500305175781,13722.0
2023-03-09 15:42:00,IBOC,44.869998931884766,44.869998931884766,44.869998931884766,44.86000061035156,44.86000061035156,1314.0
2023-03-09 15:42:00,IBTX,52.47999954223633,52.47999954223633,52.47999954223633,52.47999954223633,52.47999954223633,768.0
2023-03-09 15:42:00,IGTA,10.289999961853027,10.289999961853027,10.289999961853027,10.289999961853027,10.289999961853027,100.0
2023-03-09 15:42:00,INDB,71.48999786376953,71.48999786376953,71.62000274658203,71.48999786376953,71.55999755859375,2761.0
2023-03-09 15:43:00,ABCB,42.43000030517578,42.43000030517578,42.43000030517578,42.40999984741211,42.40999984741211,1298.0
2023-03-09 15:43:00,ACGL,68.41000366210938,68.41000366210938,68.43000030517578,68.38999938964844,68.38999938964844,6018.0
2023-03-09 15:43:00,AMRK,28.049999237060547,28.049999237060547,28.049999237060547,28.040000915527344,28.040000915527344,652.0
2023-03-09 15:43:00,APLD,2.057499885559082,2.057499885559082,2.059999942779541,2.055000066757202,2.055000066757202,4549.0
2023-03-09 15:43:00,ARCC,18.517099380493164,18.517099380493164,18.529699325561523,18.514999389648438,18.520200729370117,50124.0
2023-03-09 15:43:00,ASRV,3.949899911880493,3.949899911880493,3.949899911880493,3.949899911880493,3.949899911880493,202.0
2023-03-09 15:43:00,ATLCP,20.200000762939453,20.200000762939453,20.209999084472656,20.200000762939453,20.209999084472656,2534.0
2023-03-09 15:43:00,ATLO,23.301300048828125,23.301300048828125,23.301300048828125,23.301300048828125,23.301300048828125,783.0
2023-03-09 15:43:00,AUB,36.33000183105469,36.33000183105469,36.33000183105469,36.33000183105469,36.33000183105469,1179.0
2023-03-09 15:43:00,BANF,85.69000244140625,85.69000244140625,85.69000244140625,85.69000244140625,85.69000244140625,469.0
2023-03-09 15:43:00,BANR,56.939998626708984,56.939998626708984,56.959999084472656,56.900001525878906,56.900001525878906,1423.0
2023-03-09 15:43:00,BFC,76.93000030517578,76.93000030517578,76.93000030517578,76.93000030517578,76.93000030517578,420.0
2023-03-09 15:43:00,BFST,18.549999237060547,18.549999237060547,18.549999237060547,18.549999237060547,18.549999237060547,336.0
2023-03-09 15:43:00,BGCP,4.974999904632568,4.974999904632568,4.974999904632568,4.974999904632568,4.974999904632568,3076.0
2023-03-09 15:43:00,BHF,51.68000030517578,51.68000030517578,51.70000076293945,51.654998779296875,51.654998779296875,1756.0
2023-03-09 15:43:00,BHFAO,24.344999313354492,24.344999313354492,24.344999313354492,24.344999313354492,24.344999313354492,100.0
2023-03-09 15:43:00,BITF,0.7199000120162964,0.7199000120162964,0.7199000120162964,0.7159000039100647,0.7163000106811523,9960.0
2023-03-09 15:43:00,BKCC,3.5899999141693115,3.5899999141693115,3.5899999141693115,3.5799999237060547,3.5799999237060547,13128.0
2023-03-09 15:43:00,BMRC,27.139999389648438,27.139999389648438,27.139999389648438,27.139999389648438,27.139999389648438,257.0
2023-03-09 15:43:00,BOKF,95.36000061035156,95.36000061035156,95.36000061035156,95.36000061035156,95.36000061035156,481.0
2023-03-09 15:43:00,BPOP,62.130001068115234,62.130001068115234,62.13999938964844,62.060001373291016,62.060001373291016,3168.0
2023-03-09 15:43:00,BRKL,11.59000015258789,11.59000015258789,11.59000015258789,11.59000015258789,11.59000015258789,102.0
2023-03-09 15:43:00,BRP,25.18000030517578,25.18000030517578,25.270000457763672,25.18000030517578,25.200000762939453,3830.0
2023-03-09 15:43:00,BSRR,19.200000762939453,19.200000762939453,19.200000762939453,19.200000762939453,19.200000762939453,108.0
2023-03-09 15:43:00,BTBT,1.0800000429153442,1.0800000429153442,1.0800000429153442,1.0700000524520874,1.0700000524520874,2929.0
2023-03-09 15:43:00,BUSE,22.549999237060547,22.549999237060547,22.549999237060547,22.549999237060547,22.549999237060547,691.0
2023-03-09 15:43:00,BWB,13.257499694824219,13.257499694824219,13.257499694824219,13.257499694824219,13.257499694824219,444.0
2023-03-09 15:43:00,CARE,16.190000534057617,16.190000534057617,16.190000534057617,16.190000534057617,16.190000534057617,103.0
2023-03-09 15:43:00,CARV,4.404200077056885,4.404200077056885,4.404200077056885,4.400000095367432,4.400000095367432,854.0
2023-03-09 15:43:00,CASH,47.165000915527344,47.165000915527344,47.165000915527344,47.165000915527344,47.165000915527344,271.0
2023-03-09 15:43:00,CATY,38.79999923706055,38.79999923706055,38.814998626708984,38.79999923706055,38.814998626708984,1417.0
2023-03-09 15:43:00,CBNK,18.709999084472656,18.709999084472656,18.709999084472656,18.709999084472656,18.709999084472656,222.0
2023-03-09 15:43:00,CBSH,61.8291015625,61.8291015625,61.8291015625,61.8291015625,61.8291015625,293.0
2023-03-09 15:43:00,CG,33.28499984741211,33.28499984741211,33.290000915527344,33.25,33.2599983215332,10060.0
2023-03-09 15:43:00,CGBD,14.850000381469727,14.850000381469727,14.861000061035156,14.850000381469727,14.861000061035156,1138.0
2023-03-09 15:43:00,CHCO,91.5199966430664,91.5199966430664,91.5199966430664,91.5199966430664,91.5199966430664,189.0
2023-03-09 15:43:00,CHEAU,10.510000228881836,10.510000228881836,10.510000228881836,10.510000228881836,10.510000228881836,100.0
2023-03-09 15:43:00,CHI,11.8100004196167,11.8100004196167,11.8100004196167,11.8100004196167,11.8100004196167,100.0
2023-03-09 15:43:00,CHW,5.954999923706055,5.954999923706055,5.954999923706055,5.954999923706055,5.954999923706055,110.0
2023-03-09 15:43:00,CHY,12.100000381469727,12.100000381469727,12.100000381469727,12.09000015258789,12.09000015258789,1427.0
2023-03-09 15:43:00,CIFR,1.4450000524520874,1.4450000524520874,1.4450000524520874,1.4450000524520874,1.4450000524520874,614.0
2023-03-09 15:43:00,CINF,115.252197265625,115.252197265625,115.252197265625,115.2249984741211,115.2249984741211,625.0
2023-03-09 15:43:00,CIVB,20.729999542236328,20.729999542236328,20.729999542236328,20.729999542236328,20.729999542236328,376.0
2023-03-09 15:43:00,CLBK,19.724199295043945,19.724199295043945,19.724199295043945,19.724199295043945,19.724199295043945,732.0
2023-03-09 15:43:00,CMCAW,0.10159999877214432,0.10159999877214432,0.10159999877214432,0.10159999877214432,0.10159999877214432,400.0
2023-03-09 15:43:00,CME,177.83999633789062,177.83999633789062,177.8699951171875,177.74000549316406,177.75,5959.0
2023-03-09 15:43:00,CNOB,22.03569984436035,22.03569984436035,22.045000076293945,22.03569984436035,22.045000076293945,251.0
2023-03-09 15:43:00,COFS,28.0,28.0,28.0,28.0,28.0,103.0
2023-03-09 15:43:00,COLB,24.790000915527344,24.790000915527344,24.795000076293945,24.780000686645508,24.780000686645508,8167.0
2023-03-09 15:43:00,COOP,44.040000915527344,44.040000915527344,44.060001373291016,44.01499938964844,44.01499938964844,2117.0
2023-03-09 15:43:00,CSQ,13.704999923706055,13.704999923706055,13.704999923706055,13.704999923706055,13.704999923706055,980.0
2023-03-09 15:43:00,CSWC,18.104999542236328,18.104999542236328,18.114999771118164,18.104999542236328,18.110000610351562,2736.0
2023-03-09 15:43:00,CVBF,21.510000228881836,21.510000228881836,21.530000686645508,21.5,21.530000686645508,11842.0
2023-03-09 15:43:00,DCOM,29.489999771118164,29.489999771118164,29.489999771118164,29.489999771118164,29.489999771118164,506.0
2023-03-09 15:43:00,DGICA,15.010000228881836,15.010000228881836,15.010000228881836,14.998000144958496,14.998000144958496,203.0
2023-03-09 15:43:00,DNAD,10.1899995803833,10.1899995803833,10.1899995803833,10.1899995803833,10.1899995803833,100.0
2023-03-09 15:43:00,DWAC,14.051799774169922,14.051799774169922,14.051799774169922,14.051799774169922,14.051799774169922,202.0
2023-03-09 15:43:00,EBC,14.3100004196167,14.3100004196167,14.3149995803833,14.3100004196167,14.3100004196167,650.0
2023-03-09 15:43:00,ECPG,50.09000015258789,50.09000015258789,50.09000015258789,50.09000015258789,50.09000015258789,444.0
2023-03-09 15:43:00,EFSC,51.26499938964844,51.26499938964844,51.26499938964844,51.26499938964844,51.26499938964844,465.0
2023-03-09 15:43:00,EGBN,40.16999816894531,40.16999816894531,40.16999816894531,40.16999816894531,40.16999816894531,592.0
2023-03-09 15:43:00,EHTH,8.579999923706055,8.579999923706055,8.579999923706055,8.5600004196167,8.579999923706055,3927.0
2023-03-09 15:43:00,ENTFW,0.05000000074505806,0.05000000074505806,0.05000000074505806,0.05000000074505806,0.05000000074505806,800.0
2023-03-09 15:43:00,ESQ,40.77000045776367,40.77000045776367,40.77000045776367,40.77000045776367,40.77000045776367,127.0
2023-03-09 15:43:00,ESSA,18.780000686645508,18.780000686645508,18.780000686645508,18.780000686645508,18.780000686645508,102.0
2023-03-09 15:43:00,EZPW,8.75,8.75,8.75,8.75,8.75,200.0
2023-03-09 15:43:00,FATPW,0.09350000321865082,0.09350000321865082,0.09350000321865082,0.09350000321865082,0.09350000321865082,1800.0
2023-03-09 15:43:00,FBMS,28.81999969482422,28.81999969482422,28.81999969482422,28.81999969482422,28.81999969482422,111.0
2023-03-09 15:43:00,FBNC,38.72999954223633,38.72999954223633,38.7599983215332,38.72999954223633,38.7599983215332,318.0
2023-03-09 15:43:00,FCFS,88.38500213623047,88.38500213623047,88.38500213623047,88.38500213623047,88.38500213623047,954.0
2023-03-09 15:43:00,FCNCA,646.4299926757812,646.4299926757812,646.6500244140625,645.5125122070312,645.5125122070312,1393.0
2023-03-09 15:43:00,FCRD,4.579999923706055,4.579999923706055,4.590000152587891,4.579999923706055,4.590000152587891,215.0
2023-03-09 15:43:00,FDUS,19.920000076293945,19.920000076293945,19.940000534057617,19.920000076293945,19.940000534057617,1615.0
2023-03-09 15:43:00,FFBC,22.2450008392334,22.2450008392334,22.25,22.2450008392334,22.25,318.0
2023-03-09 15:43:00,FFIN,33.529998779296875,33.529998779296875,33.540000915527344,33.529998779296875,33.540000915527344,702.0
2023-03-09 15:43:00,FFWM,12.819999694824219,12.819999694824219,12.824999809265137,12.819999694824219,12.819999694824219,1980.0
2023-03-09 15:43:00,FHB,23.969999313354492,23.969999313354492,23.969999313354492,23.969999313354492,23.969999313354492,2144.0
2023-03-09 15:43:00,FIBK,32.08000183105469,32.08000183105469,32.08000183105469,32.06999969482422,32.08000183105469,1528.0
2023-03-09 15:43:00,FICV,10.1899995803833,10.1899995803833,10.194999694824219,10.1899995803833,10.194999694824219,1829.0
2023-03-09 15:43:00,FISI,23.149999618530273,23.149999618530273,23.149999618530273,23.149999618530273,23.149999618530273,281.0
2023-03-09 15:43:00,FITB,31.80500030517578,31.80500030517578,31.819000244140625,31.795000076293945,31.795000076293945,22608.0
2023-03-09 15:43:00,FITBP,24.079999923706055,24.079999923706055,24.079999923706055,24.079999923706055,24.079999923706055,100.0
2023-03-09 15:43:00,FLIC,16.1200008392334,16.1200008392334,16.1299991607666,16.1200008392334,16.1299991607666,1370.0
2023-03-09 15:43:00,FMBH,28.170000076293945,28.170000076293945,28.170000076293945,28.09000015258789,28.145000457763672,304.0
2023-03-09 15:43:00,FNLC,28.024999618530273,28.024999618530273,28.024999618530273,28.024999618530273,28.024999618530273,101.0
2023-03-09 15:43:00,FOCS,51.55500030517578,51.55500030517578,51.55500030517578,51.54999923706055,51.55500030517578,3901.0
2023-03-09 15:43:00,FRBK,1.6749999523162842,1.6749999523162842,1.6749999523162842,1.6749999523162842,1.6749999523162842,305.0
2023-03-09 15:43:00,FRHC,71.80000305175781,71.80000305175781,71.80000305175781,71.80000305175781,71.80000305175781,473.0
2023-03-09 15:43:00,FRME,37.349998474121094,37.349998474121094,37.349998474121094,37.349998474121094,37.349998474121094,567.0
2023-03-09 15:43:00,FRON,10.1899995803833,10.1899995803833,10.1899995803833,10.1899995803833,10.1899995803833,311.0
2023-03-09 15:43:00,FULT,15.619999885559082,15.619999885559082,15.630000114440918,15.619999885559082,15.625,1166.0
2023-03-09 15:43:00,FUTU,46.2400016784668,46.2400016784668,46.2400016784668,46.16999816894531,46.16999816894531,4516.0
2023-03-09 15:43:00,FVCB,13.25,13.25,13.25,13.25,13.25,331.0
2023-03-09 15:43:00,GAIN,13.40999984741211,13.40999984741211,13.40999984741211,13.408499717712402,13.40999984741211,516.0
2023-03-09 15:43:00,GBDC,13.204999923706055,13.204999923706055,13.208900451660156,13.199999809265137,13.199999809265137,1519.0
2023-03-09 15:43:00,GCBC,53.189998626708984,53.189998626708984,53.625,53.150001525878906,53.625,1244.0
2023-03-09 15:43:00,GGAL,12.619999885559082,12.619999885559082,12.619999885559082,12.609999656677246,12.609999656677246,594.0
2023-03-09 15:43:00,GLAD,9.75,9.75,9.75,9.7475004196167,9.75,1970.0
2023-03-09 15:43:00,GLRE,10.29699993133545,10.29699993133545,10.300000190734863,10.239999771118164,10.239999771118164,7465.0
2023-03-09 15:43:00,GOCO,18.540000915527344,18.540000915527344,18.540000915527344,18.540000915527344,18.540000915527344,489.0
2023-03-09 15:43:00,GROW,2.636399984359741,2.636399984359741,2.636399984359741,2.636399984359741,2.636399984359741,100.0
2023-03-09 15:43:00,GSHD,50.7599983215332,50.7599983215332,50.77000045776367,50.70500183105469,50.75,1880.0
2023-03-09 15:43:00,HALL,11.050000190734863,11.050000190734863,11.050000190734863,11.050000190734863,11.050000190734863,1913.0
2023-03-09 15:43:00,HBAN,13.835000038146973,13.835000038146973,13.84000015258789,13.829999923706055,13.835000038146973,22180.0
2023-03-09 15:43:00,HBNC,13.8100004196167,13.8100004196167,13.829999923706055,13.8100004196167,13.829999923706055,959.0
2023-03-09 15:43:00,HBT,21.8799991607666,21.8799991607666,21.90999984741211,21.8799991607666,21.90999984741211,720.0
2023-03-09 15:43:00,HFWA,24.450000762939453,24.450000762939453,24.450000762939453,24.450000762939453,24.450000762939453,745.0
2023-03-09 15:43:00,HIFS,256.0199890136719,256.0199890136719,256.0199890136719,255.0,255.0,567.0
2023-03-09 15:43:00,HIVE,2.359999895095825,2.359999895095825,2.359999895095825,2.359999895095825,2.359999895095825,1318.0
2023-03-09 15:43:00,HLNE,73.74500274658203,73.74500274658203,73.80000305175781,73.70999908447266,73.76000213623047,1640.0
2023-03-09 15:43:00,HMST,22.260000228881836,22.260000228881836,22.260000228881836,22.190000534057617,22.239999771118164,1198.0
2023-03-09 15:43:00,HNNA,8.140000343322754,8.140000343322754,8.140000343322754,8.140000343322754,8.140000343322754,100.0
2023-03-09 15:43:00,HONE,12.680000305175781,12.680000305175781,12.680000305175781,12.680000305175781,12.680000305175781,504.0
2023-03-09 15:43:00,HOPE,11.699999809265137,11.699999809265137,11.704999923706055,11.699999809265137,11.699999809265137,1462.0
2023-03-09 15:43:00,HRZN,11.640000343322754,11.640000343322754,11.640000343322754,11.630000114440918,11.630000114440918,666.0
2023-03-09 15:43:00,HTBI,27.670000076293945,27.670000076293945,27.71500015258789,27.65999984741211,27.690000534057617,1677.0
2023-03-09 15:43:00,HTBK,10.8149995803833,10.8149995803833,10.819999694824219,10.810099601745605,10.810099601745605,2245.0
2023-03-09 15:43:00,HTLF,45.40999984741211,45.40999984741211,45.439998626708984,45.40999984741211,45.439998626708984,773.0
2023-03-09 15:43:00,HTLFP,25.149999618530273,25.149999618530273,25.149999618530273,25.149999618530273,25.149999618530273,164.0
2023-03-09 15:43:00,HUT,1.2799999713897705,1.2799999713897705,1.2899999618530273,1.274999976158142,1.2879999876022339,99807.0
2023-03-09 15:43:00,HWC,43.56999969482422,43.56999969482422,43.56999969482422,43.5099983215332,43.540000915527344,1470.0
2023-03-09 15:43:00,HYW,5.579999923706055,5.579999923706055,5.579999923706055,5.579999923706055,5.579999923706055,400.0
2023-03-09 15:43:00,IBKR,85.43000030517578,85.43000030517578,85.45999908447266,85.4020004272461,85.42500305175781,5358.0
2023-03-09 15:43:00,IBOC,44.86000061035156,44.86000061035156,44.86000061035156,44.86000061035156,44.86000061035156,927.0
2023-03-09 15:43:00,INDB,71.48999786376953,71.48999786376953,71.48999786376953,71.48999786376953,71.48999786376953,426.0
2023-03-09 15:44:00,ABCB,42.459999084472656,42.459999084472656,42.459999084472656,42.38199996948242,42.400001525878906,1756.0
2023-03-09 15:44:00,ACGL,68.48999786376953,68.48999786376953,68.48999786376953,68.40499877929688,68.40499877929688,14549.0
2023-03-09 15:44:00,ACQR,10.208600044250488,10.208600044250488,10.208600044250488,10.208600044250488,10.208600044250488,200.0
2023-03-09 15:44:00,ALRS,18.799999237060547,18.799999237060547,18.799999237060547,18.799999237060547,18.799999237060547,252.0
2023-03-09 15:44:00,AMRK,28.059999465942383,28.059999465942383,28.059999465942383,28.040000915527344,28.040000915527344,676.0
2023-03-09 15:44:00,APLD,2.0799999237060547,2.0799999237060547,2.0799999237060547,2.055000066757202,2.059999942779541,6904.0
2023-03-09 15:44:00,ARBK,1.3996000289916992,1.3996000289916992,1.3996000289916992,1.3996000289916992,1.3996000289916992,173.0
2023-03-09 15:44:00,ARCC,18.514999389648438,18.514999389648438,18.524999618530273,18.510000228881836,18.517499923706055,18969.0
2023-03-09 15:44:00,AROW,28.280000686645508,28.280000686645508,28.280000686645508,28.280000686645508,28.280000686645508,197.0
2023-03-09 15:44:00,ATLO,23.364999771118164,23.364999771118164,23.364999771118164,23.364999771118164,23.364999771118164,100.0
2023-03-09 15:44:00,AUB,36.32500076293945,36.32500076293945,36.33000183105469,36.31999969482422,36.33000183105469,2916.0
2023-03-09 15:44:00,BANR,57.0,57.0,57.0,57.0,57.0,845.0
2023-03-09 15:44:00,BFST,18.549999237060547,18.549999237060547,18.549999237060547,18.549999237060547,18.549999237060547,100.0
2023-03-09 15:44:00,BGCP,4.96999979019165,4.96999979019165,4.974999904632568,4.96999979019165,4.974999904632568,2638.0
2023-03-09 15:44:00,BHF,51.68000030517578,51.68000030517578,51.68000030517578,51.630001068115234,51.65999984741211,3325.0
2023-03-09 15:44:00,BHFAP,23.829999923706055,23.829999923706055,23.829999923706055,23.829999923706055,23.829999923706055,1100.0
2023-03-09 15:44:00,BITF,0.7157999873161316,0.7157999873161316,0.7199000120162964,0.7156999707221985,0.7199000120162964,14299.0
2023-03-09 15:44:00,BKCC,3.5899999141693115,3.5899999141693115,3.5899999141693115,3.5899999141693115,3.5899999141693115,2612.0
2023-03-09 15:44:00,BMRC,27.139999389648438,27.139999389648438,27.139999389648438,27.139999389648438,27.139999389648438,261.0
2023-03-09 15:44:00,BPOP,62.1349983215332,62.1349983215332,62.16999816894531,62.11000061035156,62.130001068115234,4108.0
2023-03-09 15:44:00,BRKL,11.59000015258789,11.59000015258789,11.59000015258789,11.59000015258789,11.59000015258789,501.0
2023-03-09 15:44:00,BRP,25.197200775146484,25.197200775146484,25.197200775146484,25.190000534057617,25.190000534057617,414.0
2023-03-09 15:44:00,BTBT,1.0781999826431274,1.0781999826431274,1.0781999826431274,1.0700000524520874,1.0700000524520874,820.0
2023-03-09 15:44:00,CASH,47.189998626708984,47.189998626708984,47.189998626708984,47.13999938964844,47.13999938964844,1336.0
2023-03-09 15:44:00,CATY,38.79999923706055,38.79999923706055,38.79999923706055,38.79999923706055,38.79999923706055,730.0
2023-03-09 15:44:00,CBSH,61.904998779296875,61.904998779296875,61.904998779296875,61.84000015258789,61.849998474121094,2561.0
2023-03-09 15:44:00,CCAP,14.800000190734863,14.800000190734863,14.800000190734863,14.800000190734863,14.800000190734863,730.0
2023-03-09 15:44:00,CCB,42.185001373291016,42.185001373291016,42.185001373291016,42.185001373291016,42.185001373291016,100.0
2023-03-09 15:44:00,CFFN,7.514999866485596,7.514999866485596,7.519999980926514,7.514999866485596,7.519999980926514,742.0
2023-03-09 15:44:00,CG,33.290000915527344,33.290000915527344,33.31999969482422,33.275001525878906,33.28499984741211,16915.0
2023-03-09 15:44:00,CGBD,14.850000381469727,14.850000381469727,14.859999656677246,14.850000381469727,14.850000381469727,4570.0
2023-03-09 15:44:00,CGO,9.739899635314941,9.739899635314941,9.739899635314941,9.739899635314941,9.739899635314941,2550.0
2023-03-09 15:44:00,CHCO,91.54000091552734,91.54000091552734,91.54000091552734,91.54000091552734,91.54000091552734,101.0
2023-03-09 15:44:00,CHY,12.09000015258789,12.09000015258789,12.09000015258789,12.09000015258789,12.09000015258789,200.0
2023-03-09 15:44:00,CIFR,1.440000057220459,1.440000057220459,1.4494999647140503,1.440000057220459,1.4494999647140503,1863.0
2023-03-09 15:44:00,CINF,115.26000213623047,115.26000213623047,115.26000213623047,115.19999694824219,115.20999908447266,1596.0
2023-03-09 15:44:00,CIVB,20.729999542236328,20.729999542236328,20.729999542236328,20.729999542236328,20.729999542236328,102.0
2023-03-09 15:44:00,CLAY,10.5,10.5,10.5,10.5,10.5,699.0
2023-03-09 15:44:00,CLBK,19.68000030517578,19.68000030517578,19.68000030517578,19.68000030517578,19.68000030517578,103.0
2023-03-09 15:44:00,CMCAW,0.10159999877214432,0.10159999877214432,0.10159999877214432,0.10159999877214432,0.10159999877214432,800.0
2023-03-09 15:44:00,CME,177.85000610351562,177.85000610351562,177.91000366210938,177.82000732421875,177.875,4475.0
2023-03-09 15:44:00,CNOB,22.020000457763672,22.020000457763672,22.030000686645508,22.020000457763672,22.030000686645508,349.0
2023-03-09 15:44:00,COLB,24.80500030517578,24.80500030517578,24.809999465942383,24.774999618530273,24.780000686645508,13082.0
2023-03-09 15:44:00,COOP,44.029998779296875,44.029998779296875,44.029998779296875,44.0,44.02000045776367,7024.0
2023-03-09 15:44:00,CSQ,13.708000183105469,13.708000183105469,13.708000183105469,13.708000183105469,13.708000183105469,200.0
2023-03-09 15:44:00,CSWC,18.110000610351562,18.110000610351562,18.110000610351562,18.100000381469727,18.109899520874023,3334.0
2023-03-09 15:44:00,CTBI,40.39500045776367,40.39500045776367,40.39500045776367,40.39500045776367,40.39500045776367,136.0
2023-03-09 15:44:00,CVBF,21.520000457763672,21.520000457763672,21.530000686645508,21.510000228881836,21.510000228881836,9626.0
2023-03-09 15:44:00,DWAC,14.050000190734863,14.050000190734863,14.050000190734863,14.050000190734863,14.050000190734863,140.0
2023-03-09 15:44:00,EBC,14.324999809265137,14.324999809265137,14.329999923706055,14.3100004196167,14.3100004196167,6100.0
2023-03-09 15:44:00,ECPG,50.08000183105469,50.08000183105469,50.099998474121094,50.064998626708984,50.06999969482422,1369.0
2023-03-09 15:44:00,EFSC,51.31999969482422,51.31999969482422,51.31999969482422,51.31999969482422,51.31999969482422,161.0
2023-03-09 15:44:00,EGBN,40.16999816894531,40.16999816894531,40.18000030517578,40.16999816894531,40.18000030517578,611.0
2023-03-09 15:44:00,EHTH,8.59000015258789,8.59000015258789,8.59000015258789,8.59000015258789,8.59000015258789,228.0
2023-03-09 15:44:00,EWBC,67.19000244140625,67.19000244140625,67.22000122070312,67.16000366210938,67.18000030517578,4752.0
2023-03-09 15:44:00,EZPW,8.755000114440918,8.755000114440918,8.756600379943848,8.755000114440918,8.755000114440918,949.0
2023-03-09 15:44:00,FBMS,28.809999465942383,28.809999465942383,28.81999969482422,28.809999465942383,28.81999969482422,378.0
2023-03-09 15:44:00,FBNC,38.72999954223633,38.72999954223633,38.7599983215332,38.724998474121094,38.724998474121094,781.0
2023-03-09 15:44:00,FCFS,88.30000305175781,88.30000305175781,88.4000015258789,88.30000305175781,88.33000183105469,1701.0
2023-03-09 15:44:00,FCNCA,645.9299926757812,645.9299926757812,645.9299926757812,645.9299926757812,645.9299926757812,170.0
2023-03-09 15:44:00,FCRD,4.579999923706055,4.579999923706055,4.579999923706055,4.579999923706055,4.579999923706055,200.0
2023-03-09 15:44:00,FFBC,22.260000228881836,22.260000228881836,22.260000228881836,22.239999771118164,22.239999771118164,1505.0
2023-03-09 15:44:00,FFIN,33.540000915527344,33.540000915527344,33.540000915527344,33.51499938964844,33.51499938964844,1310.0
2023-03-09 15:44:00,FFWM,12.84000015258789,12.84000015258789,12.850000381469727,12.8149995803833,12.817500114440918,1332.0
2023-03-09 15:44:00,FHB,23.989999771118164,23.989999771118164,23.989999771118164,23.959999084472656,23.959999084472656,2460.0
2023-03-09 15:44:00,FIBK,32.06999969482422,32.06999969482422,32.06999969482422,32.060001373291016,32.06999969482422,2145.0
2023-03-09 15:44:00,FITB,31.834999084472656,31.834999084472656,31.84000015258789,31.790000915527344,31.80500030517578,25631.0
2023-03-09 15:44:00,FITBI,25.06999969482422,25.06999969482422,25.06999969482422,25.06999969482422,25.06999969482422,200.0
2023-03-09 15:44:00,FITBP,24.09000015258789,24.09000015258789,24.09000015258789,24.09000015258789,24.09000015258789,100.0
2023-03-09 15:44:00,FLIC,16.125,16.125,16.1299991607666,16.125,16.125,301.0
2023-03-09 15:44:00,FMAO,23.401899337768555,23.401899337768555,23.401899337768555,23.401899337768555,23.401899337768555,175.0
2023-03-09 15:44:00,FOCS,51.55500030517578,51.55500030517578,51.560001373291016,51.54999923706055,51.54999923706055,10015.0
2023-03-09 15:44:00,FRBK,1.6749999523162842,1.6749999523162842,1.6780999898910522,1.6699999570846558,1.6699999570846558,1528.0
2023-03-09 15:44:00,FRME,37.33000183105469,37.33000183105469,37.33000183105469,37.33000183105469,37.33000183105469,130.0
2023-03-09 15:44:00,FSBW,33.20000076293945,33.20000076293945,33.28499984741211,33.20000076293945,33.28499984741211,201.0
2023-03-09 15:44:00,FULT,15.635000228881836,15.635000228881836,15.635000228881836,15.619999885559082,15.619999885559082,4619.0
2023-03-09 15:44:00,FUTU,46.20500183105469,46.20500183105469,46.26499938964844,46.189998626708984,46.23500061035156,2256.0
2023-03-09 15:44:00,FVCB,13.25,13.25,13.25,13.25,13.25,333.0
2023-03-09 15:44:00,GAIN,13.40999984741211,13.40999984741211,13.40999984741211,13.40999984741211,13.40999984741211,328.0
2023-03-09 15:44:00,GBDC,13.204999923706055,13.204999923706055,13.210000038146973,13.199999809265137,13.199999809265137,2177.0
2023-03-09 15:44:00,GCBC,53.310001373291016,53.310001373291016,53.650001525878906,53.29999923706055,53.5,500.0
2023-03-09 15:44:00,GECC,9.40999984741211,9.40999984741211,9.40999984741211,9.40999984741211,9.40999984741211,200.0
2023-03-09 15:44:00,GGAL,12.630000114440918,12.630000114440918,12.630000114440918,12.619999885559082,12.619999885559082,1741.0
2023-03-09 15:44:00,GLAD,9.739999771118164,9.739999771118164,9.744999885559082,9.739999771118164,9.744999885559082,1316.0
2023-03-09 15:44:00,GLRE,10.289999961853027,10.289999961853027,10.289999961853027,10.289999961853027,10.289999961853027,233.0
2023-03-09 15:44:00,GOCO,18.719999313354492,18.719999313354492,18.719999313354492,18.719999313354492,18.719999313354492,100.0
2023-03-09 15:44:00,GSBC,54.07500076293945,54.07500076293945,54.07500076293945,54.07500076293945,54.07500076293945,112.0
2023-03-09 15:44:00,GSHD,50.7400016784668,50.7400016784668,50.755001068115234,50.7400016784668,50.755001068115234,493.0
2023-03-09 15:44:00,HAFC,21.760000228881836,21.760000228881836,21.760000228881836,21.729999542236328,21.75,1277.0
2023-03-09 15:44:00,HALL,11.050000190734863,11.050000190734863,11.050000190734863,11.050000190734863,11.050000190734863,929.0
2023-03-09 15:44:00,HBAN,13.835000038146973,13.835000038146973,13.84000015258789,13.824999809265137,13.835000038146973,125804.0
2023-03-09 15:44:00,HBCP,36.25,36.25,36.25,36.25,36.25,100.0
2023-03-09 15:44:00,HBNC,13.8149995803833,13.8149995803833,13.819999694824219,13.8149995803833,13.819999694824219,337.0
2023-03-09 15:44:00,HBT,21.850000381469727,21.850000381469727,21.850000381469727,21.844999313354492,21.844999313354492,200.0
2023-03-09 15:44:00,HIVE,2.359999895095825,2.359999895095825,2.359999895095825,2.3550000190734863,2.3550000190734863,6402.0
2023-03-09 15:44:00,HLNE,73.70999908447266,73.70999908447266,73.73500061035156,73.68000030517578,73.73500061035156,787.0
2023-03-09 15:44:00,HMNF,21.649999618530273,21.649999618530273,21.649999618530273,21.649999618530273,21.649999618530273,0.0
2023-03-09 15:44:00,HMST,22.309999465942383,22.309999465942383,22.309999465942383,22.239999771118164,22.239999771118164,1234.0
2023-03-09 15:44:00,HONE,12.680000305175781,12.680000305175781,12.680000305175781,12.680000305175781,12.680000305175781,214.0
2023-03-09 15:44:00,HOPE,11.699999809265137,11.699999809265137,11.704999923706055,11.6899995803833,11.704999923706055,4535.0
2023-03-09 15:44:00,HRZN,11.635000228881836,11.635000228881836,11.635000228881836,11.630000114440918,11.635000228881836,915.0
2023-03-09 15:44:00,HTBI,27.670000076293945,27.670000076293945,27.670000076293945,27.65999984741211,27.65999984741211,999.0
2023-03-09 15:44:00,HTLFP,25.149999618530273,25.149999618530273,25.149999618530273,25.149999618530273,25.149999618530273,1030.0
2023-03-09 15:44:00,HUT,1.285099983215332,1.285099983215332,1.2899999618530273,1.2700999975204468,1.2700999975204468,49833.0
2023-03-09 15:44:00,HWC,43.599998474121094,43.599998474121094,43.599998474121094,43.57500076293945,43.58000183105469,1193.0
2023-03-09 15:44:00,IBCP,20.549999237060547,20.549999237060547,20.549999237060547,20.549999237060547,20.549999237060547,109.0
2023-03-09 15:44:00,IBKR,85.25,85.25,85.41000366210938,85.19999694824219,85.41000366210938,28021.0
2023-03-09 15:44:00,IBTX,52.45000076293945,52.45000076293945,52.45000076293945,52.45000076293945,52.45000076293945,264.0
2023-03-09 15:44:00,INDB,71.54000091552734,71.54000091552734,71.54000091552734,71.49500274658203,71.49500274658203,560.0
2023-03-09 15:45:00,ABCB,42.334999084472656,42.334999084472656,42.45000076293945,42.33000183105469,42.45000076293945,2112.0
2023-03-09 15:45:00,ACGL,68.38999938964844,68.38999938964844,68.48999786376953,68.38999938964844,68.48999786376953,13013.0
2023-03-09 15:45:00,ACT,23.59000015258789,23.59000015258789,23.639999389648438,23.59000015258789,23.639999389648438,323.0
2023-03-09 15:45:00,ALRS,18.75,18.75,18.770000457763672,18.75,18.770000457763672,200.0
2023-03-09 15:45:00,AMAL,21.030000686645508,21.030000686645508,21.040000915527344,21.030000686645508,21.040000915527344,755.0
2023-03-09 15:45:00,AMRK,28.010000228881836,28.010000228881836,28.059999465942383,28.010000228881836,28.059999465942383,2474.0
2023-03-09 15:45:00,AMSF,51.349998474121094,51.349998474121094,51.400001525878906,51.349998474121094,51.400001525878906,760.0
2023-03-09 15:45:00,APLD,2.059999942779541,2.059999942779541,2.0850000381469727,2.057499885559082,2.0850000381469727,14657.0
2023-03-09 15:45:00,ARCC,18.4950008392334,18.4950008392334,18.514999389648438,18.489999771118164,18.510000228881836,198095.0
2023-03-09 15:45:00,AROW,28.280000686645508,28.280000686645508,28.280000686645508,28.280000686645508,28.280000686645508,100.0
2023-03-09 15:45:00,ATLO,23.397499084472656,23.397499084472656,23.397499084472656,23.397499084472656,23.397499084472656,100.0
2023-03-09 15:45:00,AUB,36.279998779296875,36.279998779296875,36.32500076293945,36.279998779296875,36.31999969482422,9547.0
2023-03-09 15:45:00,BANF,85.5,85.5,85.61000061035156,85.5,85.61000061035156,454.0
2023-03-09 15:45:00,BANR,56.91999816894531,56.91999816894531,56.95000076293945,56.900001525878906,56.95000076293945,1361.0
2023-03-09 15:45:00,BCBP,15.680000305175781,15.680000305175781,15.680000305175781,15.680000305175781,15.680000305175781,158.0
2023-03-09 15:45:00,BCML,19.079999923706055,19.079999923706055,19.079999923706055,19.079999923706055,19.079999923706055,202.0
2023-03-09 15:45:00,BFST,18.530000686645508,18.530000686645508,18.530000686645508,18.530000686645508,18.530000686645508,134.0
2023-03-09 15:45:00,BGCP,4.954999923706055,4.954999923706055,4.96999979019165,4.954999923706055,4.96999979019165,21631.0
2023-03-09 15:45:00,BHF,51.619998931884766,51.619998931884766,51.68000030517578,51.56999969482422,51.66999816894531,12381.0
2023-03-09 15:45:00,BHFAM,16.360000610351562,16.360000610351562,16.360000610351562,16.360000610351562,16.360000610351562,199.0
2023-03-09 15:45:00,BHFAN,18.540000915527344,18.540000915527344,18.559999465942383,18.540000915527344,18.559999465942383,691.0
2023-03-09 15:45:00,BITF,0.7163000106811523,0.7163000106811523,0.7163000106811523,0.7113999724388123,0.7157999873161316,8584.0
2023-03-09 15:45:00,BKCC,3.5899999141693115,3.5899999141693115,3.5899999141693115,3.5899999141693115,3.5899999141693115,3977.0
2023-03-09 15:45:00,BLFY,11.204999923706055,11.204999923706055,11.204999923706055,11.204999923706055,11.204999923706055,173.0
2023-03-09 15:45:00,BOKF,95.19000244140625,95.19000244140625,95.31999969482422,95.19000244140625,95.31999969482422,2357.0
2023-03-09 15:45:00,BPOP,61.94499969482422,61.94499969482422,62.15999984741211,61.93000030517578,62.15999984741211,9445.0
2023-03-09 15:45:00,BRKL,11.5600004196167,11.5600004196167,11.579999923706055,11.5600004196167,11.579999923706055,2223.0
2023-03-09 15:45:00,BRP,25.149999618530273,25.149999618530273,25.190000534057617,25.149999618530273,25.190000534057617,1792.0
2023-03-09 15:45:00,BTBT,1.0700000524520874,1.0700000524520874,1.0709999799728394,1.0700000524520874,1.0700000524520874,2153.0
2023-03-09 15:45:00,BTCS,1.1865999698638916,1.1865999698638916,1.1865999698638916,1.1865999698638916,1.1865999698638916,100.0
2023-03-09 15:45:00,BUSE,22.510000228881836,22.510000228881836,22.535999298095703,22.510000228881836,22.530000686645508,1139.0
2023-03-09 15:45:00,BWB,13.229999542236328,13.229999542236328,13.239999771118164,13.229999542236328,13.239999771118164,577.0
2023-03-09 15:45:00,CACC,430.5249938964844,430.5249938964844,430.5249938964844,430.0,430.0,1874.0
2023-03-09 15:45:00,CARE,16.174999237060547,16.174999237060547,16.190000534057617,16.170000076293945,16.190000534057617,1860.0
2023-03-09 15:45:00,CARV,4.400000095367432,4.400000095367432,4.400000095367432,4.400000095367432,4.400000095367432,191.0
2023-03-09 15:45:00,CASH,47.029998779296875,47.029998779296875,47.189998626708984,47.029998779296875,47.189998626708984,2754.0
2023-03-09 15:45:00,CATC,70.41999816894531,70.41999816894531,70.41999816894531,70.27999877929688,70.33999633789062,482.0
2023-03-09 15:45:00,CATY,38.7599983215332,38.7599983215332,38.7599983215332,38.75,38.75,1987.0
2023-03-09 15:45:00,CBSH,61.775001525878906,61.775001525878906,61.900001525878906,61.775001525878906,61.880001068115234,3430.0
2023-03-09 15:45:00,CCAP,14.789999961853027,14.789999961853027,14.789999961853027,14.789999961853027,14.789999961853027,216.0
2023-03-09 15:45:00,CCBG,32.88999938964844,32.88999938964844,32.88999938964844,32.88999938964844,32.88999938964844,100.0
2023-03-09 15:45:00,CCNE,22.59000015258789,22.59000015258789,22.59000015258789,22.59000015258789,22.59000015258789,453.0
2023-03-09 15:45:00,CFB,12.270000457763672,12.270000457763672,12.289999961853027,12.270000457763672,12.289999961853027,1162.0
2023-03-09 15:45:00,CFFN,7.495800018310547,7.495800018310547,7.514999866485596,7.494999885559082,7.514999866485596,7468.0
2023-03-09 15:45:00,CG,33.16239929199219,33.16239929199219,33.290000915527344,33.15999984741211,33.290000915527344,13341.0
2023-03-09 15:45:00,CGBD,14.84000015258789,14.84000015258789,14.859999656677246,14.84000015258789,14.850000381469727,4792.0
2023-03-09 15:45:00,CGO,9.694999694824219,9.694999694824219,9.694999694824219,9.694999694824219,9.694999694824219,2500.0
2023-03-09 15:45:00,CHCO,91.44000244140625,91.44000244140625,91.44000244140625,91.44000244140625,91.44000244140625,318.0
2023-03-09 15:45:00,CHY,12.09000015258789,12.09000015258789,12.09000015258789,12.09000015258789,12.09000015258789,100.0
2023-03-09 15:45:00,CIFR,1.4299999475479126,1.4299999475479126,1.434999942779541,1.4299999475479126,1.434999942779541,1266.0
2023-03-09 15:45:00,CINF,115.11000061035156,115.11000061035156,115.25,115.05999755859375,115.22000122070312,5698.0
2023-03-09 15:45:00,CLBK,19.670000076293945,19.670000076293945,19.670000076293945,19.670000076293945,19.670000076293945,415.0
2023-03-09 15:45:00,CMCAW,0.10159999877214432,0.10159999877214432,0.10159999877214432,0.10159999877214432,0.10159999877214432,400.0
2023-03-09 15:45:00,CME,177.67999267578125,177.67999267578125,177.85000610351562,177.60000610351562,177.85000610351562,13722.0
2023-03-09 15:45:00,CNOB,21.989999771118164,21.989999771118164,22.020000457763672,21.979999542236328,22.020000457763672,1657.0
2023-03-09 15:45:00,COLB,24.725000381469727,24.725000381469727,24.809999465942383,24.725000381469727,24.799999237060547,25334.0
2023-03-09 15:45:00,COOP,43.935001373291016,43.935001373291016,44.060001373291016,43.935001373291016,44.060001373291016,4481.0
2023-03-09 15:45:00,CPSS,10.460000038146973,10.460000038146973,10.470000267028809,10.460000038146973,10.470000267028809,447.0
2023-03-09 15:45:00,CSQ,13.699999809265137,13.699999809265137,13.70989990234375,13.699999809265137,13.70989990234375,5286.0
2023-03-09 15:45:00,CSTR,15.100000381469727,15.100000381469727,15.100000381469727,15.100000381469727,15.100000381469727,300.0
2023-03-09 15:45:00,CSWC,18.079999923706055,18.079999923706055,18.100000381469727,18.079999923706055,18.100000381469727,5591.0
2023-03-09 15:45:00,CTBI,40.400001525878906,40.400001525878906,40.46500015258789,40.400001525878906,40.46500015258789,205.0
2023-03-09 15:45:00,CVBF,21.479999542236328,21.479999542236328,21.530000686645508,21.479999542236328,21.524999618530273,12664.0
2023-03-09 15:45:00,DALS,10.125,10.125,10.125,10.125,10.125,200.0
2023-03-09 15:45:00,DCOM,29.485000610351562,29.485000610351562,29.5,29.485000610351562,29.489999771118164,2366.0
2023-03-09 15:45:00,DWAC,14.049200057983398,14.049200057983398,14.049200057983398,14.029999732971191,14.039999961853027,936.0
2023-03-09 15:45:00,EBC,14.305000305175781,14.305000305175781,14.329999923706055,14.300000190734863,14.329999923706055,4483.0
2023-03-09 15:45:00,ECPG,50.05500030517578,50.05500030517578,50.08000183105469,50.04999923706055,50.08000183105469,1187.0
2023-03-09 15:45:00,EFSC,51.189998626708984,51.189998626708984,51.20000076293945,51.15999984741211,51.20000076293945,942.0
2023-03-09 15:45:00,EGBN,40.060001373291016,40.060001373291016,40.150001525878906,40.060001373291016,40.150001525878906,1378.0
2023-03-09 15:45:00,EHTH,8.579999923706055,8.579999923706055,8.600000381469727,8.579999923706055,8.600000381469727,2021.0
2023-03-09 15:45:00,EQBK,28.100000381469727,28.100000381469727,28.100000381469727,28.100000381469727,28.100000381469727,292.0
2023-03-09 15:45:00,ERIE,230.52499389648438,230.52499389648438,230.52499389648438,230.52499389648438,230.52499389648438,765.0
2023-03-09 15:45:00,ESGR,230.09500122070312,230.09500122070312,230.09500122070312,229.88999938964844,230.09500122070312,563.0
2023-03-09 15:45:00,EWBC,66.9749984741211,66.9749984741211,67.19000244140625,66.95999908447266,67.19000244140625,17036.0
2023-03-09 15:45:00,EZPW,8.734999656677246,8.734999656677246,8.755000114440918,8.734999656677246,8.755000114440918,3732.0
2023-03-09 15:45:00,FBMS,28.81999969482422,28.81999969482422,28.850000381469727,28.809999465942383,28.81999969482422,3025.0
2023-03-09 15:45:00,FBNC,38.66999816894531,38.66999816894531,38.75,38.66999816894531,38.72999954223633,2728.0
2023-03-09 15:45:00,FCFS,88.31500244140625,88.31500244140625,88.33499908447266,88.23999786376953,88.24500274658203,3402.0
2023-03-09 15:45:00,FCNCA,645.27001953125,645.27001953125,645.614990234375,645.27001953125,645.3300170898438,727.0
2023-03-09 15:45:00,FCRD,4.579999923706055,4.579999923706055,4.579999923706055,4.579999923706055,4.579999923706055,200.0
2023-03-09 15:45:00,FDUS,19.920000076293945,19.920000076293945,19.920000076293945,19.920000076293945,19.920000076293945,700.0
2023-03-09 15:45:00,FFBC,22.209999084472656,22.209999084472656,22.260000228881836,22.209999084472656,22.260000228881836,1400.0
2023-03-09 15:45:00,FFIC,17.170000076293945,17.170000076293945,17.18000030517578,17.170000076293945,17.18000030517578,348.0
2023-03-09 15:45:00,FFIN,33.45500183105469,33.45500183105469,33.5099983215332,33.45500183105469,33.5099983215332,1087.0
2023-03-09 15:45:00,FFWM,12.819999694824219,12.819999694824219,12.829999923706055,12.8100004196167,12.829999923706055,4259.0
2023-03-09 15:45:00,FHB,23.924999237060547,23.924999237060547,23.979999542236328,23.924999237060547,23.979999542236328,4317.0
2023-03-09 15:45:00,FIBK,32.0099983215332,32.0099983215332,32.08000183105469,31.9950008392334,32.08000183105469,5613.0
2023-03-09 15:45:00,FISI,23.149999618530273,23.149999618530273,23.149999618530273,23.149999618530273,23.149999618530273,200.0
2023-03-09 15:45:00,FITB,31.725000381469727,31.725000381469727,31.829999923706055,31.71500015258789,31.829999923706055,42596.0
2023-03-09 15:45:00,FITBP,24.079999923706055,24.079999923706055,24.149999618530273,24.079999923706055,24.079999923706055,325.0
2023-03-09 15:45:00,FLIC,16.100000381469727,16.100000381469727,16.100000381469727,16.094999313354492,16.094999313354492,758.0
2023-03-09 15:45:00,FMBH,28.170000076293945,28.170000076293945,28.170000076293945,28.170000076293945,28.170000076293945,227.0
2023-03-09 15:45:00,FMNB,13.180000305175781,13.180000305175781,13.1899995803833,13.180000305175781,13.1899995803833,2238.0
2023-03-09 15:45:00,FOCS,51.54999923706055,51.54999923706055,51.560001373291016,51.54999923706055,51.55500030517578,10118.0
2023-03-09 15:45:00,FRBK,1.6699999570846558,1.6699999570846558,1.6699999570846558,1.6699999570846558,1.6699999570846558,894.0
2023-03-09 15:45:00,FRME,37.27000045776367,37.27000045776367,37.310001373291016,37.27000045776367,37.310001373291016,896.0
2023-03-09 15:45:00,FRST,10.649999618530273,10.649999618530273,10.649999618530273,10.649999618530273,10.649999618530273,202.0
2023-03-09 15:45:00,FSBW,33.20000076293945,33.20000076293945,33.20000076293945,33.20000076293945,33.20000076293945,454.0
2023-03-09 15:45:00,FULT,15.59000015258789,15.59000015258789,15.640000343322754,15.59000015258789,15.640000343322754,2952.0
2023-03-09 15:45:00,FUNC,19.639999389648438,19.639999389648438,19.639999389648438,19.639999389648438,19.639999389648438,100.0
2023-03-09 15:45:00,FUTU,46.11000061035156,46.11000061035156,46.16999816894531,46.11000061035156,46.16999816894531,4058.0
2023-03-09 15:45:00,GABC,35.75,35.75,35.75,35.75,35.75,487.0
2023-03-09 15:45:00,GAIN,13.390000343322754,13.390000343322754,13.399999618530273,13.390000343322754,13.399999618530273,5295.0
2023-03-09 15:45:00,GBDC,13.1899995803833,13.1899995803833,13.204999923706055,13.1899995803833,13.204999923706055,27984.0
2023-03-09 15:45:00,GCBC,53.20000076293945,53.20000076293945,53.20000076293945,53.20000076293945,53.20000076293945,100.0
2023-03-09 15:45:00,GCMG,8.34000015258789,8.34000015258789,8.345000267028809,8.335000038146973,8.335000038146973,3521.0
2023-03-09 15:45:00,GGAL,12.59000015258789,12.59000015258789,12.630000114440918,12.59000015258789,12.630000114440918,3979.0
2023-03-09 15:45:00,GLAD,9.71030044555664,9.71030044555664,9.734999656677246,9.71030044555664,9.734999656677246,3984.0
2023-03-09 15:45:00,GOCO,18.649999618530273,18.649999618530273,18.649999618530273,18.649999618530273,18.649999618530273,290.0
2023-03-09 15:45:00,GREE,0.40564098954200745,0.40564098954200745,0.40564098954200745,0.40564098954200745,0.40564098954200745,4300.0
2023-03-09 15:45:00,GSHD,50.83000183105469,50.83000183105469,50.845001220703125,50.755001068115234,50.755001068115234,3283.0
2023-03-09 15:45:00,HAFC,21.729999542236328,21.729999542236328,21.75,21.729999542236328,21.75,735.0
2023-03-09 15:45:00,HBAN,13.795000076293945,13.795000076293945,13.835000038146973,13.789999961853027,13.829999923706055,96418.0
2023-03-09 15:45:00,HBNC,13.795000076293945,13.795000076293945,13.8100004196167,13.795000076293945,13.8100004196167,760.0
2023-03-09 15:45:00,HBT,21.8700008392334,21.8700008392334,21.8700008392334,21.8700008392334,21.8700008392334,100.0
2023-03-09 15:45:00,HFWA,24.40999984741211,24.40999984741211,24.43000030517578,24.40999984741211,24.43000030517578,1106.0
2023-03-09 15:45:00,HIVE,2.3550000190734863,2.3550000190734863,2.359999895095825,2.3550000190734863,2.359999895095825,772.0
2023-03-09 15:45:00,HLNE,73.56999969482422,73.56999969482422,73.66000366210938,73.56999969482422,73.62999725341797,1410.0
2023-03-09 15:45:00,HMNF,21.585899353027344,21.585899353027344,21.604999542236328,21.559999465942383,21.604999542236328,1069.0
2023-03-09 15:45:00,HMST,22.239999771118164,22.239999771118164,22.290000915527344,22.239999771118164,22.290000915527344,958.0
2023-03-09 15:45:00,HONE,12.680000305175781,12.680000305175781,12.680000305175781,12.680000305175781,12.680000305175781,1691.0
2023-03-09 15:45:00,HOPE,11.680000305175781,11.680000305175781,11.694999694824219,11.680000305175781,11.694999694824219,4416.0
2023-03-09 15:45:00,HRZN,11.630000114440918,11.630000114440918,11.640000343322754,11.619999885559082,11.630000114440918,1778.0
2023-03-09 15:45:00,HTBI,27.639999389648438,27.639999389648438,27.649999618530273,27.6299991607666,27.6299991607666,872.0
2023-03-09 15:45:00,HTBK,10.800000190734863,10.800000190734863,10.8149995803833,10.800000190734863,10.8100004196167,2778.0
2023-03-09 15:45:00,HTLF,45.400001525878906,45.400001525878906,45.400001525878906,45.400001525878906,45.400001525878906,165.0
2023-03-09 15:45:00,HUT,1.2799999713897705,1.2799999713897705,1.2884999513626099,1.2799999713897705,1.2834999561309814,13116.0
2023-03-09 15:45:00,HWC,43.48500061035156,43.48500061035156,43.599998474121094,43.470001220703125,43.599998474121094,3700.0
2023-03-09 15:45:00,IBCP,20.4950008392334,20.4950008392334,20.540000915527344,20.4950008392334,20.540000915527344,326.0
2023-03-09 15:45:00,IBKR,85.30010223388672,85.30010223388672,85.31999969482422,85.25,85.25,7885.0
2023-03-09 15:45:00,IBOC,44.77000045776367,44.77000045776367,44.85499954223633,44.7599983215332,44.84000015258789,1716.0
2023-03-09 15:45:00,IBTX,52.415000915527344,52.415000915527344,52.41999816894531,52.415000915527344,52.41999816894531,668.0
2023-03-09 15:45:00,IGTA,10.295000076293945,10.295000076293945,10.380000114440918,10.289999961853027,10.380000114440918,1600.0
2023-03-09 15:45:00,INBK,23.200000762939453,23.200000762939453,23.200000762939453,23.200000762939453,23.200000762939453,101.0
2023-03-09 15:45:00,INDB,71.43000030517578,71.43000030517578,71.4800033569336,71.37999725341797,71.4800033569336,534.0
2023-03-09 15:46:00,ABCB,42.380001068115234,42.380001068115234,42.38999938964844,42.33000183105469,42.34000015258789,3299.0
2023-03-09 15:46:00,ACGL,68.43499755859375,68.43499755859375,68.47000122070312,68.36499786376953,68.38999938964844,18475.0
2023-03-09 15:46:00,AIHS,0.8849999904632568,0.8849999904632568,0.8849999904632568,0.8700000047683716,0.8848999738693237,6123.0
2023-03-09 15:46:00,ALRS,18.75,18.75,18.75,18.75,18.75,822.0
2023-03-09 15:46:00,AMAL,21.020000457763672,21.020000457763672,21.020000457763672,21.010000228881836,21.020000457763672,395.0
2023-03-09 15:46:00,AMRK,28.010000228881836,28.010000228881836,28.010000228881836,28.0,28.0,1820.0
2023-03-09 15:46:00,AMSF,51.33000183105469,51.33000183105469,51.33000183105469,51.33000183105469,51.33000183105469,266.0
2023-03-09 15:46:00,AMTB,25.360000610351562,25.360000610351562,25.360000610351562,25.34000015258789,25.350000381469727,6380.0
2023-03-09 15:46:00,APLD,2.059999942779541,2.059999942779541,2.059999942779541,2.059999942779541,2.059999942779541,9600.0
2023-03-09 15:46:00,ARCC,18.489900588989258,18.489900588989258,18.489999771118164,18.475000381469727,18.489999771118164,44087.0
2023-03-09 15:46:00,ATLO,23.37689971923828,23.37689971923828,23.420000076293945,23.37689971923828,23.420000076293945,349.0
2023-03-09 15:46:00,AUB,36.27000045776367,36.27000045776367,36.27000045776367,36.2400016784668,36.27000045776367,2754.0
2023-03-09 15:46:00,BANR,57.0,57.0,57.0,56.97999954223633,56.97999954223633,481.0
2023-03-09 15:46:00,BCBP,15.670000076293945,15.670000076293945,15.670000076293945,15.670000076293945,15.670000076293945,113.0
2023-03-09 15:46:00,BFST,18.514999389648438,18.514999389648438,18.514999389648438,18.514999389648438,18.514999389648438,240.0
2023-03-09 15:46:00,BGCP,4.954999923706055,4.954999923706055,4.954999923706055,4.949999809265137,4.949999809265137,4322.0
2023-03-09 15:46:00,BHF,51.66999816894531,51.66999816894531,51.66999816894531,51.58000183105469,51.625,2458.0
2023-03-09 15:46:00,BHFAN,18.559999465942383,18.559999465942383,18.559999465942383,18.559999465942383,18.559999465942383,209.0
2023-03-09 15:46:00,BHFAO,24.344999313354492,24.344999313354492,24.344999313354492,24.344999313354492,24.344999313354492,100.0
2023-03-09 15:46:00,BITF,0.7138000130653381,0.7138000130653381,0.7138000130653381,0.7113999724388123,0.7125999927520752,4852.0
2023-03-09 15:46:00,BKCC,3.5899999141693115,3.5899999141693115,3.5899999141693115,3.5899999141693115,3.5899999141693115,100.0
2023-03-09 15:46:00,BMRC,27.040000915527344,27.040000915527344,27.06999969482422,27.010000228881836,27.06999969482422,1620.0
2023-03-09 15:46:00,BOKF,95.13999938964844,95.13999938964844,95.16000366210938,95.13999938964844,95.1500015258789,1409.0
2023-03-09 15:46:00,BPOP,62.0,62.0,62.040000915527344,61.970001220703125,61.970001220703125,6197.0
2023-03-09 15:46:00,BRKL,11.5600004196167,11.5600004196167,11.5649995803833,11.550000190734863,11.550000190734863,4344.0
2023-03-09 15:46:00,BRP,25.110000610351562,25.110000610351562,25.1299991607666,25.110000610351562,25.1299991607666,1481.0
2023-03-09 15:46:00,BSRR,19.209999084472656,19.209999084472656,19.209999084472656,19.209999084472656,19.209999084472656,129.0
2023-03-09 15:46:00,BSVN,27.299999237060547,27.299999237060547,27.34000015258789,27.299999237060547,27.34000015258789,1396.0
2023-03-09 15:46:00,BTBT,1.0700000524520874,1.0700000524520874,1.0707000494003296,1.0700000524520874,1.0700000524520874,8970.0
2023-03-09 15:46:00,BTCS,1.1800999641418457,1.1800999641418457,1.1800999641418457,1.1800999641418457,1.1800999641418457,300.0
2023-03-09 15:46:00,BUSE,22.530000686645508,22.530000686645508,22.530000686645508,22.5049991607666,22.5049991607666,634.0
2023-03-09 15:46:00,BWB,13.21500015258789,13.21500015258789,13.21500015258789,13.21500015258789,13.21500015258789,183.0
2023-03-09 15:46:00,CAC,38.84000015258789,38.84000015258789,38.880001068115234,38.790000915527344,38.880001068115234,725.0
2023-03-09 15:46:00,CACC,430.4549865722656,430.4549865722656,430.4549865722656,430.0,430.0,1158.0
2023-03-09 15:46:00,CARV,4.369999885559082,4.369999885559082,4.369999885559082,4.369999885559082,4.369999885559082,1590.0
2023-03-09 15:46:00,CASH,47.040000915527344,47.040000915527344,47.06999969482422,47.040000915527344,47.040000915527344,1381.0
2023-03-09 15:46:00,CATC,70.25,70.25,70.25,70.25,70.25,405.0
2023-03-09 15:46:00,CATY,38.7598991394043,38.7598991394043,38.7599983215332,38.7400016784668,38.7400016784668,2481.0
2023-03-09 15:46:00,CBNK,18.719999313354492,18.719999313354492,18.729999542236328,18.719999313354492,18.719999313354492,840.0
2023-03-09 15:46:00,CBSH,61.810001373291016,61.810001373291016,61.83000183105469,61.790000915527344,61.790000915527344,1941.0
2023-03-09 15:46:00,CCAP,14.789999961853027,14.789999961853027,14.789999961853027,14.789999961853027,14.789999961853027,212.0
2023-03-09 15:46:00,CCB,42.11000061035156,42.11000061035156,42.1349983215332,42.11000061035156,42.1349983215332,227.0
2023-03-09 15:46:00,CCBG,32.869998931884766,32.869998931884766,32.869998931884766,32.869998931884766,32.869998931884766,202.0
2023-03-09 15:46:00,CCD,22.75749969482422,22.75749969482422,22.75749969482422,22.75749969482422,22.75749969482422,186.0
2023-03-09 15:46:00,CCNE,22.559999465942383,22.559999465942383,22.579999923706055,22.559999465942383,22.579999923706055,1225.0
2023-03-09 15:46:00,CFFN,7.494999885559082,7.494999885559082,7.494999885559082,7.494999885559082,7.494999885559082,311.0
2023-03-09 15:46:00,CG,33.13999938964844,33.13999938964844,33.17499923706055,33.13999938964844,33.154998779296875,31735.0
2023-03-09 15:46:00,CGBD,14.84000015258789,14.84000015258789,14.84000015258789,14.829999923706055,14.829999923706055,697.0
2023-03-09 15:46:00,CGO,9.6899995803833,9.6899995803833,9.729999542236328,9.6899995803833,9.720000267028809,2500.0
2023-03-09 15:46:00,CHCO,91.47000122070312,91.47000122070312,91.49500274658203,91.47000122070312,91.49500274658203,712.0
2023-03-09 15:46:00,CHI,11.781000137329102,11.781000137329102,11.799500465393066,11.781000137329102,11.799500465393066,824.0
2023-03-09 15:46:00,CHMG,48.474998474121094,48.474998474121094,48.474998474121094,48.474998474121094,48.474998474121094,162.0
2023-03-09 15:46:00,CHY,12.09000015258789,12.09000015258789,12.09000015258789,12.09000015258789,12.09000015258789,241.0
2023-03-09 15:46:00,CIFR,1.4199999570846558,1.4199999570846558,1.4210000038146973,1.4199999570846558,1.4210000038146973,1522.0
2023-03-09 15:46:00,CINF,115.06999969482422,115.06999969482422,115.11000061035156,115.05999755859375,115.08000183105469,1635.0
2023-03-09 15:46:00,CLBK,19.649999618530273,19.649999618530273,19.649999618530273,19.649999618530273,19.649999618530273,535.0
2023-03-09 15:46:00,CMCAW,0.10159999877214432,0.10159999877214432,0.10159999877214432,0.10159999877214432,0.10159999877214432,800.0
2023-03-09 15:46:00,CME,177.75,177.75,177.75999450683594,177.63999938964844,177.63999938964844,2747.0
2023-03-09 15:46:00,CNOB,22.010000228881836,22.010000228881836,22.010000228881836,21.969999313354492,21.969999313354492,2850.0
2023-03-09 15:46:00,COLB,24.690000534057617,24.690000534057617,24.725000381469727,24.68000030517578,24.719999313354492,34904.0
2023-03-09 15:46:00,COOP,43.900001525878906,43.900001525878906,43.91999816894531,43.83000183105469,43.91999816894531,34003.0
2023-03-09 15:46:00,CSQ,13.6899995803833,13.6899995803833,13.6899995803833,13.680000305175781,13.680000305175781,248.0
2023-03-09 15:46:00,CSWC,18.069299697875977,18.069299697875977,18.06999969482422,18.069299697875977,18.06999969482422,875.0
2023-03-09 15:46:00,CTBI,40.34000015258789,40.34000015258789,40.34000015258789,40.31999969482422,40.31999969482422,915.0
2023-03-09 15:46:00,CVBF,21.479999542236328,21.479999542236328,21.5,21.469999313354492,21.479999542236328,7538.0
2023-03-09 15:46:00,CVLY,24.190000534057617,24.190000534057617,24.190000534057617,24.190000534057617,24.190000534057617,274.0
2023-03-09 15:46:00,DALS,10.114999771118164,10.114999771118164,10.114999771118164,10.114999771118164,10.114999771118164,100.0
2023-03-09 15:46:00,DCOM,29.549999237060547,29.549999237060547,29.549999237060547,29.479999542236328,29.479999542236328,5175.0
2023-03-09 15:46:00,DWAC,14.029999732971191,14.029999732971191,14.029999732971191,14.029999732971191,14.029999732971191,777.0
2023-03-09 15:46:00,EBC,14.300000190734863,14.300000190734863,14.3100004196167,14.295000076293945,14.300000190734863,5138.0
2023-03-09 15:46:00,ECPG,50.02000045776367,50.02000045776367,50.029998779296875,50.02000045776367,50.029998779296875,534.0
2023-03-09 15:46:00,EGBN,40.119998931884766,40.119998931884766,40.130001068115234,40.119998931884766,40.119998931884766,1614.0
2023-03-09 15:46:00,EHTH,8.574999809265137,8.574999809265137,8.579999923706055,8.569999694824219,8.569999694824219,1416.0
2023-03-09 15:46:00,ENTFW,0.05000000074505806,0.05000000074505806,0.05000000074505806,0.05000000074505806,0.05000000074505806,1000.0
2023-03-09 15:46:00,ESQ,40.77000045776367,40.77000045776367,40.779998779296875,40.77000045776367,40.779998779296875,276.0
2023-03-09 15:46:00,EWBC,66.93000030517578,66.93000030517578,67.01000213623047,66.9000015258789,66.9000015258789,4114.0
2023-03-09 15:46:00,EZPW,8.734999656677246,8.734999656677246,8.739999771118164,8.734999656677246,8.739999771118164,540.0
2023-03-09 15:46:00,FBIZ,33.404998779296875,33.404998779296875,33.404998779296875,33.404998779296875,33.404998779296875,101.0
2023-03-09 15:46:00,FBMS,28.809999465942383,28.809999465942383,28.809999465942383,28.809999465942383,28.809999465942383,372.0
2023-03-09 15:46:00,FBNC,38.720001220703125,38.720001220703125,38.73500061035156,38.66999816894531,38.70000076293945,4465.0
2023-03-09 15:46:00,FCBC,28.510000228881836,28.510000228881836,28.510000228881836,28.5,28.5,488.0
2023-03-09 15:46:00,FCFS,88.25,88.25,88.3115005493164,88.25,88.2699966430664,1364.0
2023-03-09 15:46:00,FCNCA,644.9500122070312,644.9500122070312,644.9500122070312,644.9500122070312,644.9500122070312,686.0
2023-03-09 15:46:00,FCNCP,21.670000076293945,21.670000076293945,21.670000076293945,21.670000076293945,21.670000076293945,100.0
2023-03-09 15:46:00,FCRD,4.579999923706055,4.579999923706055,4.579999923706055,4.579999923706055,4.579999923706055,200.0
2023-03-09 15:46:00,FFIC,17.15999984741211,17.15999984741211,17.15999984741211,17.15999984741211,17.15999984741211,483.0
2023-03-09 15:46:00,FFIN,33.459999084472656,33.459999084472656,33.474998474121094,33.459999084472656,33.459999084472656,1378.0
2023-03-09 15:46:00,FFWM,12.815999984741211,12.815999984741211,12.82699966430664,12.8100004196167,12.819999694824219,3236.0
2023-03-09 15:46:00,FHB,23.940000534057617,23.940000534057617,23.950000762939453,23.920000076293945,23.920000076293945,3080.0
2023-03-09 15:46:00,FIBK,32.02000045776367,32.02000045776367,32.029998779296875,31.989999771118164,32.0,4925.0
2023-03-09 15:46:00,FITB,31.71500015258789,31.71500015258789,31.7450008392334,31.709999084472656,31.719999313354492,25289.0
2023-03-09 15:46:00,FITBP,24.079999923706055,24.079999923706055,24.079999923706055,24.079999923706055,24.079999923706055,200.0
2023-03-09 15:46:00,FLIC,16.09000015258789,16.09000015258789,16.100000381469727,16.09000015258789,16.100000381469727,1350.0
2023-03-09 15:46:00,FMNB,13.180000305175781,13.180000305175781,13.180000305175781,13.180000305175781,13.180000305175781,990.0
2023-03-09 15:46:00,FNLC,28.020000457763672,28.020000457763672,28.020000457763672,28.020000457763672,28.020000457763672,103.0
2023-03-09 15:46:00,FNWB,13.430000305175781,13.430000305175781,13.430000305175781,13.430000305175781,13.430000305175781,100.0
2023-03-09 15:46:00,FOCS,51.52000045776367,51.52000045776367,51.54999923706055,51.5099983215332,51.54999923706055,18919.0
2023-03-09 15:46:00,FRBK,1.6699999570846558,1.6699999570846558,1.6749999523162842,1.6649999618530273,1.6699999570846558,4418.0
2023-03-09 15:46:00,FRME,37.22999954223633,37.22999954223633,37.279998779296875,37.22999954223633,37.279998779296875,779.0
2023-03-09 15:46:00,FRST,10.670000076293945,10.670000076293945,10.670000076293945,10.640000343322754,10.649999618530273,731.0
2023-03-09 15:46:00,FULT,15.579999923706055,15.579999923706055,15.604999542236328,15.579999923706055,15.579999923706055,8722.0
2023-03-09 15:46:00,FUND,8.350000381469727,8.350000381469727,8.40999984741211,8.350000381469727,8.40999984741211,3182.0
2023-03-09 15:46:00,FUTU,45.994998931884766,45.994998931884766,46.10499954223633,45.9900016784668,46.08000183105469,43518.0
2023-03-09 15:46:00,FVCB,13.210000038146973,13.210000038146973,13.210000038146973,13.210000038146973,13.210000038146973,201.0
2023-03-09 15:46:00,GABC,35.73500061035156,35.73500061035156,35.73500061035156,35.73500061035156,35.73500061035156,289.0
2023-03-09 15:46:00,GAIN,13.34000015258789,13.34000015258789,13.359999656677246,13.319999694824219,13.359999656677246,15881.0
2023-03-09 15:46:00,GBDC,13.1899995803833,13.1899995803833,13.199999809265137,13.1899995803833,13.1899995803833,4705.0
2023-03-09 15:46:00,GCBC,53.0,53.0,53.4900016784668,53.0,53.20000076293945,425.0
2023-03-09 15:46:00,GECC,9.350000381469727,9.350000381469727,9.350000381469727,9.350000381469727,9.350000381469727,282.0
2023-03-09 15:46:00,GGAL,12.569999694824219,12.569999694824219,12.59000015258789,12.569999694824219,12.585000038146973,980.0
2023-03-09 15:46:00,GLRE,10.270000457763672,10.270000457763672,10.289999961853027,10.270000457763672,10.289999961853027,1563.0
2023-03-09 15:46:00,GSBC,53.97999954223633,53.97999954223633,53.97999954223633,53.97999954223633,53.97999954223633,266.0
2023-03-09 15:46:00,HBAN,13.774999618530273,13.774999618530273,13.789999961853027,13.774999618530273,13.789999961853027,215038.0
2023-03-09 15:46:00,HBNC,13.779999732971191,13.779999732971191,13.779999732971191,13.770000457763672,13.779999732971191,1286.0
2023-03-09 15:46:00,HBT,21.799999237060547,21.799999237060547,21.809999465942383,21.799999237060547,21.809999465942383,520.0
2023-03-09 15:46:00,HFWA,24.40999984741211,24.40999984741211,24.40999984741211,24.3799991607666,24.3799991607666,1214.0
2023-03-09 15:46:00,HIFS,255.0,255.0,255.0,255.0,255.0,139.0
2023-03-09 15:46:00,HLNE,73.54499816894531,73.54499816894531,73.58000183105469,73.54499816894531,73.58000183105469,811.0
2023-03-09 15:46:00,HMNF,21.559999465942383,21.559999465942383,21.584999084472656,21.559999465942383,21.584999084472656,790.0
2023-03-09 15:46:00,HMST,22.270000457763672,22.270000457763672,22.270000457763672,22.270000457763672,22.270000457763672,129.0
2023-03-09 15:46:00,HONE,12.625,12.625,12.670000076293945,12.625,12.670000076293945,1119.0
2023-03-09 15:46:00,HOPE,11.6850004196167,11.6850004196167,11.6899995803833,11.675000190734863,11.675000190734863,3941.0
2023-03-09 15:46:00,HRZN,11.65999984741211,11.65999984741211,11.65999984741211,11.630000114440918,11.631099700927734,3661.0
2023-03-09 15:46:00,HTBI,27.635000228881836,27.635000228881836,27.639999389648438,27.610000610351562,27.610000610351562,822.0
2023-03-09 15:46:00,HTBK,10.795000076293945,10.795000076293945,10.800000190734863,10.795000076293945,10.795000076293945,422.0
2023-03-09 15:46:00,HTLF,45.310001373291016,45.310001373291016,45.38999938964844,45.310001373291016,45.38999938964844,1345.0
2023-03-09 15:46:00,HUT,1.2799999713897705,1.2799999713897705,1.2898999452590942,1.2799999713897705,1.2800999879837036,39127.0
2023-03-09 15:46:00,HWC,43.494998931884766,43.494998931884766,43.5099983215332,43.459999084472656,43.4900016784668,2287.0
2023-03-09 15:46:00,IBCP,20.489999771118164,20.489999771118164,20.489999771118164,20.479999542236328,20.479999542236328,296.0
2023-03-09 15:46:00,IBKR,85.36000061035156,85.36000061035156,85.4800033569336,85.3479995727539,85.3479995727539,7916.0
2023-03-09 15:46:00,IBOC,44.79999923706055,44.79999923706055,44.79999923706055,44.76499938964844,44.76499938964844,944.0
2023-03-09 15:46:00,IBTX,52.400001525878906,52.400001525878906,52.459999084472656,52.375,52.38999938964844,2196.0
2023-03-09 15:46:00,IGTA,10.289999961853027,10.289999961853027,10.289999961853027,10.289999961853027,10.289999961853027,195.0
2023-03-09 15:46:00,INBK,23.239999771118164,23.239999771118164,23.239999771118164,23.239999771118164,23.239999771118164,107.0
2023-03-09 15:46:00,INDB,71.41999816894531,71.41999816894531,71.41999816894531,71.36000061035156,71.36000061035156,1172.0
2023-03-09 15:47:00,ABCB,42.34000015258789,42.34000015258789,42.380001068115234,42.33000183105469,42.380001068115234,1223.0
2023-03-09 15:47:00,ACGL,68.4800033569336,68.4800033569336,68.48999786376953,68.43000030517578,68.44000244140625,25465.0
2023-03-09 15:47:00,ACQR,10.210000038146973,10.210000038146973,10.210000038146973,10.210000038146973,10.210000038146973,200.0
2023-03-09 15:47:00,ACT,23.579999923706055,23.579999923706055,23.579999923706055,23.579999923706055,23.579999923706055,280.0
2023-03-09 15:47:00,ALRS,18.68000030517578,18.68000030517578,18.68000030517578,18.68000030517578,18.68000030517578,138.0
2023-03-09 15:47:00,AMAL,20.9950008392334,20.9950008392334,20.9950008392334,20.9950008392334,20.9950008392334,346.0
2023-03-09 15:47:00,AMNB,31.260000228881836,31.260000228881836,31.260000228881836,31.260000228881836,31.260000228881836,200.0
2023-03-09 15:47:00,AMRK,28.0,28.0,28.010000228881836,28.0,28.010000228881836,1515.0
2023-03-09 15:47:00,AMSF,51.27000045776367,51.27000045776367,51.27000045776367,51.27000045776367,51.27000045776367,162.0
2023-03-09 15:47:00,AMTB,25.389999389648438,25.389999389648438,25.389999389648438,25.360000610351562,25.360000610351562,615.0
2023-03-09 15:47:00,APLD,2.059999942779541,2.059999942779541,2.059999942779541,2.059999942779541,2.059999942779541,300.0
2023-03-09 15:47:00,ARCC,18.485000610351562,18.485000610351562,18.486799240112305,18.479999542236328,18.485000610351562,13359.0
2023-03-09 15:47:00,ATLO,23.3700008392334,23.3700008392334,23.420000076293945,23.3700008392334,23.420000076293945,640.0
2023-03-09 15:47:00,AUB,36.20000076293945,36.20000076293945,36.2400016784668,36.19499969482422,36.2400016784668,6137.0
2023-03-09 15:47:00,BANR,56.91999816894531,56.91999816894531,57.0,56.91999816894531,57.0,1098.0
2023-03-09 15:47:00,BFST,18.489999771118164,18.489999771118164,18.5,18.489999771118164,18.5,465.0
2023-03-09 15:47:00,BGCP,4.954999923706055,4.954999923706055,4.954999923706055,4.949999809265137,4.954999923706055,6431.0
2023-03-09 15:47:00,BHF,51.630001068115234,51.630001068115234,51.665000915527344,51.58000183105469,51.665000915527344,5547.0
2023-03-09 15:47:00,BITF,0.7113999724388123,0.7113999724388123,0.7113999724388123,0.7113999724388123,0.7113999724388123,534.0
2023-03-09 15:47:00,BKCC,3.5899999141693115,3.5899999141693115,3.5899999141693115,3.5899999141693115,3.5899999141693115,4544.0
2023-03-09 15:47:00,BLFY,11.180000305175781,11.180000305175781,11.180000305175781,11.180000305175781,11.180000305175781,260.0
2023-03-09 15:47:00,BMRC,27.06999969482422,27.06999969482422,27.079999923706055,27.06999969482422,27.079999923706055,415.0
2023-03-09 15:47:00,BOCN,10.409899711608887,10.409899711608887,10.40999984741211,10.409899711608887,10.40999984741211,1500.0
2023-03-09 15:47:00,BOKF,95.04000091552734,95.04000091552734,95.19000244140625,95.04000091552734,95.05999755859375,1631.0
2023-03-09 15:47:00,BPOP,61.959999084472656,61.959999084472656,62.0099983215332,61.90999984741211,62.0099983215332,5136.0
2023-03-09 15:47:00,BRKL,11.550000190734863,11.550000190734863,11.550000190734863,11.550000190734863,11.550000190734863,953.0
2023-03-09 15:47:00,BRP,25.079999923706055,25.079999923706055,25.100000381469727,25.079999923706055,25.100000381469727,1034.0
2023-03-09 15:47:00,BSVN,27.219999313354492,27.219999313354492,27.219999313354492,27.219999313354492,27.219999313354492,851.0
2023-03-09 15:47:00,BTBT,1.0800000429153442,1.0800000429153442,1.0800000429153442,1.0700000524520874,1.0700000524520874,2611.0
2023-03-09 15:47:00,BUSE,22.469999313354492,22.469999313354492,22.479999542236328,22.469999313354492,22.479999542236328,337.0
2023-03-09 15:47:00,BWB,13.1899995803833,13.1899995803833,13.210000038146973,13.1899995803833,13.199999809265137,954.0
2023-03-09 15:47:00,CAC,38.85499954223633,38.85499954223633,38.88999938964844,38.85499954223633,38.88999938964844,647.0
2023-03-09 15:47:00,CASH,47.0099983215332,47.0099983215332,47.0099983215332,47.0,47.0099983215332,805.0
2023-03-09 15:47:00,CATY,38.70000076293945,38.70000076293945,38.73500061035156,38.689998626708984,38.73500061035156,922.0
2023-03-09 15:47:00,CBAN,11.699999809265137,11.699999809265137,11.699999809265137,11.699999809265137,11.699999809265137,699.0
2023-03-09 15:47:00,CBSH,61.75,61.75,61.810001373291016,61.75,61.79999923706055,2387.0
2023-03-09 15:47:00,CCAP,14.699999809265137,14.699999809265137,14.779999732971191,14.699999809265137,14.779999732971191,4884.0
2023-03-09 15:47:00,CCB,42.10499954223633,42.10499954223633,42.10499954223633,42.0,42.0,360.0
2023-03-09 15:47:00,CCBG,32.79999923706055,32.79999923706055,32.8849983215332,32.79999923706055,32.8849983215332,239.0
2023-03-09 15:47:00,CCNE,22.549999237060547,22.549999237060547,22.549999237060547,22.549999237060547,22.549999237060547,748.0
2023-03-09 15:47:00,CFB,12.260000228881836,12.260000228881836,12.260000228881836,12.260000228881836,12.260000228881836,843.0
2023-03-09 15:47:00,CFFN,7.480000019073486,7.480000019073486,7.5,7.474999904632568,7.5,9033.0
2023-03-09 15:47:00,CG,33.125,33.125,33.150001525878906,33.099998474121094,33.13999938964844,15503.0
2023-03-09 15:47:00,CGBD,14.819999694824219,14.819999694824219,14.84000015258789,14.8149995803833,14.829999923706055,1560.0
2023-03-09 15:47:00,CGO,9.694700241088867,9.694700241088867,9.694700241088867,9.694700241088867,9.694700241088867,200.0
2023-03-09 15:47:00,CHY,12.09000015258789,12.09000015258789,12.092499732971191,12.09000015258789,12.09000015258789,590.0
2023-03-09 15:47:00,CIFR,1.4249999523162842,1.4249999523162842,1.4249999523162842,1.4199999570846558,1.4199999570846558,224.0
2023-03-09 15:47:00,CINF,115.12999725341797,115.12999725341797,115.12999725341797,115.05999755859375,115.08999633789062,3512.0
2023-03-09 15:47:00,CIVB,20.71500015258789,20.71500015258789,20.71500015258789,20.700000762939453,20.700000762939453,1085.0
2023-03-09 15:47:00,CLBK,19.649999618530273,19.649999618530273,19.649999618530273,19.649999618530273,19.649999618530273,473.0
2023-03-09 15:47:00,CMCAW,0.10159999877214432,0.10159999877214432,0.10159999877214432,0.10159999877214432,0.10159999877214432,400.0
2023-03-09 15:47:00,CME,177.72999572753906,177.72999572753906,177.77000427246094,177.66000366210938,177.7100067138672,7565.0
2023-03-09 15:47:00,CNOB,22.0049991607666,22.0049991607666,22.0049991607666,22.0,22.0,697.0
2023-03-09 15:47:00,COLB,24.69499969482422,24.69499969482422,24.71500015258789,24.690000534057617,24.69499969482422,22089.0
2023-03-09 15:47:00,COOP,43.900001525878906,43.900001525878906,43.91999816894531,43.880001068115234,43.900001525878906,4894.0
2023-03-09 15:47:00,CSQ,13.699999809265137,13.699999809265137,13.699999809265137,13.6850004196167,13.6899995803833,811.0
2023-03-09 15:47:00,CSWC,18.059999465942383,18.059999465942383,18.064800262451172,18.059999465942383,18.064800262451172,892.0
2023-03-09 15:47:00,CTBI,40.2599983215332,40.2599983215332,40.31999969482422,40.2599983215332,40.31999969482422,773.0
2023-03-09 15:47:00,CVBF,21.469999313354492,21.469999313354492,21.489999771118164,21.459999084472656,21.489999771118164,7295.0
2023-03-09 15:47:00,DCOM,29.54990005493164,29.54990005493164,29.549999237060547,29.5,29.540000915527344,3018.0
2023-03-09 15:47:00,DWAC,14.030099868774414,14.030099868774414,14.030099868774414,14.029999732971191,14.029999732971191,430.0
2023-03-09 15:47:00,EBC,14.295000076293945,14.295000076293945,14.305000305175781,14.295000076293945,14.300000190734863,4499.0
2023-03-09 15:47:00,ECPG,50.029998779296875,50.029998779296875,50.029998779296875,50.029998779296875,50.029998779296875,619.0
2023-03-09 15:47:00,EFSC,51.060001373291016,51.060001373291016,51.060001373291016,51.060001373291016,51.060001373291016,268.0
2023-03-09 15:47:00,EGBN,40.040000915527344,40.040000915527344,40.119998931884766,40.040000915527344,40.119998931884766,2066.0
2023-03-09 15:47:00,EHTH,8.5649995803833,8.5649995803833,8.579899787902832,8.5649995803833,8.579899787902832,1007.0
2023-03-09 15:47:00,ESGR,230.25,230.25,230.25,230.25,230.25,292.0
2023-03-09 15:47:00,ESGRP,23.020000457763672,23.020000457763672,23.020000457763672,23.020000457763672,23.020000457763672,864.0
2023-03-09 15:47:00,EWBC,66.91500091552734,66.91500091552734,66.94000244140625,66.87999725341797,66.91799926757812,6869.0
2023-03-09 15:47:00,EZPW,8.720000267028809,8.720000267028809,8.734999656677246,8.710000038146973,8.734999656677246,3397.0
2023-03-09 15:47:00,FBMS,28.780000686645508,28.780000686645508,28.790000915527344,28.780000686645508,28.790000915527344,507.0
2023-03-09 15:47:00,FBNC,38.689998626708984,38.689998626708984,38.720001220703125,38.689998626708984,38.70000076293945,2451.0
2023-03-09 15:47:00,FCFS,88.30000305175781,88.30000305175781,88.30000305175781,88.23999786376953,88.25,1642.0
2023-03-09 15:47:00,FCNCA,646.1400146484375,646.1400146484375,646.1400146484375,644.9500122070312,644.9500122070312,1053.0
2023-03-09 15:47:00,FCNCP,21.670000076293945,21.670000076293945,21.670000076293945,21.670000076293945,21.670000076293945,379.0
2023-03-09 15:47:00,FCRD,4.570000171661377,4.570000171661377,4.579999923706055,4.570000171661377,4.579999923706055,300.0
2023-03-09 15:47:00,FDBC,48.064998626708984,48.064998626708984,48.064998626708984,48.064998626708984,48.064998626708984,147.0
2023-03-09 15:47:00,FDUS,19.850000381469727,19.850000381469727,19.889999389648438,19.850000381469727,19.889999389648438,956.0
2023-03-09 15:47:00,FFBC,22.18000030517578,22.18000030517578,22.190000534057617,22.170000076293945,22.190000534057617,2487.0
2023-03-09 15:47:00,FFIC,17.1299991607666,17.1299991607666,17.1299991607666,17.1299991607666,17.1299991607666,782.0
2023-03-09 15:47:00,FFIN,33.415000915527344,33.415000915527344,33.470001220703125,33.415000915527344,33.45000076293945,1663.0
2023-03-09 15:47:00,FFWM,12.800000190734863,12.800000190734863,12.819999694824219,12.789999961853027,12.819999694824219,1208.0
2023-03-09 15:47:00,FHB,23.920000076293945,23.920000076293945,23.940000534057617,23.90999984741211,23.940000534057617,2963.0
2023-03-09 15:47:00,FIBK,32.005001068115234,32.005001068115234,32.02000045776367,32.0,32.02000045776367,2469.0
2023-03-09 15:47:00,FISI,23.09000015258789,23.09000015258789,23.110000610351562,23.09000015258789,23.110000610351562,359.0
2023-03-09 15:47:00,FITB,31.729999542236328,31.729999542236328,31.729999542236328,31.684999465942383,31.71500015258789,48677.0
2023-03-09 15:47:00,FITBP,24.079999923706055,24.079999923706055,24.079999923706055,24.079999923706055,24.079999923706055,200.0
2023-03-09 15:47:00,FLIC,16.09000015258789,16.09000015258789,16.09000015258789,16.09000015258789,16.09000015258789,131.0
2023-03-09 15:47:00,FMAO,23.209999084472656,23.209999084472656,23.290000915527344,23.209999084472656,23.290000915527344,526.0
2023-03-09 15:47:00,FMBH,28.149999618530273,28.149999618530273,28.149999618530273,28.149999618530273,28.149999618530273,151.0
2023-03-09 15:47:00,FMNB,13.180000305175781,13.180000305175781,13.1850004196167,13.180000305175781,13.1850004196167,1200.0
2023-03-09 15:47:00,FOCS,51.52000045776367,51.52000045776367,51.52000045776367,51.5099983215332,51.52000045776367,8780.0
2023-03-09 15:47:00,FRBK,1.6699999570846558,1.6699999570846558,1.6699999570846558,1.6699999570846558,1.6699999570846558,275.0
2023-03-09 15:47:00,FRME,37.189998626708984,37.189998626708984,37.209999084472656,37.189998626708984,37.20000076293945,2036.0
2023-03-09 15:47:00,FSBW,33.209999084472656,33.209999084472656,33.209999084472656,33.20000076293945,33.20000076293945,354.0
2023-03-09 15:47:00,FULT,15.579999923706055,15.579999923706055,15.585000038146973,15.569999694824219,15.579999923706055,6434.0
2023-03-09 15:47:00,FUNC,19.639999389648438,19.639999389648438,19.639999389648438,19.639999389648438,19.639999389648438,222.0
2023-03-09 15:47:00,FUTU,45.91999816894531,45.91999816894531,46.0099983215332,45.900001525878906,45.9900016784668,31682.0
2023-03-09 15:47:00,FVCB,13.199999809265137,13.199999809265137,13.199999809265137,13.199999809265137,13.199999809265137,225.0
2023-03-09 15:47:00,GABC,35.720001220703125,35.720001220703125,35.720001220703125,35.720001220703125,35.720001220703125,215.0
2023-03-09 15:47:00,GAIN,13.335000038146973,13.335000038146973,13.335000038146973,13.335000038146973,13.335000038146973,116.0
2023-03-09 15:47:00,GBDC,13.1899995803833,13.1899995803833,13.194999694824219,13.1899995803833,13.1899995803833,1900.0
2023-03-09 15:47:00,GCBC,53.5,53.5,53.5,53.5,53.5,616.0
2023-03-09 15:47:00,GGAL,12.567899703979492,12.567899703979492,12.579999923706055,12.5600004196167,12.569999694824219,1755.0
2023-03-09 15:47:00,GLAD,9.725000381469727,9.725000381469727,9.725299835205078,9.725000381469727,9.725299835205078,492.0
2023-03-09 15:47:00,GLRE,10.260000228881836,10.260000228881836,10.260000228881836,10.260000228881836,10.260000228881836,236.0
2023-03-09 15:47:00,GREE,0.4041999876499176,0.4041999876499176,0.4041999876499176,0.4041999876499176,0.4041999876499176,973.0
2023-03-09 15:47:00,GSBC,54.0,54.0,54.0,54.0,54.0,151.0
2023-03-09 15:47:00,HAFC,21.700000762939453,21.700000762939453,21.700000762939453,21.700000762939453,21.700000762939453,1187.0
2023-03-09 15:47:00,HBAN,13.774999618530273,13.774999618530273,13.779999732971191,13.770000457763672,13.774999618530273,97026.0
2023-03-09 15:47:00,HBANM,22.360000610351562,22.360000610351562,22.5,22.360000610351562,22.5,700.0
2023-03-09 15:47:00,HBCP,36.20000076293945,36.20000076293945,36.20000076293945,36.20000076293945,36.20000076293945,232.0
2023-03-09 15:47:00,HBNC,13.779999732971191,13.779999732971191,13.779999732971191,13.779999732971191,13.779999732971191,435.0
2023-03-09 15:47:00,HFWA,24.399999618530273,24.399999618530273,24.399999618530273,24.399999618530273,24.399999618530273,223.0
2023-03-09 15:47:00,HIFS,255.0,255.0,255.0,255.0,255.0,145.0
2023-03-09 15:47:00,HIVE,2.3550000190734863,2.3550000190734863,2.3550000190734863,2.3550000190734863,2.3550000190734863,1562.0
2023-03-09 15:47:00,HLNE,73.47000122070312,73.47000122070312,73.5199966430664,73.44999694824219,73.5199966430664,2199.0
2023-03-09 15:47:00,HMST,22.21500015258789,22.21500015258789,22.260000228881836,22.190000534057617,22.260000228881836,1670.0
2023-03-09 15:47:00,HONE,12.600000381469727,12.600000381469727,12.619999885559082,12.600000381469727,12.619999885559082,990.0
2023-03-09 15:47:00,HOPE,11.6899995803833,11.6899995803833,11.704999923706055,11.6850004196167,11.6899995803833,20244.0
2023-03-09 15:47:00,HRZN,11.640000343322754,11.640000343322754,11.640000343322754,11.640000343322754,11.640000343322754,615.0
2023-03-09 15:47:00,HTBI,27.639999389648438,27.639999389648438,27.639999389648438,27.635000228881836,27.635000228881836,783.0
2023-03-09 15:47:00,HTBK,10.779999732971191,10.779999732971191,10.800000190734863,10.779999732971191,10.800000190734863,1221.0
2023-03-09 15:47:00,HUT,1.2799999713897705,1.2799999713897705,1.2897000312805176,1.2799999713897705,1.2799999713897705,5876.0
2023-03-09 15:47:00,HWC,43.43000030517578,43.43000030517578,43.470001220703125,43.400001525878906,43.470001220703125,1731.0
2023-03-09 15:47:00,IBKR,85.3499984741211,85.3499984741211,85.37999725341797,85.32499694824219,85.37999725341797,4732.0
2023-03-09 15:47:00,IBOC,44.744998931884766,44.744998931884766,44.790000915527344,44.7400016784668,44.779998779296875,2295.0
2023-03-09 15:47:00,IBTX,52.36000061035156,52.36000061035156,52.369998931884766,52.36000061035156,52.369998931884766,926.0
2023-03-09 15:47:00,ICMB,3.950000047683716,3.950000047683716,3.950000047683716,3.950000047683716,3.950000047683716,1001.0
2023-03-09 15:47:00,INDB,71.34500122070312,71.34500122070312,71.44000244140625,71.31999969482422,71.40499877929688,1277.0
2023-03-09 15:48:00,ABCB,42.415000915527344,42.415000915527344,42.43000030517578,42.369998931884766,42.369998931884766,1789.0
2023-03-09 15:48:00,ACGL,68.54000091552734,68.54000091552734,68.54000091552734,68.5,68.5,8084.0
2023-03-09 15:48:00,ACT,23.579999923706055,23.579999923706055,23.584999084472656,23.579999923706055,23.579999923706055,506.0
2023-03-09 15:48:00,AFAR,10.40999984741211,10.40999984741211,10.40999984741211,10.40999984741211,10.40999984741211,1442.0
2023-03-09 15:48:00,ALRS,18.670000076293945,18.670000076293945,18.670000076293945,18.670000076293945,18.670000076293945,213.0
2023-03-09 15:48:00,AMAL,21.020000457763672,21.020000457763672,21.020000457763672,21.010000228881836,21.010000228881836,513.0
2023-03-09 15:48:00,AMRK,28.020000457763672,28.020000457763672,28.020000457763672,27.989999771118164,28.010000228881836,6640.0
2023-03-09 15:48:00,APLD,2.059999942779541,2.059999942779541,2.065000057220459,2.049999952316284,2.065000057220459,24161.0
2023-03-09 15:48:00,ARCC,18.5049991607666,18.5049991607666,18.510000228881836,18.480100631713867,18.485000610351562,61350.0
2023-03-09 15:48:00,AROW,28.139999389648438,28.139999389648438,28.139999389648438,28.139999389648438,28.139999389648438,369.0
2023-03-09 15:48:00,ATLO,23.424999237060547,23.424999237060547,23.424999237060547,23.364999771118164,23.364999771118164,435.0
2023-03-09 15:48:00,AUB,36.255001068115234,36.255001068115234,36.2599983215332,36.20000076293945,36.209999084472656,12773.0
2023-03-09 15:48:00,BANF,85.27999877929688,85.27999877929688,85.49250030517578,85.27999877929688,85.49250030517578,1898.0
2023-03-09 15:48:00,BANR,56.933998107910156,56.933998107910156,56.959999084472656,56.88999938964844,56.88999938964844,1256.0
2023-03-09 15:48:00,BGCP,4.949999809265137,4.949999809265137,4.960000038146973,4.949999809265137,4.954999923706055,7968.0
2023-03-09 15:48:00,BHF,51.689998626708984,51.689998626708984,51.70000076293945,51.650001525878906,51.650001525878906,2143.0
2023-03-09 15:48:00,BHFAN,18.59000015258789,18.59000015258789,18.59000015258789,18.59000015258789,18.59000015258789,1000.0
2023-03-09 15:48:00,BHFAO,24.280000686645508,24.280000686645508,24.280000686645508,24.280000686645508,24.280000686645508,100.0
2023-03-09 15:48:00,BHFAP,23.829999923706055,23.829999923706055,23.829999923706055,23.829999923706055,23.829999923706055,1093.0
2023-03-09 15:48:00,BITF,0.7127959728240967,0.7127959728240967,0.7128999829292297,0.7113999724388123,0.7113999724388123,2628.0
2023-03-09 15:48:00,BLFY,11.1899995803833,11.1899995803833,11.1899995803833,11.1899995803833,11.1899995803833,154.0
2023-03-09 15:48:00,BOKF,95.26000213623047,95.26000213623047,95.26000213623047,95.05000305175781,95.12000274658203,4336.0
2023-03-09 15:48:00,BPOP,61.95000076293945,61.95000076293945,62.025001525878906,61.93000030517578,61.959999084472656,5523.0
2023-03-09 15:48:00,BPRN,33.900001525878906,33.900001525878906,33.900001525878906,33.900001525878906,33.900001525878906,1120.0
2023-03-09 15:48:00,BRIV,10.130000114440918,10.130000114440918,10.130000114440918,10.130000114440918,10.130000114440918,100000.0
2023-03-09 15:48:00,BRKL,11.539999961853027,11.539999961853027,11.545000076293945,11.539999961853027,11.539999961853027,2720.0
2023-03-09 15:48:00,BRP,25.114999771118164,25.114999771118164,25.1299991607666,25.075000762939453,25.1299991607666,1058.0
2023-03-09 15:48:00,BSRR,19.190000534057617,19.190000534057617,19.190000534057617,19.190000534057617,19.190000534057617,626.0
2023-03-09 15:48:00,BTBT,1.065000057220459,1.065000057220459,1.0700000524520874,1.059999942779541,1.0700000524520874,25190.0
2023-03-09 15:48:00,BTCS,1.180899977684021,1.180899977684021,1.180899977684021,1.180899977684021,1.180899977684021,111.0
2023-03-09 15:48:00,BTWN,10.050000190734863,10.050000190734863,10.050000190734863,10.050000190734863,10.050000190734863,100.0
2023-03-09 15:48:00,BWB,13.210000038146973,13.210000038146973,13.210000038146973,13.1899995803833,13.1899995803833,1163.0
2023-03-09 15:48:00,CAC,38.939998626708984,38.939998626708984,38.939998626708984,38.939998626708984,38.939998626708984,271.0
2023-03-09 15:48:00,CACC,429.80499267578125,429.80499267578125,431.0799865722656,429.80499267578125,431.0799865722656,1659.0
2023-03-09 15:48:00,CARV,4.369999885559082,4.369999885559082,4.369999885559082,4.369999885559082,4.369999885559082,523.0
2023-03-09 15:48:00,CASH,47.10499954223633,47.10499954223633,47.10499954223633,47.02000045776367,47.02000045776367,2195.0
2023-03-09 15:48:00,CATY,38.7599983215332,38.7599983215332,38.7599983215332,38.720001220703125,38.720001220703125,3267.0
2023-03-09 15:48:00,CBSH,61.79999923706055,61.79999923706055,61.834999084472656,61.779998779296875,61.779998779296875,3069.0
2023-03-09 15:48:00,CCAP,14.738699913024902,14.738699913024902,14.738699913024902,14.738699913024902,14.738699913024902,1000.0
2023-03-09 15:48:00,CCB,42.06999969482422,42.06999969482422,42.06999969482422,42.06999969482422,42.06999969482422,259.0
2023-03-09 15:48:00,CCD,22.760000228881836,22.760000228881836,22.760000228881836,22.75,22.75,811.0
2023-03-09 15:48:00,CCNE,22.559999465942383,22.559999465942383,22.559999465942383,22.559999465942383,22.559999465942383,168.0
2023-03-09 15:48:00,CFB,12.260000228881836,12.260000228881836,12.260000228881836,12.260000228881836,12.260000228881836,290.0
2023-03-09 15:48:00,CFFN,7.494999885559082,7.494999885559082,7.494999885559082,7.480000019073486,7.480000019073486,10222.0
2023-03-09 15:48:00,CG,33.19499969482422,33.19499969482422,33.220001220703125,33.119998931884766,33.125,61484.0
2023-03-09 15:48:00,CGBD,14.829999923706055,14.829999923706055,14.829999923706055,14.819999694824219,14.819999694824219,1308.0
2023-03-09 15:48:00,CHI,11.789999961853027,11.789999961853027,11.789999961853027,11.789999961853027,11.789999961853027,177.0
2023-03-09 15:48:00,CHW,5.954999923706055,5.954999923706055,5.954999923706055,5.954999923706055,5.954999923706055,109.0
2023-03-09 15:48:00,CHY,12.100000381469727,12.100000381469727,12.100000381469727,12.100000381469727,12.100000381469727,200.0
2023-03-09 15:48:00,CIFR,1.4199999570846558,1.4199999570846558,1.4199999570846558,1.4199999570846558,1.4199999570846558,735.0
2023-03-09 15:48:00,CINF,115.26000213623047,115.26000213623047,115.27999877929688,115.1500015258789,115.1500015258789,3577.0
2023-03-09 15:48:00,CLAY,10.470000267028809,10.470000267028809,10.510000228881836,10.4399995803833,10.510000228881836,3000.0
2023-03-09 15:48:00,CLBK,19.639999389648438,19.639999389648438,19.649999618530273,19.639999389648438,19.649999618530273,1595.0
2023-03-09 15:48:00,CMCAW,0.10249999910593033,0.10249999910593033,0.10249999910593033,0.10159999877214432,0.10159999877214432,900.0
2023-03-09 15:48:00,CME,177.89999389648438,177.89999389648438,177.89999389648438,177.75999450683594,177.75999450683594,4426.0
2023-03-09 15:48:00,CNOB,22.043899536132812,22.043899536132812,22.043899536132812,22.030000686645508,22.030000686645508,877.0
2023-03-09 15:48:00,COLB,24.729999542236328,24.729999542236328,24.739999771118164,24.69499969482422,24.69499969482422,29996.0
2023-03-09 15:48:00,COOP,43.93000030517578,43.93000030517578,43.93000030517578,43.93000030517578,43.93000030517578,2073.0
2023-03-09 15:48:00,CSQ,13.699999809265137,13.699999809265137,13.699999809265137,13.694899559020996,13.694899559020996,611.0
2023-03-09 15:48:00,CSTR,15.09000015258789,15.09000015258789,15.09000015258789,15.09000015258789,15.09000015258789,403.0
2023-03-09 15:48:00,CSWC,18.08989906311035,18.08989906311035,18.08989906311035,18.06999969482422,18.06999969482422,886.0
2023-03-09 15:48:00,CVBF,21.489999771118164,21.489999771118164,21.5,21.46500015258789,21.46500015258789,6533.0
2023-03-09 15:48:00,CVCY,24.315000534057617,24.315000534057617,24.315000534057617,24.309999465942383,24.309999465942383,345.0
2023-03-09 15:48:00,DGICA,15.0600004196167,15.0600004196167,15.0600004196167,15.0600004196167,15.0600004196167,753.0
2023-03-09 15:48:00,DWAC,14.0378999710083,14.0378999710083,14.0378999710083,14.029999732971191,14.029999732971191,3503.0
2023-03-09 15:48:00,EBC,14.300000190734863,14.300000190734863,14.3149995803833,14.295000076293945,14.300000190734863,9812.0
2023-03-09 15:48:00,ECPG,50.04499816894531,50.04499816894531,50.04499816894531,50.04499816894531,50.04499816894531,535.0
2023-03-09 15:48:00,EFSC,51.150001525878906,51.150001525878906,51.150001525878906,51.150001525878906,51.150001525878906,256.0
2023-03-09 15:48:00,EGBN,40.130001068115234,40.130001068115234,40.130001068115234,40.040000915527344,40.040000915527344,2001.0
2023-03-09 15:48:00,EHTH,8.569999694824219,8.569999694824219,8.569999694824219,8.5600004196167,8.569999694824219,927.0
2023-03-09 15:48:00,EQBK,28.06999969482422,28.06999969482422,28.06999969482422,28.06999969482422,28.06999969482422,342.0
2023-03-09 15:48:00,ESGR,230.3000030517578,230.3000030517578,230.3000030517578,230.3000030517578,230.3000030517578,243.0
2023-03-09 15:48:00,ESQ,40.97999954223633,40.97999954223633,40.97999954223633,40.97999954223633,40.97999954223633,389.0
2023-03-09 15:48:00,EWBC,67.01000213623047,67.01000213623047,67.02999877929688,66.95999908447266,66.9800033569336,5184.0
2023-03-09 15:48:00,EZPW,8.727700233459473,8.727700233459473,8.729999542236328,8.720000267028809,8.729999542236328,2304.0
2023-03-09 15:48:00,FBMS,28.780000686645508,28.780000686645508,28.780000686645508,28.780000686645508,28.780000686645508,1305.0
2023-03-09 15:48:00,FBNC,38.720001220703125,38.720001220703125,38.73500061035156,38.685001373291016,38.685001373291016,3675.0
2023-03-09 15:48:00,FCFS,88.33999633789062,88.33999633789062,88.45500183105469,88.33999633789062,88.44000244140625,1616.0
2023-03-09 15:48:00,FCNCA,645.1900024414062,645.1900024414062,645.1900024414062,645.1900024414062,645.1900024414062,302.0
2023-03-09 15:48:00,FCRD,4.53000020980835,4.53000020980835,4.539999961853027,4.53000020980835,4.539999961853027,300.0
2023-03-09 15:48:00,FDUS,19.892000198364258,19.892000198364258,19.892000198364258,19.854999542236328,19.854999542236328,1140.0
2023-03-09 15:48:00,FFBC,22.190000534057617,22.190000534057617,22.190000534057617,22.18000030517578,22.18000030517578,1502.0
2023-03-09 15:48:00,FFIC,17.132999420166016,17.132999420166016,17.149999618530273,17.1299991607666,17.1299991607666,1410.0
2023-03-09 15:48:00,FFIN,33.439998626708984,33.439998626708984,33.459999084472656,33.40999984741211,33.40999984741211,3338.0
2023-03-09 15:48:00,FFWM,12.8100004196167,12.8100004196167,12.8100004196167,12.795000076293945,12.795000076293945,1626.0
2023-03-09 15:48:00,FHB,23.950000762939453,23.950000762939453,23.950000762939453,23.924999237060547,23.93000030517578,3354.0
2023-03-09 15:48:00,FIBK,32.040000915527344,32.040000915527344,32.04999923706055,32.0099983215332,32.0099983215332,4142.0
2023-03-09 15:48:00,FITB,31.7549991607666,31.7549991607666,31.774999618530273,31.729999542236328,31.729999542236328,38748.0
2023-03-09 15:48:00,FITBO,21.969999313354492,21.969999313354492,21.969999313354492,21.969999313354492,21.969999313354492,100.0
2023-03-09 15:48:00,FITBP,24.09000015258789,24.09000015258789,24.09000015258789,24.09000015258789,24.09000015258789,300.0
2023-03-09 15:48:00,FLIC,16.09000015258789,16.09000015258789,16.09000015258789,16.09000015258789,16.09000015258789,291.0
2023-03-09 15:48:00,FMNB,13.194999694824219,13.194999694824219,13.194999694824219,13.194999694824219,13.194999694824219,662.0
2023-03-09 15:48:00,FNCB,7.25,7.25,7.25,7.25,7.25,147.0
2023-03-09 15:48:00,FOCS,51.540000915527344,51.540000915527344,51.540000915527344,51.52000045776367,51.52000045776367,6987.0
2023-03-09 15:48:00,FRBK,1.6699999570846558,1.6699999570846558,1.6699999570846558,1.6699999570846558,1.6699999570846558,244.0
2023-03-09 15:48:00,FRME,37.27000045776367,37.27000045776367,37.27000045776367,37.22999954223633,37.22999954223633,2093.0
2023-03-09 15:48:00,FRON,10.1899995803833,10.1899995803833,10.194999694824219,10.1899995803833,10.194999694824219,1534.0
2023-03-09 15:48:00,FRST,10.680000305175781,10.680000305175781,10.680000305175781,10.680000305175781,10.680000305175781,794.0
2023-03-09 15:48:00,FULT,15.595000267028809,15.595000267028809,15.609999656677246,15.579999923706055,15.579999923706055,9207.0
2023-03-09 15:48:00,FUTU,45.9900016784668,45.9900016784668,46.0099983215332,45.92499923706055,45.92499923706055,7855.0
2023-03-09 15:48:00,FVCB,13.180000305175781,13.180000305175781,13.180000305175781,13.180000305175781,13.180000305175781,108.0
2023-03-09 15:48:00,GAIN,13.359999656677246,13.359999656677246,13.359999656677246,13.350000381469727,13.350000381469727,1172.0
2023-03-09 15:48:00,GBDC,13.199999809265137,13.199999809265137,13.204999923706055,13.1899995803833,13.1899995803833,6873.0
2023-03-09 15:48:00,GCBC,53.20000076293945,53.20000076293945,53.5,53.20000076293945,53.5,1638.0
2023-03-09 15:48:00,GCMG,8.335000038146973,8.335000038146973,8.34000015258789,8.335000038146973,8.34000015258789,970.0
2023-03-09 15:48:00,GGAL,12.579999923706055,12.579999923706055,12.579999923706055,12.577300071716309,12.577300071716309,761.0
2023-03-09 15:48:00,GLAD,9.729999542236328,9.729999542236328,9.729999542236328,9.729999542236328,9.729999542236328,488.0
2023-03-09 15:48:00,GLRE,10.260000228881836,10.260000228881836,10.260000228881836,10.260000228881836,10.260000228881836,192.0
2023-03-09 15:48:00,GREE,0.4041999876499176,0.4041999876499176,0.4041999876499176,0.4041999876499176,0.4041999876499176,1000.0
2023-03-09 15:48:00,HAFC,21.709999084472656,21.709999084472656,21.709999084472656,21.700000762939453,21.700000762939453,1196.0
2023-03-09 15:48:00,HBAN,13.779999732971191,13.779999732971191,13.789999961853027,13.770000457763672,13.779999732971191,251908.0
2023-03-09 15:48:00,HBANP,18.920000076293945,18.920000076293945,18.920000076293945,18.920000076293945,18.920000076293945,662.0
2023-03-09 15:48:00,HBNC,13.789999961853027,13.789999961853027,13.789999961853027,13.779999732971191,13.779999732971191,1548.0
2023-03-09 15:48:00,HBT,21.770000457763672,21.770000457763672,21.770000457763672,21.770000457763672,21.770000457763672,638.0
2023-03-09 15:48:00,HFWA,24.40999984741211,24.40999984741211,24.440000534057617,24.40999984741211,24.43000030517578,2006.0
2023-03-09 15:48:00,HIVE,2.3550000190734863,2.3550000190734863,2.3550000190734863,2.3524999618530273,2.3550000190734863,517.0
2023-03-09 15:48:00,HLNE,73.66000366210938,73.66000366210938,73.70999908447266,73.54499816894531,73.54499816894531,2772.0
2023-03-09 15:48:00,HMST,22.219999313354492,22.219999313354492,22.309999465942383,22.219999313354492,22.239999771118164,1095.0
2023-03-09 15:48:00,HONE,12.625,12.625,12.630000114440918,12.609999656677246,12.609999656677246,2194.0
2023-03-09 15:48:00,HOPE,11.704999923706055,11.704999923706055,11.710000038146973,11.6899995803833,11.6899995803833,4117.0
2023-03-09 15:48:00,HTBI,27.655000686645508,27.655000686645508,27.670000076293945,27.639999389648438,27.639999389648438,1286.0
2023-03-09 15:48:00,HTBK,10.800000190734863,10.800000190734863,10.800000190734863,10.779999732971191,10.779999732971191,1630.0
2023-03-09 15:48:00,HTLF,45.349998474121094,45.349998474121094,45.349998474121094,45.31999969482422,45.31999969482422,800.0
2023-03-09 15:48:00,HUT,1.2800999879837036,1.2800999879837036,1.2898999452590942,1.2799999713897705,1.2800999879837036,4427.0
2023-03-09 15:48:00,HWC,43.48500061035156,43.48500061035156,43.505001068115234,43.43000030517578,43.43000030517578,4713.0
2023-03-09 15:48:00,IBCP,20.489999771118164,20.489999771118164,20.489999771118164,20.489999771118164,20.489999771118164,481.0
2023-03-09 15:48:00,IBKR,85.48999786376953,85.48999786376953,85.48999786376953,85.38999938964844,85.43000030517578,5489.0
2023-03-09 15:48:00,IBOC,44.790000915527344,44.790000915527344,44.81999969482422,44.779998779296875,44.779998779296875,1731.0
2023-03-09 15:48:00,IBTX,52.36000061035156,52.36000061035156,52.36000061035156,52.31999969482422,52.31999969482422,1511.0
2023-03-09 15:48:00,INBK,23.25,23.25,23.25,23.25,23.25,393.0
2023-03-09 15:48:00,INDB,71.44999694824219,71.44999694824219,71.45999908447266,71.38999938964844,71.38999938964844,2589.0
2023-03-09 15:49:00,ABCB,42.38999938964844,42.38999938964844,42.435001373291016,42.369998931884766,42.435001373291016,2851.0
2023-03-09 15:49:00,ACGL,68.52999877929688,68.52999877929688,68.55000305175781,68.51499938964844,68.54000091552734,11513.0
2023-03-09 15:49:00,ACT,23.59000015258789,23.59000015258789,23.59000015258789,23.56999969482422,23.579999923706055,490.0
2023-03-09 15:49:00,AMAL,21.014999389648438,21.014999389648438,21.020000457763672,21.014999389648438,21.020000457763672,584.0
2023-03-09 15:49:00,AMRK,28.010000228881836,28.010000228881836,28.049999237060547,28.010000228881836,28.049999237060547,1984.0
2023-03-09 15:49:00,AMSF,51.27000045776367,51.27000045776367,51.27000045776367,51.27000045776367,51.27000045776367,375.0
2023-03-09 15:49:00,AMTB,25.389999389648438,25.389999389648438,25.399999618530273,25.389999389648438,25.389999389648438,1279.0
2023-03-09 15:49:00,APLD,2.0399999618530273,2.0399999618530273,2.059999942779541,2.0350000858306885,2.049999952316284,5206.0
2023-03-09 15:49:00,ARBK,1.3600000143051147,1.3600000143051147,1.3997999429702759,1.3600000143051147,1.3997999429702759,1121.0
2023-03-09 15:49:00,ARCC,18.5,18.5,18.514999389648438,18.5,18.510000228881836,30067.0
2023-03-09 15:49:00,ATLO,23.360000610351562,23.360000610351562,23.360000610351562,23.360000610351562,23.360000610351562,102.0
2023-03-09 15:49:00,AUB,36.31999969482422,36.31999969482422,36.31999969482422,36.2400016784668,36.255001068115234,4466.0
2023-03-09 15:49:00,BANF,85.38999938964844,85.38999938964844,85.38999938964844,85.37999725341797,85.37999725341797,592.0
2023-03-09 15:49:00,BANR,56.93000030517578,56.93000030517578,56.970001220703125,56.93000030517578,56.959999084472656,1406.0
2023-03-09 15:49:00,BCBP,15.670000076293945,15.670000076293945,15.670000076293945,15.670000076293945,15.670000076293945,171.0
2023-03-09 15:49:00,BFST,18.489999771118164,18.489999771118164,18.489999771118164,18.489999771118164,18.489999771118164,958.0
2023-03-09 15:49:00,BGCP,4.954999923706055,4.954999923706055,4.954999923706055,4.949999809265137,4.949999809265137,7764.0
2023-03-09 15:49:00,BHF,51.625,51.625,51.68000030517578,51.619998931884766,51.68000030517578,4677.0
2023-03-09 15:49:00,BHFAO,24.320600509643555,24.320600509643555,24.320600509643555,24.320600509643555,24.320600509643555,715.0
2023-03-09 15:49:00,BHFAP,23.829999923706055,23.829999923706055,23.829999923706055,23.829999923706055,23.829999923706055,100.0
2023-03-09 15:49:00,BKCC,3.5850000381469727,3.5850000381469727,3.5850000381469727,3.5850000381469727,3.5850000381469727,904.0
2023-03-09 15:49:00,BLFY,11.210000038146973,11.210000038146973,11.225000381469727,11.210000038146973,11.210000038146973,1498.0
2023-03-09 15:49:00,BMRC,27.079999923706055,27.079999923706055,27.110000610351562,27.06999969482422,27.06999969482422,1598.0
2023-03-09 15:49:00,BOKF,95.19000244140625,95.19000244140625,95.19000244140625,95.19000244140625,95.19000244140625,1409.0
2023-03-09 15:49:00,BPOP,61.95500183105469,61.95500183105469,61.970001220703125,61.88999938964844,61.95000076293945,7072.0
2023-03-09 15:49:00,BRKL,11.545000076293945,11.545000076293945,11.545000076293945,11.53499984741211,11.545000076293945,2658.0
2023-03-09 15:49:00,BRP,25.110000610351562,25.110000610351562,25.110000610351562,25.110000610351562,25.110000610351562,755.0
2023-03-09 15:49:00,BSRR,19.190000534057617,19.190000534057617,19.190000534057617,19.190000534057617,19.190000534057617,315.0
2023-03-09 15:49:00,BTBT,1.0600999593734741,1.0600999593734741,1.0671000480651855,1.059999942779541,1.059999942779541,3607.0
2023-03-09 15:49:00,BUSE,22.479999542236328,22.479999542236328,22.489999771118164,22.479999542236328,22.489999771118164,819.0
2023-03-09 15:49:00,BWB,13.180000305175781,13.180000305175781,13.199999809265137,13.180000305175781,13.1899995803833,675.0
2023-03-09 15:49:00,CACC,428.6400146484375,428.6400146484375,429.4100036621094,428.6400146484375,429.4100036621094,523.0
2023-03-09 15:49:00,CALB,24.459999084472656,24.459999084472656,24.459999084472656,24.43000030517578,24.43000030517578,1072.0
2023-03-09 15:49:00,CARE,16.170000076293945,16.170000076293945,16.170000076293945,16.15999984741211,16.15999984741211,1786.0
2023-03-09 15:49:00,CASH,47.08000183105469,47.08000183105469,47.125,47.08000183105469,47.125,3968.0
2023-03-09 15:49:00,CATC,70.20999908447266,70.20999908447266,70.20999908447266,70.20999908447266,70.20999908447266,276.0
2023-03-09 15:49:00,CATY,38.749900817871094,38.749900817871094,38.75,38.720001220703125,38.7400016784668,3200.0
2023-03-09 15:49:00,CBSH,61.790000915527344,61.790000915527344,61.849998474121094,61.75,61.849998474121094,3336.0
2023-03-09 15:49:00,CCAP,14.710000038146973,14.710000038146973,14.720000267028809,14.6899995803833,14.699999809265137,1445.0
2023-03-09 15:49:00,CCBG,32.79999923706055,32.79999923706055,32.79999923706055,32.79999923706055,32.79999923706055,246.0
2023-03-09 15:49:00,CCD,22.799999237060547,22.799999237060547,22.799999237060547,22.720399856567383,22.720399856567383,2023.0
2023-03-09 15:49:00,CCNE,22.559999465942383,22.559999465942383,22.559999465942383,22.559999465942383,22.559999465942383,409.0
2023-03-09 15:49:00,CFB,12.260000228881836,12.260000228881836,12.260000228881836,12.260000228881836,12.260000228881836,209.0
2023-03-09 15:49:00,CFFN,7.489999771118164,7.489999771118164,7.489999771118164,7.485000133514404,7.489999771118164,3402.0
2023-03-09 15:49:00,CG,33.21500015258789,33.21500015258789,33.2400016784668,33.20500183105469,33.21500015258789,34276.0
2023-03-09 15:49:00,CGBD,14.84000015258789,14.84000015258789,14.84000015258789,14.829999923706055,14.829999923706055,411.0
2023-03-09 15:49:00,CGO,9.748200416564941,9.748200416564941,9.748200416564941,9.748200416564941,9.748200416564941,233.0
2023-03-09 15:49:00,CHCO,91.33000183105469,91.33000183105469,91.44999694824219,91.33000183105469,91.44999694824219,1336.0
2023-03-09 15:49:00,CHY,12.09000015258789,12.09000015258789,12.097299575805664,12.09000015258789,12.09000015258789,356.0
2023-03-09 15:49:00,CIFR,1.4199999570846558,1.4199999570846558,1.4199999570846558,1.4199999570846558,1.4199999570846558,3500.0
2023-03-09 15:49:00,CINF,115.27999877929688,115.27999877929688,115.27999877929688,115.22000122070312,115.26000213623047,2973.0
2023-03-09 15:49:00,CLBK,19.660999298095703,19.660999298095703,19.660999298095703,19.660999298095703,19.660999298095703,131.0
2023-03-09 15:49:00,CME,177.9600067138672,177.9600067138672,178.00979614257812,177.84500122070312,177.89999389648438,10690.0
2023-03-09 15:49:00,CNOB,22.040000915527344,22.040000915527344,22.040000915527344,22.030000686645508,22.030000686645508,962.0
2023-03-09 15:49:00,COFS,28.170000076293945,28.170000076293945,28.170000076293945,28.0,28.0,231.0
2023-03-09 15:49:00,COLB,24.709999084472656,24.709999084472656,24.7450008392334,24.709999084472656,24.729999542236328,18992.0
2023-03-09 15:49:00,COOP,43.935001373291016,43.935001373291016,43.939998626708984,43.900001525878906,43.93000030517578,5294.0
2023-03-09 15:49:00,CRVL,177.30999755859375,177.30999755859375,177.30999755859375,177.30999755859375,177.30999755859375,542.0
2023-03-09 15:49:00,CSQ,13.699999809265137,13.699999809265137,13.699999809265137,13.699399948120117,13.699999809265137,578.0
2023-03-09 15:49:00,CSTR,15.069999694824219,15.069999694824219,15.069999694824219,15.069999694824219,15.069999694824219,722.0
2023-03-09 15:49:00,CSWC,18.086599349975586,18.086599349975586,18.08989906311035,18.079999923706055,18.08989906311035,1155.0
2023-03-09 15:49:00,CTBI,40.29999923706055,40.29999923706055,40.41999816894531,40.29999923706055,40.41999816894531,568.0
2023-03-09 15:49:00,CVBF,21.479999542236328,21.479999542236328,21.4950008392334,21.469999313354492,21.4950008392334,2362.0
2023-03-09 15:49:00,CVCY,24.09000015258789,24.09000015258789,24.31999969482422,24.09000015258789,24.309999465942383,4974.0
2023-03-09 15:49:00,CZNC,22.065000534057617,22.065000534057617,22.065000534057617,22.065000534057617,22.065000534057617,2965.0
2023-03-09 15:49:00,DCOM,29.520000457763672,29.520000457763672,29.53499984741211,29.489999771118164,29.53499984741211,3903.0
2023-03-09 15:49:00,DCOMP,18.649999618530273,18.649999618530273,18.649999618530273,18.649999618530273,18.649999618530273,592.0
2023-03-09 15:49:00,DGICA,15.0600004196167,15.0600004196167,15.0600004196167,15.0600004196167,15.0600004196167,102.0
2023-03-09 15:49:00,DWAC,14.024999618530273,14.024999618530273,14.024999618530273,14.024999618530273,14.024999618530273,317.0
2023-03-09 15:49:00,EBC,14.295000076293945,14.295000076293945,14.3100004196167,14.289999961853027,14.300000190734863,10029.0
2023-03-09 15:49:00,ECPG,49.9900016784668,49.9900016784668,50.02000045776367,49.9900016784668,50.02000045776367,1804.0
2023-03-09 15:49:00,EFSC,51.04999923706055,51.04999923706055,51.119998931884766,51.04999923706055,51.119998931884766,783.0
2023-03-09 15:49:00,EGBN,40.029998779296875,40.029998779296875,40.08000183105469,40.02000045776367,40.08000183105469,1770.0
2023-03-09 15:49:00,EHTH,8.545000076293945,8.545000076293945,8.569999694824219,8.545000076293945,8.569999694824219,6901.0
2023-03-09 15:49:00,EQBK,28.030000686645508,28.030000686645508,28.040000915527344,28.030000686645508,28.040000915527344,629.0
2023-03-09 15:49:00,ESGR,230.1999969482422,230.1999969482422,230.56500244140625,230.1999969482422,230.56500244140625,781.0
2023-03-09 15:49:00,EWBC,66.95999908447266,66.95999908447266,67.05000305175781,66.91999816894531,67.05000305175781,10073.0
2023-03-09 15:49:00,EZPW,8.729999542236328,8.729999542236328,8.729999542236328,8.720000267028809,8.729999542236328,4012.0
2023-03-09 15:49:00,FBMS,28.6200008392334,28.6200008392334,28.774999618530273,28.6200008392334,28.774999618530273,14322.0
2023-03-09 15:49:00,FBNC,38.66999816894531,38.66999816894531,38.709999084472656,38.650001525878906,38.709999084472656,2050.0
2023-03-09 15:49:00,FCFS,88.25,88.25,88.25,88.2300033569336,88.25,1553.0
2023-03-09 15:49:00,FCNCA,643.7899780273438,643.7899780273438,644.2249755859375,643.7899780273438,644.2249755859375,1510.0
2023-03-09 15:49:00,FCRD,4.53000020980835,4.53000020980835,4.53000020980835,4.53000020980835,4.53000020980835,200.0
2023-03-09 15:49:00,FDUS,19.899999618530273,19.899999618530273,19.899999618530273,19.899999618530273,19.899999618530273,115.0
2023-03-09 15:49:00,FFBC,22.15999984741211,22.15999984741211,22.184999465942383,22.15999984741211,22.184999465942383,1767.0
2023-03-09 15:49:00,FFIC,17.1299991607666,17.1299991607666,17.1299991607666,17.1299991607666,17.1299991607666,647.0
2023-03-09 15:49:00,FFIN,33.380001068115234,33.380001068115234,33.40999984741211,33.35499954223633,33.40999984741211,2595.0
2023-03-09 15:49:00,FFWM,12.800000190734863,12.800000190734863,12.8100004196167,12.795000076293945,12.8100004196167,1890.0
2023-03-09 15:49:00,FHB,23.940000534057617,23.940000534057617,23.950000762939453,23.920000076293945,23.950000762939453,4909.0
2023-03-09 15:49:00,FIBK,32.02000045776367,32.02000045776367,32.040000915527344,32.0099983215332,32.040000915527344,3768.0
2023-03-09 15:49:00,FISI,23.079999923706055,23.079999923706055,23.079999923706055,23.079999923706055,23.079999923706055,374.0
2023-03-09 15:49:00,FITB,31.760000228881836,31.760000228881836,31.770000457763672,31.739999771118164,31.760000228881836,20831.0
2023-03-09 15:49:00,FITBP,24.079999923706055,24.079999923706055,24.079999923706055,24.079999923706055,24.079999923706055,120.0
2023-03-09 15:49:00,FLIC,16.079999923706055,16.079999923706055,16.079999923706055,16.079999923706055,16.079999923706055,207.0
2023-03-09 15:49:00,FOCS,51.52000045776367,51.52000045776367,51.540000915527344,51.51499938964844,51.529998779296875,9315.0
2023-03-09 15:49:00,FRBK,1.6672999858856201,1.6672999858856201,1.6749999523162842,1.6672999858856201,1.6699999570846558,3314.0
2023-03-09 15:49:00,FRME,37.22999954223633,37.22999954223633,37.22999954223633,37.22999954223633,37.22999954223633,711.0
2023-03-09 15:49:00,FRST,10.6899995803833,10.6899995803833,10.6899995803833,10.65999984741211,10.65999984741211,529.0
2023-03-09 15:49:00,FULT,15.579999923706055,15.579999923706055,15.600000381469727,15.574999809265137,15.595000267028809,6787.0
2023-03-09 15:49:00,FUND,8.380000114440918,8.380000114440918,8.380000114440918,8.380000114440918,8.380000114440918,216.0
2023-03-09 15:49:00,FUTU,46.06990051269531,46.06990051269531,46.06990051269531,46.005001068115234,46.02000045776367,5273.0
2023-03-09 15:49:00,GABC,35.72999954223633,35.72999954223633,35.72999954223633,35.709999084472656,35.709999084472656,540.0
2023-03-09 15:49:00,GAIN,13.380000114440918,13.380000114440918,13.380000114440918,13.380000114440918,13.380000114440918,552.0
2023-03-09 15:49:00,GBDC,13.199999809265137,13.199999809265137,13.204999923706055,13.199999809265137,13.199999809265137,2375.0
2023-03-09 15:49:00,GCBC,53.099998474121094,53.099998474121094,53.099998474121094,52.90999984741211,52.90999984741211,511.0
2023-03-09 15:49:00,GCMG,8.335000038146973,8.335000038146973,8.335000038146973,8.329999923706055,8.329999923706055,221.0
2023-03-09 15:49:00,GEEXW,0.09309999644756317,0.09309999644756317,0.09309999644756317,0.09000000357627869,0.09000000357627869,1200.0
2023-03-09 15:49:00,GGAA,10.869999885559082,10.869999885559082,10.869999885559082,10.869999885559082,10.869999885559082,104.0
2023-03-09 15:49:00,GGAL,12.588000297546387,12.588000297546387,12.588000297546387,12.569999694824219,12.569999694824219,1092.0
2023-03-09 15:49:00,GLAD,9.72920036315918,9.72920036315918,9.729900360107422,9.72920036315918,9.729900360107422,381.0
2023-03-09 15:49:00,GLRE,10.260000228881836,10.260000228881836,10.260000228881836,10.25,10.260000228881836,814.0
2023-03-09 15:49:00,GREE,0.4090999960899353,0.4090999960899353,0.4090999960899353,0.4090999960899353,0.4090999960899353,520.0
2023-03-09 15:49:00,GSHD,50.85499954223633,50.85499954223633,50.900001525878906,50.810001373291016,50.900001525878906,3723.0
2023-03-09 15:49:00,HAFC,21.690000534057617,21.690000534057617,21.690000534057617,21.684999465942383,21.690000534057617,1076.0
2023-03-09 15:49:00,HBAN,13.78499984741211,13.78499984741211,13.789899826049805,13.779999732971191,13.779999732971191,27773.0
2023-03-09 15:49:00,HBANP,18.920000076293945,18.920000076293945,18.920000076293945,18.920000076293945,18.920000076293945,100.0
2023-03-09 15:49:00,HBNC,13.75,13.75,13.789999961853027,13.75,13.789999961853027,1261.0
2023-03-09 15:49:00,HBT,21.815000534057617,21.815000534057617,21.815000534057617,21.799999237060547,21.799999237060547,493.0
2023-03-09 15:49:00,HFWA,24.3799991607666,24.3799991607666,24.420000076293945,24.3799991607666,24.420000076293945,1366.0
2023-03-09 15:49:00,HIVE,2.3550000190734863,2.3550000190734863,2.3550000190734863,2.352099895477295,2.352099895477295,1693.0
2023-03-09 15:49:00,HLNE,73.73500061035156,73.73500061035156,73.73500061035156,73.73500061035156,73.73500061035156,206.0
2023-03-09 15:49:00,HMST,22.219999313354492,22.219999313354492,22.25,22.219999313354492,22.25,938.0
2023-03-09 15:49:00,HOPE,11.690999984741211,11.690999984741211,11.704999923706055,11.6899995803833,11.704999923706055,4012.0
2023-03-09 15:49:00,HRZN,11.640000343322754,11.640000343322754,11.656499862670898,11.640000343322754,11.650699615478516,1056.0
2023-03-09 15:49:00,HTBI,27.65999984741211,27.65999984741211,27.65999984741211,27.639999389648438,27.639999389648438,2140.0
2023-03-09 15:49:00,HTBK,10.789999961853027,10.789999961853027,10.789999961853027,10.789999961853027,10.789999961853027,570.0
2023-03-09 15:49:00,HTLF,45.27000045776367,45.27000045776367,45.33000183105469,45.27000045776367,45.33000183105469,1029.0
2023-03-09 15:49:00,HUT,1.284999966621399,1.284999966621399,1.2899999618530273,1.2799999713897705,1.280400037765503,8415.0
2023-03-09 15:49:00,HWC,43.43000030517578,43.43000030517578,43.48500061035156,43.40999984741211,43.48500061035156,3473.0
2023-03-09 15:49:00,IBCP,20.469999313354492,20.469999313354492,20.469999313354492,20.469999313354492,20.469999313354492,313.0
2023-03-09 15:49:00,IBKR,85.41999816894531,85.41999816894531,85.4800033569336,85.34500122070312,85.44999694824219,13543.0
2023-03-09 15:49:00,IBOC,44.7599983215332,44.7599983215332,44.79499816894531,44.7599983215332,44.79499816894531,881.0
2023-03-09 15:49:00,IBTX,52.33000183105469,52.33000183105469,52.36000061035156,52.33000183105469,52.36000061035156,546.0
2023-03-09 15:49:00,INBK,23.260000228881836,23.260000228881836,23.260000228881836,23.260000228881836,23.260000228881836,209.0
2023-03-09 15:49:00,INDB,71.38999938964844,71.38999938964844,71.47000122070312,71.38999938964844,71.45999908447266,1625.0
2023-03-09 15:50:00,ABCB,42.459999084472656,42.459999084472656,42.47999954223633,42.369998931884766,42.369998931884766,2969.0
2023-03-09 15:50:00,ACGL,68.5,68.5,68.5199966430664,68.45500183105469,68.5199966430664,25768.0
2023-03-09 15:50:00,ACGLN,18.5,18.5,18.68000030517578,18.5,18.670000076293945,613.0
2023-03-09 15:50:00,ACNB,34.51499938964844,34.51499938964844,34.51499938964844,34.51499938964844,34.51499938964844,101.0
2023-03-09 15:50:00,ACQR,10.208600044250488,10.208600044250488,10.208600044250488,10.208600044250488,10.208600044250488,300.0
2023-03-09 15:50:00,ACT,23.600000381469727,23.600000381469727,23.610000610351562,23.56999969482422,23.56999969482422,2007.0
2023-03-09 15:50:00,AFBI,15.34000015258789,15.34000015258789,15.34000015258789,15.34000015258789,15.34000015258789,139.0
2023-03-09 15:50:00,ALRS,18.670000076293945,18.670000076293945,18.670000076293945,18.670000076293945,18.670000076293945,995.0
2023-03-09 15:50:00,AMAL,21.030000686645508,21.030000686645508,21.030000686645508,21.030000686645508,21.030000686645508,202.0
2023-03-09 15:50:00,AMRK,27.940000534057617,27.940000534057617,28.010000228881836,27.940000534057617,28.010000228881836,2858.0
2023-03-09 15:50:00,AMSF,51.45000076293945,51.45000076293945,51.45000076293945,51.40999984741211,51.40999984741211,1366.0
2023-03-09 15:50:00,AMTB,25.42180061340332,25.42180061340332,25.43000030517578,25.389999389648438,25.399999618530273,1995.0
2023-03-09 15:50:00,APLD,2.0601000785827637,2.0601000785827637,2.0601000785827637,2.0350000858306885,2.0350000858306885,7766.0
2023-03-09 15:50:00,APXIW,0.10655000060796738,0.10655000060796738,0.10655000060796738,0.08900000154972076,0.08900000154972076,2480.0
2023-03-09 15:50:00,ARBK,1.363800048828125,1.363800048828125,1.399999976158142,1.363800048828125,1.392300009727478,660.0
2023-03-09 15:50:00,ARCC,18.503000259399414,18.503000259399414,18.510000228881836,18.5,18.5049991607666,23576.0
2023-03-09 15:50:00,ATLO,23.40999984741211,23.40999984741211,23.40999984741211,23.40999984741211,23.40999984741211,116.0
2023-03-09 15:50:00,AUB,36.380001068115234,36.380001068115234,36.380001068115234,36.2400016784668,36.2400016784668,13205.0
2023-03-09 15:50:00,BANF,85.48999786376953,85.48999786376953,85.48999786376953,85.48999786376953,85.48999786376953,405.0
2023-03-09 15:50:00,BANR,56.959999084472656,56.959999084472656,56.959999084472656,56.8650016784668,56.869998931884766,1726.0
2023-03-09 15:50:00,BFST,18.479999542236328,18.479999542236328,18.479999542236328,18.479999542236328,18.479999542236328,397.0
2023-03-09 15:50:00,BGCP,4.954999923706055,4.954999923706055,4.960000038146973,4.949999809265137,4.954999923706055,60638.0
2023-03-09 15:50:00,BHF,51.689998626708984,51.689998626708984,51.709999084472656,51.619998931884766,51.65999984741211,5491.0
2023-03-09 15:50:00,BHFAP,23.829999923706055,23.829999923706055,23.84819984436035,23.829999923706055,23.84819984436035,1600.0
2023-03-09 15:50:00,BITF,0.7128999829292297,0.7128999829292297,0.7128999829292297,0.7128999829292297,0.7128999829292297,541.0
2023-03-09 15:50:00,BKCC,3.569999933242798,3.569999933242798,3.5799999237060547,3.569999933242798,3.569999933242798,4701.0
2023-03-09 15:50:00,BMRC,27.139999389648438,27.139999389648438,27.139999389648438,27.0,27.0,838.0
2023-03-09 15:50:00,BOKF,95.26000213623047,95.26000213623047,95.29000091552734,95.08000183105469,95.0999984741211,2199.0
2023-03-09 15:50:00,BPOP,62.0099983215332,62.0099983215332,62.060001373291016,61.93000030517578,61.93000030517578,5103.0
2023-03-09 15:50:00,BPRN,33.810001373291016,33.810001373291016,33.810001373291016,33.810001373291016,33.810001373291016,308.0
2023-03-09 15:50:00,BRKL,11.545000076293945,11.545000076293945,11.550000190734863,11.529999732971191,11.539999961853027,4856.0
2023-03-09 15:50:00,BRP,25.09000015258789,25.09000015258789,25.139999389648438,25.079999923706055,25.100000381469727,2561.0
2023-03-09 15:50:00,BSRR,19.190000534057617,19.190000534057617,19.190000534057617,19.190000534057617,19.190000534057617,684.0
2023-03-09 15:50:00,BTBT,1.059999942779541,1.059999942779541,1.0604000091552734,1.059999942779541,1.059999942779541,1361.0
2023-03-09 15:50:00,BUSE,22.520000457763672,22.520000457763672,22.520000457763672,22.479999542236328,22.479999542236328,1598.0
2023-03-09 15:50:00,BWB,13.194999694824219,13.194999694824219,13.199999809265137,13.170000076293945,13.1850004196167,1925.0
2023-03-09 15:50:00,BYFC,1.2000000476837158,1.2000000476837158,1.2000000476837158,1.2000000476837158,1.2000000476837158,115.0
2023-03-09 15:50:00,CAC,38.93000030517578,38.93000030517578,38.93000030517578,38.900001525878906,38.900001525878906,1229.0
2023-03-09 15:50:00,CACC,428.9549865722656,428.9549865722656,428.9549865722656,428.9549865722656,428.9549865722656,254.0
2023-03-09 15:50:00,CARE,16.155000686645508,16.155000686645508,16.15999984741211,16.139999389648438,16.15999984741211,1256.0
2023-03-09 15:50:00,CARV,4.389999866485596,4.389999866485596,4.407299995422363,4.389999866485596,4.389999866485596,500.0
2023-03-09 15:50:00,CASH,47.084999084472656,47.084999084472656,47.09000015258789,47.060001373291016,47.060001373291016,1247.0
2023-03-09 15:50:00,CATY,38.7599983215332,38.7599983215332,38.7599983215332,38.7599983215332,38.7599983215332,572.0
2023-03-09 15:50:00,CBNK,18.729999542236328,18.729999542236328,18.729999542236328,18.729999542236328,18.729999542236328,118.0
2023-03-09 15:50:00,CBSH,61.81999969482422,61.81999969482422,61.81999969482422,61.70000076293945,61.7400016784668,4868.0
2023-03-09 15:50:00,CCAP,14.75,14.75,14.75,14.729999542236328,14.729999542236328,834.0
2023-03-09 15:50:00,CCB,42.1150016784668,42.1150016784668,42.1150016784668,42.1150016784668,42.1150016784668,678.0
2023-03-09 15:50:00,CCBG,32.880001068115234,32.880001068115234,32.88999938964844,32.869998931884766,32.869998931884766,1063.0
2023-03-09 15:50:00,CFB,12.239999771118164,12.239999771118164,12.239999771118164,12.239999771118164,12.239999771118164,304.0
2023-03-09 15:50:00,CFFN,7.5,7.5,7.5,7.489999771118164,7.489999771118164,1992.0
2023-03-09 15:50:00,CG,33.2599983215332,33.2599983215332,33.290000915527344,33.19499969482422,33.209999084472656,60842.0
2023-03-09 15:50:00,CGBD,14.845000267028809,14.845000267028809,14.845000267028809,14.829999923706055,14.84000015258789,2056.0
2023-03-09 15:50:00,CHCO,91.44000244140625,91.44000244140625,91.44000244140625,91.43000030517578,91.43000030517578,457.0
2023-03-09 15:50:00,CHEAU,10.510000228881836,10.510000228881836,10.510000228881836,10.510000228881836,10.510000228881836,200.0
2023-03-09 15:50:00,CHI,11.79800033569336,11.79800033569336,11.79800033569336,11.789999961853027,11.789999961853027,320.0
2023-03-09 15:50:00,CHMG,48.96500015258789,48.96500015258789,48.96500015258789,48.96500015258789,48.96500015258789,154.0
2023-03-09 15:50:00,CHW,5.9517998695373535,5.9517998695373535,5.9517998695373535,5.9517998695373535,5.9517998695373535,402.0
2023-03-09 15:50:00,CHY,12.09000015258789,12.09000015258789,12.09000015258789,12.09000015258789,12.09000015258789,100.0
2023-03-09 15:50:00,CIFR,1.4199999570846558,1.4199999570846558,1.4291000366210938,1.4199999570846558,1.4291000366210938,1720.0
2023-03-09 15:50:00,CINF,115.29000091552734,115.29000091552734,115.29000091552734,115.16000366210938,115.20999908447266,4405.0
2023-03-09 15:50:00,CLBK,19.68000030517578,19.68000030517578,19.68000030517578,19.655000686645508,19.65999984741211,915.0
2023-03-09 15:50:00,CME,178.1199951171875,178.1199951171875,178.1199951171875,177.88999938964844,177.9199981689453,10319.0
2023-03-09 15:50:00,CNOB,22.06999969482422,22.06999969482422,22.06999969482422,22.059999465942383,22.06999969482422,1945.0
2023-03-09 15:50:00,COLB,24.7450008392334,24.7450008392334,24.75,24.704999923706055,24.709999084472656,17922.0
2023-03-09 15:50:00,COOP,43.94499969482422,43.94499969482422,43.959999084472656,43.880001068115234,43.900001525878906,6895.0
2023-03-09 15:50:00,CPSS,10.475000381469727,10.475000381469727,10.475000381469727,10.319999694824219,10.319999694824219,288.0
2023-03-09 15:50:00,CSQ,13.720000267028809,13.720000267028809,13.720000267028809,13.699999809265137,13.704999923706055,1000.0
2023-03-09 15:50:00,CSTR,15.069999694824219,15.069999694824219,15.069999694824219,15.069999694824219,15.069999694824219,467.0
2023-03-09 15:50:00,CSWC,18.09819984436035,18.09819984436035,18.09819984436035,18.079999923706055,18.08989906311035,1771.0
2023-03-09 15:50:00,CTBI,40.39500045776367,40.39500045776367,40.40999984741211,40.33000183105469,40.33000183105469,830.0
2023-03-09 15:50:00,CVBF,21.479999542236328,21.479999542236328,21.479999542236328,21.450000762939453,21.469999313354492,12475.0
2023-03-09 15:50:00,CVCY,24.15999984741211,24.15999984741211,24.209999084472656,24.06999969482422,24.06999969482422,2165.0
2023-03-09 15:50:00,DCOM,29.56999969482422,29.56999969482422,29.56999969482422,29.519699096679688,29.520000457763672,3674.0
2023-03-09 15:50:00,DGICA,15.0649995803833,15.0649995803833,15.0649995803833,15.020000457763672,15.0649995803833,1044.0
2023-03-09 15:50:00,DHIL,170.1999969482422,170.1999969482422,170.1999969482422,170.1999969482422,170.1999969482422,146.0
2023-03-09 15:50:00,DNAB,10.199999809265137,10.199999809265137,10.199999809265137,10.199999809265137,10.199999809265137,100.0
2023-03-09 15:50:00,DNAD,10.1899995803833,10.1899995803833,10.1899995803833,10.1899995803833,10.1899995803833,100.0
2023-03-09 15:50:00,DWAC,14.029999732971191,14.029999732971191,14.029999732971191,14.020000457763672,14.020999908447266,3973.0
2023-03-09 15:50:00,EBC,14.300000190734863,14.300000190734863,14.300000190734863,14.28499984741211,14.289999961853027,8408.0
2023-03-09 15:50:00,EBTC,33.59000015258789,33.59000015258789,33.59000015258789,33.310001373291016,33.310001373291016,905.0
2023-03-09 15:50:00,ECPG,50.040000915527344,50.040000915527344,50.040000915527344,50.02000045776367,50.02000045776367,1332.0
2023-03-09 15:50:00,EFSC,51.119998931884766,51.119998931884766,51.119998931884766,51.119998931884766,51.119998931884766,667.0
2023-03-09 15:50:00,EGBN,40.04999923706055,40.04999923706055,40.04999923706055,40.04999923706055,40.04999923706055,398.0
2023-03-09 15:50:00,EHTH,8.569999694824219,8.569999694824219,8.569999694824219,8.539999961853027,8.545000076293945,2997.0
2023-03-09 15:50:00,ESGR,231.0399932861328,231.0399932861328,231.0399932861328,230.6699981689453,230.6699981689453,2393.0
2023-03-09 15:50:00,ESQ,40.7599983215332,40.7599983215332,40.78099822998047,40.7599983215332,40.78099822998047,1275.0
2023-03-09 15:50:00,ESSA,18.704999923706055,18.704999923706055,18.704999923706055,18.704999923706055,18.704999923706055,295.0
2023-03-09 15:50:00,EWBC,67.08999633789062,67.08999633789062,67.08999633789062,66.91000366210938,66.91000366210938,10554.0
2023-03-09 15:50:00,EZPW,8.734999656677246,8.734999656677246,8.739999771118164,8.725000381469727,8.725000381469727,3703.0
2023-03-09 15:50:00,FBIZ,33.290000915527344,33.290000915527344,33.29999923706055,33.290000915527344,33.29999923706055,426.0
2023-03-09 15:50:00,FBMS,28.677000045776367,28.677000045776367,28.677000045776367,28.649999618530273,28.655000686645508,822.0
2023-03-09 15:50:00,FBNC,38.709999084472656,38.709999084472656,38.709999084472656,38.619998931884766,38.63999938964844,6246.0
2023-03-09 15:50:00,FCFS,88.3499984741211,88.3499984741211,88.3499984741211,88.30000305175781,88.30999755859375,2129.0
2023-03-09 15:50:00,FCNCA,644.530029296875,644.530029296875,644.530029296875,644.219970703125,644.3599853515625,1932.0
2023-03-09 15:50:00,FCNCO,21.27199935913086,21.27199935913086,21.34000015258789,21.270000457763672,21.290000915527344,2061.0
2023-03-09 15:50:00,FCRD,4.53000020980835,4.53000020980835,4.53000020980835,4.53000020980835,4.53000020980835,300.0
2023-03-09 15:50:00,FFBC,22.200000762939453,22.200000762939453,22.200000762939453,22.15999984741211,22.15999984741211,2349.0
2023-03-09 15:50:00,FFIC,17.18000030517578,17.18000030517578,17.18000030517578,17.149999618530273,17.149999618530273,1511.0
2023-03-09 15:50:00,FFIN,33.44499969482422,33.44499969482422,33.44499969482422,33.380001068115234,33.380001068115234,3179.0
2023-03-09 15:50:00,FFWM,12.8100004196167,12.8100004196167,12.8100004196167,12.8100004196167,12.8100004196167,1329.0
2023-03-09 15:50:00,FHB,23.96500015258789,23.96500015258789,23.969999313354492,23.920000076293945,23.920000076293945,5763.0
2023-03-09 15:50:00,FIAC,10.350000381469727,10.350000381469727,10.350000381469727,10.350000381469727,10.350000381469727,200.0
2023-03-09 15:50:00,FIBK,32.029998779296875,32.029998779296875,32.040000915527344,31.969999313354492,32.02000045776367,9476.0
2023-03-09 15:50:00,FITB,31.834999084472656,31.834999084472656,31.834999084472656,31.739999771118164,31.75,68604.0
2023-03-09 15:50:00,FITBI,25.09000015258789,25.09000015258789,25.09000015258789,25.06999969482422,25.06999969482422,502.0
2023-03-09 15:50:00,FITBP,24.079999923706055,24.079999923706055,24.079999923706055,24.079999923706055,24.079999923706055,202.0
2023-03-09 15:50:00,FLIC,16.094999313354492,16.094999313354492,16.094999313354492,16.049999237060547,16.065000534057617,5741.0
2023-03-09 15:50:00,FMNB,13.1899995803833,13.1899995803833,13.1899995803833,13.170000076293945,13.170000076293945,2271.0
2023-03-09 15:50:00,FNCB,7.25,7.25,7.25,7.25,7.25,634.0
2023-03-09 15:50:00,FOCS,51.470001220703125,51.470001220703125,51.529998779296875,51.45000076293945,51.51499938964844,65693.0
2023-03-09 15:50:00,FRBK,1.6682000160217285,1.6682000160217285,1.6699999570846558,1.659999966621399,1.6649999618530273,3353.0
2023-03-09 15:50:00,FRHC,71.55999755859375,71.55999755859375,71.55999755859375,71.55999755859375,71.55999755859375,617.0
2023-03-09 15:50:00,FRME,37.279998779296875,37.279998779296875,37.279998779296875,37.279998779296875,37.279998779296875,649.0
2023-03-09 15:50:00,FRST,10.729999542236328,10.729999542236328,10.729999542236328,10.729999542236328,10.729999542236328,295.0
2023-03-09 15:50:00,FSBW,33.209999084472656,33.209999084472656,33.209999084472656,33.209999084472656,33.209999084472656,126.0
2023-03-09 15:50:00,FSEA,9.8100004196167,9.8100004196167,9.8100004196167,9.8100004196167,9.8100004196167,451.0
2023-03-09 15:50:00,FULT,15.59000015258789,15.59000015258789,15.59000015258789,15.5600004196167,15.579999923706055,13288.0
2023-03-09 15:50:00,FUTU,46.09339904785156,46.09339904785156,46.095001220703125,46.02000045776367,46.029998779296875,6876.0
2023-03-09 15:50:00,FVCB,13.279999732971191,13.279999732971191,13.329999923706055,13.199999809265137,13.210000038146973,4613.0
2023-03-09 15:50:00,FXNC,18.88990020751953,18.88990020751953,18.88990020751953,18.88990020751953,18.88990020751953,110.0
2023-03-09 15:50:00,GABC,35.72999954223633,35.72999954223633,35.72999954223633,35.65999984741211,35.65999984741211,960.0
2023-03-09 15:50:00,GAIN,13.40999984741211,13.40999984741211,13.40999984741211,13.399999618530273,13.40999984741211,751.0
2023-03-09 15:50:00,GBDC,13.1899995803833,13.1899995803833,13.199999809265137,13.1899995803833,13.199999809265137,7724.0
2023-03-09 15:50:00,GCBC,53.29999923706055,53.29999923706055,53.29999923706055,53.27000045776367,53.27000045776367,382.0
2023-03-09 15:50:00,GCMG,8.345000267028809,8.345000267028809,8.345000267028809,8.335000038146973,8.335000038146973,774.0
2023-03-09 15:50:00,GENQ,10.53499984741211,10.53499984741211,10.53499984741211,10.500100135803223,10.500100135803223,280.0
2023-03-09 15:50:00,GGAL,12.570099830627441,12.570099830627441,12.59000015258789,12.570099830627441,12.59000015258789,561.0
2023-03-09 15:50:00,GHIX,10.050000190734863,10.050000190734863,10.050000190734863,10.050000190734863,10.050000190734863,340.0
2023-03-09 15:50:00,GLAD,9.739399909973145,9.739399909973145,9.739399909973145,9.729999542236328,9.729999542236328,1639.0
2023-03-09 15:50:00,GLRE,10.289999961853027,10.289999961853027,10.289999961853027,10.239999771118164,10.239999771118164,1319.0
2023-03-09 15:50:00,GOCO,18.559999465942383,18.559999465942383,18.559999465942383,18.559999465942383,18.559999465942383,587.0
2023-03-09 15:50:00,GREE,0.41190001368522644,0.41190001368522644,0.4131999909877777,0.40860000252723694,0.4131999909877777,3863.0
2023-03-09 15:50:00,HAFC,21.709999084472656,21.709999084472656,21.709999084472656,21.690000534057617,21.700000762939453,1299.0
2023-03-09 15:50:00,HALL,11.050000190734863,11.050000190734863,11.050000190734863,11.050000190734863,11.050000190734863,1088.0
2023-03-09 15:50:00,HBAN,13.795000076293945,13.795000076293945,13.800000190734863,13.760000228881836,13.78499984741211,256460.0
2023-03-09 15:50:00,HBANM,22.251300811767578,22.251300811767578,22.251300811767578,22.251300811767578,22.251300811767578,172.0
2023-03-09 15:50:00,HBANP,18.920000076293945,18.920000076293945,18.920000076293945,18.920000076293945,18.920000076293945,503.0
2023-03-09 15:50:00,HBNC,13.789999961853027,13.789999961853027,13.789999961853027,13.760000228881836,13.760000228881836,1839.0
2023-03-09 15:50:00,HBT,21.770000457763672,21.770000457763672,21.770000457763672,21.760099411010742,21.770000457763672,1577.0
2023-03-09 15:50:00,HCVI,10.100000381469727,10.100000381469727,10.100000381469727,10.100000381469727,10.100000381469727,200.0
2023-03-09 15:50:00,HFWA,24.450000762939453,24.450000762939453,24.450000762939453,24.40999984741211,24.420000076293945,1952.0
2023-03-09 15:50:00,HGBL,2.450000047683716,2.450000047683716,2.450000047683716,2.450000047683716,2.450000047683716,507.0
2023-03-09 15:50:00,HIVE,2.3610999584198,2.3610999584198,2.3698999881744385,2.359999895095825,2.359999895095825,8949.0
2023-03-09 15:50:00,HLNE,73.81999969482422,73.81999969482422,73.81999969482422,73.75499725341797,73.77999877929688,971.0
2023-03-09 15:50:00,HMST,22.239999771118164,22.239999771118164,22.239999771118164,22.239999771118164,22.239999771118164,989.0
2023-03-09 15:50:00,HONE,12.625,12.625,12.630000114440918,12.614999771118164,12.614999771118164,1430.0
2023-03-09 15:50:00,HOPE,11.710000038146973,11.710000038146973,11.710000038146973,11.680000305175781,11.6899995803833,9677.0
2023-03-09 15:50:00,HRZN,11.670000076293945,11.670000076293945,11.670000076293945,11.640000343322754,11.640000343322754,999.0
2023-03-09 15:50:00,HTBI,27.6200008392334,27.6200008392334,27.6200008392334,27.6200008392334,27.6200008392334,314.0
2023-03-09 15:50:00,HTBK,10.800000190734863,10.800000190734863,10.800000190734863,10.789999961853027,10.789999961853027,1464.0
2023-03-09 15:50:00,HTLF,45.22999954223633,45.22999954223633,45.22999954223633,45.22999954223633,45.22999954223633,591.0
2023-03-09 15:50:00,HUT,1.287500023841858,1.287500023841858,1.2898999452590942,1.284999966621399,1.2897000312805176,2554.0
2023-03-09 15:50:00,HWC,43.4900016784668,43.4900016784668,43.5,43.38999938964844,43.41999816894531,4283.0
2023-03-09 15:50:00,IBCP,20.510000228881836,20.510000228881836,20.510000228881836,20.450000762939453,20.450000762939453,1703.0
2023-03-09 15:50:00,IBKR,85.55999755859375,85.55999755859375,85.66000366210938,85.48999786376953,85.48999786376953,12240.0
2023-03-09 15:50:00,IBOC,44.810001373291016,44.810001373291016,44.849998474121094,44.75,44.75,2757.0
2023-03-09 15:50:00,IBTX,52.43000030517578,52.43000030517578,52.43000030517578,52.380001068115234,52.40999984741211,1953.0
2023-03-09 15:50:00,INDB,71.45999908447266,71.45999908447266,71.45999908447266,71.37999725341797,71.41999816894531,1281.0
2023-03-09 15:51:00,ABCB,42.5,42.5,42.53499984741211,42.470001220703125,42.47999954223633,6317.0
2023-03-09 15:51:00,ACGL,68.45999908447266,68.45999908447266,68.55000305175781,68.45999908447266,68.48999786376953,19813.0
2023-03-09 15:51:00,ACGLN,18.5,18.5,18.5,18.5,18.5,100.0
2023-03-09 15:51:00,ACT,23.639999389648438,23.639999389648438,23.639999389648438,23.639999389648438,23.639999389648438,406.0
2023-03-09 15:51:00,AEAE,10.354999542236328,10.354999542236328,10.354999542236328,10.350000381469727,10.354999542236328,400.0
2023-03-09 15:51:00,AMAL,21.040000915527344,21.040000915527344,21.040000915527344,21.040000915527344,21.040000915527344,409.0
2023-03-09 15:51:00,AMNB,31.209999084472656,31.209999084472656,31.209999084472656,31.209999084472656,31.209999084472656,374.0
2023-03-09 15:51:00,AMRK,27.899999618530273,27.899999618530273,27.955699920654297,27.899999618530273,27.95560073852539,3571.0
2023-03-09 15:51:00,AMSF,51.47999954223633,51.47999954223633,51.5099983215332,51.47999954223633,51.5099983215332,2998.0
2023-03-09 15:51:00,AMTB,25.459999084472656,25.459999084472656,25.459999084472656,25.459999084472656,25.459999084472656,256.0
2023-03-09 15:51:00,APLD,2.0450000762939453,2.0450000762939453,2.059999942779541,2.0399999618530273,2.059999942779541,18157.0
2023-03-09 15:51:00,ARBK,1.3687000274658203,1.3687000274658203,1.3914999961853027,1.3687000274658203,1.3914999961853027,383.0
2023-03-09 15:51:00,ARCC,18.5,18.5,18.51609992980957,18.489999771118164,18.5049991607666,52848.0
2023-03-09 15:51:00,AUB,36.349998474121094,36.349998474121094,36.40999984741211,36.349998474121094,36.40999984741211,36711.0
2023-03-09 15:51:00,BANF,85.5,85.5,85.5,85.5,85.5,670.0
2023-03-09 15:51:00,BANR,56.97999954223633,56.97999954223633,57.0,56.959999084472656,57.0,2344.0
2023-03-09 15:51:00,BFST,18.520000457763672,18.520000457763672,18.520000457763672,18.520000457763672,18.520000457763672,700.0
2023-03-09 15:51:00,BGCP,4.954999923706055,4.954999923706055,4.960000038146973,4.949999809265137,4.954999923706055,11271.0
2023-03-09 15:51:00,BHF,51.720001220703125,51.720001220703125,51.744998931884766,51.70000076293945,51.70000076293945,4589.0
2023-03-09 15:51:00,BHFAM,16.329999923706055,16.329999923706055,16.329999923706055,16.329999923706055,16.329999923706055,102.0
2023-03-09 15:51:00,BHFAN,18.610000610351562,18.610000610351562,18.610000610351562,18.610000610351562,18.610000610351562,250.0
2023-03-09 15:51:00,BHFAO,24.299999237060547,24.299999237060547,24.299999237060547,24.299999237060547,24.299999237060547,200.0
2023-03-09 15:51:00,BHFAP,23.829999923706055,23.829999923706055,23.84000015258789,23.829999923706055,23.84000015258789,200.0
2023-03-09 15:51:00,BITF,0.7179999947547913,0.7179999947547913,0.7179999947547913,0.7129999995231628,0.7129999995231628,5892.0
2023-03-09 15:51:00,BKCC,3.5799999237060547,3.5799999237060547,3.5799999237060547,3.5799999237060547,3.5799999237060547,1343.0
2023-03-09 15:51:00,BMRC,27.139999389648438,27.139999389648438,27.139999389648438,27.139999389648438,27.139999389648438,244.0
2023-03-09 15:51:00,BOKF,95.41000366210938,95.41000366210938,95.41000366210938,95.30000305175781,95.30000305175781,1105.0
2023-03-09 15:51:00,BPOP,62.03499984741211,62.03499984741211,62.09000015258789,62.029998779296875,62.04999923706055,9489.0
2023-03-09 15:51:00,BRKL,11.5649995803833,11.5649995803833,11.5649995803833,11.545000076293945,11.550000190734863,11211.0
2023-03-09 15:51:00,BRP,25.1200008392334,25.1200008392334,25.149999618530273,25.1200008392334,25.145000457763672,1147.0
2023-03-09 15:51:00,BTBT,1.059999942779541,1.059999942779541,1.0700000524520874,1.059999942779541,1.059999942779541,692.0
2023-03-09 15:51:00,BUSE,22.530000686645508,22.530000686645508,22.549999237060547,22.530000686645508,22.530000686645508,1750.0
2023-03-09 15:51:00,BWB,13.202300071716309,13.202300071716309,13.21500015258789,13.194999694824219,13.194999694824219,2427.0
2023-03-09 15:51:00,BYFC,1.2005000114440918,1.2005000114440918,1.2005000114440918,1.2000000476837158,1.2000999450683594,8048.0
2023-03-09 15:51:00,CAC,38.900001525878906,38.900001525878906,38.900001525878906,38.900001525878906,38.900001525878906,681.0
2023-03-09 15:51:00,CACC,430.0,430.0,430.0,430.0,430.0,371.0
2023-03-09 15:51:00,CALB,24.610000610351562,24.610000610351562,24.610000610351562,24.610000610351562,24.610000610351562,274.0
2023-03-09 15:51:00,CARV,4.374199867248535,4.374199867248535,4.374199867248535,4.374199867248535,4.374199867248535,182.0
2023-03-09 15:51:00,CASH,47.189998626708984,47.189998626708984,47.209999084472656,47.13999938964844,47.13999938964844,4286.0
2023-03-09 15:51:00,CATY,38.790000915527344,38.790000915527344,38.84000015258789,38.790000915527344,38.83000183105469,2898.0
2023-03-09 15:51:00,CBAN,11.720000267028809,11.720000267028809,11.720000267028809,11.720000267028809,11.720000267028809,713.0
2023-03-09 15:51:00,CBNK,18.729999542236328,18.729999542236328,18.729999542236328,18.729999542236328,18.729999542236328,334.0
2023-03-09 15:51:00,CBSH,61.82500076293945,61.82500076293945,61.90999984741211,61.81999969482422,61.849998474121094,6290.0
2023-03-09 15:51:00,CCAP,14.760000228881836,14.760000228881836,14.760000228881836,14.760000228881836,14.760000228881836,271.0
2023-03-09 15:51:00,CCB,42.189998626708984,42.189998626708984,42.189998626708984,42.130001068115234,42.130001068115234,436.0
2023-03-09 15:51:00,CCBG,32.95000076293945,32.95000076293945,32.95000076293945,32.95000076293945,32.95000076293945,180.0
2023-03-09 15:51:00,CCNE,22.559999465942383,22.559999465942383,22.559999465942383,22.559999465942383,22.559999465942383,1107.0
2023-03-09 15:51:00,CFB,12.270000457763672,12.270000457763672,12.279999732971191,12.270000457763672,12.270000457763672,1296.0
2023-03-09 15:51:00,CFFN,7.494999885559082,7.494999885559082,7.5,7.494999885559082,7.5,1287.0
2023-03-09 15:51:00,CG,33.244998931884766,33.244998931884766,33.28499984741211,33.244998931884766,33.2599983215332,48473.0
2023-03-09 15:51:00,CGBD,14.84000015258789,14.84000015258789,14.845000267028809,14.84000015258789,14.845000267028809,686.0
2023-03-09 15:51:00,CHMG,48.27000045776367,48.27000045776367,48.45000076293945,48.27000045776367,48.36000061035156,3405.0
2023-03-09 15:51:00,CHW,5.954999923706055,5.954999923706055,5.960000038146973,5.954999923706055,5.960000038146973,1200.0
2023-03-09 15:51:00,CHY,12.09000015258789,12.09000015258789,12.09000015258789,12.09000015258789,12.09000015258789,220.0
2023-03-09 15:51:00,CIFR,1.4292000532150269,1.4292000532150269,1.4292000532150269,1.4199999570846558,1.4199999570846558,11337.0
2023-03-09 15:51:00,CINF,115.26000213623047,115.26000213623047,115.31999969482422,115.26000213623047,115.29000091552734,5977.0
2023-03-09 15:51:00,CME,178.08999633789062,178.08999633789062,178.2100067138672,178.0500030517578,178.11000061035156,16250.0
2023-03-09 15:51:00,CNOB,22.06999969482422,22.06999969482422,22.100000381469727,22.059999465942383,22.06999969482422,2924.0
2023-03-09 15:51:00,COFS,28.0,28.0,28.0,28.0,28.0,123.0
2023-03-09 15:51:00,COLB,24.7450008392334,24.7450008392334,24.770000457763672,24.739999771118164,24.75,28194.0
2023-03-09 15:51:00,COOP,44.0099983215332,44.0099983215332,44.029998779296875,43.940101623535156,43.97999954223633,4437.0
2023-03-09 15:51:00,CSQ,13.729900360107422,13.729900360107422,13.739999771118164,13.720000267028809,13.729999542236328,2251.0
2023-03-09 15:51:00,CSTR,15.0649995803833,15.0649995803833,15.0649995803833,15.0649995803833,15.0649995803833,530.0
2023-03-09 15:51:00,CSWC,18.079999923706055,18.079999923706055,18.104999542236328,18.079999923706055,18.100000381469727,3059.0
2023-03-09 15:51:00,CVBF,21.459999084472656,21.459999084472656,21.5,21.459999084472656,21.469999313354492,10462.0
2023-03-09 15:51:00,CVCY,24.309999465942383,24.309999465942383,24.309999465942383,24.200000762939453,24.200000762939453,1656.0
2023-03-09 15:51:00,CVLY,24.165000915527344,24.165000915527344,24.165000915527344,24.165000915527344,24.165000915527344,326.0
2023-03-09 15:51:00,DCOM,29.575000762939453,29.575000762939453,29.575000762939453,29.56999969482422,29.56999969482422,997.0
2023-03-09 15:51:00,DWAC,14.039999961853027,14.039999961853027,14.039999961853027,14.020099639892578,14.020099639892578,2958.0
2023-03-09 15:51:00,EBC,14.289999961853027,14.289999961853027,14.3149995803833,14.289999961853027,14.300000190734863,9127.0
2023-03-09 15:51:00,ECPG,50.04999923706055,50.04999923706055,50.08000183105469,50.04999923706055,50.08000183105469,1142.0
2023-03-09 15:51:00,EFSC,51.20000076293945,51.20000076293945,51.20000076293945,51.130001068115234,51.130001068115234,1277.0
2023-03-09 15:51:00,EGBN,40.11000061035156,40.11000061035156,40.11000061035156,40.09000015258789,40.09000015258789,1808.0
2023-03-09 15:51:00,EHTH,8.569999694824219,8.569999694824219,8.579999923706055,8.569999694824219,8.579999923706055,1511.0
2023-03-09 15:51:00,EQBK,27.94499969482422,27.94499969482422,27.94499969482422,27.94499969482422,27.94499969482422,312.0
2023-03-09 15:51:00,ERIE,230.89999389648438,230.89999389648438,230.89999389648438,230.89999389648438,230.89999389648438,1383.0
2023-03-09 15:51:00,ESGRP,23.166200637817383,23.166200637817383,23.166200637817383,23.166200637817383,23.166200637817383,391.0
2023-03-09 15:51:00,ESQ,40.75,40.75,40.75,40.75,40.75,631.0
2023-03-09 15:51:00,EWBC,67.06999969482422,67.06999969482422,67.16000366210938,67.05999755859375,67.12000274658203,9450.0
2023-03-09 15:51:00,EZPW,8.734999656677246,8.734999656677246,8.734999656677246,8.729999542236328,8.732500076293945,897.0
2023-03-09 15:51:00,FBMS,28.69499969482422,28.69499969482422,28.69499969482422,28.68000030517578,28.690000534057617,1290.0
2023-03-09 15:51:00,FBNC,38.70000076293945,38.70000076293945,38.7400016784668,38.67499923706055,38.73500061035156,4111.0
2023-03-09 15:51:00,FCFS,88.4000015258789,88.4000015258789,88.43000030517578,88.4000015258789,88.43000030517578,1998.0
2023-03-09 15:51:00,FCNCA,644.0800170898438,644.0800170898438,644.0800170898438,644.0800170898438,644.0800170898438,566.0
2023-03-09 15:51:00,FCRD,4.539999961853027,4.539999961853027,4.539999961853027,4.539999961853027,4.539999961853027,201.0
2023-03-09 15:51:00,FDUS,19.899999618530273,19.899999618530273,19.920000076293945,19.899999618530273,19.899999618530273,1064.0
2023-03-09 15:51:00,FFBC,22.200000762939453,22.200000762939453,22.21500015258789,22.200000762939453,22.21500015258789,2732.0
2023-03-09 15:51:00,FFIC,17.18000030517578,17.18000030517578,17.199800491333008,17.18000030517578,17.18000030517578,3130.0
2023-03-09 15:51:00,FFIN,33.45500183105469,33.45500183105469,33.470001220703125,33.439998626708984,33.459999084472656,2375.0
2023-03-09 15:51:00,FFWM,12.795000076293945,12.795000076293945,12.819999694824219,12.795000076293945,12.819999694824219,1993.0
2023-03-09 15:51:00,FHB,23.950000762939453,23.950000762939453,23.989999771118164,23.950000762939453,23.969999313354492,7514.0
2023-03-09 15:51:00,FIBK,32.02000045776367,32.02000045776367,32.06999969482422,32.02000045776367,32.060001373291016,6899.0
2023-03-09 15:51:00,FITB,31.84600067138672,31.84600067138672,31.8799991607666,31.84000015258789,31.84000015258789,38000.0
2023-03-09 15:51:00,FITBI,25.061100006103516,25.061100006103516,25.061100006103516,25.061100006103516,25.061100006103516,179.0
2023-03-09 15:51:00,FITBO,21.889999389648438,21.889999389648438,21.94499969482422,21.889999389648438,21.90999984741211,3000.0
2023-03-09 15:51:00,FITBP,23.530099868774414,23.530099868774414,23.530099868774414,23.530099868774414,23.530099868774414,234.0
2023-03-09 15:51:00,FLIC,16.1200008392334,16.1200008392334,16.139999389648438,16.110000610351562,16.110000610351562,4581.0
2023-03-09 15:51:00,FMBH,28.170000076293945,28.170000076293945,28.170000076293945,28.149999618530273,28.149999618530273,535.0
2023-03-09 15:51:00,FMIV,10.140000343322754,10.140000343322754,10.149999618530273,10.140000343322754,10.149999618530273,1400.0
2023-03-09 15:51:00,FOCS,51.48500061035156,51.48500061035156,51.48899841308594,51.460201263427734,51.470001220703125,13006.0
2023-03-09 15:51:00,FRBK,1.6698999404907227,1.6698999404907227,1.6699999570846558,1.6649999618530273,1.6649999618530273,1783.0
2023-03-09 15:51:00,FRHC,71.68000030517578,71.68000030517578,71.80999755859375,71.68000030517578,71.70999908447266,1040.0
2023-03-09 15:51:00,FRME,37.310001373291016,37.310001373291016,37.349998474121094,37.310001373291016,37.349998474121094,2611.0
2023-03-09 15:51:00,FRONU,10.180000305175781,10.180000305175781,10.180000305175781,10.180000305175781,10.180000305175781,300.0
2023-03-09 15:51:00,FSBC,25.559999465942383,25.559999465942383,25.559999465942383,25.559999465942383,25.559999465942383,332.0
2023-03-09 15:51:00,FULT,15.585000038146973,15.585000038146973,15.609999656677246,15.585000038146973,15.600000381469727,11039.0
2023-03-09 15:51:00,FUND,8.380000114440918,8.380000114440918,8.380000114440918,8.380000114440918,8.380000114440918,187.0
2023-03-09 15:51:00,FUTU,46.1150016784668,46.1150016784668,46.16999816894531,46.084999084472656,46.099998474121094,11602.0
2023-03-09 15:51:00,FVCB,13.270000457763672,13.270000457763672,13.270000457763672,13.270000457763672,13.270000457763672,115.0
2023-03-09 15:51:00,GABC,35.744998931884766,35.744998931884766,35.744998931884766,35.744998931884766,35.744998931884766,202.0
2023-03-09 15:51:00,GAIN,13.420000076293945,13.420000076293945,13.420000076293945,13.40999984741211,13.40999984741211,4931.0
2023-03-09 15:51:00,GBDC,13.194999694824219,13.194999694824219,13.204999923706055,13.1899995803833,13.194999694824219,6697.0
2023-03-09 15:51:00,GCBC,53.400001525878906,53.400001525878906,53.400001525878906,53.380001068115234,53.380001068115234,208.0
2023-03-09 15:51:00,GCMG,8.345000267028809,8.345000267028809,8.345000267028809,8.345000267028809,8.345000267028809,213.0
2023-03-09 15:51:00,GENQ,10.5,10.5,10.53499984741211,10.5,10.53320026397705,700.0
2023-03-09 15:51:00,GGAA,10.850000381469727,10.850000381469727,10.850000381469727,10.850000381469727,10.850000381469727,201.0
2023-03-09 15:51:00,GGAL,12.59000015258789,12.59000015258789,12.600000381469727,12.579999923706055,12.600000381469727,1116.0
2023-03-09 15:51:00,GLAD,9.748900413513184,9.748900413513184,9.759900093078613,9.748900413513184,9.759900093078613,316.0
2023-03-09 15:51:00,GLRE,10.300000190734863,10.300000190734863,10.300000190734863,10.279999732971191,10.279999732971191,644.0
2023-03-09 15:51:00,GOCO,18.559999465942383,18.559999465942383,18.559999465942383,18.559999465942383,18.559999465942383,102.0
2023-03-09 15:51:00,GREE,0.4131999909877777,0.4131999909877777,0.4131999909877777,0.41190001368522644,0.41190001368522644,2599.0
2023-03-09 15:51:00,GSHD,50.720001220703125,50.720001220703125,50.86000061035156,50.71500015258789,50.86000061035156,2932.0
2023-03-09 15:51:00,HAFC,21.75,21.75,21.75,21.729999542236328,21.729999542236328,1381.0
2023-03-09 15:51:00,HBAN,13.795000076293945,13.795000076293945,13.8100004196167,13.789999961853027,13.795000076293945,152273.0
2023-03-09 15:51:00,HBANP,18.950000762939453,18.950000762939453,18.950000762939453,18.920000076293945,18.920000076293945,300.0
2023-03-09 15:51:00,HBNC,13.760100364685059,13.760100364685059,13.789999961853027,13.760100364685059,13.789999961853027,1406.0
2023-03-09 15:51:00,HBT,21.795000076293945,21.795000076293945,21.795000076293945,21.795000076293945,21.795000076293945,284.0
2023-03-09 15:51:00,HFWA,24.459999084472656,24.459999084472656,24.469999313354492,24.440000534057617,24.46500015258789,1808.0
2023-03-09 15:51:00,HIVE,2.369999885559082,2.369999885559082,2.369999885559082,2.365000009536743,2.369999885559082,2955.0
2023-03-09 15:51:00,HLNE,73.76000213623047,73.76000213623047,73.77999877929688,73.75,73.77999877929688,1273.0
2023-03-09 15:51:00,HMST,22.2450008392334,22.2450008392334,22.260000228881836,22.2450008392334,22.260000228881836,1840.0
2023-03-09 15:51:00,HONE,12.630000114440918,12.630000114440918,12.630000114440918,12.630000114440918,12.630000114440918,776.0
2023-03-09 15:51:00,HOPE,11.710000038146973,11.710000038146973,11.720000267028809,11.710000038146973,11.710000038146973,4766.0
2023-03-09 15:51:00,HRZN,11.670000076293945,11.670000076293945,11.680000305175781,11.662699699401855,11.679900169372559,716.0
2023-03-09 15:51:00,HTBI,27.69499969482422,27.69499969482422,27.69499969482422,27.690000534057617,27.690000534057617,643.0
2023-03-09 15:51:00,HTBK,10.819999694824219,10.819999694824219,10.819999694824219,10.8100004196167,10.8100004196167,1607.0
2023-03-09 15:51:00,HTLF,45.34000015258789,45.34000015258789,45.349998474121094,45.34000015258789,45.349998474121094,1276.0
2023-03-09 15:51:00,HUT,1.284999966621399,1.284999966621399,1.2899999618530273,1.2799999713897705,1.284999966621399,12448.0
2023-03-09 15:51:00,HWC,43.40999984741211,43.40999984741211,43.540000915527344,43.40999984741211,43.540000915527344,6407.0
2023-03-09 15:51:00,IBCP,20.469999313354492,20.469999313354492,20.469999313354492,20.469999313354492,20.469999313354492,263.0
2023-03-09 15:51:00,IBKR,85.57499694824219,85.57499694824219,85.69999694824219,85.54000091552734,85.58499908447266,18745.0
2023-03-09 15:51:00,IBOC,44.90999984741211,44.90999984741211,44.90999984741211,44.86000061035156,44.86000061035156,4532.0
2023-03-09 15:51:00,IBTX,52.439998626708984,52.439998626708984,52.439998626708984,52.439998626708984,52.439998626708984,271.0
2023-03-09 15:51:00,INDB,71.5199966430664,71.5199966430664,71.58000183105469,71.4800033569336,71.49500274658203,4592.0
2023-03-09 15:52:00,ABCB,42.46500015258789,42.46500015258789,42.5099983215332,42.45000076293945,42.5,4016.0
2023-03-09 15:52:00,ACGL,68.44000244140625,68.44000244140625,68.48999786376953,68.41500091552734,68.44999694824219,33212.0
2023-03-09 15:52:00,AEAE,10.350000381469727,10.350000381469727,10.354999542236328,10.350000381469727,10.354999542236328,3100.0
2023-03-09 15:52:00,AFAR,10.430000305175781,10.430000305175781,10.430000305175781,10.40999984741211,10.414999961853027,9670.0
2023-03-09 15:52:00,AMRK,27.899999618530273,27.899999618530273,27.920000076293945,27.850000381469727,27.899999618530273,4089.0
2023-03-09 15:52:00,AMSF,51.4900016784668,51.4900016784668,51.4900016784668,51.4900016784668,51.4900016784668,267.0
2023-03-09 15:52:00,APLD,2.0450000762939453,2.0450000762939453,2.049999952316284,2.0450000762939453,2.0450000762939453,4057.0
2023-03-09 15:52:00,ARCC,18.5049991607666,18.5049991607666,18.5049991607666,18.489999771118164,18.4950008392334,45216.0
2023-03-09 15:52:00,AROW,28.139999389648438,28.139999389648438,28.260000228881836,28.139999389648438,28.260000228881836,470.0
2023-03-09 15:52:00,ATLC,28.399999618530273,28.399999618530273,28.399999618530273,28.399999618530273,28.399999618530273,1221.0
2023-03-09 15:52:00,ATLO,23.3799991607666,23.3799991607666,23.3799991607666,23.3799991607666,23.3799991607666,570.0
2023-03-09 15:52:00,AUB,36.334999084472656,36.334999084472656,36.349998474121094,36.310001373291016,36.349998474121094,5852.0
2023-03-09 15:52:00,BANF,85.47000122070312,85.47000122070312,85.51000213623047,85.47000122070312,85.51000213623047,859.0
2023-03-09 15:52:00,BANR,56.95000076293945,56.95000076293945,57.0,56.91999816894531,56.959999084472656,2955.0
2023-03-09 15:52:00,BCBP,15.670000076293945,15.670000076293945,15.670000076293945,15.654999732971191,15.65999984741211,1447.0
2023-03-09 15:52:00,BCML,19.15999984741211,19.15999984741211,19.15999984741211,19.15999984741211,19.15999984741211,339.0
2023-03-09 15:52:00,BFST,18.5,18.5,18.510000228881836,18.5,18.510000228881836,492.0
2023-03-09 15:52:00,BGCP,4.954999923706055,4.954999923706055,4.960000038146973,4.949999809265137,4.949999809265137,8873.0
2023-03-09 15:52:00,BHF,51.75,51.75,51.75,51.66999816894531,51.70000076293945,5312.0
2023-03-09 15:52:00,BITF,0.7185999751091003,0.7185999751091003,0.7185999751091003,0.7159000039100647,0.7159000039100647,951.0
2023-03-09 15:52:00,BKCC,3.5850000381469727,3.5850000381469727,3.5896999835968018,3.5850000381469727,3.5850000381469727,1847.0
2023-03-09 15:52:00,BMRC,27.104999542236328,27.104999542236328,27.1200008392334,27.100000381469727,27.100000381469727,564.0
2023-03-09 15:52:00,BOKF,95.3499984741211,95.3499984741211,95.3499984741211,95.19499969482422,95.23999786376953,3262.0
2023-03-09 15:52:00,BPAC,10.380000114440918,10.380000114440918,10.390000343322754,10.380000114440918,10.390000343322754,1250.0
2023-03-09 15:52:00,BPOP,62.099998474121094,62.099998474121094,62.119998931884766,61.97999954223633,62.029998779296875,5915.0
2023-03-09 15:52:00,BRKL,11.569999694824219,11.569999694824219,11.569999694824219,11.539999961853027,11.550000190734863,6658.0
2023-03-09 15:52:00,BRP,25.110000610351562,25.110000610351562,25.110000610351562,25.110000610351562,25.110000610351562,507.0
2023-03-09 15:52:00,BSRR,19.190000534057617,19.190000534057617,19.190000534057617,19.190000534057617,19.190000534057617,165.0
2023-03-09 15:52:00,BTBT,1.0676000118255615,1.0676000118255615,1.0676000118255615,1.059999942779541,1.059999942779541,600.0
2023-03-09 15:52:00,BUSE,22.5,22.5,22.520000457763672,22.5,22.520000457763672,686.0
2023-03-09 15:52:00,BWB,13.194999694824219,13.194999694824219,13.199999809265137,13.170000076293945,13.199999809265137,2597.0
2023-03-09 15:52:00,CAC,38.900001525878906,38.900001525878906,38.900001525878906,38.900001525878906,38.900001525878906,476.0
2023-03-09 15:52:00,CARE,16.139999389648438,16.139999389648438,16.139999389648438,16.139999389648438,16.139999389648438,276.0
2023-03-09 15:52:00,CARV,4.374199867248535,4.374199867248535,4.374199867248535,4.374199867248535,4.374199867248535,186.0
2023-03-09 15:52:00,CASH,47.209999084472656,47.209999084472656,47.209999084472656,47.14500045776367,47.16999816894531,2045.0
2023-03-09 15:52:00,CATY,38.77000045776367,38.77000045776367,38.779998779296875,38.72999954223633,38.77000045776367,3091.0
2023-03-09 15:52:00,CBAN,11.720000267028809,11.720000267028809,11.720000267028809,11.710000038146973,11.720000267028809,604.0
2023-03-09 15:52:00,CBNK,18.729999542236328,18.729999542236328,18.729999542236328,18.729999542236328,18.729999542236328,600.0
2023-03-09 15:52:00,CBSH,61.81999969482422,61.81999969482422,61.83000183105469,61.7400016784668,61.79999923706055,5027.0
2023-03-09 15:52:00,CCAP,14.76200008392334,14.76200008392334,14.76200008392334,14.76200008392334,14.76200008392334,125.0
2023-03-09 15:52:00,CCD,22.780000686645508,22.780000686645508,22.809999465942383,22.774999618530273,22.774999618530273,315.0
2023-03-09 15:52:00,CCNE,22.575000762939453,22.575000762939453,22.575000762939453,22.55500030517578,22.559999465942383,1278.0
2023-03-09 15:52:00,CFFN,7.494999885559082,7.494999885559082,7.494999885559082,7.489999771118164,7.494999885559082,1292.0
2023-03-09 15:52:00,CG,33.27000045776367,33.27000045776367,33.275001525878906,33.209999084472656,33.244998931884766,62943.0
2023-03-09 15:52:00,CGBD,14.829999923706055,14.829999923706055,14.84000015258789,14.819999694824219,14.84000015258789,3166.0
2023-03-09 15:52:00,CHCO,91.5199966430664,91.5199966430664,91.5199966430664,91.5199966430664,91.5199966430664,728.0
2023-03-09 15:52:00,CHI,11.800000190734863,11.800000190734863,11.800000190734863,11.800000190734863,11.800000190734863,200.0
2023-03-09 15:52:00,CHMG,48.2400016784668,48.2400016784668,48.2400016784668,48.2400016784668,48.2400016784668,135.0
2023-03-09 15:52:00,CHY,12.09000015258789,12.09000015258789,12.09000015258789,12.09000015258789,12.09000015258789,229.0
2023-03-09 15:52:00,CIFR,1.4199999570846558,1.4199999570846558,1.4299999475479126,1.4199999570846558,1.4199999570846558,10255.0
2023-03-09 15:52:00,CINF,115.23999786376953,115.23999786376953,115.23999786376953,115.12999725341797,115.20999908447266,5650.0
2023-03-09 15:52:00,CIVB,20.719999313354492,20.719999313354492,20.719999313354492,20.719999313354492,20.719999313354492,409.0
2023-03-09 15:52:00,CLBK,19.649999618530273,19.649999618530273,19.649999618530273,19.639999389648438,19.639999389648438,1080.0
2023-03-09 15:52:00,CME,178.1699981689453,178.1699981689453,178.17990112304688,177.9600067138672,178.05999755859375,14093.0
2023-03-09 15:52:00,CNOB,22.06999969482422,22.06999969482422,22.06999969482422,22.049999237060547,22.049999237060547,400.0
2023-03-09 15:52:00,CNOBP,20.68899917602539,20.68899917602539,20.68899917602539,20.68899917602539,20.68899917602539,105.0
2023-03-09 15:52:00,COLB,24.760000228881836,24.760000228881836,24.760000228881836,24.739999771118164,24.75,31398.0
2023-03-09 15:52:00,COOP,43.90999984741211,43.90999984741211,43.97999954223633,43.90999984741211,43.97999954223633,4209.0
2023-03-09 15:52:00,CSQ,13.725000381469727,13.725000381469727,13.729999542236328,13.725000381469727,13.729999542236328,3801.0
2023-03-09 15:52:00,CSTR,15.050000190734863,15.050000190734863,15.0600004196167,15.039999961853027,15.0600004196167,697.0
2023-03-09 15:52:00,CSWC,18.07990074157715,18.07990074157715,18.079999923706055,18.075000762939453,18.075000762939453,2278.0
2023-03-09 15:52:00,CTBI,40.459999084472656,40.459999084472656,40.459999084472656,40.459999084472656,40.459999084472656,421.0
2023-03-09 15:52:00,CVBF,21.5,21.5,21.5,21.450000762939453,21.450000762939453,7199.0
2023-03-09 15:52:00,CVCY,24.309999465942383,24.309999465942383,24.309999465942383,24.299999237060547,24.299999237060547,200.0
2023-03-09 15:52:00,CZNC,22.010000228881836,22.010000228881836,22.010000228881836,22.010000228881836,22.010000228881836,131.0
2023-03-09 15:52:00,DCOM,29.55500030517578,29.55500030517578,29.55500030517578,29.549999237060547,29.549999237060547,598.0
2023-03-09 15:52:00,DCOMP,18.600000381469727,18.600000381469727,18.600000381469727,18.600000381469727,18.600000381469727,169.0
2023-03-09 15:52:00,DGICA,15.039999961853027,15.039999961853027,15.079999923706055,15.039999961853027,15.079999923706055,1354.0
2023-03-09 15:52:00,DGNU,9.914999961853027,9.914999961853027,9.920000076293945,9.914999961853027,9.920000076293945,600.0
2023-03-09 15:52:00,DWAC,14.050000190734863,14.050000190734863,14.050000190734863,14.03499984741211,14.03499984741211,3994.0
2023-03-09 15:52:00,EBC,14.274999618530273,14.274999618530273,14.289999961853027,14.274999618530273,14.289999961853027,10112.0
2023-03-09 15:52:00,ECBK,15.029999732971191,15.029999732971191,15.029999732971191,15.020000457763672,15.020000457763672,327.0
2023-03-09 15:52:00,ECPG,50.05500030517578,50.05500030517578,50.064998626708984,50.05500030517578,50.064998626708984,581.0
2023-03-09 15:52:00,EFSC,51.16999816894531,51.16999816894531,51.16999816894531,51.130001068115234,51.13999938964844,1336.0
2023-03-09 15:52:00,EGBN,40.09000015258789,40.09000015258789,40.09000015258789,40.09000015258789,40.09000015258789,752.0
2023-03-09 15:52:00,EHTH,8.55210018157959,8.55210018157959,8.5600004196167,8.550000190734863,8.5600004196167,1715.0
2023-03-09 15:52:00,EQBK,27.950000762939453,27.950000762939453,27.950000762939453,27.950000762939453,27.950000762939453,212.0
2023-03-09 15:52:00,ESGR,231.2899932861328,231.2899932861328,231.2899932861328,231.2899932861328,231.2899932861328,444.0
2023-03-09 15:52:00,ESQ,40.790000915527344,40.790000915527344,40.790000915527344,40.779998779296875,40.779998779296875,988.0
2023-03-09 15:52:00,EWBC,67.0199966430664,67.0199966430664,67.05500030517578,66.95999908447266,67.05500030517578,8891.0
2023-03-09 15:52:00,EZPW,8.725000381469727,8.725000381469727,8.729999542236328,8.720000267028809,8.729999542236328,3390.0
2023-03-09 15:52:00,FBMS,28.700000762939453,28.700000762939453,28.71500015258789,28.69499969482422,28.69499969482422,1348.0
2023-03-09 15:52:00,FBNC,38.689998626708984,38.689998626708984,38.689998626708984,38.689998626708984,38.689998626708984,625.0
2023-03-09 15:52:00,FCBC,28.549999237060547,28.549999237060547,28.549999237060547,28.549999237060547,28.549999237060547,468.0
2023-03-09 15:52:00,FCFS,88.4800033569336,88.4800033569336,88.4800033569336,88.33999633789062,88.33999633789062,5369.0
2023-03-09 15:52:00,FCRD,4.539999961853027,4.539999961853027,4.539999961853027,4.539999961853027,4.539999961853027,300.0
2023-03-09 15:52:00,FDUS,19.905000686645508,19.905000686645508,19.905000686645508,19.905000686645508,19.905000686645508,282.0
2023-03-09 15:52:00,FFBC,22.190000534057617,22.190000534057617,22.200000762939453,22.184999465942383,22.184999465942383,1744.0
2023-03-09 15:52:00,FFIC,17.190000534057617,17.190000534057617,17.190000534057617,17.170000076293945,17.18000030517578,1495.0
2023-03-09 15:52:00,FFIN,33.41999816894531,33.41999816894531,33.43000030517578,33.38999938964844,33.41999816894531,3391.0
2023-03-09 15:52:00,FFWM,12.800000190734863,12.800000190734863,12.800000190734863,12.770000457763672,12.795000076293945,3365.0
2023-03-09 15:52:00,FGBIP,23.899999618530273,23.899999618530273,23.899999618530273,23.899999618530273,23.899999618530273,100.0
2023-03-09 15:52:00,FHB,23.959999084472656,23.959999084472656,23.959999084472656,23.899999618530273,23.940000534057617,7524.0
2023-03-09 15:52:00,FIBK,32.04999923706055,32.04999923706055,32.04999923706055,31.989999771118164,32.0099983215332,6619.0
2023-03-09 15:52:00,FISI,23.1200008392334,23.1200008392334,23.1200008392334,23.1200008392334,23.1200008392334,617.0
2023-03-09 15:52:00,FITB,31.850000381469727,31.850000381469727,31.850000381469727,31.80500030517578,31.844999313354492,40519.0
2023-03-09 15:52:00,FITBO,21.889999389648438,21.889999389648438,21.889999389648438,21.889999389648438,21.889999389648438,1600.0
2023-03-09 15:52:00,FLIC,16.135000228881836,16.135000228881836,16.135000228881836,16.110000610351562,16.1200008392334,1097.0
2023-03-09 15:52:00,FMNB,13.1899995803833,13.1899995803833,13.1899995803833,13.1899995803833,13.1899995803833,640.0
2023-03-09 15:52:00,FOCS,51.52000045776367,51.52000045776367,51.540000915527344,51.47999954223633,51.47999954223633,18053.0
2023-03-09 15:52:00,FRBA,12.630000114440918,12.630000114440918,12.630000114440918,12.630000114440918,12.630000114440918,190.0
2023-03-09 15:52:00,FRBK,1.6699999570846558,1.6699999570846558,1.6699999570846558,1.6699999570846558,1.6699999570846558,680.0
2023-03-09 15:52:00,FRME,37.310001373291016,37.310001373291016,37.310001373291016,37.290000915527344,37.290000915527344,906.0
2023-03-09 15:52:00,FRST,10.729999542236328,10.729999542236328,10.729999542236328,10.729999542236328,10.729999542236328,1082.0
2023-03-09 15:52:00,FSBC,25.600000381469727,25.600000381469727,25.600000381469727,25.600000381469727,25.600000381469727,126.0
2023-03-09 15:52:00,FSBW,33.21500015258789,33.21500015258789,33.21500015258789,33.130001068115234,33.130001068115234,348.0
2023-03-09 15:52:00,FULT,15.585000038146973,15.585000038146973,15.59000015258789,15.569999694824219,15.579999923706055,7715.0
2023-03-09 15:52:00,FUTU,46.060001373291016,46.060001373291016,46.11000061035156,46.02199935913086,46.099998474121094,8223.0
2023-03-09 15:52:00,FVCB,13.279999732971191,13.279999732971191,13.34000015258789,13.270000457763672,13.270000457763672,4651.0
2023-03-09 15:52:00,GABC,35.7400016784668,35.7400016784668,35.7400016784668,35.7400016784668,35.7400016784668,273.0
2023-03-09 15:52:00,GBDC,13.194999694824219,13.194999694824219,13.199899673461914,13.1899995803833,13.199899673461914,2355.0
2023-03-09 15:52:00,GCBC,53.290000915527344,53.290000915527344,53.540000915527344,53.290000915527344,53.38999938964844,1239.0
2023-03-09 15:52:00,GCMG,8.34000015258789,8.34000015258789,8.345000267028809,8.34000015258789,8.345000267028809,1341.0
2023-03-09 15:52:00,GGAL,12.579999923706055,12.579999923706055,12.579999923706055,12.569999694824219,12.569999694824219,857.0
2023-03-09 15:52:00,GLAD,9.739999771118164,9.739999771118164,9.749899864196777,9.739999771118164,9.739999771118164,1133.0
2023-03-09 15:52:00,GLRE,10.300000190734863,10.300000190734863,10.300000190734863,10.300000190734863,10.300000190734863,3099.0
2023-03-09 15:52:00,GNTY,29.100000381469727,29.100000381469727,29.100000381469727,29.100000381469727,29.100000381469727,343.0
2023-03-09 15:52:00,GREE,0.4131999909877777,0.4131999909877777,0.4131999909877777,0.4113999903202057,0.4113999903202057,2425.0
2023-03-09 15:52:00,GSHD,50.72249984741211,50.72249984741211,50.72999954223633,50.66999816894531,50.720001220703125,5448.0
2023-03-09 15:52:00,HAFC,21.709999084472656,21.709999084472656,21.719999313354492,21.704999923706055,21.719999313354492,2219.0
2023-03-09 15:52:00,HBAN,13.78499984741211,13.78499984741211,13.800000190734863,13.779999732971191,13.795000076293945,124574.0
2023-03-09 15:52:00,HBCP,36.165000915527344,36.165000915527344,36.165000915527344,36.165000915527344,36.165000915527344,114.0
2023-03-09 15:52:00,HBNC,13.779999732971191,13.779999732971191,13.779999732971191,13.779999732971191,13.779999732971191,1374.0
2023-03-09 15:52:00,HFWA,24.440000534057617,24.440000534057617,24.440000534057617,24.440000534057617,24.440000534057617,176.0
2023-03-09 15:52:00,HHGC,10.529999732971191,10.529999732971191,10.53499984741211,10.529999732971191,10.53499984741211,8401.0
2023-03-09 15:52:00,HIVE,2.365000009536743,2.365000009536743,2.365000009536743,2.359999895095825,2.365000009536743,3966.0
2023-03-09 15:52:00,HLNE,73.70500183105469,73.70500183105469,73.70999908447266,73.62999725341797,73.70999908447266,2326.0
2023-03-09 15:52:00,HMPT,1.9600000381469727,1.9600000381469727,1.9600000381469727,1.940000057220459,1.940000057220459,474.0
2023-03-09 15:52:00,HMST,22.229999542236328,22.229999542236328,22.229999542236328,22.190000534057617,22.190000534057617,750.0
2023-03-09 15:52:00,HONE,12.625,12.625,12.630000114440918,12.619999885559082,12.630000114440918,890.0
2023-03-09 15:52:00,HOPE,11.699999809265137,11.699999809265137,11.710000038146973,11.699999809265137,11.699999809265137,3660.0
2023-03-09 15:52:00,HRZN,11.670000076293945,11.670000076293945,11.670000076293945,11.65999984741211,11.65999984741211,1037.0
2023-03-09 15:52:00,HTBI,27.700000762939453,27.700000762939453,27.700000762939453,27.670000076293945,27.670000076293945,941.0
2023-03-09 15:52:00,HTBK,10.805000305175781,10.805000305175781,10.8100004196167,10.800000190734863,10.805000305175781,3013.0
2023-03-09 15:52:00,HTLF,45.34000015258789,45.34000015258789,45.34000015258789,45.34000015258789,45.34000015258789,178.0
2023-03-09 15:52:00,HUT,1.2884999513626099,1.2884999513626099,1.2884999513626099,1.280900001525879,1.284999966621399,10950.0
2023-03-09 15:52:00,HVBC,30.709999084472656,30.709999084472656,30.709999084472656,30.709999084472656,30.709999084472656,100.0
2023-03-09 15:52:00,HWC,43.400001525878906,43.400001525878906,43.41999816894531,43.36000061035156,43.380001068115234,5740.0
2023-03-09 15:52:00,IBKR,85.63999938964844,85.63999938964844,85.63999938964844,85.5199966430664,85.56999969482422,17757.0
2023-03-09 15:52:00,IBOC,44.900001525878906,44.900001525878906,44.900001525878906,44.849998474121094,44.849998474121094,3434.0
2023-03-09 15:52:00,IBTX,52.40999984741211,52.40999984741211,52.40999984741211,52.310001373291016,52.36000061035156,1570.0
2023-03-09 15:52:00,ICMB,3.914099931716919,3.914099931716919,3.914099931716919,3.914099931716919,3.914099931716919,349.0
2023-03-09 15:52:00,IGTA,10.289999961853027,10.289999961853027,10.289999961853027,10.289999961853027,10.289999961853027,100.0
2023-03-09 15:52:00,INDB,71.48999786376953,71.48999786376953,71.5199966430664,71.45500183105469,71.45500183105469,2246.0
2023-03-09 15:52:00,INTR,1.9700000286102295,1.9700000286102295,1.9700000286102295,1.9700000286102295,1.9700000286102295,167.0
2023-03-09 15:53:00,ABCB,42.441001892089844,42.441001892089844,42.5099983215332,42.441001892089844,42.470001220703125,2778.0
2023-03-09 15:53:00,ACGL,68.41999816894531,68.41999816894531,68.45999908447266,68.38999938964844,68.43000030517578,33414.0
2023-03-09 15:53:00,ALRS,18.719999313354492,18.719999313354492,18.719999313354492,18.719999313354492,18.719999313354492,680.0
2023-03-09 15:53:00,AMAL,21.049999237060547,21.049999237060547,21.049999237060547,21.049999237060547,21.049999237060547,377.0
2023-03-09 15:53:00,AMRK,27.887500762939453,27.887500762939453,27.90999984741211,27.864999771118164,27.889999389648438,4809.0
2023-03-09 15:53:00,AMSF,51.47999954223633,51.47999954223633,51.47999954223633,51.47999954223633,51.47999954223633,1148.0
2023-03-09 15:53:00,AMTB,25.459999084472656,25.459999084472656,25.459999084472656,25.459999084472656,25.459999084472656,317.0
2023-03-09 15:53:00,APLD,2.049999952316284,2.049999952316284,2.049999952316284,2.0450000762939453,2.0450000762939453,3756.0
2023-03-09 15:53:00,ARCC,18.485000610351562,18.485000610351562,18.5049991607666,18.483200073242188,18.5049991607666,36303.0
2023-03-09 15:53:00,AROW,28.25,28.25,28.25,28.204999923706055,28.204999923706055,418.0
2023-03-09 15:53:00,AUB,36.34000015258789,36.34000015258789,36.34000015258789,36.31999969482422,36.334999084472656,7521.0
2023-03-09 15:53:00,BANR,56.959999084472656,56.959999084472656,56.959999084472656,56.935001373291016,56.939998626708984,1252.0
2023-03-09 15:53:00,BCBP,15.65999984741211,15.65999984741211,15.65999984741211,15.65999984741211,15.65999984741211,337.0
2023-03-09 15:53:00,BFST,18.510000228881836,18.510000228881836,18.510000228881836,18.510000228881836,18.510000228881836,507.0
2023-03-09 15:53:00,BGCP,4.960000038146973,4.960000038146973,4.960000038146973,4.949999809265137,4.954999923706055,19971.0
2023-03-09 15:53:00,BHF,51.7599983215332,51.7599983215332,51.810001373291016,51.7599983215332,51.77000045776367,2889.0
2023-03-09 15:53:00,BHFAO,24.299999237060547,24.299999237060547,24.299999237060547,24.299999237060547,24.299999237060547,100.0
2023-03-09 15:53:00,BHFAP,23.829999923706055,23.829999923706055,23.829999923706055,23.829999923706055,23.829999923706055,1000.0
2023-03-09 15:53:00,BIOS,10.404999732971191,10.404999732971191,10.404999732971191,10.404999732971191,10.404999732971191,120.0
2023-03-09 15:53:00,BITF,0.718500018119812,0.718500018119812,0.7185999751091003,0.7172510027885437,0.7185990214347839,17096.0
2023-03-09 15:53:00,BLFY,11.239999771118164,11.239999771118164,11.239999771118164,11.239999771118164,11.239999771118164,389.0
2023-03-09 15:53:00,BMRC,27.145000457763672,27.145000457763672,27.145000457763672,27.145000457763672,27.145000457763672,314.0
2023-03-09 15:53:00,BOKF,95.26000213623047,95.26000213623047,95.4000015258789,95.26000213623047,95.4000015258789,1189.0
2023-03-09 15:53:00,BPOP,62.02000045776367,62.02000045776367,62.09000015258789,62.0099983215332,62.09000015258789,7054.0
2023-03-09 15:53:00,BRKL,11.600000381469727,11.600000381469727,11.600000381469727,11.569999694824219,11.569999694824219,13694.0
2023-03-09 15:53:00,BRP,25.1200008392334,25.1200008392334,25.149999618530273,25.1200008392334,25.149999618530273,1149.0
2023-03-09 15:53:00,BSVN,27.540000915527344,27.540000915527344,27.540000915527344,27.540000915527344,27.540000915527344,184.0
2023-03-09 15:53:00,BTBT,1.059999942779541,1.059999942779541,1.065000057220459,1.059999942779541,1.059999942779541,888.0
2023-03-09 15:53:00,BUSE,22.530000686645508,22.530000686645508,22.530000686645508,22.530000686645508,22.530000686645508,975.0
2023-03-09 15:53:00,BWB,13.199999809265137,13.199999809265137,13.225000381469727,13.199999809265137,13.225000381469727,340.0
2023-03-09 15:53:00,BYFC,1.2000000476837158,1.2000000476837158,1.2000000476837158,1.2000000476837158,1.2000000476837158,100.0
2023-03-09 15:53:00,CACC,428.3999938964844,428.3999938964844,429.0,428.3999938964844,428.9200134277344,1885.0
2023-03-09 15:53:00,CARE,16.139999389648438,16.139999389648438,16.139999389648438,16.139999389648438,16.139999389648438,328.0
2023-03-09 15:53:00,CASH,47.13999938964844,47.13999938964844,47.22999954223633,47.13999938964844,47.220001220703125,2596.0
2023-03-09 15:53:00,CATY,38.75,38.75,38.79999923706055,38.75,38.7599983215332,1890.0
2023-03-09 15:53:00,CBNK,18.729999542236328,18.729999542236328,18.729999542236328,18.729999542236328,18.729999542236328,100.0
2023-03-09 15:53:00,CBSH,61.779998779296875,61.779998779296875,61.88999938964844,61.779998779296875,61.82500076293945,7689.0
2023-03-09 15:53:00,CCAP,14.760000228881836,14.760000228881836,14.789999961853027,14.748299598693848,14.748299598693848,3373.0
2023-03-09 15:53:00,CCD,22.77090072631836,22.77090072631836,22.77090072631836,22.77090072631836,22.77090072631836,102.0
2023-03-09 15:53:00,CCNE,22.56999969482422,22.56999969482422,22.56999969482422,22.56999969482422,22.56999969482422,251.0
2023-03-09 15:53:00,CFFN,7.494999885559082,7.494999885559082,7.5,7.489999771118164,7.494999885559082,4889.0
2023-03-09 15:53:00,CG,33.26499938964844,33.26499938964844,33.27000045776367,33.22999954223633,33.26499938964844,28443.0
2023-03-09 15:53:00,CGBD,14.819999694824219,14.819999694824219,14.829999923706055,14.819999694824219,14.829999923706055,3746.0
2023-03-09 15:53:00,CHMG,48.2400016784668,48.2400016784668,48.2400016784668,48.2400016784668,48.2400016784668,291.0
2023-03-09 15:53:00,CHY,12.079999923706055,12.079999923706055,12.079999923706055,12.079999923706055,12.079999923706055,225.0
2023-03-09 15:53:00,CIFR,1.4199999570846558,1.4199999570846558,1.4299999475479126,1.4199999570846558,1.4249999523162842,3781.0
2023-03-09 15:53:00,CINF,115.26000213623047,115.26000213623047,115.29499816894531,115.25,115.2699966430664,2063.0
2023-03-09 15:53:00,CME,178.1750030517578,178.1750030517578,178.1999969482422,178.08999633789062,178.16000366210938,14111.0
2023-03-09 15:53:00,CNOB,22.059999465942383,22.059999465942383,22.059999465942383,22.040000915527344,22.049999237060547,1982.0
2023-03-09 15:53:00,CNOBP,20.645000457763672,20.645000457763672,20.645000457763672,20.645000457763672,20.645000457763672,100.0
2023-03-09 15:53:00,COLB,24.75,24.75,24.770000457763672,24.739999771118164,24.760000228881836,33680.0
2023-03-09 15:53:00,COOP,43.90999984741211,43.90999984741211,43.970001220703125,43.900001525878906,43.970001220703125,3330.0
2023-03-09 15:53:00,CSQ,13.729999542236328,13.729999542236328,13.729999542236328,13.723999977111816,13.723999977111816,800.0
2023-03-09 15:53:00,CSWC,18.079999923706055,18.079999923706055,18.089099884033203,18.07830047607422,18.089099884033203,1311.0
2023-03-09 15:53:00,CVBF,21.524999618530273,21.524999618530273,21.530000686645508,21.489999771118164,21.5,9336.0
2023-03-09 15:53:00,DCOM,29.59000015258789,29.59000015258789,29.59000015258789,29.559999465942383,29.559999465942383,596.0
2023-03-09 15:53:00,DCOMP,18.600000381469727,18.600000381469727,18.600000381469727,18.600000381469727,18.600000381469727,100.0
2023-03-09 15:53:00,DWAC,14.050000190734863,14.050000190734863,14.050000190734863,14.045700073242188,14.050000190734863,2940.0
2023-03-09 15:53:00,EBC,14.274999618530273,14.274999618530273,14.28499984741211,14.265000343322754,14.274999618530273,15055.0
2023-03-09 15:53:00,ECPG,50.09000015258789,50.09000015258789,50.09000015258789,50.09000015258789,50.09000015258789,1002.0
2023-03-09 15:53:00,EFSC,51.22999954223633,51.22999954223633,51.22999954223633,51.22999954223633,51.22999954223633,188.0
2023-03-09 15:53:00,EGBN,40.07500076293945,40.07500076293945,40.07500076293945,40.07500076293945,40.07500076293945,931.0
2023-03-09 15:53:00,EHTH,8.5649995803833,8.5649995803833,8.5649995803833,8.558500289916992,8.558500289916992,1972.0
2023-03-09 15:53:00,ESQ,40.75,40.75,40.95000076293945,40.75,40.95000076293945,397.0
2023-03-09 15:53:00,EWBC,67.0199966430664,67.0199966430664,67.06999969482422,67.0,67.04000091552734,8185.0
2023-03-09 15:53:00,EZPW,8.739999771118164,8.739999771118164,8.744999885559082,8.72249984741211,8.725000381469727,4861.0
2023-03-09 15:53:00,FANH,8.211799621582031,8.211799621582031,8.211799621582031,8.211799621582031,8.211799621582031,824.0
2023-03-09 15:53:00,FBMS,28.700000762939453,28.700000762939453,28.719999313354492,28.700000762939453,28.70400047302246,1014.0
2023-03-09 15:53:00,FBNC,38.70000076293945,38.70000076293945,38.720001220703125,38.70000076293945,38.709999084472656,4731.0
2023-03-09 15:53:00,FCFS,88.66000366210938,88.66000366210938,88.66000366210938,88.55999755859375,88.55999755859375,1600.0
2023-03-09 15:53:00,FCNCP,21.670000076293945,21.670000076293945,21.670000076293945,21.670000076293945,21.670000076293945,1336.0
2023-03-09 15:53:00,FCRD,4.579999923706055,4.579999923706055,4.590000152587891,4.579999923706055,4.579999923706055,6393.0
2023-03-09 15:53:00,FFBC,22.190000534057617,22.190000534057617,22.200000762939453,22.190000534057617,22.190000534057617,1991.0
2023-03-09 15:53:00,FFIC,17.190000534057617,17.190000534057617,17.190000534057617,17.190000534057617,17.190000534057617,267.0
2023-03-09 15:53:00,FFIN,33.40999984741211,33.40999984741211,33.439998626708984,33.40999984741211,33.439998626708984,1383.0
2023-03-09 15:53:00,FFWM,12.78499984741211,12.78499984741211,12.800000190734863,12.78499984741211,12.800000190734863,1887.0
2023-03-09 15:53:00,FHB,23.940000534057617,23.940000534057617,23.969999313354492,23.920000076293945,23.969999313354492,3725.0
2023-03-09 15:53:00,FIBK,32.02000045776367,32.02000045776367,32.06999969482422,32.01499938964844,32.060001373291016,5508.0
2023-03-09 15:53:00,FISI,23.110000610351562,23.110000610351562,23.1200008392334,23.110000610351562,23.1200008392334,388.0
2023-03-09 15:53:00,FITB,31.854999542236328,31.854999542236328,31.885000228881836,31.850000381469727,31.850000381469727,65055.0
2023-03-09 15:53:00,FITBI,25.09000015258789,25.09000015258789,25.09000015258789,25.09000015258789,25.09000015258789,400.0
2023-03-09 15:53:00,FITBO,21.850000381469727,21.850000381469727,21.850000381469727,21.850000381469727,21.850000381469727,671.0
2023-03-09 15:53:00,FLIC,16.1299991607666,16.1299991607666,16.1299991607666,16.1299991607666,16.1299991607666,340.0
2023-03-09 15:53:00,FMNB,13.1899995803833,13.1899995803833,13.1899995803833,13.1899995803833,13.1899995803833,198.0
2023-03-09 15:53:00,FOCS,51.560001373291016,51.560001373291016,51.560001373291016,51.52000045776367,51.52000045776367,14164.0
2023-03-09 15:53:00,FRBK,1.659999966621399,1.659999966621399,1.6699999570846558,1.659999966621399,1.6699999570846558,3462.0
2023-03-09 15:53:00,FRME,37.29999923706055,37.29999923706055,37.33000183105469,37.279998779296875,37.33000183105469,1292.0
2023-03-09 15:53:00,FRST,10.75,10.75,10.75,10.75,10.75,120.0
2023-03-09 15:53:00,FULT,15.585000038146973,15.585000038146973,15.600000381469727,15.574999809265137,15.59000015258789,11102.0
2023-03-09 15:53:00,FUTU,46.06999969482422,46.06999969482422,46.099998474121094,46.040000915527344,46.040000915527344,8325.0
2023-03-09 15:53:00,GABC,35.75,35.75,35.75,35.75,35.75,327.0
2023-03-09 15:53:00,GAIN,13.398200035095215,13.398200035095215,13.399999618530273,13.390000343322754,13.399999618530273,1817.0
2023-03-09 15:53:00,GBDC,13.1899995803833,13.1899995803833,13.194999694824219,13.1850004196167,13.194999694824219,26131.0
2023-03-09 15:53:00,GCBC,53.052101135253906,53.052101135253906,53.099998474121094,53.052101135253906,53.099998474121094,302.0
2023-03-09 15:53:00,GCMG,8.345000267028809,8.345000267028809,8.345000267028809,8.345000267028809,8.345000267028809,610.0
2023-03-09 15:53:00,GGAL,12.569999694824219,12.569999694824219,12.579999923706055,12.569999694824219,12.579999923706055,963.0
2023-03-09 15:53:00,GHIX,10.045000076293945,10.045000076293945,10.050000190734863,10.045000076293945,10.050000190734863,540.0
2023-03-09 15:53:00,GLAD,9.744999885559082,9.744999885559082,9.749899864196777,9.744999885559082,9.749899864196777,356.0
2023-03-09 15:53:00,GREE,0.4131999909877777,0.4131999909877777,0.4131999909877777,0.4131999909877777,0.4131999909877777,183.0
2023-03-09 15:53:00,GROW,2.640000104904175,2.640000104904175,2.640000104904175,2.640000104904175,2.640000104904175,364.0
2023-03-09 15:53:00,GSHD,50.7599983215332,50.7599983215332,50.7599983215332,50.67250061035156,50.744998931884766,2317.0
2023-03-09 15:53:00,GXIIU,10.25,10.25,10.25,10.239999771118164,10.239999771118164,1000.0
2023-03-09 15:53:00,HAFC,21.719999313354492,21.719999313354492,21.719999313354492,21.709999084472656,21.719999313354492,2032.0
2023-03-09 15:53:00,HBAN,13.774999618530273,13.774999618530273,13.800000190734863,13.770000457763672,13.78499984741211,215977.0
2023-03-09 15:53:00,HBANP,18.8700008392334,18.8700008392334,18.8700008392334,18.8700008392334,18.8700008392334,284.0
2023-03-09 15:53:00,HBNC,13.779999732971191,13.779999732971191,13.779999732971191,13.774999618530273,13.779999732971191,797.0
2023-03-09 15:53:00,HBT,21.760000228881836,21.760000228881836,21.760000228881836,21.760000228881836,21.760000228881836,537.0
2023-03-09 15:53:00,HFWA,24.450000762939453,24.450000762939453,24.46500015258789,24.450000762939453,24.46500015258789,1415.0
2023-03-09 15:53:00,HIVE,2.369999885559082,2.369999885559082,2.375,2.359999895095825,2.359999895095825,36775.0
2023-03-09 15:53:00,HLNE,73.80000305175781,73.80000305175781,73.80000305175781,73.6500015258789,73.6500015258789,543.0
2023-03-09 15:53:00,HMST,22.229999542236328,22.229999542236328,22.229999542236328,22.229999542236328,22.229999542236328,606.0
2023-03-09 15:53:00,HONE,12.625,12.625,12.630000114440918,12.619999885559082,12.625,915.0
2023-03-09 15:53:00,HOPE,11.704999923706055,11.704999923706055,11.710000038146973,11.694999694824219,11.704999923706055,4693.0
2023-03-09 15:53:00,HTBI,27.68000030517578,27.68000030517578,27.700000762939453,27.68000030517578,27.700000762939453,1123.0
2023-03-09 15:53:00,HTBK,10.800000190734863,10.800000190734863,10.8100004196167,10.800000190734863,10.8100004196167,1006.0
2023-03-09 15:53:00,HTLF,45.31999969482422,45.31999969482422,45.345001220703125,45.31999969482422,45.345001220703125,1328.0
2023-03-09 15:53:00,HUT,1.2899999618530273,1.2899999618530273,1.2899999618530273,1.2799999713897705,1.284999966621399,10204.0
2023-03-09 15:53:00,HWC,43.369998931884766,43.369998931884766,43.43000030517578,43.36000061035156,43.400001525878906,3553.0
2023-03-09 15:53:00,IBCP,20.469999313354492,20.469999313354492,20.479999542236328,20.469999313354492,20.479999542236328,572.0
2023-03-09 15:53:00,IBKR,85.45500183105469,85.45500183105469,85.62999725341797,85.45500183105469,85.61000061035156,17946.0
2023-03-09 15:53:00,IBOC,44.875,44.875,44.91999816894531,44.875,44.91999816894531,3851.0
2023-03-09 15:53:00,IBTX,52.43000030517578,52.43000030517578,52.43000030517578,52.43000030517578,52.43000030517578,179.0
2023-03-09 15:53:00,IGIC,8.3100004196167,8.3100004196167,8.3100004196167,8.3100004196167,8.3100004196167,402.0
2023-03-09 15:53:00,INBK,23.280000686645508,23.280000686645508,23.280000686645508,23.280000686645508,23.280000686645508,217.0
2023-03-09 15:53:00,INDB,71.47000122070312,71.47000122070312,71.55999755859375,71.45999908447266,71.52999877929688,2013.0
2023-03-09 15:54:00,AAME,2.4149999618530273,2.4149999618530273,2.4149999618530273,2.4149999618530273,2.4149999618530273,115.0
2023-03-09 15:54:00,ABCB,42.48500061035156,42.48500061035156,42.5099983215332,42.459999084472656,42.459999084472656,4398.0
2023-03-09 15:54:00,ACGL,68.47000122070312,68.47000122070312,68.47000122070312,68.37000274658203,68.42500305175781,115917.0
2023-03-09 15:54:00,ACT,23.520000457763672,23.520000457763672,23.600000381469727,23.520000457763672,23.600000381469727,1780.0
2023-03-09 15:54:00,AEAE,10.350000381469727,10.350000381469727,10.350000381469727,10.350000381469727,10.350000381469727,4400.0
2023-03-09 15:54:00,AIHS,0.8975690007209778,0.8975690007209778,0.8975690007209778,0.8975690007209778,0.8975690007209778,152.0
2023-03-09 15:54:00,ALRS,18.770000457763672,18.770000457763672,18.770000457763672,18.770000457763672,18.770000457763672,279.0
2023-03-09 15:54:00,AMRK,27.90999984741211,27.90999984741211,27.920000076293945,27.8700008392334,27.920000076293945,4265.0
2023-03-09 15:54:00,AMTB,25.510000228881836,25.510000228881836,25.510000228881836,25.510000228881836,25.510000228881836,180.0
2023-03-09 15:54:00,APLD,2.059999942779541,2.059999942779541,2.059999942779541,2.0450000762939453,2.0450000762939453,12322.0
2023-03-09 15:54:00,ARCC,18.489999771118164,18.489999771118164,18.489999771118164,18.479999542236328,18.485000610351562,31685.0
2023-03-09 15:54:00,ATLC,28.540000915527344,28.540000915527344,28.540000915527344,28.299999237060547,28.299999237060547,600.0
2023-03-09 15:54:00,AUB,36.33000183105469,36.33000183105469,36.34000015258789,36.33000183105469,36.334999084472656,32021.0
2023-03-09 15:54:00,BANR,57.0,57.0,57.0,56.959999084472656,56.970001220703125,1753.0
2023-03-09 15:54:00,BCBP,15.640000343322754,15.640000343322754,15.640000343322754,15.640000343322754,15.640000343322754,185.0
2023-03-09 15:54:00,BCML,19.15999984741211,19.15999984741211,19.15999984741211,19.15999984741211,19.15999984741211,338.0
2023-03-09 15:54:00,BFST,18.514999389648438,18.514999389648438,18.514999389648438,18.514999389648438,18.514999389648438,106.0
2023-03-09 15:54:00,BGCP,4.954999923706055,4.954999923706055,4.960000038146973,4.949999809265137,4.960000038146973,6438.0
2023-03-09 15:54:00,BHF,51.904998779296875,51.904998779296875,51.904998779296875,51.79999923706055,51.81999969482422,8237.0
2023-03-09 15:54:00,BHFAP,23.829999923706055,23.829999923706055,23.829999923706055,23.829999923706055,23.829999923706055,200.0
2023-03-09 15:54:00,BITF,0.7200000286102295,0.7200000286102295,0.7200000286102295,0.7139999866485596,0.7159000039100647,21522.0
2023-03-09 15:54:00,BKCC,3.5850000381469727,3.5850000381469727,3.589900016784668,3.5799999237060547,3.589900016784668,3494.0
2023-03-09 15:54:00,BMRC,27.18000030517578,27.18000030517578,27.18000030517578,27.18000030517578,27.18000030517578,220.0
2023-03-09 15:54:00,BOKF,95.08000183105469,95.08000183105469,95.31999969482422,95.08000183105469,95.30000305175781,5926.0
2023-03-09 15:54:00,BPOP,62.20500183105469,62.20500183105469,62.20500183105469,62.060001373291016,62.060001373291016,7509.0
2023-03-09 15:54:00,BRKL,11.600000381469727,11.600000381469727,11.609999656677246,11.59000015258789,11.595000267028809,9460.0
2023-03-09 15:54:00,BRP,25.1299991607666,25.1299991607666,25.15999984741211,25.1200008392334,25.1200008392334,2511.0
2023-03-09 15:54:00,BTBT,1.065000057220459,1.065000057220459,1.0700000524520874,1.059999942779541,1.065000057220459,9908.0
2023-03-09 15:54:00,BTCS,1.1799999475479126,1.1799999475479126,1.1799999475479126,1.1799999475479126,1.1799999475479126,208.0
2023-03-09 15:54:00,BTWNU,10.119999885559082,10.119999885559082,10.119999885559082,10.119999885559082,10.119999885559082,100.0
2023-03-09 15:54:00,BUSE,22.530000686645508,22.530000686645508,22.549999237060547,22.530000686645508,22.540000915527344,1443.0
2023-03-09 15:54:00,BWB,13.234999656677246,13.234999656677246,13.239999771118164,13.204999923706055,13.204999923706055,1304.0
2023-03-09 15:54:00,BYFC,1.2100000381469727,1.2100000381469727,1.2100000381469727,1.2100000381469727,1.2100000381469727,800.0
2023-03-09 15:54:00,CAC,38.900001525878906,38.900001525878906,38.900001525878906,38.900001525878906,38.900001525878906,584.0
2023-03-09 15:54:00,CACC,428.8500061035156,428.8500061035156,428.8500061035156,428.8500061035156,428.8500061035156,305.0
2023-03-09 15:54:00,CARE,16.1299991607666,16.1299991607666,16.13010025024414,16.1299991607666,16.13010025024414,1413.0
2023-03-09 15:54:00,CASH,47.15999984741211,47.15999984741211,47.16999816894531,47.13999938964844,47.16999816894531,1385.0
2023-03-09 15:54:00,CATC,70.25,70.25,70.25,70.25,70.25,203.0
2023-03-09 15:54:00,CATY,38.75,38.75,38.779998779296875,38.75,38.77000045776367,2380.0
2023-03-09 15:54:00,CBRG,10.399999618530273,10.399999618530273,10.399999618530273,10.399999618530273,10.399999618530273,100.0
2023-03-09 15:54:00,CBSH,61.744998931884766,61.744998931884766,61.869998931884766,61.744998931884766,61.83000183105469,10138.0
2023-03-09 15:54:00,CCAP,14.760299682617188,14.760299682617188,14.760299682617188,14.760299682617188,14.760299682617188,453.0
2023-03-09 15:54:00,CCB,42.04999923706055,42.04999923706055,42.04999923706055,42.04999923706055,42.04999923706055,259.0
2023-03-09 15:54:00,CCBG,32.96500015258789,32.96500015258789,32.96500015258789,32.96500015258789,32.96500015258789,392.0
2023-03-09 15:54:00,CCNE,22.56999969482422,22.56999969482422,22.579999923706055,22.56999969482422,22.579999923706055,392.0
2023-03-09 15:54:00,CFB,12.270000457763672,12.270000457763672,12.270000457763672,12.270000457763672,12.270000457763672,1400.0
2023-03-09 15:54:00,CFFN,7.5,7.5,7.5,7.494999885559082,7.494999885559082,6094.0
2023-03-09 15:54:00,CG,33.2599983215332,33.2599983215332,33.279998779296875,33.2400016784668,33.26499938964844,49560.0
2023-03-09 15:54:00,CGBD,14.829999923706055,14.829999923706055,14.829999923706055,14.824199676513672,14.824199676513672,1865.0
2023-03-09 15:54:00,CHCO,91.61000061035156,91.61000061035156,91.61000061035156,91.58999633789062,91.58999633789062,1132.0
2023-03-09 15:54:00,CHI,11.8100004196167,11.8100004196167,11.8100004196167,11.8100004196167,11.8100004196167,100.0
2023-03-09 15:54:00,CHY,12.09000015258789,12.09000015258789,12.09000015258789,12.09000015258789,12.09000015258789,105.0
2023-03-09 15:54:00,CIFR,1.4225000143051147,1.4225000143051147,1.4299999475479126,1.4225000143051147,1.4299999475479126,862.0
2023-03-09 15:54:00,CINF,115.12999725341797,115.12999725341797,115.33000183105469,114.95999908447266,115.31999969482422,20263.0
2023-03-09 15:54:00,CIVB,20.719999313354492,20.719999313354492,20.719999313354492,20.719999313354492,20.719999313354492,318.0
2023-03-09 15:54:00,CLBK,19.649999618530273,19.649999618530273,19.649999618530273,19.639999389648438,19.639999389648438,1595.0
2023-03-09 15:54:00,CME,177.93499755859375,177.93499755859375,178.2198944091797,177.91000366210938,178.1750030517578,19410.0
2023-03-09 15:54:00,CNOB,22.06999969482422,22.06999969482422,22.06999969482422,22.040000915527344,22.040000915527344,3916.0
2023-03-09 15:54:00,COLB,24.799999237060547,24.799999237060547,24.809999465942383,24.75,24.75,58375.0
2023-03-09 15:54:00,COOP,43.900001525878906,43.900001525878906,43.939998626708984,43.810001373291016,43.93000030517578,28886.0
2023-03-09 15:54:00,CSQ,13.729999542236328,13.729999542236328,13.729999542236328,13.729999542236328,13.729999542236328,218.0
2023-03-09 15:54:00,CSTR,15.029999732971191,15.029999732971191,15.039999961853027,15.029999732971191,15.039999961853027,1103.0
2023-03-09 15:54:00,CSWC,18.06999969482422,18.06999969482422,18.079999923706055,18.06999969482422,18.079999923706055,1649.0
2023-03-09 15:54:00,CVBF,21.5,21.5,21.530000686645508,21.5,21.530000686645508,17902.0
2023-03-09 15:54:00,CVCY,24.270000457763672,24.270000457763672,24.270000457763672,24.270000457763672,24.270000457763672,400.0
2023-03-09 15:54:00,CVLY,24.18000030517578,24.18000030517578,24.18000030517578,24.18000030517578,24.18000030517578,250.0
2023-03-09 15:54:00,CZFS,79.0,79.0,79.0,79.0,79.0,723.0
2023-03-09 15:54:00,CZNC,22.010000228881836,22.010000228881836,22.010000228881836,22.010000228881836,22.010000228881836,156.0
2023-03-09 15:54:00,DCOM,29.540000915527344,29.540000915527344,29.559999465942383,29.540000915527344,29.559999465942383,1299.0
2023-03-09 15:54:00,DCOMP,18.720300674438477,18.720300674438477,18.80500030517578,18.65999984741211,18.80500030517578,800.0
2023-03-09 15:54:00,DNAD,10.1899995803833,10.1899995803833,10.1899995803833,10.1899995803833,10.1899995803833,100.0
2023-03-09 15:54:00,DWAC,14.059900283813477,14.059900283813477,14.059900283813477,14.039999961853027,14.039999961853027,456.0
2023-03-09 15:54:00,EBC,14.265000343322754,14.265000343322754,14.289999961853027,14.265000343322754,14.274999618530273,12861.0
2023-03-09 15:54:00,EBTC,33.54999923706055,33.54999923706055,33.59000015258789,33.54999923706055,33.59000015258789,620.0
2023-03-09 15:54:00,ECPG,50.095001220703125,50.095001220703125,50.095001220703125,50.09000015258789,50.09000015258789,672.0
2023-03-09 15:54:00,EFSC,51.220001220703125,51.220001220703125,51.220001220703125,51.16999816894531,51.18000030517578,727.0
2023-03-09 15:54:00,EGBN,40.06999969482422,40.06999969482422,40.099998474121094,40.06999969482422,40.07500076293945,1052.0
2023-03-09 15:54:00,EHTH,8.555000305175781,8.555000305175781,8.5600004196167,8.550000190734863,8.5600004196167,2447.0
2023-03-09 15:54:00,ERIE,230.8800048828125,230.8800048828125,230.8800048828125,230.80999755859375,230.80999755859375,812.0
2023-03-09 15:54:00,ESGR,231.38499450683594,231.38499450683594,231.38499450683594,231.38499450683594,231.38499450683594,653.0
2023-03-09 15:54:00,ESQ,40.72999954223633,40.72999954223633,40.72999954223633,40.72999954223633,40.72999954223633,100.0
2023-03-09 15:54:00,EWBC,67.08000183105469,67.08000183105469,67.12000274658203,67.0199966430664,67.0199966430664,11326.0
2023-03-09 15:54:00,EZPW,8.744999885559082,8.744999885559082,8.75,8.744999885559082,8.744999885559082,1819.0
2023-03-09 15:54:00,FANH,8.199999809265137,8.199999809265137,8.199999809265137,8.199999809265137,8.199999809265137,282.0
2023-03-09 15:54:00,FBIZ,33.29999923706055,33.29999923706055,33.29999923706055,33.29999923706055,33.29999923706055,460.0
2023-03-09 15:54:00,FBMS,28.690000534057617,28.690000534057617,28.719999313354492,28.690000534057617,28.70400047302246,1767.0
2023-03-09 15:54:00,FBNC,38.599998474121094,38.599998474121094,38.709999084472656,38.59000015258789,38.709999084472656,6542.0
2023-03-09 15:54:00,FCFS,88.45999908447266,88.45999908447266,88.62999725341797,88.45999908447266,88.5999984741211,8410.0
2023-03-09 15:54:00,FCRD,4.570000171661377,4.570000171661377,4.570000171661377,4.570000171661377,4.570000171661377,342.0
2023-03-09 15:54:00,FDUS,19.889999389648438,19.889999389648438,19.90999984741211,19.889999389648438,19.90999984741211,1045.0
2023-03-09 15:54:00,FFBC,22.190000534057617,22.190000534057617,22.200000762939453,22.190000534057617,22.190000534057617,2113.0
2023-03-09 15:54:00,FFIC,17.200000762939453,17.200000762939453,17.200000762939453,17.190000534057617,17.190000534057617,1240.0
2023-03-09 15:54:00,FFIN,33.439998626708984,33.439998626708984,33.470001220703125,33.43000030517578,33.43000030517578,6532.0
2023-03-09 15:54:00,FFWM,12.789999961853027,12.789999961853027,12.8100004196167,12.789999961853027,12.789999961853027,4677.0
2023-03-09 15:54:00,FHB,23.93000030517578,23.93000030517578,23.969999313354492,23.920000076293945,23.940000534057617,11926.0
2023-03-09 15:54:00,FIBK,32.0099983215332,32.0099983215332,32.060001373291016,31.979999542236328,32.02000045776367,15108.0
2023-03-09 15:54:00,FISI,23.110000610351562,23.110000610351562,23.110000610351562,23.110000610351562,23.110000610351562,200.0
2023-03-09 15:54:00,FITB,31.8700008392334,31.8700008392334,31.885000228881836,31.84000015258789,31.864999771118164,71905.0
2023-03-09 15:54:00,FITBO,21.850000381469727,21.850000381469727,21.850000381469727,21.850000381469727,21.850000381469727,534.0
2023-03-09 15:54:00,FLIC,16.1200008392334,16.1200008392334,16.1299991607666,16.1200008392334,16.1299991607666,551.0
2023-03-09 15:54:00,FMIV,10.140000343322754,10.140000343322754,10.140000343322754,10.140000343322754,10.140000343322754,120.0
2023-03-09 15:54:00,FOCS,51.58000183105469,51.58000183105469,51.58000183105469,51.560001373291016,51.560001373291016,9341.0
2023-03-09 15:54:00,FRBA,12.630000114440918,12.630000114440918,12.649999618530273,12.630000114440918,12.649999618530273,703.0
2023-03-09 15:54:00,FRBK,1.6690000295639038,1.6690000295639038,1.6690000295639038,1.6690000295639038,1.6690000295639038,600.0
2023-03-09 15:54:00,FRME,37.279998779296875,37.279998779296875,37.290000915527344,37.279998779296875,37.290000915527344,252.0
2023-03-09 15:54:00,FRON,10.194999694824219,10.194999694824219,10.194999694824219,10.194999694824219,10.194999694824219,9058.0
2023-03-09 15:54:00,FULT,15.59000015258789,15.59000015258789,15.609999656677246,15.585000038146973,15.585000038146973,8355.0
2023-03-09 15:54:00,FUTU,46.09000015258789,46.09000015258789,46.109901428222656,46.064998626708984,46.08000183105469,7934.0
2023-03-09 15:54:00,GAIN,13.399999618530273,13.399999618530273,13.40999984741211,13.390000343322754,13.399999618530273,10530.0
2023-03-09 15:54:00,GBDC,13.1899995803833,13.1899995803833,13.194999694824219,13.1850004196167,13.1899995803833,29195.0
2023-03-09 15:54:00,GCBC,53.279998779296875,53.279998779296875,53.279998779296875,52.9900016784668,53.0,1385.0
2023-03-09 15:54:00,GCMG,8.34000015258789,8.34000015258789,8.345000267028809,8.34000015258789,8.345000267028809,241.0
2023-03-09 15:54:00,GGAL,12.59000015258789,12.59000015258789,12.59000015258789,12.571999549865723,12.571999549865723,1722.0
2023-03-09 15:54:00,GLAD,9.739999771118164,9.739999771118164,9.739999771118164,9.739999771118164,9.739999771118164,246.0
2023-03-09 15:54:00,GLRE,10.279999732971191,10.279999732971191,10.289999961853027,10.279999732971191,10.279999732971191,1392.0
2023-03-09 15:54:00,GREE,0.4131999909877777,0.4131999909877777,0.4131999909877777,0.4115000069141388,0.413100004196167,1966.0
2023-03-09 15:54:00,GSBC,54.040000915527344,54.040000915527344,54.04999923706055,54.040000915527344,54.04999923706055,636.0
2023-03-09 15:54:00,GSHD,50.72999954223633,50.72999954223633,50.7599983215332,50.709999084472656,50.72999954223633,5588.0
2023-03-09 15:54:00,HAFC,21.719999313354492,21.719999313354492,21.739999771118164,21.719999313354492,21.735000610351562,1364.0
2023-03-09 15:54:00,HBAN,13.765000343322754,13.765000343322754,13.779999732971191,13.760000228881836,13.774999618530273,156613.0
2023-03-09 15:54:00,HBNC,13.789999961853027,13.789999961853027,13.789999961853027,13.779999732971191,13.779999732971191,1163.0
2023-03-09 15:54:00,HBT,21.780000686645508,21.780000686645508,21.780000686645508,21.75,21.75,462.0
2023-03-09 15:54:00,HCMA,10.430000305175781,10.430000305175781,10.430000305175781,10.420000076293945,10.420000076293945,400.0
2023-03-09 15:54:00,HFWA,24.415000915527344,24.415000915527344,24.450000762939453,24.40999984741211,24.450000762939453,3904.0
2023-03-09 15:54:00,HIVE,2.3747000694274902,2.3747000694274902,2.3798999786376953,2.3745999336242676,2.3745999336242676,2050.0
2023-03-09 15:54:00,HLNE,73.74500274658203,73.74500274658203,73.74500274658203,73.73999786376953,73.73999786376953,315.0
2023-03-09 15:54:00,HMST,22.260000228881836,22.260000228881836,22.280000686645508,22.239999771118164,22.239999771118164,1296.0
2023-03-09 15:54:00,HONE,12.630000114440918,12.630000114440918,12.630000114440918,12.619999885559082,12.625,1088.0
2023-03-09 15:54:00,HOPE,11.704999923706055,11.704999923706055,11.720000267028809,11.699999809265137,11.710000038146973,10742.0
2023-03-09 15:54:00,HRZN,11.680000305175781,11.680000305175781,11.680000305175781,11.670000076293945,11.670000076293945,847.0
2023-03-09 15:54:00,HTBI,27.684999465942383,27.684999465942383,27.684999465942383,27.68000030517578,27.68000030517578,496.0
2023-03-09 15:54:00,HTBK,10.819999694824219,10.819999694824219,10.819999694824219,10.800000190734863,10.800000190734863,2805.0
2023-03-09 15:54:00,HTLF,45.36000061035156,45.36000061035156,45.36000061035156,45.36000061035156,45.36000061035156,463.0
2023-03-09 15:54:00,HUT,1.284999966621399,1.284999966621399,1.2898999452590942,1.2799999713897705,1.287500023841858,13080.0
2023-03-09 15:54:00,HWC,43.369998931884766,43.369998931884766,43.439998626708984,43.36000061035156,43.380001068115234,7735.0
2023-03-09 15:54:00,IBKR,85.61499786376953,85.61499786376953,85.61499786376953,85.4749984741211,85.4800033569336,19105.0
2023-03-09 15:54:00,IBOC,44.95500183105469,44.95500183105469,44.970001220703125,44.91999816894531,44.91999816894531,2948.0
2023-03-09 15:54:00,IBTX,52.43000030517578,52.43000030517578,52.439998626708984,52.43000030517578,52.439998626708984,813.0
2023-03-09 15:54:00,INDB,71.51499938964844,71.51499938964844,71.55999755859375,71.47000122070312,71.47000122070312,3651.0
2023-03-09 15:55:00,AAME,2.4149999618530273,2.4149999618530273,2.4149999618530273,2.4149999618530273,2.4149999618530273,200.0
2023-03-09 15:55:00,ABCB,42.459999084472656,42.459999084472656,42.48099899291992,42.459999084472656,42.47999954223633,7439.0
2023-03-09 15:55:00,ACGL,68.41500091552734,68.41500091552734,68.58000183105469,68.41000366210938,68.47000122070312,77642.0
2023-03-09 15:55:00,ACT,23.55500030517578,23.55500030517578,23.56999969482422,23.510000228881836,23.510000228881836,2862.0
2023-03-09 15:55:00,AEAE,10.350000381469727,10.350000381469727,10.350000381469727,10.350000381469727,10.350000381469727,5700.0
2023-03-09 15:55:00,AIHS,0.8855000138282776,0.8855000138282776,0.8855000138282776,0.8849999904632568,0.8849999904632568,405.0
2023-03-09 15:55:00,AMAL,20.9950008392334,20.9950008392334,21.040000915527344,20.9950008392334,21.040000915527344,1195.0
2023-03-09 15:55:00,AMRK,27.899999618530273,27.899999618530273,27.959999084472656,27.899999618530273,27.959999084472656,4100.0
2023-03-09 15:55:00,AMSF,51.47999954223633,51.47999954223633,51.47999954223633,51.47999954223633,51.47999954223633,1264.0
2023-03-09 15:55:00,AMTB,25.399999618530273,25.399999618530273,25.399999618530273,25.34000015258789,25.399999618530273,1881.0
2023-03-09 15:55:00,APLD,2.065000057220459,2.065000057220459,2.069999933242798,2.059999942779541,2.069999933242798,1105.0
2023-03-09 15:55:00,ARBK,1.3865000009536743,1.3865000009536743,1.3865000009536743,1.3865000009536743,1.3865000009536743,466.0
2023-03-09 15:55:00,ARCC,18.46739959716797,18.46739959716797,18.489999771118164,18.459999084472656,18.489999771118164,51814.0
2023-03-09 15:55:00,ATLO,23.360000610351562,23.360000610351562,23.40999984741211,23.360000610351562,23.40999984741211,682.0
2023-03-09 15:55:00,AUB,36.27000045776367,36.27000045776367,36.334999084472656,36.2599983215332,36.33000183105469,17798.0
2023-03-09 15:55:00,AVACW,0.09049999713897705,0.09049999713897705,0.09049999713897705,0.08709999918937683,0.08709999918937683,900.0
2023-03-09 15:55:00,BANF,85.30999755859375,85.30999755859375,85.41000366210938,85.30999755859375,85.41000366210938,1525.0
2023-03-09 15:55:00,BANR,56.95500183105469,56.95500183105469,57.029998779296875,56.95000076293945,56.970001220703125,4124.0
2023-03-09 15:55:00,BCBP,15.630000114440918,15.630000114440918,15.640000343322754,15.630000114440918,15.640000343322754,271.0
2023-03-09 15:55:00,BFC,77.3499984741211,77.3499984741211,77.3499984741211,77.3499984741211,77.3499984741211,1275.0
2023-03-09 15:55:00,BFST,18.479999542236328,18.479999542236328,18.5,18.479999542236328,18.5,772.0
2023-03-09 15:55:00,BGCP,4.954999923706055,4.954999923706055,4.960000038146973,4.949999809265137,4.954999923706055,24312.0
2023-03-09 15:55:00,BHF,51.775001525878906,51.775001525878906,51.90999984741211,51.75,51.90999984741211,14278.0
2023-03-09 15:55:00,BHFAP,24.0,24.0,24.0,23.809999465942383,23.81999969482422,3027.0
2023-03-09 15:55:00,BITF,0.7199000120162964,0.7199000120162964,0.7199000120162964,0.7159000039100647,0.7159000039100647,1622.0
2023-03-09 15:55:00,BKCC,3.5899999141693115,3.5899999141693115,3.5899999141693115,3.5824999809265137,3.5850000381469727,4813.0
2023-03-09 15:55:00,BKSC,16.059999465942383,16.059999465942383,16.059999465942383,16.049999237060547,16.049999237060547,525.0
2023-03-09 15:55:00,BLFY,11.220000267028809,11.220000267028809,11.220000267028809,11.220000267028809,11.220000267028809,219.0
2023-03-09 15:55:00,BMRC,27.09000015258789,27.09000015258789,27.174999237060547,27.09000015258789,27.149999618530273,8967.0
2023-03-09 15:55:00,BOKF,94.94000244140625,94.94000244140625,95.05999755859375,94.91999816894531,95.05999755859375,1594.0
2023-03-09 15:55:00,BPOP,62.06999969482422,62.06999969482422,62.18000030517578,62.04999923706055,62.16999816894531,13849.0
2023-03-09 15:55:00,BPRN,33.619998931884766,33.619998931884766,33.619998931884766,33.619998931884766,33.619998931884766,478.0
2023-03-09 15:55:00,BRKL,11.5649995803833,11.5649995803833,11.59000015258789,11.5649995803833,11.59000015258789,8083.0
2023-03-09 15:55:00,BRP,25.110000610351562,25.110000610351562,25.139999389648438,25.110000610351562,25.1299991607666,2474.0
2023-03-09 15:55:00,BSRR,19.15999984741211,19.15999984741211,19.190000534057617,19.15999984741211,19.190000534057617,1720.0
2023-03-09 15:55:00,BTBT,1.065000057220459,1.065000057220459,1.065000057220459,1.059999942779541,1.065000057220459,5972.0
2023-03-09 15:55:00,BTCS,1.1973999738693237,1.1973999738693237,1.1973999738693237,1.1973999738693237,1.1973999738693237,434.0
2023-03-09 15:55:00,BUSE,22.479999542236328,22.479999542236328,22.520000457763672,22.479999542236328,22.520000457763672,2829.0
2023-03-09 15:55:00,BWB,13.25,13.25,13.270000457763672,13.229999542236328,13.239999771118164,2651.0
2023-03-09 15:55:00,CACC,429.3900146484375,429.3900146484375,429.3900146484375,429.3900146484375,429.3900146484375,833.0
2023-03-09 15:55:00,CARE,16.1200008392334,16.1200008392334,16.135000228881836,16.1200008392334,16.135000228881836,948.0
2023-03-09 15:55:00,CASH,47.1150016784668,47.1150016784668,47.189998626708984,47.1150016784668,47.16999816894531,9473.0
2023-03-09 15:55:00,CATC,70.29000091552734,70.29000091552734,70.29000091552734,70.20999908447266,70.2300033569336,549.0
2023-03-09 15:55:00,CATY,38.63999938964844,38.63999938964844,38.7599983215332,38.63999938964844,38.720001220703125,3301.0
2023-03-09 15:55:00,CBNK,18.729999542236328,18.729999542236328,18.729999542236328,18.729999542236328,18.729999542236328,413.0
2023-03-09 15:55:00,CBSH,61.70000076293945,61.70000076293945,61.75,61.66999816894531,61.70000076293945,11694.0
2023-03-09 15:55:00,CCAP,14.779999732971191,14.779999732971191,14.779999732971191,14.77869987487793,14.779999732971191,800.0
2023-03-09 15:55:00,CCB,42.05500030517578,42.05500030517578,42.05500030517578,42.05500030517578,42.05500030517578,449.0
2023-03-09 15:55:00,CCBG,33.0,33.0,33.0,32.93000030517578,32.93000030517578,204.0
2023-03-09 15:55:00,CCNE,22.540000915527344,22.540000915527344,22.56999969482422,22.540000915527344,22.565000534057617,813.0
2023-03-09 15:55:00,CFB,12.25,12.25,12.270000457763672,12.25,12.270000457763672,978.0
2023-03-09 15:55:00,CFFN,7.5,7.5,7.5,7.489999771118164,7.489999771118164,3547.0
2023-03-09 15:55:00,CG,33.2400016784668,33.2400016784668,33.28499984741211,33.2400016784668,33.27000045776367,62509.0
2023-03-09 15:55:00,CGBD,14.84000015258789,14.84000015258789,14.84000015258789,14.829999923706055,14.829999923706055,3282.0
2023-03-09 15:55:00,CHCO,91.3499984741211,91.3499984741211,91.52999877929688,91.3499984741211,91.52999877929688,1260.0
2023-03-09 15:55:00,CHEAU,10.510000228881836,10.510000228881836,10.510000228881836,10.510000228881836,10.510000228881836,200.0
2023-03-09 15:55:00,CHY,12.079999923706055,12.079999923706055,12.100000381469727,12.079999923706055,12.09000015258789,500.0
2023-03-09 15:55:00,CIFR,1.4199999570846558,1.4199999570846558,1.429900050163269,1.4199999570846558,1.4249999523162842,3918.0
2023-03-09 15:55:00,CINF,115.03500366210938,115.03500366210938,115.19000244140625,115.0199966430664,115.06999969482422,9014.0
2023-03-09 15:55:00,CIVB,20.719999313354492,20.719999313354492,20.719999313354492,20.719999313354492,20.719999313354492,194.0
2023-03-09 15:55:00,CLBK,19.670000076293945,19.670000076293945,19.670000076293945,19.670000076293945,19.670000076293945,905.0
2023-03-09 15:55:00,CME,177.8300018310547,177.8300018310547,178.08999633789062,177.8300018310547,177.97000122070312,10596.0
2023-03-09 15:55:00,CNOB,22.059999465942383,22.059999465942383,22.079999923706055,22.030000686645508,22.059999465942383,2780.0
2023-03-09 15:55:00,COLB,24.7549991607666,24.7549991607666,24.80500030517578,24.7549991607666,24.795000076293945,65397.0
2023-03-09 15:55:00,COOP,43.70000076293945,43.70000076293945,43.900001525878906,43.68000030517578,43.83000183105469,11866.0
2023-03-09 15:55:00,CSQ,13.729999542236328,13.729999542236328,13.739999771118164,13.729999542236328,13.739999771118164,405.0
2023-03-09 15:55:00,CSTR,15.020000457763672,15.020000457763672,15.029999732971191,15.020000457763672,15.029999732971191,576.0
2023-03-09 15:55:00,CSWC,18.075700759887695,18.075700759887695,18.075700759887695,18.075700759887695,18.075700759887695,353.0
2023-03-09 15:55:00,CTBI,40.349998474121094,40.349998474121094,40.38999938964844,40.349998474121094,40.38999938964844,2270.0
2023-03-09 15:55:00,CVBF,21.469999313354492,21.469999313354492,21.5049991607666,21.469999313354492,21.5,15172.0
2023-03-09 15:55:00,CVCY,24.270000457763672,24.270000457763672,24.350000381469727,24.264999389648438,24.264999389648438,403.0
2023-03-09 15:55:00,CVLY,24.045000076293945,24.045000076293945,24.149999618530273,24.045000076293945,24.149999618530273,223.0
2023-03-09 15:55:00,DALS,10.09000015258789,10.09000015258789,10.100000381469727,10.09000015258789,10.100000381469727,213.0
2023-03-09 15:55:00,DCOM,29.540000915527344,29.540000915527344,29.584999084472656,29.510000228881836,29.579999923706055,9557.0
2023-03-09 15:55:00,DCOMP,18.825000762939453,18.825000762939453,18.825000762939453,18.65999984741211,18.65999984741211,450.0
2023-03-09 15:55:00,DGICA,15.010000228881836,15.010000228881836,15.010000228881836,15.010000228881836,15.010000228881836,279.0
2023-03-09 15:55:00,DNAD,10.1899995803833,10.1899995803833,10.1899995803833,10.1899995803833,10.1899995803833,442.0
2023-03-09 15:55:00,DWAC,14.031000137329102,14.031000137329102,14.044400215148926,14.031000137329102,14.044400215148926,530.0
2023-03-09 15:55:00,EBC,14.25,14.25,14.270000457763672,14.25,14.260000228881836,26603.0
2023-03-09 15:55:00,EBTC,33.52000045776367,33.52000045776367,33.52000045776367,33.52000045776367,33.52000045776367,109.0
2023-03-09 15:55:00,ECPG,50.09000015258789,50.09000015258789,50.099998474121094,50.06999969482422,50.06999969482422,1482.0
2023-03-09 15:55:00,EFSC,51.09000015258789,51.09000015258789,51.16999816894531,51.09000015258789,51.16999816894531,1908.0
2023-03-09 15:55:00,EGBN,40.09000015258789,40.09000015258789,40.11000061035156,40.040000915527344,40.04999923706055,4762.0
2023-03-09 15:55:00,EHTH,8.5,8.5,8.550000190734863,8.5,8.550000190734863,3311.0
2023-03-09 15:55:00,ENTF,10.420000076293945,10.420000076293945,10.420000076293945,10.420000076293945,10.420000076293945,399.0
2023-03-09 15:55:00,EQBK,27.940000534057617,27.940000534057617,27.940000534057617,27.940000534057617,27.940000534057617,377.0
2023-03-09 15:55:00,ESACW,0.04010000079870224,0.04010000079870224,0.04010000079870224,0.04010000079870224,0.04010000079870224,0.0
2023-03-09 15:55:00,ESQ,40.90999984741211,40.90999984741211,40.90999984741211,40.900001525878906,40.900001525878906,200.0
2023-03-09 15:55:00,EWBC,66.83000183105469,66.83000183105469,67.06999969482422,66.83000183105469,67.06999969482422,15770.0
2023-03-09 15:55:00,EZPW,8.744999885559082,8.744999885559082,8.75,8.739999771118164,8.744999885559082,3537.0
2023-03-09 15:55:00,FANH,8.202500343322754,8.202500343322754,8.202500343322754,8.180000305175781,8.1899995803833,763.0
2023-03-09 15:55:00,FBIZ,33.27000045776367,33.27000045776367,33.279998779296875,33.27000045776367,33.279998779296875,396.0
2023-03-09 15:55:00,FBMS,28.700000762939453,28.700000762939453,28.700000762939453,28.65999984741211,28.68000030517578,5897.0
2023-03-09 15:55:00,FBNC,38.439998626708984,38.439998626708984,38.56999969482422,38.439998626708984,38.540000915527344,6396.0
2023-03-09 15:55:00,FCBC,28.520000457763672,28.520000457763672,28.520000457763672,28.520000457763672,28.520000457763672,535.0
2023-03-09 15:55:00,FCFS,88.41999816894531,88.41999816894531,88.56999969482422,88.41999816894531,88.55000305175781,3620.0
2023-03-09 15:55:00,FCNCA,643.4650268554688,643.4650268554688,643.4650268554688,643.4650268554688,643.4650268554688,1119.0
2023-03-09 15:55:00,FCNCP,21.799999237060547,21.799999237060547,21.799999237060547,21.799999237060547,21.799999237060547,496.0
2023-03-09 15:55:00,FCRD,4.570000171661377,4.570000171661377,4.579999923706055,4.570000171661377,4.579999923706055,694.0
2023-03-09 15:55:00,FDUS,19.8799991607666,19.8799991607666,19.8799991607666,19.8799991607666,19.8799991607666,184.0
2023-03-09 15:55:00,FFBC,22.15999984741211,22.15999984741211,22.18000030517578,22.149999618530273,22.18000030517578,2718.0
2023-03-09 15:55:00,FFIC,17.18000030517578,17.18000030517578,17.190000534057617,17.170000076293945,17.190000534057617,4323.0
2023-03-09 15:55:00,FFIN,33.349998474121094,33.349998474121094,33.439998626708984,33.349998474121094,33.41999816894531,5155.0
2023-03-09 15:55:00,FFWM,12.770000457763672,12.770000457763672,12.795000076293945,12.770000457763672,12.795000076293945,3919.0
2023-03-09 15:55:00,FHB,23.854999542236328,23.854999542236328,23.920000076293945,23.84000015258789,23.920000076293945,8570.0
2023-03-09 15:55:00,FIBK,31.920000076293945,31.920000076293945,31.989999771118164,31.915000915527344,31.989999771118164,13762.0
2023-03-09 15:55:00,FITB,31.764999389648438,31.764999389648438,31.864999771118164,31.760000228881836,31.864999771118164,115017.0
2023-03-09 15:55:00,FITBO,21.850000381469727,21.850000381469727,21.850000381469727,21.850000381469727,21.850000381469727,400.0
2023-03-09 15:55:00,FLIC,16.1200008392334,16.1200008392334,16.1200008392334,16.110000610351562,16.1200008392334,4306.0
2023-03-09 15:55:00,FMNB,13.180000305175781,13.180000305175781,13.180000305175781,13.180000305175781,13.180000305175781,1332.0
2023-03-09 15:55:00,FNCB,7.25,7.25,7.25,7.25,7.25,384.0
2023-03-09 15:55:00,FNLC,28.09000015258789,28.09000015258789,28.09000015258789,28.09000015258789,28.09000015258789,376.0
2023-03-09 15:55:00,FNWB,13.460000038146973,13.460000038146973,13.460000038146973,13.460000038146973,13.460000038146973,218.0
2023-03-09 15:55:00,FOCS,51.59000015258789,51.59000015258789,51.59000015258789,51.56999969482422,51.58000183105469,22621.0
2023-03-09 15:55:00,FRBK,1.659999966621399,1.659999966621399,1.6699999570846558,1.659999966621399,1.6699999570846558,2739.0
2023-03-09 15:55:00,FRBN,10.510000228881836,10.510000228881836,10.510000228881836,10.510000228881836,10.510000228881836,0.0
2023-03-09 15:55:00,FRHC,71.63999938964844,71.63999938964844,71.63999938964844,71.55999755859375,71.55999755859375,650.0
2023-03-09 15:55:00,FRME,37.26499938964844,37.26499938964844,37.31999969482422,37.26499938964844,37.31999969482422,3369.0
2023-03-09 15:55:00,FRST,10.729999542236328,10.729999542236328,10.729999542236328,10.729999542236328,10.729999542236328,375.0
2023-03-09 15:55:00,FULT,15.550000190734863,15.550000190734863,15.595000267028809,15.550000190734863,15.59000015258789,21354.0
2023-03-09 15:55:00,FUTU,46.03499984741211,46.03499984741211,46.11000061035156,46.02000045776367,46.11000061035156,12611.0
2023-03-09 15:55:00,FVCB,13.270000457763672,13.270000457763672,13.289999961853027,13.270000457763672,13.289999961853027,893.0
2023-03-09 15:55:00,FXNC,18.399999618530273,18.399999618530273,18.399999618530273,18.399999618530273,18.399999618530273,235.0
2023-03-09 15:55:00,GABC,35.68000030517578,35.68000030517578,35.75,35.68000030517578,35.72999954223633,1671.0
2023-03-09 15:55:00,GAIN,13.380000114440918,13.380000114440918,13.399999618530273,13.380000114440918,13.399999618530273,1756.0
2023-03-09 15:55:00,GBDC,13.1899995803833,13.1899995803833,13.1899995803833,13.1850004196167,13.1899995803833,11189.0
2023-03-09 15:55:00,GCBC,52.97999954223633,52.97999954223633,52.97999954223633,52.97999954223633,52.97999954223633,107.0
2023-03-09 15:55:00,GCMG,8.345000267028809,8.345000267028809,8.345000267028809,8.345000267028809,8.345000267028809,760.0
2023-03-09 15:55:00,GGAL,12.569999694824219,12.569999694824219,12.600000381469727,12.569999694824219,12.59000015258789,4046.0
2023-03-09 15:55:00,GLAD,9.720000267028809,9.720000267028809,9.739999771118164,9.720000267028809,9.739999771118164,1750.0
2023-03-09 15:55:00,GLRE,10.28499984741211,10.28499984741211,10.28499984741211,10.28499984741211,10.28499984741211,231.0
2023-03-09 15:55:00,GOCO,18.559999465942383,18.559999465942383,18.709999084472656,18.540000915527344,18.540000915527344,1478.0
2023-03-09 15:55:00,GREE,0.4113999903202057,0.4113999903202057,0.4113999903202057,0.4113999903202057,0.4113999903202057,950.0
2023-03-09 15:55:00,GSBC,54.15999984741211,54.15999984741211,54.18000030517578,54.130001068115234,54.130001068115234,2015.0
2023-03-09 15:55:00,GSHD,50.7599983215332,50.7599983215332,50.790000915527344,50.689998626708984,50.755001068115234,6991.0
2023-03-09 15:55:00,HAFC,21.649999618530273,21.649999618530273,21.709999084472656,21.649999618530273,21.700000762939453,2618.0
2023-03-09 15:55:00,HALL,11.010000228881836,11.010000228881836,11.100000381469727,11.010000228881836,11.100000381469727,3598.0
2023-03-09 15:55:00,HBAN,13.739999771118164,13.739999771118164,13.770000457763672,13.739999771118164,13.770000457763672,594796.0
2023-03-09 15:55:00,HBNC,13.770000457763672,13.770000457763672,13.789999961853027,13.760000228881836,13.789999961853027,2962.0
2023-03-09 15:55:00,HBT,21.764999389648438,21.764999389648438,21.770000457763672,21.729999542236328,21.770000457763672,1069.0
2023-03-09 15:55:00,HCMA,10.430000305175781,10.430000305175781,10.430000305175781,10.430000305175781,10.430000305175781,100.0
2023-03-09 15:55:00,HFWA,24.3799991607666,24.3799991607666,24.420000076293945,24.3799991607666,24.420000076293945,1160.0
2023-03-09 15:55:00,HIVE,2.369999885559082,2.369999885559082,2.375,2.369999885559082,2.375,1214.0
2023-03-09 15:55:00,HLNE,73.66000366210938,73.66000366210938,73.83999633789062,73.6500015258789,73.77999877929688,2206.0
2023-03-09 15:55:00,HMST,22.229999542236328,22.229999542236328,22.28499984741211,22.209999084472656,22.28499984741211,3240.0
2023-03-09 15:55:00,HONE,12.600000381469727,12.600000381469727,12.630000114440918,12.600000381469727,12.630000114440918,2523.0
2023-03-09 15:55:00,HOPE,11.6899995803833,11.6899995803833,11.704999923706055,11.689000129699707,11.699999809265137,14213.0
2023-03-09 15:55:00,HRZN,11.670000076293945,11.670000076293945,11.680000305175781,11.670000076293945,11.680000305175781,636.0
2023-03-09 15:55:00,HTBI,27.65999984741211,27.65999984741211,27.690000534057617,27.65999984741211,27.684999465942383,1883.0
2023-03-09 15:55:00,HTBK,10.819999694824219,10.819999694824219,10.819999694824219,10.819999694824219,10.819999694824219,2738.0
2023-03-09 15:55:00,HTLF,45.290000915527344,45.290000915527344,45.34000015258789,45.290000915527344,45.34000015258789,1701.0
2023-03-09 15:55:00,HTLFP,25.200000762939453,25.200000762939453,25.200000762939453,25.200000762939453,25.200000762939453,632.0
2023-03-09 15:55:00,HUT,1.2806999683380127,1.2806999683380127,1.2889000177383423,1.2799999713897705,1.2799999713897705,6134.0
2023-03-09 15:55:00,HWC,43.2599983215332,43.2599983215332,43.349998474121094,43.2599983215332,43.310001373291016,11244.0
2023-03-09 15:55:00,IBCP,20.469999313354492,20.469999313354492,20.469999313354492,20.469999313354492,20.469999313354492,746.0
2023-03-09 15:55:00,IBKR,85.44000244140625,85.44000244140625,85.6500015258789,85.4000015258789,85.6500015258789,17435.0
2023-03-09 15:55:00,IBOC,44.88999938964844,44.88999938964844,44.939998626708984,44.849998474121094,44.91999816894531,4600.0
2023-03-09 15:55:00,IBTX,52.36000061035156,52.36000061035156,52.40999984741211,52.33000183105469,52.40999984741211,1474.0
2023-03-09 15:55:00,IGTA,10.289999961853027,10.289999961853027,10.289999961853027,10.289999961853027,10.289999961853027,100.0
2023-03-09 15:55:00,INBK,23.229999542236328,23.229999542236328,23.229999542236328,23.229999542236328,23.229999542236328,443.0
2023-03-09 15:55:00,INDB,71.31999969482422,71.31999969482422,71.4800033569336,71.2699966430664,71.4800033569336,4531.0
2023-03-09 15:55:00,INKA,10.429499626159668,10.429499626159668,10.430000305175781,10.429499626159668,10.430000305175781,1000.0
2023-03-09 15:56:00,ABCB,42.40999984741211,42.40999984741211,42.45000076293945,42.400001525878906,42.45000076293945,7416.0
2023-03-09 15:56:00,ACGL,68.3550033569336,68.3550033569336,68.41000366210938,68.33999633789062,68.4000015258789,27645.0
2023-03-09 15:56:00,AEAE,10.350000381469727,10.350000381469727,10.350000381469727,10.350000381469727,10.350000381469727,3500.0
2023-03-09 15:56:00,AFBI,15.5600004196167,15.5600004196167,15.5600004196167,15.539999961853027,15.539999961853027,436.0
2023-03-09 15:56:00,AGBA,2.119999885559082,2.119999885559082,2.119999885559082,2.119999885559082,2.119999885559082,100.0
2023-03-09 15:56:00,AMAL,20.9950008392334,20.9950008392334,20.9950008392334,20.9950008392334,20.9950008392334,322.0
2023-03-09 15:56:00,AMRK,27.924999237060547,27.924999237060547,27.924999237060547,27.899999618530273,27.899999618530273,2300.0
2023-03-09 15:56:00,AMSF,51.4900016784668,51.4900016784668,51.4900016784668,51.47999954223633,51.47999954223633,3343.0
2023-03-09 15:56:00,AMTB,25.364999771118164,25.364999771118164,25.399999618530273,25.364999771118164,25.399999618530273,1662.0
2023-03-09 15:56:00,APLD,2.055000066757202,2.055000066757202,2.059999942779541,2.055000066757202,2.059999942779541,2974.0
2023-03-09 15:56:00,ARBK,1.3631000518798828,1.3631000518798828,1.3631000518798828,1.3631000518798828,1.3631000518798828,1554.0
2023-03-09 15:56:00,ARCC,18.462799072265625,18.462799072265625,18.467899322509766,18.459999084472656,18.46500015258789,45930.0
2023-03-09 15:56:00,AROW,28.204999923706055,28.204999923706055,28.204999923706055,28.149999618530273,28.149999618530273,719.0
2023-03-09 15:56:00,ATLO,23.40999984741211,23.40999984741211,23.40999984741211,23.360000610351562,23.360000610351562,316.0
2023-03-09 15:56:00,AUB,36.334999084472656,36.334999084472656,36.34000015258789,36.2599983215332,36.27000045776367,28070.0
2023-03-09 15:56:00,BANF,85.2699966430664,85.2699966430664,85.2699966430664,85.2699966430664,85.2699966430664,996.0
2023-03-09 15:56:00,BANR,56.93000030517578,56.93000030517578,56.9900016784668,56.90999984741211,56.9900016784668,3673.0
2023-03-09 15:56:00,BCBP,15.609999656677246,15.609999656677246,15.619999885559082,15.609999656677246,15.619999885559082,495.0
2023-03-09 15:56:00,BFC,77.04000091552734,77.04000091552734,77.04000091552734,77.04000091552734,77.04000091552734,355.0
2023-03-09 15:56:00,BFST,18.469999313354492,18.469999313354492,18.485000610351562,18.469999313354492,18.485000610351562,515.0
2023-03-09 15:56:00,BGCP,4.954999923706055,4.954999923706055,4.954999923706055,4.949999809265137,4.954999923706055,13642.0
2023-03-09 15:56:00,BHF,51.89500045776367,51.89500045776367,51.91999816894531,51.75,51.75,19985.0
2023-03-09 15:56:00,BHFAO,24.299999237060547,24.299999237060547,24.299999237060547,24.290000915527344,24.290000915527344,468.0
2023-03-09 15:56:00,BITF,0.7139509916305542,0.7139509916305542,0.7191159725189209,0.7139509916305542,0.7191159725189209,8538.0
2023-03-09 15:56:00,BKCC,3.5899999141693115,3.5899999141693115,3.5950000286102295,3.5899999141693115,3.5899999141693115,2194.0
2023-03-09 15:56:00,BLFY,11.170000076293945,11.170000076293945,11.220000267028809,11.170000076293945,11.220000267028809,2257.0
2023-03-09 15:56:00,BOKF,94.87999725341797,94.87999725341797,94.88999938964844,94.77999877929688,94.81999969482422,4294.0
2023-03-09 15:56:00,BPOP,62.029998779296875,62.029998779296875,62.060001373291016,61.92499923706055,62.060001373291016,8658.0
2023-03-09 15:56:00,BRKL,11.555000305175781,11.555000305175781,11.5600004196167,11.545000076293945,11.5600004196167,13240.0
2023-03-09 15:56:00,BRP,25.040000915527344,25.040000915527344,25.079999923706055,25.040000915527344,25.079999923706055,2465.0
2023-03-09 15:56:00,BSRR,19.15999984741211,19.15999984741211,19.15999984741211,19.15999984741211,19.15999984741211,215.0
2023-03-09 15:56:00,BTBT,1.059999942779541,1.059999942779541,1.068600058555603,1.059999942779541,1.059999942779541,7886.0
2023-03-09 15:56:00,BUSE,22.43000030517578,22.43000030517578,22.450000762939453,22.43000030517578,22.450000762939453,2178.0
2023-03-09 15:56:00,BWB,13.180000305175781,13.180000305175781,13.239999771118164,13.180000305175781,13.239999771118164,2860.0
2023-03-09 15:56:00,BYFC,1.2100000381469727,1.2100000381469727,1.2100000381469727,1.2100000381469727,1.2100000381469727,300.0
2023-03-09 15:56:00,BYNOW,0.06080000102519989,0.06080000102519989,0.06080000102519989,0.06080000102519989,0.06080000102519989,200.0
2023-03-09 15:56:00,CAC,38.900001525878906,38.900001525878906,38.900001525878906,38.900001525878906,38.900001525878906,2218.0
2023-03-09 15:56:00,CACC,428.1700134277344,428.1700134277344,428.1700134277344,428.1700134277344,428.1700134277344,1600.0
2023-03-09 15:56:00,CALB,24.530000686645508,24.530000686645508,24.530000686645508,24.530000686645508,24.530000686645508,807.0
2023-03-09 15:56:00,CARE,16.110000610351562,16.110000610351562,16.110000610351562,16.110000610351562,16.110000610351562,1071.0
2023-03-09 15:56:00,CASH,47.11000061035156,47.11000061035156,47.1150016784668,47.040000915527344,47.040000915527344,4822.0
2023-03-09 15:56:00,CATY,38.63999938964844,38.63999938964844,38.63999938964844,38.619998931884766,38.630001068115234,3765.0
2023-03-09 15:56:00,CBNK,18.729999542236328,18.729999542236328,18.729999542236328,18.729999542236328,18.729999542236328,700.0
2023-03-09 15:56:00,CBSH,61.68000030517578,61.68000030517578,61.71500015258789,61.65999984741211,61.70000076293945,15493.0
2023-03-09 15:56:00,CCAP,14.779999732971191,14.779999732971191,14.819999694824219,14.75,14.819999694824219,8694.0
2023-03-09 15:56:00,CCBG,33.040000915527344,33.040000915527344,33.040000915527344,33.040000915527344,33.040000915527344,358.0
2023-03-09 15:56:00,CCD,22.774999618530273,22.774999618530273,22.774999618530273,22.774999618530273,22.774999618530273,1006.0
2023-03-09 15:56:00,CCNE,22.53499984741211,22.53499984741211,22.53499984741211,22.53499984741211,22.53499984741211,110.0
2023-03-09 15:56:00,CFB,12.229999542236328,12.229999542236328,12.239999771118164,12.229999542236328,12.239999771118164,962.0
2023-03-09 15:56:00,CFFN,7.494999885559082,7.494999885559082,7.494999885559082,7.480000019073486,7.494999885559082,30747.0
2023-03-09 15:56:00,CG,33.19499969482422,33.19499969482422,33.244998931884766,33.189998626708984,33.244998931884766,64067.0
2023-03-09 15:56:00,CGBD,14.84000015258789,14.84000015258789,14.84000015258789,14.821000099182129,14.84000015258789,1951.0
2023-03-09 15:56:00,CHCO,91.19000244140625,91.19000244140625,91.2300033569336,91.19000244140625,91.2300033569336,638.0
2023-03-09 15:56:00,CHI,11.805000305175781,11.805000305175781,11.805000305175781,11.805000305175781,11.805000305175781,117.0
2023-03-09 15:56:00,CIFR,1.4199999570846558,1.4199999570846558,1.4500000476837158,1.4199999570846558,1.4199999570846558,23223.0
2023-03-09 15:56:00,CINF,114.97000122070312,114.97000122070312,115.05000305175781,114.94999694824219,115.05000305175781,11177.0
2023-03-09 15:56:00,CLBK,19.639999389648438,19.639999389648438,19.649999618530273,19.639999389648438,19.649999618530273,1261.0
2023-03-09 15:56:00,CME,177.7100067138672,177.7100067138672,177.8300018310547,177.6999969482422,177.77999877929688,11981.0
2023-03-09 15:56:00,CNOB,22.030000686645508,22.030000686645508,22.040000915527344,22.010000228881836,22.030000686645508,3894.0
2023-03-09 15:56:00,COLB,24.7450008392334,24.7450008392334,24.7549991607666,24.71500015258789,24.75,47067.0
2023-03-09 15:56:00,COOP,43.654998779296875,43.654998779296875,43.71500015258789,43.6349983215332,43.70500183105469,13491.0
2023-03-09 15:56:00,CRVL,177.00999450683594,177.00999450683594,177.00999450683594,177.00999450683594,177.00999450683594,674.0
2023-03-09 15:56:00,CSQ,13.729999542236328,13.729999542236328,13.729999542236328,13.729999542236328,13.729999542236328,753.0
2023-03-09 15:56:00,CSTR,15.015000343322754,15.015000343322754,15.020000457763672,15.010000228881836,15.020000457763672,762.0
2023-03-09 15:56:00,CSWC,18.063600540161133,18.063600540161133,18.069900512695312,18.057899475097656,18.069900512695312,4928.0
2023-03-09 15:56:00,CTBI,40.36000061035156,40.36000061035156,40.36000061035156,40.290000915527344,40.290000915527344,1790.0
2023-03-09 15:56:00,CVBF,21.43000030517578,21.43000030517578,21.469999313354492,21.43000030517578,21.469999313354492,19443.0
2023-03-09 15:56:00,CVCY,24.34000015258789,24.34000015258789,24.350000381469727,24.260000228881836,24.270000457763672,1410.0
2023-03-09 15:56:00,DCOM,29.559999465942383,29.559999465942383,29.559999465942383,29.5,29.545000076293945,13297.0
2023-03-09 15:56:00,DGICA,15.020000457763672,15.020000457763672,15.024999618530273,15.010000228881836,15.024999618530273,556.0
2023-03-09 15:56:00,DGNU,9.920000076293945,9.920000076293945,9.920000076293945,9.920000076293945,9.920000076293945,213.0
2023-03-09 15:56:00,DHHC,10.5,10.5,10.574999809265137,10.5,10.5,1578.0
2023-03-09 15:56:00,DWAC,14.039999961853027,14.039999961853027,14.039999961853027,14.029999732971191,14.029999732971191,1069.0
2023-03-09 15:56:00,EBC,14.244999885559082,14.244999885559082,14.260000228881836,14.239999771118164,14.25,16570.0
2023-03-09 15:56:00,EBTC,33.40999984741211,33.40999984741211,33.40999984741211,33.2599983215332,33.400001525878906,501.0
2023-03-09 15:56:00,ECPG,50.060001373291016,50.060001373291016,50.08000183105469,50.060001373291016,50.08000183105469,1701.0
2023-03-09 15:56:00,EFSC,51.08000183105469,51.08000183105469,51.11000061035156,51.06999969482422,51.08000183105469,1364.0
2023-03-09 15:56:00,EGBN,40.09000015258789,40.09000015258789,40.09000015258789,40.06999969482422,40.06999969482422,1990.0
2023-03-09 15:56:00,EHTH,8.5,8.5,8.510000228881836,8.489999771118164,8.5,4275.0
2023-03-09 15:56:00,EQBK,27.940000534057617,27.940000534057617,27.940000534057617,27.940000534057617,27.940000534057617,846.0
2023-03-09 15:56:00,ERIE,230.125,230.125,230.1750030517578,229.7899932861328,229.82000732421875,2083.0
2023-03-09 15:56:00,ESGR,231.0,231.0,231.5,231.0,231.0,3607.0
2023-03-09 15:56:00,ESQ,40.45000076293945,40.45000076293945,40.599998474121094,40.45000076293945,40.599998474121094,1096.0
2023-03-09 15:56:00,EWBC,66.86000061035156,66.86000061035156,66.87000274658203,66.80000305175781,66.83000183105469,9675.0
2023-03-09 15:56:00,EZPW,8.734999656677246,8.734999656677246,8.744999885559082,8.729999542236328,8.744999885559082,5624.0
2023-03-09 15:56:00,FBIZ,33.27000045776367,33.27000045776367,33.27000045776367,33.27000045776367,33.27000045776367,233.0
2023-03-09 15:56:00,FBMS,28.610000610351562,28.610000610351562,28.670000076293945,28.610000610351562,28.65999984741211,4651.0
2023-03-09 15:56:00,FBNC,38.494998931884766,38.494998931884766,38.5099983215332,38.380001068115234,38.400001525878906,7517.0
2023-03-09 15:56:00,FCFS,88.33000183105469,88.33000183105469,88.33000183105469,88.21499633789062,88.29000091552734,4936.0
2023-03-09 15:56:00,FCNCA,642.3499755859375,642.3499755859375,642.5800170898438,640.4199829101562,640.4199829101562,8444.0
2023-03-09 15:56:00,FCNCP,21.799999237060547,21.799999237060547,21.799999237060547,21.790000915527344,21.799999237060547,400.0
2023-03-09 15:56:00,FCRD,4.579999923706055,4.579999923706055,4.590000152587891,4.570000171661377,4.570000171661377,10183.0
2023-03-09 15:56:00,FDUS,19.8700008392334,19.8700008392334,19.8700008392334,19.8700008392334,19.8700008392334,246.0
2023-03-09 15:56:00,FFBC,22.149999618530273,22.149999618530273,22.149999618530273,22.1299991607666,22.139999389648438,2619.0
2023-03-09 15:56:00,FFIC,17.190000534057617,17.190000534057617,17.190000534057617,17.15999984741211,17.18000030517578,6709.0
2023-03-09 15:56:00,FFIN,33.349998474121094,33.349998474121094,33.36000061035156,33.31999969482422,33.33000183105469,4339.0
2023-03-09 15:56:00,FFWM,12.755000114440918,12.755000114440918,12.760000228881836,12.744999885559082,12.760000228881836,7270.0
2023-03-09 15:56:00,FHB,23.864999771118164,23.864999771118164,23.8700008392334,23.84000015258789,23.850000381469727,9336.0
2023-03-09 15:56:00,FIAC,10.350000381469727,10.350000381469727,10.350000381469727,10.350000381469727,10.350000381469727,1381.0
2023-03-09 15:56:00,FIBK,31.905000686645508,31.905000686645508,31.920000076293945,31.895000457763672,31.920000076293945,6537.0
2023-03-09 15:56:00,FITB,31.725000381469727,31.725000381469727,31.764999389648438,31.719999313354492,31.760000228881836,78797.0
2023-03-09 15:56:00,FITBO,21.850000381469727,21.850000381469727,21.850000381469727,21.850000381469727,21.850000381469727,100.0
2023-03-09 15:56:00,FLIC,16.125,16.125,16.125,16.1200008392334,16.1200008392334,562.0
2023-03-09 15:56:00,FMBH,28.059999465942383,28.059999465942383,28.125,28.059999465942383,28.09000015258789,655.0
2023-03-09 15:56:00,FMIV,10.149999618530273,10.149999618530273,10.154999732971191,10.149999618530273,10.149999618530273,600.0
2023-03-09 15:56:00,FMIVU,10.140000343322754,10.140000343322754,10.15999984741211,10.140000343322754,10.15999984741211,0.0
2023-03-09 15:56:00,FMNB,13.164999961853027,13.164999961853027,13.170000076293945,13.15999984741211,13.170000076293945,1885.0
2023-03-09 15:56:00,FNCB,7.25,7.25,7.25,7.25,7.25,187.0
2023-03-09 15:56:00,FNVT,10.40999984741211,10.40999984741211,10.40999984741211,10.40999984741211,10.40999984741211,0.0
2023-03-09 15:56:00,FOCS,51.58000183105469,51.58000183105469,51.59000015258789,51.58000183105469,51.58000183105469,7383.0
2023-03-09 15:56:00,FRBK,1.659999966621399,1.659999966621399,1.6649999618530273,1.659999966621399,1.659999966621399,5421.0
2023-03-09 15:56:00,FRHC,71.55000305175781,71.55000305175781,71.55000305175781,71.55000305175781,71.55000305175781,105.0
2023-03-09 15:56:00,FRME,37.22999954223633,37.22999954223633,37.25,37.22999954223633,37.25,1527.0
2023-03-09 15:56:00,FRST,10.729999542236328,10.729999542236328,10.729999542236328,10.729999542236328,10.729999542236328,129.0
2023-03-09 15:56:00,FSBW,33.209999084472656,33.209999084472656,33.290000915527344,33.209999084472656,33.290000915527344,953.0
2023-03-09 15:56:00,FULT,15.539999961853027,15.539999961853027,15.550000190734863,15.53499984741211,15.550000190734863,13302.0
2023-03-09 15:56:00,FUTU,46.0099983215332,46.0099983215332,46.04999923706055,45.95000076293945,46.04999923706055,12907.0
2023-03-09 15:56:00,FVCB,13.270000457763672,13.270000457763672,13.270000457763672,13.270000457763672,13.270000457763672,1191.0
2023-03-09 15:56:00,FXNC,18.5,18.5,18.5,18.40999984741211,18.40999984741211,773.0
2023-03-09 15:56:00,GABC,35.68000030517578,35.68000030517578,35.68000030517578,35.650001525878906,35.650001525878906,573.0
2023-03-09 15:56:00,GAIN,13.380000114440918,13.380000114440918,13.389200210571289,13.380000114440918,13.389200210571289,1745.0
2023-03-09 15:56:00,GBDC,13.180000305175781,13.180000305175781,13.1899995803833,13.180000305175781,13.1899995803833,18640.0
2023-03-09 15:56:00,GCBC,52.849998474121094,52.849998474121094,52.86000061035156,52.849998474121094,52.86000061035156,300.0
2023-03-09 15:56:00,GCMG,8.345000267028809,8.345000267028809,8.345000267028809,8.34000015258789,8.34000015258789,417.0
2023-03-09 15:56:00,GGAL,12.5600004196167,12.5600004196167,12.5600004196167,12.550000190734863,12.5600004196167,742.0
2023-03-09 15:56:00,GHIX,10.050000190734863,10.050000190734863,10.050000190734863,10.050000190734863,10.050000190734863,340.0
2023-03-09 15:56:00,GLAD,9.725000381469727,9.725000381469727,9.728599548339844,9.720000267028809,9.724300384521484,2537.0
2023-03-09 15:56:00,GLRE,10.270000457763672,10.270000457763672,10.270000457763672,10.270000457763672,10.270000457763672,724.0
2023-03-09 15:56:00,GOCO,18.540000915527344,18.540000915527344,18.600000381469727,18.540000915527344,18.600000381469727,1729.0
2023-03-09 15:56:00,GSHD,50.720001220703125,50.720001220703125,50.77000045776367,50.720001220703125,50.744998931884766,3256.0
2023-03-09 15:56:00,GXII,10.130000114440918,10.130000114440918,10.130000114440918,10.130000114440918,10.130000114440918,463.0
2023-03-09 15:56:00,HAFC,21.65999984741211,21.65999984741211,21.65999984741211,21.6299991607666,21.6299991607666,1158.0
2023-03-09 15:56:00,HBAN,13.729999542236328,13.729999542236328,13.744999885559082,13.729999542236328,13.739999771118164,149611.0
2023-03-09 15:56:00,HBANM,22.260000228881836,22.260000228881836,22.290000915527344,22.260000228881836,22.290000915527344,741.0
2023-03-09 15:56:00,HBANP,18.866300582885742,18.866300582885742,18.866300582885742,18.866300582885742,18.866300582885742,210.0
2023-03-09 15:56:00,HBCP,36.20500183105469,36.20500183105469,36.20500183105469,36.20500183105469,36.20500183105469,151.0
2023-03-09 15:56:00,HBNC,13.770000457763672,13.770000457763672,13.770000457763672,13.760000228881836,13.760000228881836,2013.0
2023-03-09 15:56:00,HBT,21.709999084472656,21.709999084472656,21.75,21.709999084472656,21.75,666.0
2023-03-09 15:56:00,HFWA,24.3700008392334,24.3700008392334,24.385000228881836,24.360000610351562,24.364999771118164,3716.0
2023-03-09 15:56:00,HIVE,2.361999988555908,2.361999988555908,2.369999885559082,2.359999895095825,2.369999885559082,14085.0
2023-03-09 15:56:00,HLNE,73.66619873046875,73.66619873046875,73.66999816894531,73.66619873046875,73.66999816894531,1337.0
2023-03-09 15:56:00,HMST,22.229999542236328,22.229999542236328,22.239999771118164,22.229999542236328,22.235000610351562,1249.0
2023-03-09 15:56:00,HONE,12.603599548339844,12.603599548339844,12.609999656677246,12.600000381469727,12.604999542236328,2189.0
2023-03-09 15:56:00,HOPE,11.694999694824219,11.694999694824219,11.694999694824219,11.680000305175781,11.6850004196167,8974.0
2023-03-09 15:56:00,HPLTW,0.10779999941587448,0.10779999941587448,0.10779999941587448,0.10769999772310257,0.10769999772310257,500.0
2023-03-09 15:56:00,HRZN,11.670000076293945,11.670000076293945,11.680000305175781,11.65999984741211,11.670000076293945,2216.0
2023-03-09 15:56:00,HTBI,27.700000762939453,27.700000762939453,27.700000762939453,27.649999618530273,27.65999984741211,2561.0
2023-03-09 15:56:00,HTBK,10.78499984741211,10.78499984741211,10.8100004196167,10.78499984741211,10.8100004196167,3208.0
2023-03-09 15:56:00,HTLF,45.279998779296875,45.279998779296875,45.29999923706055,45.279998779296875,45.29999923706055,1389.0
2023-03-09 15:56:00,HUT,1.2795000076293945,1.2795000076293945,1.284999966621399,1.2699999809265137,1.2799999713897705,42596.0
2023-03-09 15:56:00,HWC,43.255001068115234,43.255001068115234,43.2599983215332,43.189998626708984,43.2599983215332,9415.0
2023-03-09 15:56:00,IBCP,20.440000534057617,20.440000534057617,20.440000534057617,20.43000030517578,20.440000534057617,533.0
2023-03-09 15:56:00,IBKR,85.4800033569336,85.4800033569336,85.5,85.36180114746094,85.42500305175781,19587.0
2023-03-09 15:56:00,IBOC,44.82500076293945,44.82500076293945,44.83000183105469,44.817501068115234,44.82500076293945,3160.0
2023-03-09 15:56:00,IBTX,52.380001068115234,52.380001068115234,52.400001525878906,52.290000915527344,52.290000915527344,2335.0
2023-03-09 15:56:00,ICMB,3.9096999168395996,3.9096999168395996,3.9096999168395996,3.8499999046325684,3.890000104904175,3096.0
2023-03-09 15:56:00,IGIC,8.369999885559082,8.369999885559082,8.369999885559082,8.3100004196167,8.3100004196167,559.0
2023-03-09 15:56:00,INBK,23.15999984741211,23.15999984741211,23.190000534057617,23.15999984741211,23.190000534057617,251.0
2023-03-09 15:56:00,INDB,71.2699966430664,71.2699966430664,71.29499816894531,71.25,71.29000091552734,2510.0
2023-03-09 15:57:00,ABCB,42.41999816894531,42.41999816894531,42.41999816894531,42.380001068115234,42.400001525878906,5249.0
2023-03-09 15:57:00,ACGL,68.38999938964844,68.38999938964844,68.38999938964844,68.33000183105469,68.3550033569336,60588.0
2023-03-09 15:57:00,ACGLN,18.479999542236328,18.479999542236328,18.479999542236328,18.479999542236328,18.479999542236328,100.0
2023-03-09 15:57:00,ACT,23.540000915527344,23.540000915527344,23.55500030517578,23.520000457763672,23.55500030517578,1718.0
2023-03-09 15:57:00,AEAE,10.350000381469727,10.350000381469727,10.350000381469727,10.350000381469727,10.350000381469727,4000.0
2023-03-09 15:57:00,ALRS,18.760000228881836,18.760000228881836,18.760000228881836,18.760000228881836,18.760000228881836,288.0
2023-03-09 15:57:00,AMAL,21.0,21.0,21.020000457763672,21.0,21.010000228881836,1651.0
2023-03-09 15:57:00,AMNB,31.290000915527344,31.290000915527344,31.290000915527344,31.270000457763672,31.270000457763672,896.0
2023-03-09 15:57:00,AMRK,27.905000686645508,27.905000686645508,27.940000534057617,27.905000686645508,27.90999984741211,2468.0
2023-03-09 15:57:00,AMSF,51.4900016784668,51.4900016784668,51.4900016784668,51.47999954223633,51.47999954223633,460.0
2023-03-09 15:57:00,AMTB,25.399999618530273,25.399999618530273,25.399999618530273,25.389999389648438,25.399999618530273,1378.0
2023-03-09 15:57:00,APLD,2.055000066757202,2.055000066757202,2.055000066757202,2.049999952316284,2.055000066757202,1834.0
2023-03-09 15:57:00,ARCC,18.460100173950195,18.460100173950195,18.469900131225586,18.450000762939453,18.46500015258789,93980.0
2023-03-09 15:57:00,AUB,36.334999084472656,36.334999084472656,36.36000061035156,36.29999923706055,36.334999084472656,54793.0
2023-03-09 15:57:00,BANR,56.90999984741211,56.90999984741211,56.93000030517578,56.869998931884766,56.88999938964844,3795.0
2023-03-09 15:57:00,BCBP,15.619999885559082,15.619999885559082,15.619999885559082,15.600000381469727,15.609999656677246,364.0
2023-03-09 15:57:00,BFC,76.77999877929688,76.77999877929688,76.77999877929688,76.77999877929688,76.77999877929688,474.0
2023-03-09 15:57:00,BFST,18.454999923706055,18.454999923706055,18.469999313354492,18.450000762939453,18.469999313354492,1061.0
2023-03-09 15:57:00,BGCP,4.960000038146973,4.960000038146973,4.960000038146973,4.949999809265137,4.954999923706055,17933.0
2023-03-09 15:57:00,BHF,51.86000061035156,51.86000061035156,51.88999938964844,51.83000183105469,51.880001068115234,16449.0
2023-03-09 15:57:00,BHFAM,16.299999237060547,16.299999237060547,16.350000381469727,16.299999237060547,16.350000381469727,665.0
2023-03-09 15:57:00,BHFAO,24.299999237060547,24.299999237060547,24.299999237060547,24.299999237060547,24.299999237060547,206.0
2023-03-09 15:57:00,BITF,0.7145000100135803,0.7145000100135803,0.7179999947547913,0.7129999995231628,0.7139999866485596,3288.0
2023-03-09 15:57:00,BKCC,3.5950000286102295,3.5950000286102295,3.5999999046325684,3.5899999141693115,3.5899999141693115,1138.0
2023-03-09 15:57:00,BLFY,11.15999984741211,11.15999984741211,11.15999984741211,11.140000343322754,11.154999732971191,1746.0
2023-03-09 15:57:00,BMRC,27.1299991607666,27.1299991607666,27.1299991607666,27.114999771118164,27.114999771118164,769.0
2023-03-09 15:57:00,BOCN,10.40999984741211,10.40999984741211,10.40999984741211,10.40999984741211,10.40999984741211,686.0
2023-03-09 15:57:00,BOKF,94.87999725341797,94.87999725341797,94.93000030517578,94.80000305175781,94.88999938964844,5262.0
2023-03-09 15:57:00,BPOP,61.970001220703125,61.970001220703125,62.060001373291016,61.959999084472656,62.02000045776367,14031.0
2023-03-09 15:57:00,BRKL,11.550000190734863,11.550000190734863,11.555000305175781,11.539999961853027,11.555000305175781,8233.0
2023-03-09 15:57:00,BRP,25.030000686645508,25.030000686645508,25.079999923706055,25.010000228881836,25.059999465942383,4566.0
2023-03-09 15:57:00,BSRR,19.149999618530273,19.149999618530273,19.149999618530273,19.149999618530273,19.149999618530273,1250.0
2023-03-09 15:57:00,BTBT,1.065000057220459,1.065000057220459,1.065000057220459,1.059999942779541,1.065000057220459,2947.0
2023-03-09 15:57:00,BUSE,22.43000030517578,22.43000030517578,22.440000534057617,22.43000030517578,22.440000534057617,1355.0
2023-03-09 15:57:00,BWB,13.170000076293945,13.170000076293945,13.210000038146973,13.149999618530273,13.1899995803833,4011.0
2023-03-09 15:57:00,BYFC,1.2100000381469727,1.2100000381469727,1.2100000381469727,1.2100000381469727,1.2100000381469727,427.0
2023-03-09 15:57:00,CAC,38.900001525878906,38.900001525878906,38.900001525878906,38.900001525878906,38.900001525878906,1602.0
2023-03-09 15:57:00,CACC,427.7950134277344,427.7950134277344,427.7950134277344,427.7950134277344,427.7950134277344,445.0
2023-03-09 15:57:00,CARE,16.110000610351562,16.110000610351562,16.110000610351562,16.110000610351562,16.110000610351562,442.0
2023-03-09 15:57:00,CASH,47.029998779296875,47.029998779296875,47.06999969482422,47.02000045776367,47.06999969482422,6351.0
2023-03-09 15:57:00,CATC,70.08999633789062,70.08999633789062,70.1947021484375,70.08999633789062,70.1947021484375,1163.0
2023-03-09 15:57:00,CATY,38.619998931884766,38.619998931884766,38.650001525878906,38.61000061035156,38.630001068115234,6403.0
2023-03-09 15:57:00,CBAN,11.729999542236328,11.729999542236328,11.729999542236328,11.729999542236328,11.729999542236328,269.0
2023-03-09 15:57:00,CBNK,18.729999542236328,18.729999542236328,18.729999542236328,18.729999542236328,18.729999542236328,919.0
2023-03-09 15:57:00,CBSH,61.63999938964844,61.63999938964844,61.665000915527344,61.619998931884766,61.650001525878906,8133.0
2023-03-09 15:57:00,CCAP,14.779999732971191,14.779999732971191,14.789999961853027,14.779999732971191,14.779999732971191,1774.0
2023-03-09 15:57:00,CCBG,32.93000030517578,32.93000030517578,33.0,32.93000030517578,32.95000076293945,679.0
2023-03-09 15:57:00,CCD,22.764999389648438,22.764999389648438,22.771400451660156,22.764999389648438,22.771400451660156,1458.0
2023-03-09 15:57:00,CCNE,22.530000686645508,22.530000686645508,22.530000686645508,22.530000686645508,22.530000686645508,701.0
2023-03-09 15:57:00,CFFN,7.494999885559082,7.494999885559082,7.494999885559082,7.489999771118164,7.494999885559082,3396.0
2023-03-09 15:57:00,CG,33.12419891357422,33.12419891357422,33.19499969482422,33.119998931884766,33.19499969482422,81618.0
2023-03-09 15:57:00,CGBD,14.84000015258789,14.84000015258789,14.84000015258789,14.829999923706055,14.829999923706055,2436.0
2023-03-09 15:57:00,CGO,9.748800277709961,9.748800277709961,9.748800277709961,9.748800277709961,9.748800277709961,227.0
2023-03-09 15:57:00,CHCO,91.1500015258789,91.1500015258789,91.1500015258789,91.1500015258789,91.1500015258789,585.0
2023-03-09 15:57:00,CHI,11.800000190734863,11.800000190734863,11.81980037689209,11.800000190734863,11.805000305175781,2791.0
2023-03-09 15:57:00,CHMG,48.75,48.75,48.75,48.75,48.75,426.0
2023-03-09 15:57:00,CHW,5.954999923706055,5.954999923706055,5.954999923706055,5.954999923706055,5.954999923706055,604.0
2023-03-09 15:57:00,CHY,12.085000038146973,12.085000038146973,12.085000038146973,12.085000038146973,12.085000038146973,414.0
2023-03-09 15:57:00,CIFR,1.4199999570846558,1.4199999570846558,1.4285000562667847,1.4199999570846558,1.4199999570846558,7002.0
2023-03-09 15:57:00,CINF,114.9800033569336,114.9800033569336,115.0,114.94000244140625,114.95999908447266,10454.0
2023-03-09 15:57:00,CLBK,19.6200008392334,19.6200008392334,19.639999389648438,19.6200008392334,19.639999389648438,1164.0
2023-03-09 15:57:00,CME,177.69500732421875,177.69500732421875,177.75,177.63999938964844,177.6999969482422,14824.0
2023-03-09 15:57:00,CNOB,22.030000686645508,22.030000686645508,22.030000686645508,22.030000686645508,22.030000686645508,1044.0
2023-03-09 15:57:00,COLB,24.719999313354492,24.719999313354492,24.75,24.700000762939453,24.75,82712.0
2023-03-09 15:57:00,COOP,43.58000183105469,43.58000183105469,43.650001525878906,43.560001373291016,43.650001525878906,11048.0
2023-03-09 15:57:00,CSQ,13.720000267028809,13.720000267028809,13.725000381469727,13.720000267028809,13.725000381469727,300.0
2023-03-09 15:57:00,CSTR,15.010000228881836,15.010000228881836,15.010000228881836,15.010000228881836,15.010000228881836,162.0
2023-03-09 15:57:00,CSWC,18.049999237060547,18.049999237060547,18.06999969482422,18.045000076293945,18.06760025024414,6442.0
2023-03-09 15:57:00,CTBI,40.380001068115234,40.380001068115234,40.400001525878906,40.349998474121094,40.400001525878906,1590.0
2023-03-09 15:57:00,CVBF,21.440000534057617,21.440000534057617,21.450000762939453,21.40999984741211,21.43000030517578,21681.0
2023-03-09 15:57:00,CVCY,24.315000534057617,24.315000534057617,24.360000610351562,24.315000534057617,24.31999969482422,489.0
2023-03-09 15:57:00,DCOM,29.559999465942383,29.559999465942383,29.559999465942383,29.524999618530273,29.549999237060547,11993.0
2023-03-09 15:57:00,DCOMP,18.850000381469727,18.850000381469727,18.850000381469727,18.709999084472656,18.709999084472656,217.0
2023-03-09 15:57:00,DGICA,15.039999961853027,15.039999961853027,15.039999961853027,15.039999961853027,15.039999961853027,522.0
2023-03-09 15:57:00,DHHC,10.449999809265137,10.449999809265137,10.460000038146973,10.40999984741211,10.460000038146973,1977.0
2023-03-09 15:57:00,DHIL,171.6699981689453,171.6699981689453,171.6699981689453,171.6699981689453,171.6699981689453,320.0
2023-03-09 15:57:00,DWAC,14.029000282287598,14.029000282287598,14.039999961853027,14.029000282287598,14.039999961853027,999.0
2023-03-09 15:57:00,EBC,14.239999771118164,14.239999771118164,14.25,14.229999542236328,14.239999771118164,44246.0
2023-03-09 15:57:00,EBTC,33.36000061035156,33.36000061035156,33.36000061035156,33.36000061035156,33.36000061035156,106.0
2023-03-09 15:57:00,ECPG,50.08000183105469,50.08000183105469,50.130001068115234,50.060001373291016,50.060001373291016,2588.0
2023-03-09 15:57:00,EFSC,51.11000061035156,51.11000061035156,51.11000061035156,51.060001373291016,51.060001373291016,1415.0
2023-03-09 15:57:00,EGBN,40.04999923706055,40.04999923706055,40.08000183105469,40.029998779296875,40.08000183105469,4073.0
2023-03-09 15:57:00,EHTH,8.479999542236328,8.479999542236328,8.5,8.470000267028809,8.5,5010.0
2023-03-09 15:57:00,ERIE,229.91000366210938,229.91000366210938,229.91000366210938,229.8800048828125,229.8800048828125,522.0
2023-03-09 15:57:00,ESGR,231.0,231.0,231.0,231.0,231.0,371.0
2023-03-09 15:57:00,ESQ,40.459999084472656,40.459999084472656,40.7599983215332,40.459999084472656,40.470001220703125,305.0
2023-03-09 15:57:00,EWBC,66.86499786376953,66.86499786376953,66.88999938964844,66.80000305175781,66.87999725341797,17396.0
2023-03-09 15:57:00,EZPW,8.734999656677246,8.734999656677246,8.734999656677246,8.729999542236328,8.734999656677246,3442.0
2023-03-09 15:57:00,FANH,8.199999809265137,8.199999809265137,8.199999809265137,8.199899673461914,8.199899673461914,450.0
2023-03-09 15:57:00,FBMS,28.649999618530273,28.649999618530273,28.649999618530273,28.600000381469727,28.610000610351562,6686.0
2023-03-09 15:57:00,FBNC,38.4900016784668,38.4900016784668,38.4900016784668,38.470001220703125,38.47999954223633,5326.0
2023-03-09 15:57:00,FCFS,88.24500274658203,88.24500274658203,88.29000091552734,88.2300033569336,88.25,3373.0
2023-03-09 15:57:00,FCNCA,642.239990234375,642.239990234375,642.239990234375,642.1599731445312,642.1599731445312,1039.0
2023-03-09 15:57:00,FCNCP,21.790000915527344,21.790000915527344,21.799999237060547,21.790000915527344,21.799999237060547,200.0
2023-03-09 15:57:00,FCRD,4.579999923706055,4.579999923706055,4.590000152587891,4.579999923706055,4.579999923706055,1252.0
2023-03-09 15:57:00,FDUS,19.850000381469727,19.850000381469727,19.8700008392334,19.850000381469727,19.8700008392334,1000.0
2023-03-09 15:57:00,FFBC,22.149999618530273,22.149999618530273,22.149999618530273,22.1299991607666,22.139999389648438,6103.0
2023-03-09 15:57:00,FFIC,17.190000534057617,17.190000534057617,17.190000534057617,17.18000030517578,17.190000534057617,2352.0
2023-03-09 15:57:00,FFIN,33.369998931884766,33.369998931884766,33.369998931884766,33.31999969482422,33.349998474121094,7169.0
2023-03-09 15:57:00,FFWM,12.75,12.75,12.755000114440918,12.725000381469727,12.755000114440918,10253.0
2023-03-09 15:57:00,FHB,23.850000381469727,23.850000381469727,23.8700008392334,23.84000015258789,23.8700008392334,11809.0
2023-03-09 15:57:00,FIBK,31.90999984741211,31.90999984741211,31.90999984741211,31.8799991607666,31.905000686645508,9085.0
2023-03-09 15:57:00,FICV,10.199999809265137,10.199999809265137,10.199999809265137,10.199999809265137,10.199999809265137,200000.0
2023-03-09 15:57:00,FISI,23.040000915527344,23.040000915527344,23.040000915527344,23.040000915527344,23.040000915527344,764.0
2023-03-09 15:57:00,FITB,31.704999923706055,31.704999923706055,31.729999542236328,31.68000030517578,31.725000381469727,97634.0
2023-03-09 15:57:00,FITBO,21.850000381469727,21.850000381469727,21.850000381469727,21.850000381469727,21.850000381469727,190.0
2023-03-09 15:57:00,FLIC,16.1200008392334,16.1200008392334,16.1200008392334,16.114999771118164,16.1200008392334,2795.0
2023-03-09 15:57:00,FMNB,13.15999984741211,13.15999984741211,13.170000076293945,13.15999984741211,13.170000076293945,977.0
2023-03-09 15:57:00,FNCB,7.25,7.25,7.25,7.25,7.25,141.0
2023-03-09 15:57:00,FNVT,10.40999984741211,10.40999984741211,10.40999984741211,10.40999984741211,10.40999984741211,3800.0
2023-03-09 15:57:00,FOCS,51.57500076293945,51.57500076293945,51.59000015258789,51.56999969482422,51.584999084472656,21726.0
2023-03-09 15:57:00,FRBA,12.609999656677246,12.609999656677246,12.609999656677246,12.609999656677246,12.609999656677246,348.0
2023-03-09 15:57:00,FRBK,1.6649999618530273,1.6649999618530273,1.669100046157837,1.659999966621399,1.659999966621399,1061.0
2023-03-09 15:57:00,FRBN,10.449999809265137,10.449999809265137,10.449999809265137,10.449999809265137,10.449999809265137,227.0
2023-03-09 15:57:00,FRHC,71.5,71.5,71.54000091552734,71.5,71.5,971.0
2023-03-09 15:57:00,FRME,37.279998779296875,37.279998779296875,37.279998779296875,37.2400016784668,37.25,2461.0
2023-03-09 15:57:00,FRST,10.729999542236328,10.729999542236328,10.729999542236328,10.729999542236328,10.729999542236328,241.0
2023-03-09 15:57:00,FULT,15.550000190734863,15.550000190734863,15.550000190734863,15.529999732971191,15.53499984741211,23655.0
2023-03-09 15:57:00,FULTP,20.93000030517578,20.93000030517578,20.93000030517578,20.799999237060547,20.799999237060547,600.0
2023-03-09 15:57:00,FUND,8.380000114440918,8.380000114440918,8.380000114440918,8.380000114440918,8.380000114440918,295.0
2023-03-09 15:57:00,FUTU,46.0,46.0,46.029998779296875,45.970001220703125,46.010101318359375,12111.0
2023-03-09 15:57:00,FVCB,13.270000457763672,13.270000457763672,13.270000457763672,13.270000457763672,13.270000457763672,1025.0
2023-03-09 15:57:00,GABC,35.630001068115234,35.630001068115234,35.68000030517578,35.630001068115234,35.650001525878906,892.0
2023-03-09 15:57:00,GAIN,13.350000381469727,13.350000381469727,13.380000114440918,13.350000381469727,13.380000114440918,3345.0
2023-03-09 15:57:00,GATEU,10.130000114440918,10.130000114440918,10.130000114440918,10.130000114440918,10.130000114440918,199.0
2023-03-09 15:57:00,GATEW,0.11999999731779099,0.11999999731779099,0.11999999731779099,0.11999999731779099,0.11999999731779099,0.0
2023-03-09 15:57:00,GBDC,13.180000305175781,13.180000305175781,13.180800437927246,13.180000305175781,13.180000305175781,9855.0
2023-03-09 15:57:00,GCBC,52.701499938964844,52.701499938964844,52.701499938964844,52.43000030517578,52.43000030517578,472.0
2023-03-09 15:57:00,GCMG,8.34000015258789,8.34000015258789,8.354999542236328,8.34000015258789,8.350000381469727,3507.0
2023-03-09 15:57:00,GGAL,12.529999732971191,12.529999732971191,12.569999694824219,12.529999732971191,12.550000190734863,5318.0
2023-03-09 15:57:00,GLAD,9.71500015258789,9.71500015258789,9.729999542236328,9.710000038146973,9.720000267028809,1793.0
2023-03-09 15:57:00,GLRE,10.277999877929688,10.277999877929688,10.277999877929688,10.270000457763672,10.270000457763672,652.0
2023-03-09 15:57:00,GNTY,29.15999984741211,29.15999984741211,29.15999984741211,29.15999984741211,29.15999984741211,221.0
2023-03-09 15:57:00,GOCO,18.3799991607666,18.3799991607666,18.709999084472656,18.3799991607666,18.3799991607666,302.0
2023-03-09 15:57:00,GREE,0.413100004196167,0.413100004196167,0.413100004196167,0.413100004196167,0.413100004196167,598.0
2023-03-09 15:57:00,GSBC,54.02000045776367,54.02000045776367,54.02000045776367,54.02000045776367,54.02000045776367,365.0
2023-03-09 15:57:00,GSHD,50.75,50.75,50.75,50.689998626708984,50.70000076293945,7318.0
2023-03-09 15:57:00,HAFC,21.649999618530273,21.649999618530273,21.649999618530273,21.649999618530273,21.649999618530273,715.0
2023-03-09 15:57:00,HBAN,13.720000267028809,13.720000267028809,13.739999771118164,13.720000267028809,13.729999542236328,186435.0
2023-03-09 15:57:00,HBNC,13.760000228881836,13.760000228881836,13.770000457763672,13.75,13.770000457763672,2164.0
2023-03-09 15:57:00,HBT,21.709999084472656,21.709999084472656,21.709999084472656,21.690000534057617,21.709999084472656,1901.0
2023-03-09 15:57:00,HFWA,24.450000762939453,24.450000762939453,24.450000762939453,24.350000381469727,24.350000381469727,5373.0
2023-03-09 15:57:00,HIFS,255.0,255.0,255.0,255.0,255.0,557.0
2023-03-09 15:57:00,HIVE,2.365000009536743,2.365000009536743,2.3689000606536865,2.365000009536743,2.3689000606536865,1251.0
2023-03-09 15:57:00,HLNE,73.55000305175781,73.55000305175781,73.58999633789062,73.47000122070312,73.58999633789062,2539.0
2023-03-09 15:57:00,HMST,22.219999313354492,22.219999313354492,22.25,22.200000762939453,22.25,4924.0
2023-03-09 15:57:00,HONE,12.59000015258789,12.59000015258789,12.600000381469727,12.59000015258789,12.600000381469727,2283.0
2023-03-09 15:57:00,HOPE,11.687999725341797,11.687999725341797,11.6899995803833,11.670000076293945,11.6899995803833,16404.0
2023-03-09 15:57:00,HRZN,11.65999984741211,11.65999984741211,11.670000076293945,11.649999618530273,11.649999618530273,1498.0
2023-03-09 15:57:00,HTBI,27.684999465942383,27.684999465942383,27.684999465942383,27.684999465942383,27.684999465942383,791.0
2023-03-09 15:57:00,HTBK,10.789999961853027,10.789999961853027,10.789999961853027,10.779999732971191,10.78499984741211,1920.0
2023-03-09 15:57:00,HTLF,45.2400016784668,45.2400016784668,45.27000045776367,45.209999084472656,45.27000045776367,2651.0
2023-03-09 15:57:00,HUT,1.2649999856948853,1.2649999856948853,1.2799999713897705,1.2599999904632568,1.274999976158142,31303.0
2023-03-09 15:57:00,HWC,43.2400016784668,43.2400016784668,43.2400016784668,43.209999084472656,43.22999954223633,13544.0
2023-03-09 15:57:00,IBCP,20.450000762939453,20.450000762939453,20.450000762939453,20.43000030517578,20.440000534057617,2742.0
2023-03-09 15:57:00,IBKR,85.42500305175781,85.42500305175781,85.51000213623047,85.36000061035156,85.48999786376953,29230.0
2023-03-09 15:57:00,IBOC,44.790000915527344,44.790000915527344,44.810001373291016,44.77000045776367,44.79999923706055,4271.0
2023-03-09 15:57:00,IBTX,52.400001525878906,52.400001525878906,52.40999984741211,52.36000061035156,52.36000061035156,2367.0
2023-03-09 15:57:00,ICMB,3.940000057220459,3.940000057220459,3.940000057220459,3.930000066757202,3.930000066757202,616.0
2023-03-09 15:57:00,IGIC,8.359999656677246,8.359999656677246,8.359999656677246,8.359999656677246,8.359999656677246,100.0
2023-03-09 15:57:00,INDB,71.30999755859375,71.30999755859375,71.30999755859375,71.22000122070312,71.2699966430664,8559.0
2023-03-09 15:57:00,INTR,1.9982000589370728,1.9982000589370728,1.9982000589370728,1.9982000589370728,1.9982000589370728,259.0
2023-03-09 15:58:00,ABCB,42.45000076293945,42.45000076293945,42.45000076293945,42.41999816894531,42.43000030517578,4036.0
2023-03-09 15:58:00,ACGL,68.375,68.375,68.38999938964844,68.36000061035156,68.38500213623047,35810.0
2023-03-09 15:58:00,ACT,23.530000686645508,23.530000686645508,23.53499984741211,23.530000686645508,23.53499984741211,1011.0
2023-03-09 15:58:00,AEAE,10.350000381469727,10.350000381469727,10.350000381469727,10.350000381469727,10.350000381469727,3300.0
2023-03-09 15:58:00,ALRS,18.6200008392334,18.6200008392334,18.6200008392334,18.6200008392334,18.6200008392334,327.0
2023-03-09 15:58:00,AMAL,21.010000228881836,21.010000228881836,21.020000457763672,21.010000228881836,21.020000457763672,842.0
2023-03-09 15:58:00,AMRK,27.905000686645508,27.905000686645508,27.90999984741211,27.899999618530273,27.905000686645508,3617.0
2023-03-09 15:58:00,AMSF,51.45000076293945,51.45000076293945,51.5099983215332,51.43000030517578,51.494998931884766,1130.0
2023-03-09 15:58:00,AMTB,25.440000534057617,25.440000534057617,25.440000534057617,25.440000534057617,25.440000534057617,953.0
2023-03-09 15:58:00,APAC,10.489999771118164,10.489999771118164,10.489999771118164,10.489999771118164,10.489999771118164,1200.0
2023-03-09 15:58:00,APLD,2.0399999618530273,2.0399999618530273,2.0599000453948975,2.0399999618530273,2.049999952316284,13841.0
2023-03-09 15:58:00,APMI,10.100000381469727,10.100000381469727,10.119999885559082,10.100000381469727,10.119999885559082,200.0
2023-03-09 15:58:00,ARBK,1.3700000047683716,1.3700000047683716,1.3700000047683716,1.3700000047683716,1.3700000047683716,805.0
2023-03-09 15:58:00,ARCC,18.46500015258789,18.46500015258789,18.469999313354492,18.454999923706055,18.459999084472656,58958.0
2023-03-09 15:58:00,AROW,28.219999313354492,28.219999313354492,28.219999313354492,28.219999313354492,28.219999313354492,292.0
2023-03-09 15:58:00,ATLO,23.420000076293945,23.420000076293945,23.420000076293945,23.309999465942383,23.309999465942383,559.0
2023-03-09 15:58:00,AUB,36.34000015258789,36.34000015258789,36.380001068115234,36.33000183105469,36.34000015258789,16945.0
2023-03-09 15:58:00,BANF,85.20999908447266,85.20999908447266,85.38999938964844,85.19999694824219,85.37999725341797,2239.0
2023-03-09 15:58:00,BANR,56.880001068115234,56.880001068115234,56.9900016784668,56.880001068115234,56.9900016784668,3726.0
2023-03-09 15:58:00,BCML,19.280000686645508,19.280000686645508,19.280000686645508,19.280000686645508,19.280000686645508,1340.0
2023-03-09 15:58:00,BFST,18.479999542236328,18.479999542236328,18.479999542236328,18.469999313354492,18.469999313354492,814.0
2023-03-09 15:58:00,BGCP,4.949999809265137,4.949999809265137,4.960000038146973,4.949999809265137,4.954999923706055,10796.0
2023-03-09 15:58:00,BHF,51.89500045776367,51.89500045776367,51.90999984741211,51.86000061035156,51.86000061035156,16815.0
2023-03-09 15:58:00,BITF,0.7141000032424927,0.7141000032424927,0.7178000211715698,0.7141000032424927,0.7178000211715698,11238.0
2023-03-09 15:58:00,BKCC,3.5950000286102295,3.5950000286102295,3.5950000286102295,3.5899999141693115,3.5950000286102295,2222.0
2023-03-09 15:58:00,BLFY,11.1899995803833,11.1899995803833,11.1899995803833,11.1899995803833,11.1899995803833,278.0
2023-03-09 15:58:00,BMRC,27.125,27.125,27.149999618530273,27.125,27.149999618530273,958.0
2023-03-09 15:58:00,BOKF,95.0199966430664,95.0199966430664,95.05999755859375,94.87999725341797,94.87999725341797,5955.0
2023-03-09 15:58:00,BPOP,62.0099983215332,62.0099983215332,62.0099983215332,61.959999084472656,62.0099983215332,10145.0
2023-03-09 15:58:00,BPRN,33.650001525878906,33.650001525878906,33.970001220703125,33.650001525878906,33.970001220703125,447.0
2023-03-09 15:58:00,BRKL,11.5600004196167,11.5600004196167,11.5600004196167,11.550000190734863,11.550000190734863,4420.0
2023-03-09 15:58:00,BRP,25.0,25.0,25.079999923706055,25.0,25.059999465942383,4651.0
2023-03-09 15:58:00,BTBT,1.0699000358581543,1.0699000358581543,1.0700000524520874,1.059999942779541,1.065000057220459,14008.0
2023-03-09 15:58:00,BTCS,1.1699999570846558,1.1699999570846558,1.1799999475479126,1.1699999570846558,1.1799999475479126,671.0
2023-03-09 15:58:00,BUSE,22.440000534057617,22.440000534057617,22.450000762939453,22.440000534057617,22.450000762939453,1201.0
2023-03-09 15:58:00,BWB,13.194999694824219,13.194999694824219,13.210000038146973,13.170000076293945,13.170000076293945,1570.0
2023-03-09 15:58:00,BWFG,27.834999084472656,27.834999084472656,27.860000610351562,27.834999084472656,27.860000610351562,1192.0
2023-03-09 15:58:00,BYFC,1.2100000381469727,1.2100000381469727,1.2100000381469727,1.2100000381469727,1.2100000381469727,100.0
2023-03-09 15:58:00,CAC,38.849998474121094,38.849998474121094,38.849998474121094,38.849998474121094,38.849998474121094,352.0
2023-03-09 15:58:00,CACC,427.6000061035156,427.6000061035156,427.6000061035156,427.6000061035156,427.6000061035156,1972.0
2023-03-09 15:58:00,CARE,16.110000610351562,16.110000610351562,16.110000610351562,16.110000610351562,16.110000610351562,257.0
2023-03-09 15:58:00,CASH,46.95000076293945,46.95000076293945,47.08000183105469,46.93000030517578,47.060001373291016,18849.0
2023-03-09 15:58:00,CATC,70.05000305175781,70.05000305175781,70.05000305175781,70.05000305175781,70.05000305175781,168.0
2023-03-09 15:58:00,CATY,38.650001525878906,38.650001525878906,38.68000030517578,38.650001525878906,38.65999984741211,3792.0
2023-03-09 15:58:00,CBAN,11.699999809265137,11.699999809265137,11.699999809265137,11.699999809265137,11.699999809265137,111.0
2023-03-09 15:58:00,CBSH,61.630001068115234,61.630001068115234,61.66999816894531,61.61000061035156,61.65999984741211,8856.0
2023-03-09 15:58:00,CCAP,14.781499862670898,14.781499862670898,14.781499862670898,14.781499862670898,14.781499862670898,303.0
2023-03-09 15:58:00,CCB,42.0,42.0,42.0,42.0,42.0,710.0
2023-03-09 15:58:00,CCBG,32.97999954223633,32.97999954223633,32.97999954223633,32.97999954223633,32.97999954223633,127.0
2023-03-09 15:58:00,CCD,22.690000534057617,22.690000534057617,22.729999542236328,22.690000534057617,22.729999542236328,4623.0
2023-03-09 15:58:00,CFFN,7.494999885559082,7.494999885559082,7.5,7.489999771118164,7.494999885559082,9983.0
2023-03-09 15:58:00,CG,33.154998779296875,33.154998779296875,33.15999984741211,33.119998931884766,33.130001068115234,67757.0
2023-03-09 15:58:00,CGBD,14.84000015258789,14.84000015258789,14.84000015258789,14.829999923706055,14.84000015258789,3931.0
2023-03-09 15:58:00,CHCO,91.13999938964844,91.13999938964844,91.27999877929688,91.13999938964844,91.27999877929688,744.0
2023-03-09 15:58:00,CHEAU,10.510000228881836,10.510000228881836,10.510000228881836,10.510000228881836,10.510000228881836,100.0
2023-03-09 15:58:00,CHI,11.770000457763672,11.770000457763672,11.800000190734863,11.770000457763672,11.800000190734863,2624.0
2023-03-09 15:58:00,CHMG,48.369998931884766,48.369998931884766,48.369998931884766,48.369998931884766,48.369998931884766,126.0
2023-03-09 15:58:00,CHY,12.069999694824219,12.069999694824219,12.079999923706055,12.069999694824219,12.079999923706055,1462.0
2023-03-09 15:58:00,CIFR,1.4199999570846558,1.4199999570846558,1.4299999475479126,1.4199999570846558,1.4199999570846558,14836.0
2023-03-09 15:58:00,CINF,114.9800033569336,114.9800033569336,115.04000091552734,114.97000122070312,115.0,9281.0
2023-03-09 15:58:00,CIVB,20.700000762939453,20.700000762939453,20.700000762939453,20.700000762939453,20.700000762939453,4193.0
2023-03-09 15:58:00,CLBK,19.6299991607666,19.6299991607666,19.6299991607666,19.6200008392334,19.6299991607666,1161.0
2023-03-09 15:58:00,CME,177.7550048828125,177.7550048828125,177.8300018310547,177.6699981689453,177.69500732421875,21581.0
2023-03-09 15:58:00,CNOB,22.06999969482422,22.06999969482422,22.1200008392334,22.020000457763672,22.020000457763672,19144.0
2023-03-09 15:58:00,COLB,24.72879981994629,24.72879981994629,24.729999542236328,24.709999084472656,24.71500015258789,49648.0
2023-03-09 15:58:00,COOP,43.56999969482422,43.56999969482422,43.630001068115234,43.56010055541992,43.58000183105469,14767.0
2023-03-09 15:58:00,CSQ,13.720000267028809,13.720000267028809,13.720000267028809,13.720000267028809,13.720000267028809,169.0
2023-03-09 15:58:00,CSTR,15.010000228881836,15.010000228881836,15.015000343322754,15.010000228881836,15.015000343322754,373.0
2023-03-09 15:58:00,CSWC,18.065000534057617,18.065000534057617,18.065000534057617,18.059999465942383,18.059999465942383,1459.0
2023-03-09 15:58:00,CVBF,21.434999465942383,21.434999465942383,21.450000762939453,21.43000030517578,21.440000534057617,17591.0
2023-03-09 15:58:00,CVCY,24.3700008392334,24.3700008392334,24.3700008392334,24.260000228881836,24.315000534057617,663.0
2023-03-09 15:58:00,CVLY,24.059999465942383,24.059999465942383,24.149999618530273,24.059999465942383,24.149999618530273,614.0
2023-03-09 15:58:00,CZNC,22.045000076293945,22.045000076293945,22.09000015258789,22.045000076293945,22.09000015258789,377.0
2023-03-09 15:58:00,DCOM,29.549999237060547,29.549999237060547,29.56999969482422,29.53499984741211,29.55500030517578,9620.0
2023-03-09 15:58:00,DCOMP,18.72879981994629,18.72879981994629,18.72879981994629,18.72879981994629,18.72879981994629,296.0
2023-03-09 15:58:00,DGICA,15.039999961853027,15.039999961853027,15.039999961853027,15.039999961853027,15.039999961853027,332.0
2023-03-09 15:58:00,DNAD,10.1899995803833,10.1899995803833,10.1899995803833,10.1899995803833,10.1899995803833,100.0
2023-03-09 15:58:00,DWAC,14.029000282287598,14.029000282287598,14.029999732971191,14.020600318908691,14.029399871826172,2227.0
2023-03-09 15:58:00,EBC,14.249300003051758,14.249300003051758,14.255000114440918,14.234999656677246,14.239999771118164,26747.0
2023-03-09 15:58:00,EBTC,33.310001373291016,33.310001373291016,33.59000015258789,33.310001373291016,33.59000015258789,421.0
2023-03-09 15:58:00,ECPG,50.025001525878906,50.025001525878906,50.09000015258789,50.0,50.09000015258789,3750.0
2023-03-09 15:58:00,EFSC,51.11000061035156,51.11000061035156,51.11000061035156,51.08000183105469,51.11000061035156,2346.0
2023-03-09 15:58:00,EGBN,40.099998474121094,40.099998474121094,40.099998474121094,40.060001373291016,40.08000183105469,4342.0
2023-03-09 15:58:00,EHTH,8.494999885559082,8.494999885559082,8.539999961853027,8.489999771118164,8.5,12287.0
2023-03-09 15:58:00,EQBK,27.93000030517578,27.93000030517578,27.93000030517578,27.93000030517578,27.93000030517578,299.0
2023-03-09 15:58:00,ERIE,229.9600067138672,229.9600067138672,229.9600067138672,229.89999389648438,229.89999389648438,1990.0
2023-03-09 15:58:00,ESGR,231.24000549316406,231.24000549316406,231.24000549316406,231.24000549316406,231.24000549316406,271.0
2023-03-09 15:58:00,ESQ,40.72999954223633,40.72999954223633,40.77000045776367,40.470001220703125,40.720001220703125,449.0
2023-03-09 15:58:00,EWBC,66.8550033569336,66.8550033569336,66.88500213623047,66.83999633789062,66.87999725341797,19058.0
2023-03-09 15:58:00,EZPW,8.710000038146973,8.710000038146973,8.734999656677246,8.710000038146973,8.734999656677246,8104.0
2023-03-09 15:58:00,FANH,8.199999809265137,8.199999809265137,8.199999809265137,8.199999809265137,8.199999809265137,134.0
2023-03-09 15:58:00,FATP,10.479999542236328,10.479999542236328,10.479999542236328,10.470000267028809,10.470000267028809,6250.0
2023-03-09 15:58:00,FBMS,28.65999984741211,28.65999984741211,28.670000076293945,28.65999984741211,28.65999984741211,2344.0
2023-03-09 15:58:00,FBNC,38.470001220703125,38.470001220703125,38.5,38.439998626708984,38.4900016784668,8003.0
2023-03-09 15:58:00,FCBC,28.56999969482422,28.56999969482422,28.56999969482422,28.514999389648438,28.514999389648438,283.0
2023-03-09 15:58:00,FCFS,88.26000213623047,88.26000213623047,88.33000183105469,88.22000122070312,88.26000213623047,7297.0
2023-03-09 15:58:00,FCNCA,642.239990234375,642.239990234375,642.4099731445312,642.239990234375,642.260009765625,3223.0
2023-03-09 15:58:00,FCNCP,21.799999237060547,21.799999237060547,21.799999237060547,21.790000915527344,21.790000915527344,200.0
2023-03-09 15:58:00,FCRD,4.579999923706055,4.579999923706055,4.579999923706055,4.579999923706055,4.579999923706055,734.0
2023-03-09 15:58:00,FDUS,19.881000518798828,19.881000518798828,19.881000518798828,19.81999969482422,19.850000381469727,1914.0
2023-03-09 15:58:00,FFBC,22.170000076293945,22.170000076293945,22.18000030517578,22.149999618530273,22.15999984741211,3423.0
2023-03-09 15:58:00,FFIC,17.200000762939453,17.200000762939453,17.200000762939453,17.190000534057617,17.190000534057617,3029.0
2023-03-09 15:58:00,FFIN,33.36000061035156,33.36000061035156,33.369998931884766,33.34000015258789,33.36000061035156,5848.0
2023-03-09 15:58:00,FFWM,12.75,12.75,12.75,12.739999771118164,12.744999885559082,5685.0
2023-03-09 15:58:00,FHB,23.859899520874023,23.859899520874023,23.8799991607666,23.84000015258789,23.860000610351562,14266.0
2023-03-09 15:58:00,FIBK,31.90999984741211,31.90999984741211,31.920000076293945,31.899999618530273,31.920000076293945,8646.0
2023-03-09 15:58:00,FISI,23.040000915527344,23.040000915527344,23.040000915527344,23.040000915527344,23.040000915527344,266.0
2023-03-09 15:58:00,FITB,31.725000381469727,31.725000381469727,31.729999542236328,31.700000762939453,31.704999923706055,84466.0
2023-03-09 15:58:00,FITBO,21.860000610351562,21.860000610351562,21.860000610351562,21.860000610351562,21.860000610351562,200.0
2023-03-09 15:58:00,FLIC,16.1200008392334,16.1200008392334,16.1200008392334,16.1200008392334,16.1200008392334,316.0
2023-03-09 15:58:00,FMAO,23.260000228881836,23.260000228881836,23.260000228881836,23.260000228881836,23.260000228881836,330.0
2023-03-09 15:58:00,FMNB,13.170000076293945,13.170000076293945,13.170000076293945,13.170000076293945,13.170000076293945,810.0
2023-03-09 15:58:00,FNCB,7.230000019073486,7.230000019073486,7.25,7.230000019073486,7.25,427.0
2023-03-09 15:58:00,FNVT,10.40999984741211,10.40999984741211,10.40999984741211,10.40999984741211,10.40999984741211,4200.0
2023-03-09 15:58:00,FOCS,51.58000183105469,51.58000183105469,51.58000183105469,51.56999969482422,51.58000183105469,6809.0
2023-03-09 15:58:00,FRBA,12.609999656677246,12.609999656677246,12.609999656677246,12.609999656677246,12.609999656677246,206.0
2023-03-09 15:58:00,FRBK,1.659999966621399,1.659999966621399,1.6699999570846558,1.659999966621399,1.659999966621399,7437.0
2023-03-09 15:58:00,FRHC,71.44100189208984,71.44100189208984,71.5199966430664,71.44000244140625,71.5199966430664,468.0
2023-03-09 15:58:00,FRME,37.29999923706055,37.29999923706055,37.31999969482422,37.279998779296875,37.279998779296875,2817.0
2023-03-09 15:58:00,FRST,10.729999542236328,10.729999542236328,10.729999542236328,10.729999542236328,10.729999542236328,284.0
2023-03-09 15:58:00,FSBC,25.514999389648438,25.514999389648438,25.540000915527344,25.514999389648438,25.540000915527344,358.0
2023-03-09 15:58:00,FSBW,33.20000076293945,33.20000076293945,33.20000076293945,33.150001525878906,33.150001525878906,660.0
2023-03-09 15:58:00,FULT,15.550000190734863,15.550000190734863,15.5600004196167,15.545000076293945,15.555000305175781,17073.0
2023-03-09 15:58:00,FUTU,45.980098724365234,45.980098724365234,46.040000915527344,45.97999954223633,46.02000045776367,10917.0
2023-03-09 15:58:00,GABC,35.689998626708984,35.689998626708984,35.689998626708984,35.66999816894531,35.66999816894531,907.0
2023-03-09 15:58:00,GAIN,13.350000381469727,13.350000381469727,13.359999656677246,13.350000381469727,13.350000381469727,5555.0
2023-03-09 15:58:00,GBDC,13.175000190734863,13.175000190734863,13.18019962310791,13.170000076293945,13.18019962310791,8014.0
2023-03-09 15:58:00,GCBC,53.0,53.0,53.0,53.0,53.0,384.0
2023-03-09 15:58:00,GCMG,8.329999923706055,8.329999923706055,8.345000267028809,8.329999923706055,8.345000267028809,4014.0
2023-03-09 15:58:00,GGAL,12.550000190734863,12.550000190734863,12.550000190734863,12.531800270080566,12.53499984741211,2978.0
2023-03-09 15:58:00,GHIX,10.050000190734863,10.050000190734863,10.050000190734863,10.050000190734863,10.050000190734863,360.0
2023-03-09 15:58:00,GLAD,9.725000381469727,9.725000381469727,9.725000381469727,9.71500015258789,9.71500015258789,1890.0
2023-03-09 15:58:00,GLRE,10.270000457763672,10.270000457763672,10.279999732971191,10.270000457763672,10.279999732971191,272.0
2023-03-09 15:58:00,GOCO,18.364999771118164,18.364999771118164,18.53499984741211,18.360000610351562,18.360000610351562,354.0
2023-03-09 15:58:00,GREE,0.4081000089645386,0.4081000089645386,0.4131999909877777,0.4081000089645386,0.4122999906539917,3985.0
2023-03-09 15:58:00,GSBC,54.02000045776367,54.02000045776367,54.02000045776367,54.02000045776367,54.02000045776367,169.0
2023-03-09 15:58:00,GSHD,50.7400016784668,50.7400016784668,50.75,50.720001220703125,50.720001220703125,7869.0
2023-03-09 15:58:00,GXII,10.130000114440918,10.130000114440918,10.13010025024414,10.130000114440918,10.130000114440918,9600.0
2023-03-09 15:58:00,HAFC,21.649999618530273,21.649999618530273,21.65999984741211,21.639999389648438,21.649999618530273,3885.0
2023-03-09 15:58:00,HBAN,13.734999656677246,13.734999656677246,13.739999771118164,13.720000267028809,13.725000381469727,675057.0
2023-03-09 15:58:00,HBCP,36.188201904296875,36.188201904296875,36.25,36.188201904296875,36.25,1078.0
2023-03-09 15:58:00,HBNC,13.765000343322754,13.765000343322754,13.770000457763672,13.755000114440918,13.755000114440918,1973.0
2023-03-09 15:58:00,HBT,21.739999771118164,21.739999771118164,21.739999771118164,21.709999084472656,21.719999313354492,640.0
2023-03-09 15:58:00,HCVI,10.100000381469727,10.100000381469727,10.100000381469727,10.100000381469727,10.100000381469727,411.0
2023-03-09 15:58:00,HFWA,24.393800735473633,24.393800735473633,24.450000762939453,24.393800735473633,24.434999465942383,4602.0
2023-03-09 15:58:00,HGBL,2.4600000381469727,2.4600000381469727,2.4600000381469727,2.4600000381469727,2.4600000381469727,231.0
2023-03-09 15:58:00,HIVE,2.375,2.375,2.375,2.365000009536743,2.365000009536743,8114.0
2023-03-09 15:58:00,HLNE,73.58000183105469,73.58000183105469,73.5999984741211,73.48999786376953,73.5999984741211,1715.0
2023-03-09 15:58:00,HMST,22.260000228881836,22.260000228881836,22.260000228881836,22.239999771118164,22.239999771118164,667.0
2023-03-09 15:58:00,HONE,12.600000381469727,12.600000381469727,12.609999656677246,12.595000267028809,12.595000267028809,1871.0
2023-03-09 15:58:00,HOPE,11.6850004196167,11.6850004196167,11.6899995803833,11.6850004196167,11.6899995803833,5550.0
2023-03-09 15:58:00,HRZN,11.680000305175781,11.680000305175781,11.680000305175781,11.65999984741211,11.670000076293945,3247.0
2023-03-09 15:58:00,HTBI,27.684999465942383,27.684999465942383,27.684999465942383,27.684999465942383,27.684999465942383,1533.0
2023-03-09 15:58:00,HTBK,10.789999961853027,10.789999961853027,10.795000076293945,10.78499984741211,10.78499984741211,5135.0
2023-03-09 15:58:00,HTLF,45.244998931884766,45.244998931884766,45.2599983215332,45.22999954223633,45.22999954223633,1432.0
2023-03-09 15:58:00,HUT,1.2699999809265137,1.2699999809265137,1.2699999809265137,1.2599999904632568,1.2699999809265137,70675.0
2023-03-09 15:58:00,HVBC,30.690000534057617,30.690000534057617,30.719999313354492,30.690000534057617,30.700000762939453,400.0
2023-03-09 15:58:00,HWC,43.2400016784668,43.2400016784668,43.279998779296875,43.220001220703125,43.2400016784668,17076.0
2023-03-09 15:58:00,IBCP,20.450000762939453,20.450000762939453,20.459999084472656,20.450000762939453,20.454999923706055,1204.0
2023-03-09 15:58:00,IBKR,85.51000213623047,85.51000213623047,85.56999969482422,85.37999725341797,85.43499755859375,29450.0
2023-03-09 15:58:00,IBOC,44.849998474121094,44.849998474121094,44.849998474121094,44.810001373291016,44.810001373291016,5950.0
2023-03-09 15:58:00,IBTX,52.459999084472656,52.459999084472656,52.459999084472656,52.45000076293945,52.45000076293945,1924.0
2023-03-09 15:58:00,IGIC,8.3100004196167,8.3100004196167,8.3100004196167,8.3100004196167,8.3100004196167,106.0
2023-03-09 15:58:00,IGTA,10.289999961853027,10.289999961853027,10.289999961853027,10.289999961853027,10.289999961853027,100.0
2023-03-09 15:58:00,INBK,23.184999465942383,23.184999465942383,23.184999465942383,23.184999465942383,23.184999465942383,256.0
2023-03-09 15:58:00,INDB,71.28500366210938,71.28500366210938,71.30999755859375,71.26000213623047,71.30999755859375,5580.0
2023-03-09 15:58:00,INTR,1.9800000190734863,1.9800000190734863,1.9800000190734863,1.9800000190734863,1.9800000190734863,342.0
2023-03-09 15:59:00,ABCB,42.40999984741211,42.40999984741211,42.470001220703125,42.40999984741211,42.45000076293945,18885.0
2023-03-09 15:59:00,ACAH,10.119999885559082,10.119999885559082,10.119999885559082,10.119999885559082,10.119999885559082,0.0
2023-03-09 15:59:00,ACAHU,10.020000457763672,10.020000457763672,10.020000457763672,10.020000457763672,10.020000457763672,0.0
2023-03-09 15:59:00,ACGL,68.36000061035156,68.36000061035156,68.4000015258789,68.3499984741211,68.37000274658203,82124.0
2023-03-09 15:59:00,ACGLN,18.459999084472656,18.459999084472656,18.46500015258789,18.459999084472656,18.46500015258789,1387.0
2023-03-09 15:59:00,ACGLO,22.110000610351562,22.110000610351562,22.110000610351562,22.110000610351562,22.110000610351562,169.0
2023-03-09 15:59:00,ACQR,10.204999923706055,10.204999923706055,10.204999923706055,10.204999923706055,10.204999923706055,217.0
2023-03-09 15:59:00,ACT,23.459999084472656,23.459999084472656,23.530000686645508,23.450000762939453,23.520000457763672,5546.0
2023-03-09 15:59:00,ADAL,10.40999984741211,10.40999984741211,10.40999984741211,10.40999984741211,10.40999984741211,1277.0
2023-03-09 15:59:00,ADER,10.399999618530273,10.399999618530273,10.399999618530273,10.399999618530273,10.399999618530273,100.0
2023-03-09 15:59:00,AEAE,10.350000381469727,10.350000381469727,10.350000381469727,10.350000381469727,10.350000381469727,4479.0
2023-03-09 15:59:00,AFBI,15.34000015258789,15.34000015258789,15.5,15.34000015258789,15.5,725.0
2023-03-09 15:59:00,AGBA,2.0999999046325684,2.0999999046325684,2.0999999046325684,2.0999999046325684,2.0999999046325684,103.0
2023-03-09 15:59:00,AHG,0.4009999930858612,0.4009999930858612,0.4009999930858612,0.4009999930858612,0.4009999930858612,172.0
2023-03-09 15:59:00,AIMBU,10.15999984741211,10.15999984741211,10.15999984741211,10.15999984741211,10.15999984741211,100.0
2023-03-09 15:59:00,ALRS,18.600000381469727,18.600000381469727,18.6200008392334,18.579999923706055,18.6200008392334,1605.0
2023-03-09 15:59:00,AMAL,21.030000686645508,21.030000686645508,21.030000686645508,21.0,21.014999389648438,1079.0
2023-03-09 15:59:00,AMRK,27.8700008392334,27.8700008392334,27.93000030517578,27.8700008392334,27.905000686645508,11315.0
2023-03-09 15:59:00,AMSF,51.40999984741211,51.40999984741211,51.494998931884766,51.40999984741211,51.45000076293945,2630.0
2023-03-09 15:59:00,AMTB,25.479999542236328,25.479999542236328,25.479999542236328,25.420000076293945,25.459999084472656,3581.0
2023-03-09 15:59:00,ANZU,9.9350004196167,9.9350004196167,9.9350004196167,9.9350004196167,9.9350004196167,756.0
2023-03-09 15:59:00,APLD,2.0250000953674316,2.0250000953674316,2.0450000762939453,2.0199999809265137,2.0420000553131104,22978.0
2023-03-09 15:59:00,ARBK,1.3632999658584595,1.3632999658584595,1.3799999952316284,1.3600000143051147,1.3700000047683716,8251.0
2023-03-09 15:59:00,ARCC,18.454999923706055,18.454999923706055,18.46500015258789,18.440000534057617,18.46500015258789,135272.0
2023-03-09 15:59:00,AROW,28.06999969482422,28.06999969482422,28.219999313354492,28.06999969482422,28.15999984741211,2800.0
2023-03-09 15:59:00,ASRV,3.990000009536743,3.990000009536743,3.990000009536743,3.950000047683716,3.950000047683716,1965.0
2023-03-09 15:59:00,ATAKU,10.4399995803833,10.4399995803833,10.4399995803833,10.4399995803833,10.4399995803833,0.0
2023-03-09 15:59:00,ATLC,28.56999969482422,28.56999969482422,28.614999771118164,28.350000381469727,28.614999771118164,1113.0
2023-03-09 15:59:00,ATLO,23.360000610351562,23.360000610351562,23.360000610351562,23.360000610351562,23.360000610351562,1221.0
2023-03-09 15:59:00,AUB,36.36000061035156,36.36000061035156,36.369998931884766,36.2400016784668,36.349998474121094,56256.0
2023-03-09 15:59:00,BANF,85.4000015258789,85.4000015258789,85.4000015258789,85.19000244140625,85.38999938964844,3842.0
2023-03-09 15:59:00,BANR,56.849998474121094,56.849998474121094,56.900001525878906,56.79999923706055,56.880001068115234,9262.0
2023-03-09 15:59:00,BCBP,15.645000457763672,15.645000457763672,15.649999618530273,15.600000381469727,15.609999656677246,2848.0
2023-03-09 15:59:00,BCML,19.18000030517578,19.18000030517578,19.270000457763672,19.149999618530273,19.270000457763672,2587.0
2023-03-09 15:59:00,BFC,76.70999908447266,76.70999908447266,76.70999908447266,76.70999908447266,76.70999908447266,761.0
2023-03-09 15:59:00,BFST,18.450000762939453,18.450000762939453,18.469999313354492,18.450000762939453,18.469999313354492,2157.0
2023-03-09 15:59:00,BGCP,4.960000038146973,4.960000038146973,4.960000038146973,4.949999809265137,4.949999809265137,43445.0
2023-03-09 15:59:00,BHF,51.84000015258789,51.84000015258789,51.880001068115234,51.81999969482422,51.880001068115234,24502.0
2023-03-09 15:59:00,BHFAM,16.389999389648438,16.389999389648438,16.389999389648438,16.299999237060547,16.299999237060547,380.0
2023-03-09 15:59:00,BHFAN,18.510000228881836,18.510000228881836,18.510000228881836,18.510000228881836,18.510000228881836,362.0
2023-03-09 15:59:00,BHFAP,24.110000610351562,24.110000610351562,24.110000610351562,23.68000030517578,23.709999084472656,3256.0
2023-03-09 15:59:00,BITF,0.7170000076293945,0.7170000076293945,0.7170000076293945,0.7129999995231628,0.715499997138977,19156.0
2023-03-09 15:59:00,BKCC,3.5899999141693115,3.5899999141693115,3.5999999046325684,3.5899999141693115,3.5936999320983887,6704.0
2023-03-09 15:59:00,BLFY,11.149999618530273,11.149999618530273,11.194999694824219,11.149999618530273,11.194999694824219,2191.0
2023-03-09 15:59:00,BMRC,27.190000534057617,27.190000534057617,27.219999313354492,27.100000381469727,27.100000381469727,5639.0
2023-03-09 15:59:00,BOKF,94.96499633789062,94.96499633789062,95.06500244140625,94.88999938964844,95.06500244140625,8547.0
2023-03-09 15:59:00,BPAC,10.390000343322754,10.390000343322754,10.390000343322754,10.390000343322754,10.390000343322754,100.0
2023-03-09 15:59:00,BPOP,62.040000915527344,62.040000915527344,62.060001373291016,61.97999954223633,62.02000045776367,30345.0
2023-03-09 15:59:00,BPRN,33.8224983215332,33.8224983215332,33.84000015258789,33.80500030517578,33.84000015258789,838.0
2023-03-09 15:59:00,BRACU,10.600000381469727,10.600000381469727,10.600000381469727,10.600000381469727,10.600000381469727,0.0
2023-03-09 15:59:00,BRKL,11.550000190734863,11.550000190734863,11.569999694824219,11.539999961853027,11.5600004196167,23380.0
2023-03-09 15:59:00,BRP,24.959999084472656,24.959999084472656,25.020000457763672,24.940000534057617,24.989999771118164,9813.0
2023-03-09 15:59:00,BSRR,19.149999618530273,19.149999618530273,19.15999984741211,19.149999618530273,19.15999984741211,2325.0
2023-03-09 15:59:00,BSVN,27.149999618530273,27.149999618530273,27.540000915527344,27.149999618530273,27.510000228881836,845.0
2023-03-09 15:59:00,BTBT,1.0686999559402466,1.0686999559402466,1.0700000524520874,1.059999942779541,1.059999942779541,43157.0
2023-03-09 15:59:00,BTCS,1.149999976158142,1.149999976158142,1.159999966621399,1.149999976158142,1.159999966621399,937.0
2023-03-09 15:59:00,BTWN,10.045000076293945,10.045000076293945,10.045000076293945,10.045000076293945,10.045000076293945,2051.0
2023-03-09 15:59:00,BUSE,22.59000015258789,22.59000015258789,22.600000381469727,22.450000762939453,22.450000762939453,45139.0
2023-03-09 15:59:00,BWB,13.149999618530273,13.149999618530273,13.1850004196167,13.09000015258789,13.180000305175781,9330.0
2023-03-09 15:59:00,BWFG,27.75,27.75,27.809999465942383,27.75,27.809999465942383,3593.0
2023-03-09 15:59:00,BYFC,1.2100000381469727,1.2100000381469727,1.2100000381469727,1.2100000381469727,1.2100000381469727,299.0
2023-03-09 15:59:00,CAC,38.81999969482422,38.81999969482422,38.93000030517578,38.779998779296875,38.93000030517578,2949.0
2023-03-09 15:59:00,CACC,426.6499938964844,426.6499938964844,427.7200012207031,426.6400146484375,427.7200012207031,3672.0
2023-03-09 15:59:00,CALB,24.739999771118164,24.739999771118164,24.739999771118164,24.739999771118164,24.739999771118164,871.0
2023-03-09 15:59:00,CARE,16.170000076293945,16.170000076293945,16.209999084472656,16.110000610351562,16.1200008392334,8803.0
2023-03-09 15:59:00,CASH,46.93000030517578,46.93000030517578,46.95000076293945,46.90999984741211,46.95000076293945,9693.0
2023-03-09 15:59:00,CATY,38.66999816894531,38.66999816894531,38.70000076293945,38.650001525878906,38.65999984741211,13249.0
2023-03-09 15:59:00,CBAN,11.699999809265137,11.699999809265137,11.699999809265137,11.699999809265137,11.699999809265137,1278.0
2023-03-09 15:59:00,CBNK,18.739999771118164,18.739999771118164,18.739999771118164,18.739999771118164,18.739999771118164,2267.0
2023-03-09 15:59:00,CBSH,61.6349983215332,61.6349983215332,61.65510177612305,61.56999969482422,61.630001068115234,20597.0
2023-03-09 15:59:00,CCAP,14.739999771118164,14.739999771118164,14.779999732971191,14.739999771118164,14.779999732971191,4208.0
2023-03-09 15:59:00,CCB,41.95000076293945,41.95000076293945,42.0099983215332,41.88999938964844,42.005001068115234,3020.0
2023-03-09 15:59:00,CCBG,33.060001373291016,33.060001373291016,33.060001373291016,32.97999954223633,32.98500061035156,3616.0
2023-03-09 15:59:00,CCD,22.649999618530273,22.649999618530273,22.670000076293945,22.649999618530273,22.670000076293945,3280.0
2023-03-09 15:59:00,CCNE,22.559999465942383,22.559999465942383,22.559999465942383,22.5,22.520000457763672,6480.0
2023-03-09 15:59:00,CFB,12.220000267028809,12.220000267028809,12.239999771118164,12.220000267028809,12.225000381469727,4329.0
2023-03-09 15:59:00,CFBK,20.190000534057617,20.190000534057617,20.190000534057617,20.190000534057617,20.190000534057617,251.0
2023-03-09 15:59:00,CFFI,58.689998626708984,58.689998626708984,58.689998626708984,58.689998626708984,58.689998626708984,740.0
2023-03-09 15:59:00,CFFN,7.494999885559082,7.494999885559082,7.5,7.489999771118164,7.5,24938.0
2023-03-09 15:59:00,CG,33.15999984741211,33.15999984741211,33.18000030517578,33.13999938964844,33.154998779296875,100571.0
2023-03-09 15:59:00,CGBD,14.793999671936035,14.793999671936035,14.835000038146973,14.789999961853027,14.835000038146973,9525.0
2023-03-09 15:59:00,CGO,9.739999771118164,9.739999771118164,9.739999771118164,9.739999771118164,9.739999771118164,521.0
2023-03-09 15:59:00,CHCO,91.2300033569336,91.2300033569336,91.37000274658203,91.2300033569336,91.30000305175781,3515.0
2023-03-09 15:59:00,CHEAU,10.510000228881836,10.510000228881836,10.510000228881836,10.510000228881836,10.510000228881836,100.0
2023-03-09 15:59:00,CHI,11.8100004196167,11.8100004196167,11.819999694824219,11.770000457763672,11.770000457763672,2206.0
2023-03-09 15:59:00,CHMG,48.70000076293945,48.70000076293945,48.70000076293945,48.65999984741211,48.65999984741211,481.0
2023-03-09 15:59:00,CHW,5.960000038146973,5.960000038146973,5.960000038146973,5.949999809265137,5.949999809265137,1597.0
2023-03-09 15:59:00,CHY,12.109999656677246,12.109999656677246,12.109999656677246,12.069999694824219,12.079999923706055,2017.0
2023-03-09 15:59:00,CIFR,1.4199999570846558,1.4199999570846558,1.429900050163269,1.409999966621399,1.4199999570846558,34302.0
2023-03-09 15:59:00,CINF,114.9000015258789,114.9000015258789,114.9800033569336,114.83999633789062,114.9800033569336,18300.0
2023-03-09 15:59:00,CIVB,20.600000381469727,20.600000381469727,20.670000076293945,20.600000381469727,20.6299991607666,1497.0
2023-03-09 15:59:00,CLBK,19.649999618530273,19.649999618530273,19.670000076293945,19.6200008392334,19.639999389648438,7584.0
2023-03-09 15:59:00,CLOE,11.109999656677246,11.109999656677246,11.109999656677246,11.109999656677246,11.109999656677246,100.0
2023-03-09 15:59:00,CME,177.44000244140625,177.44000244140625,177.72999572753906,177.44000244140625,177.72999572753906,41774.0
2023-03-09 15:59:00,CNOB,22.020000457763672,22.020000457763672,22.09000015258789,22.010000228881836,22.09000015258789,6077.0
2023-03-09 15:59:00,COFS,27.559999465942383,27.559999465942383,28.0,27.545000076293945,27.545000076293945,1189.0
2023-03-09 15:59:00,COLB,24.690000534057617,24.690000534057617,24.739999771118164,24.670000076293945,24.729999542236328,115975.0
2023-03-09 15:59:00,COOP,43.599998474121094,43.599998474121094,43.65999984741211,43.58000183105469,43.58000183105469,28448.0
2023-03-09 15:59:00,CPSS,10.369999885559082,10.369999885559082,10.369999885559082,10.260000228881836,10.34000015258789,3454.0
2023-03-09 15:59:00,CRVL,176.97000122070312,176.97000122070312,176.97000122070312,176.97000122070312,176.97000122070312,1613.0
2023-03-09 15:59:00,CSLM,10.319999694824219,10.319999694824219,10.319999694824219,10.319999694824219,10.319999694824219,100.0
2023-03-09 15:59:00,CSQ,13.729999542236328,13.729999542236328,13.729999542236328,13.725000381469727,13.725000381469727,1190.0
2023-03-09 15:59:00,CSTR,15.09000015258789,15.09000015258789,15.109999656677246,15.020000457763672,15.020000457763672,8409.0
2023-03-09 15:59:00,CSWC,18.079999923706055,18.079999923706055,18.079999923706055,18.059999465942383,18.059999465942383,3489.0
2023-03-09 15:59:00,CTBI,40.369998931884766,40.369998931884766,40.470001220703125,40.369998931884766,40.400001525878906,3831.0
2023-03-09 15:59:00,CVBF,21.450000762939453,21.450000762939453,21.459999084472656,21.40999984741211,21.440000534057617,37792.0
2023-03-09 15:59:00,CVCY,24.3700008392334,24.3700008392334,24.3700008392334,24.260000228881836,24.260000228881836,4698.0
2023-03-09 15:59:00,CVLY,24.18000030517578,24.18000030517578,24.18000030517578,24.15999984741211,24.170000076293945,809.0
2023-03-09 15:59:00,CZFS,77.4000015258789,77.4000015258789,78.19999694824219,77.4000015258789,78.19999694824219,1788.0
2023-03-09 15:59:00,CZNC,22.010000228881836,22.010000228881836,22.045000076293945,21.959999084472656,22.045000076293945,2757.0
2023-03-09 15:59:00,DCOM,29.559999465942383,29.559999465942383,29.56999969482422,29.510000228881836,29.559999465942383,19057.0
2023-03-09 15:59:00,DCOMP,18.760000228881836,18.760000228881836,18.760000228881836,18.760000228881836,18.760000228881836,200.0
2023-03-09 15:59:00,DGICA,15.029999732971191,15.029999732971191,15.050000190734863,15.029999732971191,15.039999961853027,1212.0
2023-03-09 15:59:00,DHIL,171.63999938964844,171.63999938964844,171.63999938964844,171.5,171.5,480.0
2023-03-09 15:59:00,DNAB,10.192999839782715,10.192999839782715,10.192999839782715,10.192999839782715,10.192999839782715,600.0
2023-03-09 15:59:00,DTOC,10.489999771118164,10.489999771118164,10.489999771118164,10.300000190734863,10.300000190734863,466.0
2023-03-09 15:59:00,DWAC,14.029999732971191,14.029999732971191,14.029999732971191,14.020000457763672,14.02299976348877,2660.0
2023-03-09 15:59:00,EBC,14.260000228881836,14.260000228881836,14.270000457763672,14.244999885559082,14.25,49667.0
2023-03-09 15:59:00,EBTC,33.470001220703125,33.470001220703125,33.47999954223633,33.470001220703125,33.47999954223633,403.0
2023-03-09 15:59:00,ECPG,50.0099983215332,50.0099983215332,50.060001373291016,50.0,50.03499984741211,6135.0
2023-03-09 15:59:00,EFSC,51.130001068115234,51.130001068115234,51.15999984741211,51.099998474121094,51.15999984741211,5643.0
2023-03-09 15:59:00,EGBN,40.060001373291016,40.060001373291016,40.119998931884766,40.040000915527344,40.099998474121094,7876.0
2023-03-09 15:59:00,EHTH,8.520000457763672,8.520000457763672,8.529999732971191,8.5,8.5,4719.0
2023-03-09 15:59:00,ENCPU,10.649999618530273,10.649999618530273,10.649999618530273,10.649999618530273,10.649999618530273,0.0
2023-03-09 15:59:00,EQBK,27.959999084472656,27.959999084472656,27.979999542236328,27.93000030517578,27.93000030517578,3142.0
2023-03-09 15:59:00,ERIE,229.97000122070312,229.97000122070312,229.97000122070312,229.97000122070312,229.97000122070312,1581.0
2023-03-09 15:59:00,ESGR,231.67999267578125,231.67999267578125,231.82000732421875,231.3300018310547,231.4600067138672,1803.0
2023-03-09 15:59:00,ESQ,40.849998474121094,40.849998474121094,40.849998474121094,40.5,40.5,2700.0
2023-03-09 15:59:00,ESSA,18.829999923706055,18.829999923706055,18.829999923706055,18.829999923706055,18.829999923706055,935.0
2023-03-09 15:59:00,EUCR,10.149999618530273,10.149999618530273,10.149999618530273,10.149999618530273,10.149999618530273,0.0
2023-03-09 15:59:00,EUCRU,10.630000114440918,10.630000114440918,10.630000114440918,10.630000114440918,10.630000114440918,0.0
2023-03-09 15:59:00,EVGRW,0.054999999701976776,0.054999999701976776,0.054999999701976776,0.054999999701976776,0.054999999701976776,0.0
2023-03-09 15:59:00,EWBC,66.79000091552734,66.79000091552734,66.9000015258789,66.77999877929688,66.86000061035156,46108.0
2023-03-09 15:59:00,EZPW,8.710000038146973,8.710000038146973,8.720000267028809,8.699999809265137,8.710000038146973,13614.0
2023-03-09 15:59:00,FANH,8.170000076293945,8.170000076293945,8.199999809265137,8.170000076293945,8.199999809265137,1272.0
2023-03-09 15:59:00,FBIZ,33.27000045776367,33.27000045776367,33.279998779296875,33.220001220703125,33.279998779296875,1326.0
2023-03-09 15:59:00,FBMS,28.649999618530273,28.649999618530273,28.700000762939453,28.639999389648438,28.670000076293945,10641.0
2023-03-09 15:59:00,FBNC,38.5,38.5,38.529998779296875,38.459999084472656,38.470001220703125,16354.0
2023-03-09 15:59:00,FCBC,28.6200008392334,28.6200008392334,28.6200008392334,28.59000015258789,28.59000015258789,1412.0
2023-03-09 15:59:00,FCFS,88.16999816894531,88.16999816894531,88.25,88.1500015258789,88.25,9620.0
2023-03-09 15:59:00,FCNCA,643.5499877929688,643.5499877929688,643.5499877929688,642.8400268554688,642.8400268554688,3510.0
2023-03-09 15:59:00,FCNCP,21.3799991607666,21.3799991607666,21.829999923706055,21.3799991607666,21.799999237060547,808.0
2023-03-09 15:59:00,FCRD,4.539999961853027,4.539999961853027,4.579999923706055,4.539999961853027,4.579999923706055,9006.0
2023-03-09 15:59:00,FDBC,47.529998779296875,47.529998779296875,47.529998779296875,47.529998779296875,47.529998779296875,804.0
2023-03-09 15:59:00,FDUS,19.8700008392334,19.8700008392334,19.899999618530273,19.8700008392334,19.8700008392334,1662.0
2023-03-09 15:59:00,FFBC,22.170000076293945,22.170000076293945,22.18000030517578,22.149999618530273,22.18000030517578,9255.0
2023-03-09 15:59:00,FFIC,17.200000762939453,17.200000762939453,17.209999084472656,17.199899673461914,17.209999084472656,6410.0
2023-03-09 15:59:00,FFIN,33.349998474121094,33.349998474121094,33.38999938964844,33.34000015258789,33.36000061035156,14758.0
2023-03-09 15:59:00,FFWM,12.744999885559082,12.744999885559082,12.760000228881836,12.739999771118164,12.75,14721.0
2023-03-09 15:59:00,FGBIP,23.899999618530273,23.899999618530273,23.899999618530273,23.899999618530273,23.899999618530273,100.0
2023-03-09 15:59:00,FHB,23.875,23.875,23.875,23.84000015258789,23.860000610351562,21395.0
2023-03-09 15:59:00,FIBK,31.920000076293945,31.920000076293945,31.93000030517578,31.899999618530273,31.90999984741211,26417.0
2023-03-09 15:59:00,FICV,10.210000038146973,10.210000038146973,10.210000038146973,10.194999694824219,10.194999694824219,13865.0
2023-03-09 15:59:00,FINW,8.899999618530273,8.899999618530273,8.899999618530273,8.899999618530273,8.899999618530273,347.0
2023-03-09 15:59:00,FISI,23.079999923706055,23.079999923706055,23.079999923706055,23.059999465942383,23.059999465942383,2548.0
2023-03-09 15:59:00,FITB,31.68000030517578,31.68000030517578,31.739999771118164,31.670000076293945,31.729999542236328,155573.0
2023-03-09 15:59:00,FITBI,25.059999465942383,25.059999465942383,25.059999465942383,25.059999465942383,25.059999465942383,385.0
2023-03-09 15:59:00,FITBO,21.860000610351562,21.860000610351562,21.860000610351562,21.860000610351562,21.860000610351562,324.0
2023-03-09 15:59:00,FITBP,23.530000686645508,23.530000686645508,23.950000762939453,23.530000686645508,23.950000762939453,265.0
2023-03-09 15:59:00,FLIC,16.114999771118164,16.114999771118164,16.114999771118164,16.110000610351562,16.114999771118164,870.0
2023-03-09 15:59:00,FMAO,23.020000457763672,23.020000457763672,23.170000076293945,23.0,23.170000076293945,2944.0
2023-03-09 15:59:00,FMBH,28.040000915527344,28.040000915527344,28.100000381469727,28.040000915527344,28.100000381469727,1901.0
2023-03-09 15:59:00,FMNB,13.130000114440918,13.130000114440918,13.170000076293945,13.109999656677246,13.15999984741211,16875.0
2023-03-09 15:59:00,FNLC,27.989999771118164,27.989999771118164,27.989999771118164,27.920000076293945,27.989999771118164,2932.0
2023-03-09 15:59:00,FNVT,10.40999984741211,10.40999984741211,10.40999984741211,10.40999984741211,10.40999984741211,5800.0
2023-03-09 15:59:00,FNWB,13.40999984741211,13.40999984741211,13.40999984741211,13.40999984741211,13.40999984741211,218.0
2023-03-09 15:59:00,FOCS,51.59000015258789,51.59000015258789,51.599998474121094,51.56999969482422,51.58000183105469,50777.0
2023-03-09 15:59:00,FRBA,12.600000381469727,12.600000381469727,12.600000381469727,12.600000381469727,12.600000381469727,1420.0
2023-03-09 15:59:00,FRBK,1.659999966621399,1.659999966621399,1.6698999404907227,1.659999966621399,1.6649999618530273,10846.0
2023-03-09 15:59:00,FRHC,71.1500015258789,71.1500015258789,71.54000091552734,71.1500015258789,71.54000091552734,5260.0
2023-03-09 15:59:00,FRME,37.27000045776367,37.27000045776367,37.33000183105469,37.220001220703125,37.33000183105469,5901.0
2023-03-09 15:59:00,FRON,10.194999694824219,10.194999694824219,10.194999694824219,10.194999694824219,10.194999694824219,206.0
2023-03-09 15:59:00,FRST,10.779999732971191,10.779999732971191,10.779999732971191,10.680000305175781,10.680000305175781,2689.0
2023-03-09 15:59:00,FSBC,25.549999237060547,25.549999237060547,25.59000015258789,25.549999237060547,25.59000015258789,901.0
2023-03-09 15:59:00,FSBW,33.220001220703125,33.220001220703125,33.2599983215332,33.189998626708984,33.19499969482422,2954.0
2023-03-09 15:59:00,FULT,15.539999961853027,15.539999961853027,15.5600004196167,15.539999961853027,15.550000190734863,51556.0
2023-03-09 15:59:00,FULTP,20.81999969482422,20.81999969482422,20.81999969482422,20.81999969482422,20.81999969482422,177.0
2023-03-09 15:59:00,FUND,8.369999885559082,8.369999885559082,8.380000114440918,8.369999885559082,8.375,1140.0
2023-03-09 15:59:00,FUTU,45.959999084472656,45.959999084472656,46.029998779296875,45.93000030517578,46.02000045776367,22995.0
2023-03-09 15:59:00,FVCB,13.300000190734863,13.300000190734863,13.319999694824219,13.260000228881836,13.298999786376953,5425.0
2023-03-09 15:59:00,FXNC,18.75,18.75,18.75,18.75,18.75,653.0
2023-03-09 15:59:00,GABC,35.65999984741211,35.65999984741211,35.72999954223633,35.63999938964844,35.70000076293945,7121.0
2023-03-09 15:59:00,GAIN,13.359999656677246,13.359999656677246,13.359999656677246,13.34000015258789,13.350000381469727,3862.0
2023-03-09 15:59:00,GAMC,10.149999618530273,10.149999618530273,10.149999618530273,10.149999618530273,10.149999618530273,206.0
2023-03-09 15:59:00,GBDC,13.15999984741211,13.15999984741211,13.175000190734863,13.15999984741211,13.171199798583984,44775.0
2023-03-09 15:59:00,GCMG,8.329999923706055,8.329999923706055,8.329999923706055,8.3100004196167,8.319999694824219,6046.0
2023-03-09 15:59:00,GECC,9.385000228881836,9.385000228881836,9.40999984741211,9.385000228881836,9.399999618530273,536.0
2023-03-09 15:59:00,GGAA,11.069999694824219,11.069999694824219,11.069999694824219,10.869999885559082,10.869999885559082,389.0
2023-03-09 15:59:00,GGAL,12.569999694824219,12.569999694824219,12.569999694824219,12.550000190734863,12.5600004196167,3146.0
2023-03-09 15:59:00,GLAD,9.720000267028809,9.720000267028809,9.729999542236328,9.720000267028809,9.720000267028809,3426.0
2023-03-09 15:59:00,GLRE,10.300000190734863,10.300000190734863,10.300000190734863,10.270000457763672,10.270000457763672,1530.0
2023-03-09 15:59:00,GNTY,29.020000457763672,29.020000457763672,29.049999237060547,29.020000457763672,29.049999237060547,1473.0
2023-03-09 15:59:00,GOCO,18.549999237060547,18.549999237060547,18.729999542236328,18.375,18.704999923706055,2744.0
2023-03-09 15:59:00,GREE,0.4081000089645386,0.4081000089645386,0.4131999909877777,0.40799999237060547,0.4131999909877777,1364.0
2023-03-09 15:59:00,GSBC,53.79999923706055,53.79999923706055,53.970001220703125,53.79999923706055,53.939998626708984,2276.0
2023-03-09 15:59:00,GSHD,50.77000045776367,50.77000045776367,50.78499984741211,50.68000030517578,50.75,9276.0
2023-03-09 15:59:00,GTAC,10.420000076293945,10.420000076293945,10.420000076293945,10.420000076293945,10.420000076293945,100.0
2023-03-09 15:59:00,HAFC,21.65999984741211,21.65999984741211,21.68000030517578,21.649999618530273,21.670000076293945,7046.0
2023-03-09 15:59:00,HBAN,13.739999771118164,13.739999771118164,13.75,13.729999542236328,13.734999656677246,522890.0
2023-03-09 15:59:00,HBANM,22.270000457763672,22.270000457763672,22.270000457763672,22.270000457763672,22.270000457763672,284.0
2023-03-09 15:59:00,HBANP,18.950000762939453,18.950000762939453,18.950000762939453,18.93000030517578,18.93000030517578,1613.0
2023-03-09 15:59:00,HBCP,36.25,36.25,36.25,36.25,36.25,747.0
2023-03-09 15:59:00,HBNC,13.75,13.75,13.779999732971191,13.75,13.770000457763672,5063.0
2023-03-09 15:59:00,HBT,21.75,21.75,21.799999237060547,21.729999542236328,21.739999771118164,5253.0
2023-03-09 15:59:00,HCNE,10.130000114440918,10.130000114440918,10.130000114440918,10.130000114440918,10.130000114440918,1400.0
2023-03-09 15:59:00,HFWA,24.399999618530273,24.399999618530273,24.43000030517578,24.360000610351562,24.420000076293945,9984.0
2023-03-09 15:59:00,HGBL,2.469899892807007,2.469899892807007,2.469899892807007,2.4600000381469727,2.4600000381469727,2400.0
2023-03-09 15:59:00,HIFS,255.0,255.0,255.0,255.0,255.0,1093.0
2023-03-09 15:59:00,HIVE,2.380000114440918,2.380000114440918,2.380000114440918,2.375,2.375,13819.0
2023-03-09 15:59:00,HLNE,73.33000183105469,73.33000183105469,73.52999877929688,73.27999877929688,73.52999877929688,9925.0
2023-03-09 15:59:00,HMAC,10.329999923706055,10.329999923706055,10.329999923706055,10.329999923706055,10.329999923706055,0.0
2023-03-09 15:59:00,HMPT,1.909999966621399,1.909999966621399,1.909999966621399,1.909999966621399,1.909999966621399,682.0
2023-03-09 15:59:00,HMST,22.149999618530273,22.149999618530273,22.260000228881836,22.149999618530273,22.260000228881836,9537.0
2023-03-09 15:59:00,HNNA,8.140000343322754,8.140000343322754,8.140000343322754,8.140000343322754,8.140000343322754,409.0
2023-03-09 15:59:00,HONE,12.619999885559082,12.619999885559082,12.619999885559082,12.609999656677246,12.619999885559082,10463.0
2023-03-09 15:59:00,HOPE,11.720000267028809,11.720000267028809,11.720000267028809,11.6850004196167,11.6850004196167,46357.0
2023-03-09 15:59:00,HRZN,11.679900169372559,11.679900169372559,11.680000305175781,11.65999984741211,11.670000076293945,4905.0
2023-03-09 15:59:00,HTBI,27.719999313354492,27.719999313354492,27.739999771118164,27.684999465942383,27.684999465942383,6395.0
2023-03-09 15:59:00,HTBK,10.789999961853027,10.789999961853027,10.800000190734863,10.789999961853027,10.800000190734863,10590.0
2023-03-09 15:59:00,HTLF,45.209999084472656,45.209999084472656,45.279998779296875,45.16999816894531,45.25,8297.0
2023-03-09 15:59:00,HUT,1.2649999856948853,1.2649999856948853,1.2699999809265137,1.2599999904632568,1.2655999660491943,67005.0
2023-03-09 15:59:00,HVBC,30.219999313354492,30.219999313354492,30.549999237060547,30.219999313354492,30.549999237060547,1100.0
2023-03-09 15:59:00,HWC,43.2400016784668,43.2400016784668,43.279998779296875,43.220001220703125,43.2400016784668,24975.0
2023-03-09 15:59:00,HYW,5.599999904632568,5.599999904632568,5.599999904632568,5.599999904632568,5.599999904632568,262.0
2023-03-09 15:59:00,IBCP,20.479999542236328,20.479999542236328,20.5,20.45400047302246,20.45400047302246,3787.0
2023-03-09 15:59:00,IBKR,85.51499938964844,85.51499938964844,85.61000061035156,85.46499633789062,85.51000213623047,27843.0
2023-03-09 15:59:00,IBOC,44.880001068115234,44.880001068115234,44.91999816894531,44.86000061035156,44.869998931884766,13947.0
2023-03-09 15:59:00,IBTX,52.33000183105469,52.33000183105469,52.459999084472656,52.27000045776367,52.459999084472656,6258.0
2023-03-09 15:59:00,ICMB,3.859999895095825,3.859999895095825,3.8924999237060547,3.859999895095825,3.859999895095825,984.0
2023-03-09 15:59:00,IGIC,8.3100004196167,8.3100004196167,8.3100004196167,8.3100004196167,8.3100004196167,613.0
2023-03-09 15:59:00,INBK,23.139999389648438,23.139999389648438,23.225000381469727,23.139999389648438,23.149999618530273,1512.0
2023-03-09 15:59:00,INDB,71.25,71.25,71.30000305175781,71.20999908447266,71.30000305175781,14880.0
2023-03-09 15:59:00,INTE,10.210000038146973,10.210000038146973,10.210000038146973,10.210000038146973,10.210000038146973,0.0
2023-03-09 15:59:00,INTR,1.9600000381469727,1.9600000381469727,1.9800000190734863,1.9600000381469727,1.9800000190734863,1526.0
